C_ijk
0
0
0
137
51
112
38
1219
22
325
70
625
87
135
352
238
802
146
213
3497
130
903
371
1167
390
498
901
283
678
225
307
431
1686
426
889
3619
377
257
807
439
1096
6844
553
322
2548
1261
574
2094
649
1435
483
373
3113
480
880
1360
1629
559
571
2335
585
550
479
940
271
640
423
1400
448
1236
1160
768
530
379
366
1263
477
375
1648
240
167
1392
871
493
483
1968
4943
554
958
429
161
289
1410
732
1497
535
336
1606
763
908
4820
380
721
1427
400
1508
802
924
12819
7620
2650
1293
1432
960
2230
1476
1414
988
5021
4191
1147
1786
1449
3094
1591
2828
1849
700
1106
1863
694
1051
1346
1495
4430
2907
4470
3793
4748
2500
1427
3926
2356
1234
961
1627
2943
1510
1062
4345
2170
1567
2883
273
2052
3783
11010
1338
2169
2374
1547
3272
4186
2888
5812
137
51
112
0
0
0
8
27
17
303
51
200
197
264
856
192
206
162
369
703
604
690
551
499
1342
1201
7141
477
156
1475
530
6441
764
4244
3848
2064
886
570
183
1086
663
801
799
1303
877
2991
1413
1721
365
501
2248
278
134
4447
263
232
1052
3462
191
215
729
1624
976
609
360
130
505
370
391
2511
1666
15289
2411
337
262
267
647
315
1368
247
128
2697
416
592
601
217
338
286
383
649
977
944
427
889
8225
774
623
865
1269
5166
570
456
765
428
1595
1664
4485
4164
4776
1027
1272
3147
4204
4599
775
1219
2879
966
2299
1027
1083
1647
14734
2891
7660
3266
1359
1033
2312
1147
668
2981
9451
4423
667
1344
949
2692
905
1089
3350
2364
1404
9602
2354
3472
825
1628
1583
17011
2570
6381
3603
482
2607
1347
3385
1839
2520
8123
3180
6871
2136
2548
18042
38
1219
22
8
27
17
0
0
0
410
97
57
572
4194
144
212
422
3273
518
402
252
1495
945
824
446
1777
331
2902
422
386
5215
427
3879
904
2428
1242
378
345
1574
390
3731
1291
1405
896
646
671
635
1971
755
173
701
1854
250
376
907
402
307
636
149
505
233
4067
5224
427
799
187
2784
1283
1023
783
1148
1382
1263
419
323
570
402
1504
130
164
266
575
380
525
659
552
902
119
401
1978
207
161
488
424
486
1517
4152
707
2902
1164
453
17314
1595
738
608
664
8275
1423
4012
1961
1599
1839
1353
2250
1321
1416
1638
857
1231
3077
10514
1446
2480
11516
1149
11923
32105
18596
6219
4401
4051
2922
1572
1032
842
1312
42442
2712
3032
2199
1132
2292
1556
1945
10282
2095
976
3457
3515
10223
756
15542
2013
2666
2289
2743
1343
1544
4261
3835
1354
977
2313
817
32475
325
70
625
303
51
200
410
97
57
0
0
0
53
205
265
157
158
92
175
135
418
1829
563
1201
570
656
828
477
1291
518
1358
620
486
979
1414
467
487
178
123
929
1289
3998
1141
312
2576
3793
417
443
738
465
3031
426
390
212
2527
959
7003
330
1708
384
4037
504
17362
91
668
454
3291
706
1699
881
866
549
4321
208
510
395
589
808
243
1087
1029
248
4068
357
706
896
811
205
204
354
1066
125
829
676
1152
1396
1943
302
1377
457
316
524
1070
430
394
512
2080
2199
10714
2536
2875
6783
1064
3104
2129
7752
3905
1333
1872
1745
588
2083
677
1082
2569
1417
704
753
678
820
2018
1436
1260
2112
474
8072
8117
2245
2387
1787
7582
883
2856
5392
12730
3312
1928
31990
2397
3431
1279
1809
6645
6088
1538
1031
14835
781
1888
2172
3384
3259
4001
625
4833
87
135
352
197
264
856
572
4194
144
53
205
265
0
0
0
66
45
436
1314
115
123
1384
561
329
331
713
315
555
946
1042
415
536
296
618
194
652
1003
1253
354
795
775
1151
788
758
874
1905
1736
1268
862
5253
3435
1549
6056
2761
1502
849
524
561
464
466
312
420
664
621
795
1540
450
554
1213
1348
971
1328
398
193
2135
1017
2627
206
2153
748
348
342
1135
615
732
281
4062
2036
281
332
252
576
201
1663
805
6862
1325
332
979
566
2132
335
2309
1727
158
10551
6005
3561
14246
954
1149
2956
1402
1083
6157
4913
1913
1085
7678
1793
1016
1663
11488
970
3255
799
5185
1861
4528
1023
3502
1721
1347
1671
1437
1219
2447
7233
1070
1606
1520
1596
1538
1170
1833
2597
8074
19086
606
1689
1643
2391
1254
6765
661
4944
1308
2667
6762
1456
1164
2902
14598
2095
6541
238
802
146
192
206
162
212
422
3273
157
158
92
66
45
436
0
0
0
224
83
183
642
1267
403
270
1310
4554
461
430
438
1134
373
680
822
889
2128
1087
1675
449
868
463
975
518
580
3610
6334
309
767
1831
358
2359
192
1266
204
934
1524
5442
558
1156
3366
2187
443
8178
432
1177
712
1222
1241
1686
1522
2667
1383
601
853
390
1142
542
736
332
154
303
1427
888
272
1136
250
6267
584
333
375
420
277
300
316
3400
626
1240
1597
271
1140
4814
897
1897
309
697
2436
2961
6235
2663
1313
1019
1635
5038
2767
4676
1505
1195
68819
1249
2102
1793
12594
4417
1897
1106
2743
12104
1588
1616
1320
5361
3442
1113
1081
610
7289
1777
3115
1281
1286
1424
4537
3842
5712
2273
1360
1615
1812
1546
1260
5575
9796
4679
1951
8830
2829
2717
1126
559
5318
2634
1661
7159
684
1112
213
3497
130
369
703
604
518
402
252
175
135
418
1314
115
123
224
83
183
0
0
0
698
509
107
4534
181
369
406
240
516
1360
441
483
1737
1972
2318
311
287
321
1164
1074
1066
874
1606
650
318
2724
716
461
1899
1434
179
243
755
838
18123
1264
224
1285
585
3417
12069
1175
2866
289
3970
496
14759
996
3169
820
588
9473
7088
704
27888
16648
237
794
308
1042
224
593
1988
283
3982
2390
719
1451
555
424
206
1022
806
3125
1033
1401
2872
900
971
490
740
5518
3347
937
2020
1326
2479
886
7830
3298
1128
1731
858
1265
1319
1829
1473
384
8727
697
1529
65491
6409
3961
919
1385
4292
1488
3435
2707
1740
3444
1632
8527
1466
1119
16306
5012
8440
4991
1974
2641
10919
1102
12011
821
1468
2229
2779
1485
1024
2461
1883
17865
3146
829
1291
2545
8435
5829
13127
1643
1896
2029
903
371
1167
690
551
499
1495
945
824
1829
563
1201
1384
561
329
642
1267
403
698
509
107
0
0
0
828
70
63
443
562
235
2788
1172
610
936
727
1479
276
438
1096
981
1788
2574
14824
431
979
1247
1955
700
822
946
3240
5916
365
950
1060
524
753
6798
739
1836
589
2877
404
928
809
645
514
699
3592
1031
2005
899
610
949
870
746
3564
1530
293
8833
274
500
1154
737
897
1885
822
540
4509
467
567
384
289
1454
795
1027
150
423
1663
492
433
1381
328
461
398
7404
1011
1816
4412
383
4607
1031
881
34299
1592
2341
1485
2393
5342
14041
1487
6439
2794
1868
1046
695
1430
1085
5992
1127
964
29686
5681
2832
800
2052
2764
4174
1115
4293
13986
2216
8936
2462
18849
830
992
3170
4581
1897
1586
1937
11802
995
551
2090
3320
1920
2231
1463
1423
1951
1008
637
2265
390
498
901
1342
1201
7141
446
1777
331
570
656
828
331
713
315
270
1310
4554
4534
181
369
828
70
63
0
0
0
2731
1218
1620
559
306
258
407
933
1901
2579
32670
1038
886
1114
5831
4949
2485
921
1285
579
1556
2321
634
1168
1114
2978
1003
2520
2293
6999
668
5726
1531
2894
2873
2784
1598
824
1313
2397
369
980
566
540
1247
3038
1986
2091
1339
1477
686
7548
438
1252
352
336
2326
2112
2356
1347
759
4181
4786
706
288
263
365
6380
1246
830
358
168
1030
475
5002
805
5717
1549
10359
9529
2330
726
221
1313
1999
347
1920
13326
1148
582
927
1549
3413
13257
2244
2877
795
1517
974
2260
1800
4513
6478
1374
2217
1889
1305
8990
2202
6252
4468
2972
14320
2117
1522
1888
5573
778
1334
1561
2527
1719
1275
855
1970
5799
1584
1913
2066
1917
1521
818
3862
904
983
12096
1375
1967
283
678
225
477
156
1475
2902
422
386
477
1291
518
555
946
1042
461
430
438
406
240
516
443
562
235
2731
1218
1620
0
0
0
234
691
85
430
705
460
3362
470
296
414
1529
580
258
477
1105
1686
987
543
215
1862
1109
2424
974
1431
696
429
937
485
1592
2707
630
6264
3225
1312
644
1157
1432
6412
548
21915
3161
4573
2050
5050
9906
1068
4146
1486
3272
281
652
5971
493
1304
2157
734
2594
906
735
5266
3156
995
5940
2169
502
13146
825
394
1426
645
1776
1817
19551
1219
1000
763
696
877
490
11598
2024
785
5965
558
525
3633
1928
763
1674
17573
1129
1916
908
1039
1300
482
1026
622
660
15066
1550
1774
8836
1548
1322
4374
1255
10050
2924
2557
1465
2674
3684
56415
2950
10890
2266
5676
8064
4258
1641
10421
1217
2294
4945
3015
23590
4649
3058
6101
5095
1087
3676
2462
1186
307
431
1686
530
6441
764
5215
427
3879
1358
620
486
415
536
296
1134
373
680
1360
441
483
2788
1172
610
559
306
258
234
691
85
0
0
0
198
215
94
3767
553
4681
1107
246
1175
1401
547
660
6179
316
1664
1240
853
372
554
583
1482
1296
1104
621
928
4032
453
5174
1850
1390
772
1211
703
1553
23372
528
1204
819
994
554
1181
867
710
2157
1453
365
4504
745
3318
3229
945
1051
1880
1052
8235
4428
918
3391
1952
472
1195
650
838
1243
1173
707
1249
4609
2703
2071
827
2926
1313
1176
1537
2902
4711
932
347
2686
2367
1725
400
1819
26717
2473
3269
1206
2749
14303
1758
3636
836
705
746
991
9665
1237
3754
4575
1759
4041
10595
1621
834
4563
1494
3723
4231
2054
13483
38021
5236
2169
7121
1782
1968
71738
21161
2950
3659
3886
609
4223
2750
2601
3098
2039
1008
3621
1347
3928
426
889
3619
4244
3848
2064
904
2428
1242
979
1414
467
618
194
652
822
889
2128
1737
1972
2318
936
727
1479
407
933
1901
430
705
460
198
215
94
0
0
0
391
4892
399
2369
1056
538
3115
475
4746
2261
985
525
1603
1350
1280
736
4006
481
2699
964
1740
2599
12973
1239
3249
843
792
5718
1682
2334
1204
19332
5419
754
2479
834
4816
551
773
1011
1975
1808
889
567
437
2627
9704
3503
1093
900
2031
1260
2826
828
1318
2035
5040
2607
559
908
3205
2189
773
937
949
1022
553
884
1442
1347
356
491
1513
1024
491
4625
408
512
1353
2726
4495
2907
2670
15698
3398
2975
1033
968
20332
1289
780
984
352
2282
8732
1923
7837
527
675
3528
5078
4881
5063
2664
4862
6197
5942
3517
5375
2636
1908
1509
3227
1599
3788
2532
7393
1224
1435
27168
1078
2588
2113
4552
687
1077
3761
4632
5435
377
257
807
886
570
183
378
345
1574
487
178
123
1003
1253
354
1087
1675
449
311
287
321
276
438
1096
2579
32670
1038
3362
470
296
3767
553
4681
391
4892
399
0
0
0
392
284
614
1462
412
10849
25144
777
281
264
515
871
379
865
97
532
172
1214
1472
1232
425
1289
2081
1352
415
241
384
4213
3734
877
1017
1643
631
638
810
457
502
2594
2091
1180
641
634
3288
1243
14175
390
2322
496
1577
857
864
2247
962
1059
485
410
2441
565
422
1330
2090
724
967
3142
1713
441
1056
944
1445
2252
1536
3509
1405
1738
4474
1831
2111
7343
596
19324
11642
2090
727
1928
1716
1321
1633
1401
699
2565
4042
1413
1930
827
1771
953
1103
1640
14163
1082
2719
1707
7959
2913
1824
1000
12787
2838
1485
11948
903
7153
7544
2419
8754
4041
1271
1629
1750
859
32398
2957
4005
1587
29596
2060
439
1096
6844
1086
663
801
390
3731
1291
929
1289
3998
795
775
1151
868
463
975
1164
1074
1066
981
1788
2574
886
1114
5831
414
1529
580
1107
246
1175
2369
1056
538
392
284
614
0
0
0
1257
76
234
376
493
990
521
369
180
152
1161
325
909
211
437
993
711
27217
823
5389
793
643
1312
1547
667
964
669
1127
4390
3795
1763
823
819
4318
2735
2519
1976
1264
1141
2587
1051
6227
7065
1102
22292
2026
999
615
3877
18620
1543
6883
778
1142
3020
1287
5862
4709
1765
31153
1457
864
667
1110
447
444
6001
1680
1404
6964
1514
755
1196
2070
1258
31155
9744
32862
1440
4030
3923
849
2426
2921
1783
1234
269
780
944
3622
1011
3449
1059
1448
3034
4764
5419
3892
797
6494
6302
4960
11616
2112
2923
58044
1573
1114
8224
2393
1567
4572
897
1859
4316
5478
10156
2082
3161
2803
25528
1111
1847
553
322
2548
799
1303
877
1405
896
646
1141
312
2576
788
758
874
518
580
3610
874
1606
650
14824
431
979
4949
2485
921
258
477
1105
1401
547
660
3115
475
4746
1462
412
10849
1257
76
234
0
0
0
880
1951
1164
475
848
545
709
578
514
547
228
2289
1318
440
737
2373
1037
2695
272
423
892
2695
1982
2402
11254
1775
6000
2085
2061
935
1304
639
2205
556
1598
1275
1344
1214
574
1622
5533
2591
848
892
923
4874
7571
497
1262
677
5769
1291
839
1645
559
3607
1409
580
1671
1035
856
3014
2479
554
10233
3984
1506
1525
645
21275
21509
813
2576
1863
2716
3397
6362
1533
1831
1034
1413
662
15136
383
1145
788
1962
735
488
958
1444
4029
1767
16687
1344
2581
1529
1613
497
1820
2033
2028
4472
2307
2448
4426
37554
2306
8284
7053
1920
1852
983
2749
3284
1333
9869
1597
1517
1880
1261
574
2094
2991
1413
1721
671
635
1971
3793
417
443
1905
1736
1268
6334
309
767
318
2724
716
1247
1955
700
1285
579
1556
1686
987
543
6179
316
1664
2261
985
525
25144
777
281
376
493
990
880
1951
1164
0
0
0
138
472
452
330
292
322
177
95
394
817
539
1260
747
574
4112
828
588
318
1252
2124
543
808
444
531
2026
1611
737
432
951
1556
1471
1957
624
2752
751
741
2859
1100
1220
1850
4188
7449
3390
3521
1617
710
3636
3698
3166
1430
1371
1369
17269
1076
6973
2267
824
864
309
3421
27263
3973
4625
16951
2841
13324
2250
2321
829
668
681
1368
716
857
2557
2182
2692
999
1309
2381
667
2086
409
409
942
369
1907
24693
2206
53421
1259
1695
1134
3429
5433
2315
4308
4426
7235
2838
1252
2137
5407
4978
1675
3002
2071
2210
2913
3880
3514
1977
5627
3811
1798
8693
1158
649
1435
483
365
501
2248
755
173
701
738
465
3031
862
5253
3435
1831
358
2359
461
1899
1434
822
946
3240
2321
634
1168
215
1862
1109
1240
853
372
1603
1350
1280
264
515
871
521
369
180
475
848
545
138
472
452
0
0
0
301
84
250
579
598
265
320
5502
266
4023
808
540
593
561
570
1544
611
3472
10870
5491
4167
409
4662
3718
522
1019
814
763
295
318
570
4430
2818
838
727
1373
610
364
432
658
978
387
1569
1555
2139
987
1075
1968
16240
17013
803
1109
1252
4680
8316
2851
681
1952
1367
1796
1513
4313
659
1656
4174
1578
456
2031
4964
6002
2403
1316
659
1186
1317
1672
1224
755
793
879
363
1618
1514
348
1061
1231
5491
1301
6941
5132
1139
4420
1233
1557
3846
3059
4478
751
3974
3714
2527
1285
3307
1428
1546
2737
6212
8665
2229
2578
1168
3427
1543
20196
373
3113
480
278
134
4447
1854
250
376
426
390
212
1549
6056
2761
192
1266
204
179
243
755
5916
365
950
1114
2978
1003
2424
974
1431
554
583
1482
736
4006
481
379
865
97
152
1161
325
709
578
514
330
292
322
301
84
250
0
0
0
821
9751
643
182
2036
888
165
374
178
1892
217
242
1835
501
548
1685
3757
480
2865
500
684
2178
329
2570
893
717
390
1056
1735
2359
470
13973
3728
693
236
492
1730
1395
6573
4235
1627
2731
1521
930
11724
798
1480
7806
3322
4760
6574
2079
12860
3096
8394
1447
1333
2109
6273
1403
2672
2378
3819
749
1413
3265
625
40642
688
1098
731
635
528
618
4295
1236
370
4746
1160
463
410
3695
4519
821
17210
2486
987
4197
7309
4625
2890
10557
1267
2739
1393
6199
1832
694
1684
2320
4842
2774
19724
6830
2768
1040
1382
9623
4108
8652
7494
880
1360
1629
263
232
1052
907
402
307
2527
959
7003
1502
849
524
934
1524
5442
838
18123
1264
1060
524
753
2520
2293
6999
696
429
937
1296
1104
621
2699
964
1740
532
172
1214
909
211
437
547
228
2289
177
95
394
579
598
265
821
9751
643
0
0
0
699
391
251
392
284
555
827
902
1878
918
559
1225
3532
1471
2915
1062
10376
3478
503
654
3588
1145
908
1734
1141
8319
763
700
936
1029
748
742
652
585
523
1753
6506
3320
960
9632
3121
624
7920
644
13028
2111
5012
1643
515
2608
17487
3342
2764
3487
1055
2418
4654
863
1314
1212
5038
27815
848
707
1708
715
701
1820
2824
2520
509
767
9006
8638
602
583
273
1479
9062
4517
1939
1417
3128
1076
1241
1018
2142
11753
5405
20015
3427
2378
1492
4179
1948
2772
1297
2267
1804
2345
2521
3714
2157
638
5762
8734
5728
3042
559
571
2335
3462
191
215
636
149
505
330
1708
384
561
464
466
558
1156
3366
224
1285
585
6798
739
1836
668
5726
1531
485
1592
2707
928
4032
453
2599
12973
1239
1472
1232
425
993
711
27217
1318
440
737
817
539
1260
320
5502
266
182
2036
888
699
391
251
0
0
0
915
157
464
231
317
77
529
645
1158
467
238
4894
288
167
2210
1340
215
134
468
542
312
695
390
749
1383
5047
876
260
840
4069
391
3275
673
982
1985
1792
491
2401
948
1034
689
1983
10815
5613
1407
1483
3082
39731
802
1113
669
4301
3512
1701
4450
38149
3069
724
1285
817
2102
1531
533
1760
1746
2177
3295
2092
2007
912
1163
4949
754
676
1885
1789
28322
1925
678
1330
2441
4882
1350
31835
1115
2293
5593
2087
2126
1180
2060
1945
1843
2894
1893
2907
2816
2273
2424
1825
2648
2155
3684
1832
2529
585
550
479
729
1624
976
233
4067
5224
4037
504
17362
312
420
664
2187
443
8178
3417
12069
1175
589
2877
404
2894
2873
2784
630
6264
3225
5174
1850
1390
3249
843
792
1289
2081
1352
823
5389
793
2373
1037
2695
747
574
4112
4023
808
540
165
374
178
392
284
555
915
157
464
0
0
0
462
403
173
486
265
444
2098
706
1024
190
440
943
756
547
188
2647
434
3365
828
9173
688
635
692
1646
1057
822
1972
2436
3931
675
663
15116
998
6833
437
7427
1473
4147
1443
30995
1156
1219
18404
12188
1833
1688
1936
3244
4386
689
2892
1878
2558
1562
1112
1021
2310
1294
424
588
1111
1293
6604
586
38904
2398
580
2078
17991
14051
686
2061
3031
3968
1473
1544
956
2233
730
2252
8697
2373
1640
4004
900
2095
664
6648
3576
1361
24734
2286
3025
886
10245
1698
21323
5112
1555
4818
3484
1097
940
271
640
609
360
130
427
799
187
91
668
454
621
795
1540
432
1177
712
2866
289
3970
928
809
645
1598
824
1313
1312
644
1157
772
1211
703
5718
1682
2334
415
241
384
643
1312
1547
272
423
892
828
588
318
593
561
570
1892
217
242
827
902
1878
231
317
77
462
403
173
0
0
0
2158
345
190
921
510
2079
279
295
288
523
258
195
6206
360
174
1529
1328
2358
3044
641
813
513
791
311
2015
4739
391
4079
2037
5860
1862
5805
894
932
1178
848
4717
485
882
1647
1319
3828
5039
2398
1932
2485
3538
1479
2224
1200
1157
590
865
4223
760
4228
6057
2128
1246
1196
11757
3996
1117
489
2125
1931
3913
2592
686
2073
1058
1904
2965
953
16567
8487
802
7958
2062
1243
1993
1257
14973
1610
9368
1221
2156
2462
3813
10444
27053
2120
2725
2460
2500
5142
1685
8344
2255
423
1400
448
505
370
391
2784
1283
1023
3291
706
1699
450
554
1213
1222
1241
1686
496
14759
996
514
699
3592
2397
369
980
1432
6412
548
1553
23372
528
1204
19332
5419
4213
3734
877
667
964
669
2695
1982
2402
1252
2124
543
1544
611
3472
1835
501
548
918
559
1225
529
645
1158
486
265
444
2158
345
190
0
0
0
317
1005
265
202
35
112
55
35
560
602
4290
363
268
684
366
285
626
209
108
323
2260
749
15437
1129
487
457
1396
939
429
1451
620
552
1399
4358
1147
532
9931
3531
5831
928
957
3671
5917
3369
3554
43997
2560
1951
2423
1776
1078
653
1817
542
731
8917
2217
6486
1405
741
1834
5390
866
1661
18092
4330
938
4541
2178
1531
941
771
824
6473
36696
29085
3396
3324
1476
1716
1427
2105
2220
1141
1494
678
2183
1235
1142
4773
1000
4253
8670
2516
2309
5442
1236
1160
768
2511
1666
15289
783
1148
1382
881
866
549
1348
971
1328
1522
2667
1383
3169
820
588
1031
2005
899
566
540
1247
21915
3161
4573
1204
819
994
754
2479
834
1017
1643
631
1127
4390
3795
11254
1775
6000
808
444
531
10870
5491
4167
1685
3757
480
3532
1471
2915
467
238
4894
2098
706
1024
921
510
2079
317
1005
265
0
0
0
231
300
6884
607
318
169
560
404
675
2108
1007
1575
1015
305
533
673
525
1452
876
1970
889
1307
2082
508
8759
886
1461
3559
954
564
466
8868
961
1107
8496
3324
3606
3990
2381
1136
44677
2034
1615
49405
16229
3557
2131
2258
3002
2297
3150
1728
1158
8920
2215
7532
1277
1876
1574
9706
1210
10713
1681
1823
624
547
1475
695
986
1487
1006
399
758
408
1881
768
8736
903
1047
1093
21129
1993
3622
1322
1091
2861
904
14650
2545
1207
4091
20848
1666
530
379
366
2411
337
262
1263
419
323
4321
208
510
398
193
2135
601
853
390
9473
7088
704
610
949
870
3038
1986
2091
2050
5050
9906
554
1181
867
4816
551
773
638
810
457
1763
823
819
2085
2061
935
2026
1611
737
409
4662
3718
2865
500
684
1062
10376
3478
288
167
2210
190
440
943
279
295
288
202
35
112
231
300
6884
0
0
0
64
53
58
878
217
631
457
210
266
585
182
537
1425
240
576
1582
797
2481
4923
2765
1840
1342
3121
2301
834
2341
356
2273
1818
775
1239
1797
1162
2166
1293
5653
1856
79438
2591
10051
24399
1551
2077
3544
1237
24746
14377
2851
14308
1184
8814
20262
3612
988
1704
1314
19975
945
565
2536
1301
16071
1108
1012
862
664
4473
2407
6073
1493
508
1155
2325
835
2472
3548
2331
5951
7492
783
888
2764
3075
1347
2065
10728
6187
1276
5800
12929
1263
477
375
267
647
315
570
402
1504
395
589
808
1017
2627
206
1142
542
736
27888
16648
237
746
3564
1530
1339
1477
686
1068
4146
1486
710
2157
1453
1011
1975
1808
502
2594
2091
4318
2735
2519
1304
639
2205
432
951
1556
522
1019
814
2178
329
2570
503
654
3588
1340
215
134
756
547
188
523
258
195
55
35
560
607
318
169
64
53
58
0
0
0
913
350
495
754
126
648
617
327
775
7473
197
255
837
1573
305
1902
3286
3355
1072
6911
3016
1380
908
1184
325
510
1047
1611
2108
2162
1244
1861
3420
4939
13516
2723
2718
3844
2293
685
1021
1395
2375
1291
1097
5146
1839
2297
3073
1028
2644
613
2591
856
679
2019
851
25117
850
1778
1237
975
936
962
1239
1590
517
1374
693
1475
1534
2376
26389
2665
1081
7414
6617
833
3040
3104
10560
3413
1558
4961
2398
1004
4533
1648
240
167
1368
247
128
130
164
266
243
1087
1029
2153
748
348
332
154
303
794
308
1042
293
8833
274
7548
438
1252
3272
281
652
365
4504
745
889
567
437
1180
641
634
1976
1264
1141
556
1598
1275
1471
1957
624
763
295
318
893
717
390
1145
908
1734
468
542
312
2647
434
3365
6206
360
174
602
4290
363
560
404
675
878
217
631
913
350
495
0
0
0
111
286
123
86
1942
50
2249
120
66
153
1304
139
10159
1177
1009
875
566
1045
2202
655
349
743
1449
598
1206
919
4289
1457
2162
906
2449
759
15747
1663
1772
5017
961
6527
2032
969
4203
1857
2883
1448
8207
1993
3345
1253
2681
846
3356
1691
4190
2431
1773
1534
3104
6051
15335
694
2019
1800
1263
1686
5748
1220
1242
5026
1308
2337
699
1903
6146
4349
14626
1698
656
7808
721
1089
19716
3646
2403
5603
1392
871
493
2697
416
592
575
380
525
248
4068
357
342
1135
615
1427
888
272
224
593
1988
500
1154
737
352
336
2326
5971
493
1304
3318
3229
945
2627
9704
3503
3288
1243
14175
2587
1051
6227
1344
1214
574
2752
751
741
570
4430
2818
1056
1735
2359
1141
8319
763
695
390
749
828
9173
688
1529
1328
2358
268
684
366
2108
1007
1575
457
210
266
754
126
648
111
286
123
0
0
0
108
75
211
237
1594
150
220
752
346
5053
531
403
452
277
8042
647
620
1812
117
203
810
826
4498
1065
7052
1511
4825
1065
3452
1771
2593
2224
1749
1652
835
1647
1316
23890
2569
3323
1369
2045
950
1383
1386
979
1216
2419
1613
2741
1665
3385
2298
546
4718
1617
927
844
4109
1429
2099
715
1172
10192
533
24496
8486
12733
2359
1538
458
520
1227
4307
790
1407
1615
1232
34668
1323
4015
483
1968
4943
601
217
338
659
552
902
706
896
811
732
281
4062
1136
250
6267
283
3982
2390
897
1885
822
2112
2356
1347
2157
734
2594
1051
1880
1052
1093
900
2031
390
2322
496
7065
1102
22292
1622
5533
2591
2859
1100
1220
838
727
1373
470
13973
3728
700
936
1029
1383
5047
876
635
692
1646
3044
641
813
285
626
209
1015
305
533
585
182
537
617
327
775
86
1942
50
108
75
211
0
0
0
219
193
200
266
1640
445
399
1042
564
1928
1604
1001
488
1019
392
390
936
308
2396
2379
9010
1106
1072
3093
2888
41455
538
19994
5061
3740
7309
994
1493
3359
13207
5440
1091
2049
13293
13373
25862
7572
3010
1896
1007
2266
1679
21294
5746
10199
1435
1686
1208
2161
5416
2407
2378
2803
1212
4360
8005
1570
3442
2214
1389
2065
11153
1825
1213
2522
1539
1264
35033
2243
1801
2809
9812
929
554
958
429
286
383
649
119
401
1978
205
204
354
2036
281
332
584
333
375
719
1451
555
540
4509
467
759
4181
4786
906
735
5266
8235
4428
918
1260
2826
828
1577
857
864
2026
999
615
848
892
923
1850
4188
7449
610
364
432
693
236
492
748
742
652
260
840
4069
1057
822
1972
513
791
311
108
323
2260
673
525
1452
1425
240
576
7473
197
255
2249
120
66
237
1594
150
219
193
200
0
0
0
299
601
1109
581
309
2716
1696
1694
951
332
341
821
370
1846
572
1838
13366
6293
4163
2553
12484
1352
1026
4156
1006
1597
1977
1232
1590
815
1299
3900
4514
1182
2564
1360
29399
3030
2384
3736
13462
1089
1825
410
1417
1736
1363
1443
965
3245
7492
11722
3428
641
7837
961
723
1736
4360
7558
2230
878
701
568
878
2310
1904
1995
6548
5035
2713
1568
2092
3526
2051
161
289
1410
977
944
427
207
161
488
1066
125
829
252
576
201
420
277
300
424
206
1022
567
384
289
706
288
263
3156
995
5940
3391
1952
472
1318
2035
5040
2247
962
1059
3877
18620
1543
4874
7571
497
3390
3521
1617
658
978
387
1730
1395
6573
585
523
1753
391
3275
673
2436
3931
675
2015
4739
391
749
15437
1129
876
1970
889
1582
797
2481
837
1573
305
153
1304
139
220
752
346
266
1640
445
299
601
1109
0
0
0
351
522
677
1237
6748
949
885
392
603
252
169
250
1185
2338
5107
1903
781
4746
8982
3368
18170
9728
853
1635
2200
2026
655
2748
2878
1286
2281
1579
1707
4197
14204
2651
2487
1490
2964
2333
1755
3945
5377
1942
38368
1175
1423
607
1164
7028
1686
3782
1085
1831
1904
12272
4754
3733
466
1570
6693
841
1533
702
1104
16714
4720
7157
3021
1683
20903
950
732
1497
535
889
8225
774
424
486
1517
676
1152
1396
1663
805
6862
316
3400
626
806
3125
1033
1454
795
1027
365
6380
1246
2169
502
13146
1195
650
838
2607
559
908
485
410
2441
6883
778
1142
1262
677
5769
710
3636
3698
1569
1555
2139
4235
1627
2731
6506
3320
960
982
1985
1792
663
15116
998
4079
2037
5860
487
457
1396
1307
2082
508
4923
2765
1840
1902
3286
3355
10159
1177
1009
5053
531
403
399
1042
564
581
309
2716
351
522
677
0
0
0
260
245
863
65
162
29
206
447
604
3903
865
10061
749
8945
1863
8114
8332
6773
756
1062
9577
870
2137
823
4073
5088
10907
11448
3161
1231
1338
33811
3182
2333
34154
2464
22685
2518
1090
5731
2821
1784
2033
2279
7605
1429
20799
2952
4354
5229
1209
5015
698
1625
7807
2384
1140
612
817
1001
941
1420
1423
1899
780
678
1676
1634
13058
336
1606
763
623
865
1269
4152
707
2902
1943
302
1377
1325
332
979
1240
1597
271
1401
2872
900
150
423
1663
830
358
168
825
394
1426
1243
1173
707
3205
2189
773
565
422
1330
3020
1287
5862
1291
839
1645
3166
1430
1371
987
1075
1968
1521
930
11724
9632
3121
624
491
2401
948
6833
437
7427
1862
5805
894
939
429
1451
8759
886
1461
1342
3121
2301
1072
6911
3016
875
566
1045
452
277
8042
1928
1604
1001
1696
1694
951
1237
6748
949
260
245
863
0
0
0
678
138
257
643
1311
129
5232
3649
6158
1388
872
2872
2140
5528
1635
1323
3053
1788
4545
1098
2086
1778
2795
3572
2697
6528
4615
531
2895
29329
8462
1037
8109
1263
2817
967
2613
2618
1769
1922
1863
2516
43474
6045
14746
1091
2030
7567
14019
2324
928
939
1239
1658
444
525
696
1381
1259
615
1775
882
935
1687
3177
768
908
4820
380
5166
570
456
1164
453
17314
457
316
524
566
2132
335
1140
4814
897
971
490
740
492
433
1381
1030
475
5002
645
1776
1817
1249
4609
2703
937
949
1022
2090
724
967
4709
1765
31153
559
3607
1409
1369
17269
1076
16240
17013
803
798
1480
7806
7920
644
13028
1034
689
1983
1473
4147
1443
932
1178
848
620
552
1399
3559
954
564
834
2341
356
1380
908
1184
2202
655
349
647
620
1812
488
1019
392
332
341
821
885
392
603
65
162
29
678
138
257
0
0
0
345
635
121
6530
6010
3593
4064
615
2000
2495
1620
2703
4274
1418
2203
1584
2692
1062
3994
2534
25478
1911
27160
1997
6926
1726
2756
13301
972
21340
1889
2228
2496
2901
1386
10671
2696
1836
3751
966
2172
4458
1294
8822
1382
2961
5264
1224
1151
2568
1591
819
1107
426
1051
2209
522
2280
939
2033
2945
1406
1565
721
1427
400
765
428
1595
1595
738
608
1070
430
394
2309
1727
158
1897
309
697
5518
3347
937
328
461
398
805
5717
1549
19551
1219
1000
2071
827
2926
553
884
1442
3142
1713
441
1457
864
667
580
1671
1035
6973
2267
824
1109
1252
4680
3322
4760
6574
2111
5012
1643
10815
5613
1407
30995
1156
1219
4717
485
882
4358
1147
532
466
8868
961
2273
1818
775
325
510
1047
743
1449
598
117
203
810
390
936
308
370
1846
572
252
169
250
206
447
604
643
1311
129
345
635
121
0
0
0
1839
4543
1825
2200
1629
468
1251
3508
1945
2179
2028
918
12823
15707
1987
3753
2310
3357
28268
2750
5523
5832
3424
1239
1602
2800
1741
6704
4411
1092
1042
1050
2367
10230
5989
3454
22536
1619
1652
799
1112
6324
4431
2181
18997
1019
3623
1008
1348
319
2125
507
3459
1355
741
1821
545
727
38193
2781
1508
802
924
1664
4485
4164
664
8275
1423
512
2080
2199
10551
6005
3561
2436
2961
6235
2020
1326
2479
7404
1011
1816
10359
9529
2330
763
696
877
1313
1176
1537
1347
356
491
1056
944
1445
1110
447
444
856
3014
2479
864
309
3421
8316
2851
681
2079
12860
3096
515
2608
17487
1483
3082
39731
18404
12188
1833
1647
1319
3828
9931
3531
5831
1107
8496
3324
1239
1797
1162
1611
2108
2162
1206
919
4289
826
4498
1065
2396
2379
9010
1838
13366
6293
1185
2338
5107
3903
865
10061
5232
3649
6158
6530
6010
3593
1839
4543
1825
0
0
0
1790
995
2148
2609
508
1147
1529
638
1763
12331
1501
4911
4987
2364
1991
659
1061
222
180
425
73
1535
6978
1505
6772
682
1047
40907
1652
4052
10429
36875
1887
1845
1633
20406
7407
5321
1475
8225
3510
41333
4729
6400
3420
3700
2158
1570
5412
2268
1190
47484
3327
940
1366
3080
2972
12819
7620
2650
4776
1027
1272
4012
1961
1599
10714
2536
2875
14246
954
1149
2663
1313
1019
886
7830
3298
4412
383
4607
726
221
1313
490
11598
2024
2902
4711
932
1513
1024
491
2252
1536
3509
6001
1680
1404
554
10233
3984
27263
3973
4625
1952
1367
1796
8394
1447
1333
3342
2764
3487
802
1113
669
1688
1936
3244
5039
2398
1932
928
957
3671
3606
3990
2381
2166
1293
5653
1244
1861
3420
1457
2162
906
7052
1511
4825
1106
1072
3093
4163
2553
12484
1903
781
4746
749
8945
1863
1388
872
2872
4064
615
2000
2200
1629
468
1790
995
2148
0
0
0
13489
419
2481
1193
4231
1026
2653
3135
6587
2785
17198
2154
2026
1227
8164
6089
4592
3087
13310
8787
4062
4087
22005
29626
4316
5114
1781
3650
3343
2374
9080
1878
5949
854
49222
1112
3617
2898
1734
2368
755
37724
2301
3626
2133
3423
591
987
548
519
162
551
859
674
1293
1432
960
3147
4204
4599
1839
1353
2250
6783
1064
3104
2956
1402
1083
1635
5038
2767
1128
1731
858
1031
881
34299
1999
347
1920
785
5965
558
347
2686
2367
4625
408
512
1405
1738
4474
6964
1514
755
1506
1525
645
16951
2841
13324
1513
4313
659
2109
6273
1403
1055
2418
4654
4301
3512
1701
4386
689
2892
2485
3538
1479
5917
3369
3554
1136
44677
2034
1856
79438
2591
4939
13516
2723
2449
759
15747
1065
3452
1771
2888
41455
538
1352
1026
4156
8982
3368
18170
8114
8332
6773
2140
5528
1635
2495
1620
2703
1251
3508
1945
2609
508
1147
13489
419
2481
0
0
0
2135
113
179
2848
14508
8992
1146
1278
4864
2920
3305
2365
2140
794
4439
2634
5651
16328
8022
4556
1056
38622
4106
5272
2198
1408
6279
3083
4037
1373
3851
10999
2104
1153
3977
2730
4854
16627
4328
4131
3044
2280
3168
2447
2535
1923
886
1254
4182
1943
2648
2230
1476
1414
775
1219
2879
1321
1416
1638
2129
7752
3905
6157
4913
1913
4676
1505
1195
1265
1319
1829
1592
2341
1485
13326
1148
582
525
3633
1928
1725
400
1819
1353
2726
4495
1831
2111
7343
1196
2070
1258
21275
21509
813
2250
2321
829
1656
4174
1578
2672
2378
3819
863
1314
1212
4450
38149
3069
1878
2558
1562
2224
1200
1157
43997
2560
1951
1615
49405
16229
10051
24399
1551
2718
3844
2293
1663
1772
5017
2593
2224
1749
19994
5061
3740
1006
1597
1977
9728
853
1635
756
1062
9577
1323
3053
1788
4274
1418
2203
2179
2028
918
1529
638
1763
1193
4231
1026
2135
113
179
0
0
0
5257
2254
1720
1970
2255
11064
1511
6752
1783
10289
2455
1251
5579
2188
1916
2239
12664
8588
5574
26798
2051
1696
4327
5870
9393
6061
12417
3183
2362
4926
5574
2468
2158
9920
12301
1860
12621
4704
2675
1018
18997
2214
3172
11873
3468
20903
1126
1506
988
5021
4191
966
2299
1027
857
1231
3077
1333
1872
1745
1085
7678
1793
68819
1249
2102
1473
384
8727
2393
5342
14041
927
1549
3413
763
1674
17573
26717
2473
3269
2907
2670
15698
596
19324
11642
31155
9744
32862
2576
1863
2716
668
681
1368
456
2031
4964
749
1413
3265
5038
27815
848
724
1285
817
1112
1021
2310
590
865
4223
2423
1776
1078
3557
2131
2258
2077
3544
1237
685
1021
1395
961
6527
2032
1652
835
1647
7309
994
1493
1232
1590
815
2200
2026
655
870
2137
823
4545
1098
2086
1584
2692
1062
12823
15707
1987
12331
1501
4911
2653
3135
6587
2848
14508
8992
5257
2254
1720
0
0
0
942
1171
1150
1057
4364
5933
1580
1905
4194
879
1220
801
1674
1198
1187
1435
4695
668
361
235
142
977
3040
2118
1583
1472
2498
970
1134
8072
3156
18120
2777
6265
2298
1319
4295
3455
4245
65047
2536
83758
4012
7133
1338
1147
1786
1449
1083
1647
14734
10514
1446
2480
588
2083
677
1016
1663
11488
1793
12594
4417
697
1529
65491
1487
6439
2794
13257
2244
2877
1129
1916
908
1206
2749
14303
3398
2975
1033
2090
727
1928
1440
4030
3923
3397
6362
1533
716
857
2557
6002
2403
1316
625
40642
688
707
1708
715
2102
1531
533
1294
424
588
760
4228
6057
653
1817
542
3002
2297
3150
24746
14377
2851
2375
1291
1097
969
4203
1857
1316
23890
2569
3359
13207
5440
1299
3900
4514
2748
2878
1286
4073
5088
10907
1778
2795
3572
3994
2534
25478
3753
2310
3357
4987
2364
1991
2785
17198
2154
1146
1278
4864
1970
2255
11064
942
1171
1150
0
0
0
2197
1258
839
3926
1524
789
413
245
255
497
710
606
1793
4243
8019
856
1439
26399
1093
3397
2730
7035
16660
2036
3045
1789
20750
4371
9013
3290
8549
2996
1526
5634
20914
2545
4894
1268
4506
3857
5785
8501
3094
1591
2828
2891
7660
3266
11516
1149
11923
1082
2569
1417
970
3255
799
1897
1106
2743
6409
3961
919
1868
1046
695
795
1517
974
1039
1300
482
1758
3636
836
968
20332
1289
1716
1321
1633
849
2426
2921
1831
1034
1413
2182
2692
999
659
1186
1317
1098
731
635
701
1820
2824
1760
1746
2177
1111
1293
6604
2128
1246
1196
731
8917
2217
1728
1158
8920
14308
1184
8814
5146
1839
2297
2883
1448
8207
3323
1369
2045
1091
2049
13293
1182
2564
1360
2281
1579
1707
11448
3161
1231
2697
6528
4615
1911
27160
1997
28268
2750
5523
659
1061
222
2026
1227
8164
2920
3305
2365
1511
6752
1783
1057
4364
5933
2197
1258
839
0
0
0
5518
1250
864
926
1671
1943
597
1357
10087
12840
11948
11684
1885
1947
1572
2076
2005
2698
4128
3316
5391
4532
1747
5958
9838
9570
3654
3302
8228
707
8730
3455
2864
5218
10978
3398
6218
19339
2951
1849
700
1106
1359
1033
2312
32105
18596
6219
704
753
678
5185
1861
4528
12104
1588
1616
1385
4292
1488
1430
1085
5992
2260
1800
4513
1026
622
660
705
746
991
780
984
352
1401
699
2565
1783
1234
269
662
15136
383
1309
2381
667
1672
1224
755
528
618
4295
2520
509
767
3295
2092
2007
586
38904
2398
11757
3996
1117
6486
1405
741
2215
7532
1277
20262
3612
988
3073
1028
2644
1993
3345
1253
950
1383
1386
13373
25862
7572
29399
3030
2384
4197
14204
2651
1338
33811
3182
531
2895
29329
6926
1726
2756
5832
3424
1239
180
425
73
6089
4592
3087
2140
794
4439
10289
2455
1251
1580
1905
4194
3926
1524
789
5518
1250
864
0
0
0
2500
2531
2116
2652
1331
2421
5416
5327
3620
3072
10435
5699
57953
1081
2993
4436
6049
3016
11638
2660
2124
3159
3876
11609
20616
6167
3070
17204
3621
7565
1972
6580
3961
5182
7581
2402
1863
694
1051
1147
668
2981
4401
4051
2922
820
2018
1436
1023
3502
1721
1320
5361
3442
3435
2707
1740
1127
964
29686
6478
1374
2217
15066
1550
1774
9665
1237
3754
2282
8732
1923
4042
1413
1930
780
944
3622
1145
788
1962
2086
409
409
793
879
363
1236
370
4746
9006
8638
602
912
1163
4949
580
2078
17991
489
2125
1931
1834
5390
866
1876
1574
9706
1704
1314
19975
613
2591
856
2681
846
3356
979
1216
2419
3010
1896
1007
3736
13462
1089
2487
1490
2964
2333
34154
2464
8462
1037
8109
13301
972
21340
1602
2800
1741
1535
6978
1505
13310
8787
4062
2634
5651
16328
5579
2188
1916
879
1220
801
413
245
255
926
1671
1943
2500
2531
2116
0
0
0
1780
4972
1439
3305
3567
1406
752
738
1075
888
959
5044
1129
3019
18528
1345
7819
1354
42453
6566
4318
3194
3555
7130
19060
2825
2586
4636
3593
2241
2116
2210
7998
1346
1495
4430
9451
4423
667
1572
1032
842
1260
2112
474
1347
1671
1437
1113
1081
610
3444
1632
8527
5681
2832
800
1889
1305
8990
8836
1548
1322
4575
1759
4041
7837
527
675
827
1771
953
1011
3449
1059
735
488
958
942
369
1907
1618
1514
348
1160
463
410
583
273
1479
754
676
1885
14051
686
2061
3913
2592
686
1661
18092
4330
1210
10713
1681
945
565
2536
679
2019
851
1691
4190
2431
1613
2741
1665
2266
1679
21294
1825
410
1417
2333
1755
3945
22685
2518
1090
1263
2817
967
1889
2228
2496
6704
4411
1092
6772
682
1047
4087
22005
29626
8022
4556
1056
2239
12664
8588
1674
1198
1187
497
710
606
597
1357
10087
2652
1331
2421
1780
4972
1439
0
0
0
5654
4490
1901
1617
2670
1286
1050
4026
3450
3286
10314
5087
9877
1014
760
1562
2850
2459
2689
3148
1997
10540
2663
2679
1328
13908
11817
8009
16121
4069
2907
4470
3793
1344
949
2692
1312
42442
2712
8072
8117
2245
1219
2447
7233
7289
1777
3115
1466
1119
16306
2052
2764
4174
2202
6252
4468
4374
1255
10050
10595
1621
834
3528
5078
4881
1103
1640
14163
1448
3034
4764
1444
4029
1767
24693
2206
53421
1061
1231
5491
3695
4519
821
9062
4517
1939
1789
28322
1925
3031
3968
1473
2073
1058
1904
938
4541
2178
1823
624
547
1301
16071
1108
25117
850
1778
1773
1534
3104
3385
2298
546
5746
10199
1435
1736
1363
1443
5377
1942
38368
5731
2821
1784
2613
2618
1769
2901
1386
10671
1042
1050
2367
40907
1652
4052
4316
5114
1781
38622
4106
5272
5574
26798
2051
1435
4695
668
1793
4243
8019
12840
11948
11684
5416
5327
3620
3305
3567
1406
5654
4490
1901
0
0
0
245
2751
19530
3352
938
1896
333
208
722
578
2314
651
736
2877
1031
967
6052
2204
2776
14035
1764
4400
6458
4596
2574
2326
5953
4748
2500
1427
905
1089
3350
3032
2199
1132
2387
1787
7582
1070
1606
1520
1281
1286
1424
5012
8440
4991
1115
4293
13986
2972
14320
2117
2924
2557
1465
4563
1494
3723
5063
2664
4862
1082
2719
1707
5419
3892
797
16687
1344
2581
1259
1695
1134
1301
6941
5132
17210
2486
987
1417
3128
1076
678
1330
2441
1544
956
2233
2965
953
16567
1531
941
771
1475
695
986
1012
862
664
1237
975
936
6051
15335
694
4718
1617
927
1686
1208
2161
965
3245
7492
1175
1423
607
2033
2279
7605
1922
1863
2516
2696
1836
3751
10230
5989
3454
10429
36875
1887
3650
3343
2374
2198
1408
6279
1696
4327
5870
361
235
142
856
1439
26399
1885
1947
1572
3072
10435
5699
752
738
1075
1617
2670
1286
245
2751
19530
0
0
0
977
437
615
7938
6367
2868
588
1001
387
7715
1712
1541
5005
12920
1180
1943
2542
1822
8735
3732
29227
2897
2854
11286
3926
2356
1234
2364
1404
9602
2292
1556
1945
883
2856
5392
1596
1538
1170
4537
3842
5712
1974
2641
10919
2216
8936
2462
1522
1888
5573
2674
3684
56415
4231
2054
13483
6197
5942
3517
7959
2913
1824
6494
6302
4960
1529
1613
497
3429
5433
2315
1139
4420
1233
4197
7309
4625
1241
1018
2142
4882
1350
31835
730
2252
8697
8487
802
7958
824
6473
36696
1487
1006
399
4473
2407
6073
962
1239
1590
2019
1800
1263
844
4109
1429
5416
2407
2378
11722
3428
641
1164
7028
1686
1429
20799
2952
43474
6045
14746
966
2172
4458
22536
1619
1652
1845
1633
20406
9080
1878
5949
3083
4037
1373
9393
6061
12417
977
3040
2118
1093
3397
2730
2076
2005
2698
57953
1081
2993
888
959
5044
1050
4026
3450
3352
938
1896
977
437
615
0
0
0
783
1446
2865
869
4420
3698
2564
2402
5017
848
11349
1660
2512
50110
4033
30069
26676
5069
2637
4443
7027
961
1627
2943
2354
3472
825
10282
2095
976
12730
3312
1928
1833
2597
8074
2273
1360
1615
1102
12011
821
18849
830
992
778
1334
1561
2950
10890
2266
38021
5236
2169
5375
2636
1908
1000
12787
2838
11616
2112
2923
1820
2033
2028
4308
4426
7235
1557
3846
3059
2890
10557
1267
11753
5405
20015
1115
2293
5593
2373
1640
4004
2062
1243
1993
29085
3396
3324
758
408
1881
1493
508
1155
517
1374
693
1686
5748
1220
2099
715
1172
2803
1212
4360
7837
961
723
3782
1085
1831
4354
5229
1209
1091
2030
7567
1294
8822
1382
799
1112
6324
7407
5321
1475
854
49222
1112
3851
10999
2104
3183
2362
4926
1583
1472
2498
7035
16660
2036
4128
3316
5391
4436
6049
3016
1129
3019
18528
3286
10314
5087
333
208
722
7938
6367
2868
783
1446
2865
0
0
0
1147
6116
881
6127
861
827
996
418
1878
1555
2690
23590
54321
2976
2853
6656
1445
20644
1510
1062
4345
1628
1583
17011
3457
3515
10223
31990
2397
3431
19086
606
1689
1812
1546
1260
1468
2229
2779
3170
4581
1897
2527
1719
1275
5676
8064
4258
7121
1782
1968
1509
3227
1599
1485
11948
903
58044
1573
1114
4472
2307
2448
2838
1252
2137
4478
751
3974
2739
1393
6199
3427
2378
1492
2087
2126
1180
900
2095
664
1257
14973
1610
1476
1716
1427
768
8736
903
2325
835
2472
1475
1534
2376
1242
5026
1308
10192
533
24496
8005
1570
3442
1736
4360
7558
1904
12272
4754
5015
698
1625
14019
2324
928
2961
5264
1224
4431
2181
18997
8225
3510
41333
3617
2898
1734
1153
3977
2730
5574
2468
2158
970
1134
8072
3045
1789
20750
4532
1747
5958
11638
2660
2124
1345
7819
1354
9877
1014
760
578
2314
651
588
1001
387
869
4420
3698
1147
6116
881
0
0
0
5166
873
2439
5985
13911
7146
2431
3389
3679
7667
7303
1734
2055
5261
4659
2170
1567
2883
2570
6381
3603
756
15542
2013
1279
1809
6645
1643
2391
1254
5575
9796
4679
1485
1024
2461
1586
1937
11802
855
1970
5799
1641
10421
1217
71738
21161
2950
3788
2532
7393
7153
7544
2419
8224
2393
1567
4426
37554
2306
5407
4978
1675
3714
2527
1285
1832
694
1684
4179
1948
2772
2060
1945
1843
6648
3576
1361
9368
1221
2156
2105
2220
1141
1047
1093
21129
3548
2331
5951
26389
2665
1081
2337
699
1903
8486
12733
2359
2214
1389
2065
2230
878
701
3733
466
1570
7807
2384
1140
939
1239
1658
1151
2568
1591
1019
3623
1008
4729
6400
3420
2368
755
37724
4854
16627
4328
9920
12301
1860
3156
18120
2777
4371
9013
3290
9838
9570
3654
3159
3876
11609
42453
6566
4318
1562
2850
2459
736
2877
1031
7715
1712
1541
2564
2402
5017
6127
861
827
5166
873
2439
0
0
0
191
358
2470
4108
3384
5166
663
10147
697
1852
4870
5587
273
2052
3783
482
2607
1347
2666
2289
2743
6088
1538
1031
6765
661
4944
1951
8830
2829
1883
17865
3146
995
551
2090
1584
1913
2066
2294
4945
3015
3659
3886
609
1224
1435
27168
8754
4041
1271
4572
897
1859
8284
7053
1920
3002
2071
2210
3307
1428
1546
2320
4842
2774
1297
2267
1804
2894
1893
2907
24734
2286
3025
2462
3813
10444
1494
678
2183
1993
3622
1322
7492
783
888
7414
6617
833
6146
4349
14626
1538
458
520
11153
1825
1213
568
878
2310
6693
841
1533
612
817
1001
444
525
696
819
1107
426
1348
319
2125
3700
2158
1570
2301
3626
2133
4131
3044
2280
12621
4704
2675
6265
2298
1319
8549
2996
1526
3302
8228
707
20616
6167
3070
3194
3555
7130
2689
3148
1997
967
6052
2204
5005
12920
1180
848
11349
1660
996
418
1878
5985
13911
7146
191
358
2470
0
0
0
1097
674
449
607
2758
1834
674
1598
2990
11010
1338
2169
3385
1839
2520
1343
1544
4261
14835
781
1888
1308
2667
6762
2717
1126
559
829
1291
2545
3320
1920
2231
1917
1521
818
23590
4649
3058
4223
2750
2601
1078
2588
2113
1629
1750
859
4316
5478
10156
1852
983
2749
2913
3880
3514
2737
6212
8665
19724
6830
2768
2345
2521
3714
2816
2273
2424
886
10245
1698
27053
2120
2725
1235
1142
4773
1091
2861
904
2764
3075
1347
3040
3104
10560
1698
656
7808
1227
4307
790
2522
1539
1264
1904
1995
6548
702
1104
16714
941
1420
1423
1381
1259
615
1051
2209
522
507
3459
1355
5412
2268
1190
3423
591
987
3168
2447
2535
1018
18997
2214
4295
3455
4245
5634
20914
2545
8730
3455
2864
17204
3621
7565
19060
2825
2586
10540
2663
2679
2776
14035
1764
1943
2542
1822
2512
50110
4033
1555
2690
23590
2431
3389
3679
4108
3384
5166
1097
674
449
0
0
0
4436
963
4034
1276
420
831
2374
1547
3272
8123
3180
6871
3835
1354
977
2172
3384
3259
1456
1164
2902
5318
2634
1661
8435
5829
13127
1463
1423
1951
3862
904
983
6101
5095
1087
3098
2039
1008
4552
687
1077
32398
2957
4005
2082
3161
2803
3284
1333
9869
1977
5627
3811
2229
2578
1168
1040
1382
9623
2157
638
5762
1825
2648
2155
21323
5112
1555
2460
2500
5142
1000
4253
8670
14650
2545
1207
2065
10728
6187
3413
1558
4961
721
1089
19716
1407
1615
1232
35033
2243
1801
5035
2713
1568
4720
7157
3021
1899
780
678
1775
882
935
2280
939
2033
741
1821
545
47484
3327
940
548
519
162
1923
886
1254
3172
11873
3468
65047
2536
83758
4894
1268
4506
5218
10978
3398
1972
6580
3961
4636
3593
2241
1328
13908
11817
4400
6458
4596
8735
3732
29227
30069
26676
5069
54321
2976
2853
7667
7303
1734
663
10147
697
607
2758
1834
4436
963
4034
0
0
0
276
240
423
4186
2888
5812
2136
2548
18042
2313
817
32475
4001
625
4833
14598
2095
6541
7159
684
1112
1643
1896
2029
1008
637
2265
12096
1375
1967
3676
2462
1186
3621
1347
3928
3761
4632
5435
1587
29596
2060
25528
1111
1847
1597
1517
1880
1798
8693
1158
3427
1543
20196
4108
8652
7494
8734
5728
3042
3684
1832
2529
4818
3484
1097
1685
8344
2255
2516
2309
5442
4091
20848
1666
1276
5800
12929
2398
1004
4533
3646
2403
5603
34668
1323
4015
2809
9812
929
2092
3526
2051
1683
20903
950
1676
1634
13058
1687
3177
768
2945
1406
1565
727
38193
2781
1366
3080
2972
551
859
674
4182
1943
2648
20903
1126
1506
4012
7133
1338
3857
5785
8501
6218
19339
2951
5182
7581
2402
2116
2210
7998
8009
16121
4069
2574
2326
5953
2897
2854
11286
2637
4443
7027
6656
1445
20644
2055
5261
4659
1852
4870
5587
674
1598
2990
1276
420
831
276
240
423
0
0
0
