C_ijk
0
0
0
41
252
32
419
43
70
234
169
143
77
160
207
76
2255
149
172
2675
245
1283
712
267
2662
768
8326
453
5776
909
1398
649
501
391
323
403
433
278
310
371
276
711
360
319
936
762
655
2598
633
607
3552
645
350
442
4324
745
1627
856
1102
2727
3010
315
620
269
1041
812
863
843
603
1018
670
1057
786
405
1564
549
355
320
138
309
181
577
224
434
721
369
1358
159
397
4837
425
305
300
396
843
573
806
656
441
423
182
693
1685
4068
232
1540
3406
1151
1545
1320
456
2396
1404
2088
19493
429
1021
729
765
4827
12314
1798
5797
4276
874
397
22308
1689
2812
1172
1204
1403
2107
8880
1896
3165
5535
2789
20621
3337
16114
1007
2147
974
1804
2259
3284
3822
4889
25702
2290
1307
19884
1177
1477
1284
10071
4067
2826
14960
908
38768
3438
3501
2902
41
252
32
0
0
0
18
22
4
60
150
161
83
143
550
77
380
166
2007
967
245
11917
322
599
331
907
4546
233
388
1848
327
764
3314
1094
575
685
184
4518
93
1115
607
334
741
484
674
2564
670
577
391
678
398
230
708
237
336
390
856
222
2616
497
873
391
210
537
269
118
1767
324
342
461
659
1018
906
400
367
5972
499
700
91
788
269
664
755
2625
342
270
369
124
1456
610
231
1012
1104
422
448
420
1026
1077
4705
1018
427
630
794
1172
533
610
1014
1272
1247
1730
1077
8596
3480
2781
3205
3906
1103
1879
24575
964
1903
615
1562
1727
4440
2974
2103
1576
1432
1191
23950
1798
2078
1171
1245
1387
556
654
2542
2174
6888
1564
3930
8905
3688
1205
4329
2921
16813
5512
1536
1266
883
3004
3934
1807
1052
683
5648
809
4497
16056
7102
2607
981
419
43
70
18
22
4
0
0
0
333
393
246
378
104
839
718
181
142
276
138
584
570
529
1128
1002
1191
660
5877
1111
1403
4240
983
1236
809
1912
1442
256
1494
441
13342
252
630
893
1417
775
618
5395
547
3038
2313
471
148
479
283
1925
660
1393
386
561
308
391
292
281
90
1035
1997
937
518
233
449
1082
1245
265
1504
2186
432
3518
562
101
198
166
522
425
277
282
4394
621
244
517
437
1000
239
300
15351
24178
651
1759
1800
1962
2470
412
350
267
516
1101
498
1903
4032
1051
2462
1721
5356
32833
794
2581
3273
1546
1023
4877
1398
1794
908
2051
3305
1895
2143
1138
2262
1033
510
677
423
763
3627
1698
1435
1507
4090
808
773
6448
2130
3259
18283
3974
1633
5560
4286
680
2832
1248
33749
1695
1671
1135
1089
2728
3638
804
765
3097
5926
3361
10457
2777
234
169
143
60
150
161
333
393
246
0
0
0
557
138
227
228
232
156
158
272
481
752
2043
516
816
247
811
368
263
405
179
727
725
10940
771
677
240
49
217
233
439
268
249
264
415
879
2522
289
1139
1647
783
837
204
451
1674
192
906
1075
429
780
365
1357
891
201
399
635
4754
218
6108
1014
3620
546
2280
207
172
1480
441
892
233
466
2913
3529
426
1201
1598
709
1404
145
993
297
2222
204
870
582
1903
552
2460
568
750
442
244
1717
730
567
611
5871
1209
3274
1050
448
1110
1178
1881
598
1209
837
1127
1112
868
2437
2041
41049
4283
2236
1744
1967
1262
318
2033
787
2022
1024
1699
624
1160
17289
31291
866
672
1567
7478
2904
3154
2898
8919
1546
4608
1444
15314
1961
2576
3777
1625
7500
813
505
2770
5075
10229
1424
2532
1592
2585
4021
3934
77
160
207
83
143
550
378
104
839
557
138
227
0
0
0
62
89
31
54
64
66
800
917
854
398
421
1568
468
9143
2684
999
396
726
4456
704
1001
386
426
360
785
303
777
299
272
3237
982
20279
274
1302
3323
1429
371
577
954
2341
586
2628
518
1580
428
2427
308
1113
803
283
570
540
1001
458
501
748
674
514
2141
2774
18186
4328
3623
389
692
243
815
338
3351
581
370
289
2689
336
753
288
375
1667
339
358
211
552
1952
355
498
851
801
5160
774
378
1869
6661
948
6167
1115
1586
18814
3989
938
774
2599
3166
1669
4654
791
3425
789
5357
1118
3389
5756
981
5426
1290
3291
1730
2819
2331
3740
2962
5361
1314
1250
1567
1010
1533
2373
2483
2824
2471
2733
1315
3979
4664
3298
564
1409
3905
2570
1823
3317
893
11368
2767
21192
2722
4104
4596
33212
6742
76
2255
149
77
380
166
718
181
142
228
232
156
62
89
31
0
0
0
31
69
50
2321
1082
384
356
322
3186
375
537
567
186
382
415
268
329
2605
370
1607
197
1208
446
1147
1432
536
1040
3777
2251
2046
2749
1266
642
170
1200
871
380
470
3372
361
435
2586
4158
1140
644
236
1538
4597
825
5282
856
619
1089
796
5058
3497
2419
1150
294
1645
847
274
206
532
2769
969
523
397
2430
540
213
409
429
1019
4646
247
540
996
336
2791
978
11800
643
831
3700
643
333
4164
1735
2088
653
3585
802
3978
3971
1028
1573
1509
6679
1214
590
509
2682
1904
3222
2000
1472
656
673
4296
1094
5881
362
694
3864
1846
709
1331
1156
13765
789
8264
602
4270
1177
2145
14338
1061
26171
446
1517
1230
726
1158
835
1675
536
3369
1434
1653
516
743
2472
2669
943
1574
2647
172
2675
245
2007
967
245
276
138
584
158
272
481
54
64
66
31
69
50
0
0
0
1396
584
741
1266
308
322
464
620
402
2901
632
648
632
1837
1363
2984
842
467
1798
693
2085
594
959
1996
658
1142
309
1060
7274
4948
529
473
3093
556
19871
708
834
769
335
1105
1269
959
1146
1134
222
454
783
698
1933
1047
2531
406
1013
971
5171
1427
1204
317
165
257
383
964
1260
804
308
1125
1904
316
671
1578
487
8169
789
449
386
1125
274
373
713
911
1230
317
345
598
1058
1079
1933
957
982
1764
10027
1857
847
1945
2956
932
1755
11314
2953
3068
3711
1705
1297
5424
504
1059
1130
522
993
1335
440
763
807
5495
18061
23217
963
6843
639
1005
1607
2416
1008
4708
3159
2142
7914
1548
1014
2487
1621
1600
928
1741
2227
916
1091
3383
1323
1744
1837
2876
9877
33953
1283
712
267
11917
322
599
570
529
1128
752
2043
516
800
917
854
2321
1082
384
1396
584
741
0
0
0
85
145
65
387
3530
1106
1829
1108
334
315
9846
603
1034
567
560
9791
322
1156
1217
1815
1075
7208
13249
2860
5460
1785
1941
1351
3344
1803
1729
909
595
1415
5476
752
2937
584
11745
1440
3494
1250
278
646
449
4414
753
3998
449
7023
569
2932
852
1785
2306
1315
422
639
207
1422
449
625
449
311
532
488
271
548
464
265
574
427
1892
1598
454
302
425
182
819
1130
1674
2160
2543
1201
1274
1131
822
516
2374
2583
13397
12665
1396
3770
2179
1742
3118
3625
1101
529
15363
27603
1308
1042
9758
771
4664
1747
1486
1158
5746
1889
1952
4465
3083
1804
3428
2209
1322
2140
8839
2722
2541
4147
1581
2038
5622
5405
2610
1633
998
1583
1980
936
3842
811
2504
1759
949
27520
722
2662
768
8326
331
907
4546
1002
1191
660
816
247
811
398
421
1568
356
322
3186
1266
308
322
85
145
65
0
0
0
1313
282
11847
2643
451
179
244
3445
3391
476
1153
547
1004
2259
1116
1302
460
2413
5054
2124
12879
2060
303
3322
1298
593
2903
1466
1220
3553
851
1944
2628
2962
7474
500
1276
435
1555
2258
2493
1086
3264
1537
4893
17355
892
3520
1557
3935
36503
737
772
684
2266
348
881
277
667
1012
6257
1871
476
327
743
631
835
1316
1213
611
327
214
800
265
191
661
565
482
898
8072
2936
979
640
2443
426
2570
1211
5045
1216
938
3416
2104
1713
10143
3821
791
4824
2227
4089
707
1093
780
6405
1245
1308
5108
1170
814
1628
533
2816
1997
2888
2363
2777
1336
1409
1167
3115
3894
3835
75197
4619
736
556
1580
2530
1226
863
2027
4124
925
1049
911
3027
1999
2008
501
453
5776
909
233
388
1848
5877
1111
1403
368
263
405
468
9143
2684
375
537
567
464
620
402
387
3530
1106
1313
282
11847
0
0
0
81
218
150
208
414
545
458
2819
224
3594
931
279
1023
615
202
1441
637
6124
13297
998
369
286
646
3254
550
13522
1776
2074
1769
598
2092
1145
566
2194
5230
296
942
2045
657
2107
5698
6663
4989
1640
2490
862
911
1175
1365
388
692
801
11916
336
618
1874
510
236
413
7732
688
3913
1263
8098
1365
1477
399
892
382
1100
1313
3055
956
11943
22174
379
1941
2638
5149
4677
1007
1867
480
895
1221
1183
1500
1575
34893
819
10237
1249
1774
1323
1613
1549
2398
1277
1173
10273
1689
1587
824
620
1366
2201
1487
2776
2208
2348
1899
5426
4187
1269
650
3512
3508
7803
1014
8769
3738
1621
1072
880
4265
913
20719
2891
3273
1546
39384
5969
3373
1248
2182
1398
649
501
327
764
3314
4240
983
1236
179
727
725
999
396
726
186
382
415
2901
632
648
1829
1108
334
2643
451
179
81
218
150
0
0
0
813
167
55
3099
575
536
190
622
840
443
1225
899
945
3779
2683
550
807
845
582
639
960
4027
7305
2306
434
3509
2303
631
1167
3696
281
728
726
487
973
853
2405
1423
5825
415
1256
16409
1314
7792
2023
1959
1144
554
1291
915
780
911
1114
951
628
271
2537
703
765
657
780
837
772
7598
562
677
798
1266
6975
671
1552
612
1797
1582
610
952
10377
1174
19947
311
1523
280
1256
734
3302
1466
1673
14199
2340
4452
1192
825
519
897
2518
2576
2147
1703
2935
3904
408
1342
736
4358
4952
1702
4329
6178
3634
4224
4037
3899
1686
2557
7003
4322
7702
4318
33706
1611
3984
654
3977
1167
1162
2225
12252
1559
956
5519
1102
1105
391
323
403
1094
575
685
809
1912
1442
10940
771
677
4456
704
1001
268
329
2605
632
1837
1363
315
9846
603
244
3445
3391
208
414
545
813
167
55
0
0
0
236
389
714
163
441
1089
1129
2392
403
1133
902
1096
342
1062
1122
920
5502
358
406
604
2492
12582
832
3236
891
1212
2146
3557
1753
1088
1192
891
4514
732
8071
2302
1268
834
2471
1134
1023
860
19832
1208
458
1262
1249
978
972
676
1400
896
619
4997
794
599
1761
2351
2227
2132
501
216
674
540
393
6566
603
2422
1440
1078
983
648
3313
639
1901
8175
336
1597
1037
681
1039
1391
1632
1512
1121
1402
672
2038
929
3643
830
500
1907
23045
5698
2503
2464
5248
2104
1510
1666
4412
792
886
2486
26727
5262
1760
4558
1576
16139
3892
4087
3516
884
1695
3259
1173
4142
5663
870
1811
1324
1481
1490
3210
832
5734
3084
433
278
310
184
4518
93
256
1494
441
240
49
217
386
426
360
370
1607
197
2984
842
467
1034
567
560
476
1153
547
458
2819
224
3099
575
536
236
389
714
0
0
0
819
1096
549
234
92
1574
285
270
829
345
373
861
513
89
101
297
419
371
173
5527
564
2670
1066
1029
525
477
361
414
792
378
373
2455
1185
8064
3405
408
2573
4417
2136
2034
1636
283
463
590
2241
1029
184
744
1827
948
675
2924
1267
208
1602
1573
1480
1181
1534
1953
2355
13507
1219
615
1489
1754
864
540
4902
1977
2101
2062
1752
1463
2772
7342
932
2246
2367
2517
3883
645
1200
1360
1701
2604
1293
393
6729
1081
1319
1183
3646
3747
797
1162
5024
4613
690
13564
2683
3460
1637
5283
2870
1939
6503
2516
11991
50342
1532
13062
2470
4872
9180
765
939
13206
2584
924
12817
7552
1883
4111
17055
2908
371
276
711
1115
607
334
13342
252
630
233
439
268
785
303
777
1208
446
1147
1798
693
2085
9791
322
1156
1004
2259
1116
3594
931
279
190
622
840
163
441
1089
819
1096
549
0
0
0
83
207
123
677
822
766
1694
301
1339
571
330
201
653
435
20424
1876
3272
1862
6528
519
5112
496
1196
347
875
504
1773
598
1194
4347
2710
1266
667
2069
1566
1869
890
1172
2862
2322
1668
815
693
12371
718
5294
2691
7792
730
1162
10361
1596
3991
1418
2352
1769
1943
975
1856
463
2651
1185
1567
775
2191
6073
16580
7025
551
26068
1139
1947
3209
1809
3846
6757
3328
577
1466
6400
932
695
673
584
1386
220
369
734
702
2011
904
1435
546
1783
5680
1451
1806
2988
2862
32612
985
1220
2797
827
2273
9954
1915
1547
8007
2997
6447
1171
2755
2168
10035
4852
5246
3376
18867
1751
5750
2932
828
360
319
936
741
484
674
893
1417
775
249
264
415
299
272
3237
1432
536
1040
594
959
1996
1217
1815
1075
1302
460
2413
1023
615
202
443
1225
899
1129
2392
403
234
92
1574
83
207
123
0
0
0
4477
731
825
315
394
2010
163
678
259
1482
561
268
1042
8241
6370
446
6458
1017
384
482
462
1247
1037
638
1928
7202
471
5575
2973
849
8173
3675
1734
2712
2756
1620
630
1380
1442
1635
1713
1557
1166
841
2490
494
574
615
1408
1086
1064
640
981
1032
837
2099
720
740
3315
434
759
485
319
2543
3901
1507
6310
5313
1076
715
1122
971
4000
6084
1187
718
1209
1178
9079
622
411
599
451
1345
5657
561
2124
1203
705
1087
1421
1349
2148
1774
3580
1166
20244
20516
1567
13751
1469
2370
7197
2916
3215
1032
3553
6171
1426
1687
3005
7612
1456
4531
837
12472
1282
2941
2853
1907
762
655
2598
2564
670
577
618
5395
547
879
2522
289
982
20279
274
3777
2251
2046
658
1142
309
7208
13249
2860
5054
2124
12879
1441
637
6124
945
3779
2683
1133
902
1096
285
270
829
677
822
766
4477
731
825
0
0
0
450
117
204
342
3067
184
116
88
359
2237
476
1229
1630
1377
1162
298
807
555
533
650
1770
2135
571
1731
1573
1202
1276
985
3281
1635
22190
484
591
724
823
1172
1382
1244
280
955
312
661
665
775
396
1817
557
771
1112
2569
3381
14140
909
10887
448
642
20999
35447
1430
396
4192
1671
27793
3383
8086
2211
1237
1029
25496
902
4309
1234
2196
1116
406
863
1857
8405
4751
699
2058
557
505
274
3020
439
567
5040
3459
1799
910
7687
1096
636
3623
591
14494
756
2988
1303
1475
672
1698
1388
6746
2976
1500
4920
4416
20234
3316
1448
2487
3861
13641
877
10163
633
607
3552
391
678
398
3038
2313
471
1139
1647
783
1302
3323
1429
2749
1266
642
1060
7274
4948
5460
1785
1941
2060
303
3322
13297
998
369
550
807
845
342
1062
1122
345
373
861
1694
301
1339
315
394
2010
450
117
204
0
0
0
307
359
253
209
155
250
796
706
1429
562
492
730
1862
346
790
816
554
433
1100
3664
1292
2343
2090
434
945
817
4901
1758
3701
1750
2564
922
5807
1430
5370
8511
252
11457
4534
413
1326
840
1174
1380
1328
1154
2545
2131
2825
1126
1871
777
1073
1776
523
301
1573
1111
1955
2817
2858
6094
1516
2509
2277
2234
422
1074
2008
749
1070
1491
1262
598
5267
7088
2321
396
840
3006
633
1045
849
711
607
8937
1156
2810
4797
962
6085
739
2583
1966
1823
10467
4449
1810
699
2492
6732
717
6247
25742
3923
5498
1517
2503
974
1202
31831
2516
2026
1300
645
350
442
230
708
237
148
479
283
837
204
451
371
577
954
170
1200
871
529
473
3093
1351
3344
1803
1298
593
2903
286
646
3254
582
639
960
920
5502
358
513
89
101
571
330
201
163
678
259
342
3067
184
307
359
253
0
0
0
2485
158
246
187
337
263
431
1222
680
334
511
469
354
1527
230
1336
346
903
2998
9115
2132
515
1250
4346
634
973
2376
189
887
1055
1588
579
1658
391
866
371
868
448
1312
907
1893
8208
1715
1475
707
1964
15950
2162
2606
8469
2091
1076
29346
3478
5351
3978
1749
1361
1090
18753
2321
1538
1882
20997
2757
1414
1008
973
417
911
1447
8822
682
944
12184
483
1171
543
1132
892
11119
2562
9868
1734
1562
1048
369
12816
24124
3753
4251
1482
1505
1319
2122
961
3682
1802
1975
746
1183
4514
722
2677
30727
1104
14555
2103
1484
3527
1217
4324
745
1627
336
390
856
1925
660
1393
1674
192
906
2341
586
2628
380
470
3372
556
19871
708
1729
909
595
1466
1220
3553
550
13522
1776
4027
7305
2306
406
604
2492
297
419
371
653
435
20424
1482
561
268
116
88
359
209
155
250
2485
158
246
0
0
0
480
1377
2059
1269
812
444
793
242
8367
1641
1357
1008
2488
1618
447
1346
152
562
472
443
698
728
926
1370
38122
630
712
1513
1787
6252
504
482
300
406
25617
1976
1698
1737
1263
652
1756
2054
1283
921
1470
42230
818
2705
887
3171
3654
744
21116
769
1235
1385
4586
988
1732
6193
919
574
517
528
6068
549
1194
1007
3830
5880
656
354
1168
220
437
548
1098
596
6296
1231
579
3771
11730
3193
2147
17059
683
6509
2094
1230
820
1717
858
1008
1440
8354
1333
932
1804
1315
1449
2268
4987
20853
4385
6452
1318
9586
856
1102
2727
222
2616
497
386
561
308
1075
429
780
518
1580
428
361
435
2586
834
769
335
1415
5476
752
851
1944
2628
2074
1769
598
434
3509
2303
12582
832
3236
173
5527
564
1876
3272
1862
1042
8241
6370
2237
476
1229
796
706
1429
187
337
263
480
1377
2059
0
0
0
67
254
390
41
131
83
1145
75
5141
9927
1148
218
192
261
1408
232
896
270
307
5410
271
403
381
375
360
341
415
3734
1536
221
1584
799
4359
1751
1467
1573
1222
950
653
448
565
568
913
687
617
1770
1244
1549
3192
634
36686
1245
924
1063
5210
2032
2684
2780
10691
1532
892
914
12771
2179
807
1591
2760
735
1910
624
342
1346
3128
2104
5181
547
394
1292
1099
2139
12096
780
1462
1003
691
2799
1001
817
574
692
4058
3118
1650
3007
1740
2817
7642
3008
13436
1101
2034
9520
2894
13847
3577
3010
315
620
873
391
210
391
292
281
365
1357
891
2427
308
1113
4158
1140
644
1105
1269
959
2937
584
11745
2962
7474
500
2092
1145
566
631
1167
3696
891
1212
2146
2670
1066
1029
6528
519
5112
446
6458
1017
1630
1377
1162
562
492
730
431
1222
680
1269
812
444
67
254
390
0
0
0
249
171
312
1029
879
4345
2149
262
7488
430
582
844
1874
2141
352
397
513
400
391
12514
455
505
214
1894
4492
1527
958
573
483
453
2276
1667
1227
1282
2604
1078
368
1578
1218
3247
736
531
3259
6450
2455
6791
5828
36881
6475
1484
77951
622
2113
4447
3692
4413
783
1213
957
1349
854
2270
4167
7211
1500
824
1450
1291
3504
855
2862
710
363
2068
3310
519
798
300
3751
2125
2720
6668
30247
1751
1006
923
1597
1949
6729
42240
14151
3730
47443
9459
6955
18978
2562
3906
27584
6867
2855
2029
269
1041
812
537
269
118
90
1035
1997
201
399
635
803
283
570
236
1538
4597
1146
1134
222
1440
3494
1250
1276
435
1555
2194
5230
296
281
728
726
3557
1753
1088
525
477
361
496
1196
347
384
482
462
298
807
555
1862
346
790
334
511
469
793
242
8367
41
131
83
249
171
312
0
0
0
227
478
265
1481
283
2419
672
1078
834
502
993
207
124
699
200
206
3720
372
242
573
1782
369
923
1396
1682
2018
671
3299
949
4137
706
498
2117
9977
6374
2322
1150
1029
1622
986
1501
1727
21621
7294
1114
862
1129
870
1484
992
2492
626
4504
1740
1048
2118
3287
1227
4059
776
827
2715
617
580
1533
7169
11574
3964
1898
1618
2534
1100
452
5061
718
547
1479
2350
1753
1726
1082
8534
1467
757
1693
38236
4415
2722
3522
2300
1697
947
2680
4317
3493
2521
1527
2078
865
863
843
603
1767
324
342
937
518
233
4754
218
6108
540
1001
458
825
5282
856
454
783
698
278
646
449
2258
2493
1086
942
2045
657
487
973
853
1192
891
4514
414
792
378
875
504
1773
1247
1037
638
533
650
1770
816
554
433
354
1527
230
1641
1357
1008
1145
75
5141
1029
879
4345
227
478
265
0
0
0
473
950
734
139
53
99
543
289
34
554
347
373
420
435
1352
223
809
3090
249
817
2873
2189
814
498
1295
433
712
1929
808
498
7844
6155
1101
1698
981
1219
1078
1472
6372
1641
4570
5098
2129
3354
889
1580
4878
945
992
8094
1063
1412
1215
1065
889
5565
544
967
16205
499
1073
975
1795
917
2812
4820
412
4098
8904
4417
3788
7218
695
987
1532
656
2343
1371
21987
1422
4108
9972
4065
7917
2195
495
541
24169
4264
2937
5447
1662
3073
833
559
2670
1018
670
1057
461
659
1018
449
1082
1245
1014
3620
546
501
748
674
619
1089
796
1933
1047
2531
4414
753
3998
3264
1537
4893
2107
5698
6663
2405
1423
5825
732
8071
2302
373
2455
1185
598
1194
4347
1928
7202
471
2135
571
1731
1100
3664
1292
1336
346
903
2488
1618
447
9927
1148
218
2149
262
7488
1481
283
2419
473
950
734
0
0
0
641
281
175
198
636
389
9880
279
1133
509
441
13083
1604
629
260
2206
438
562
866
1534
618
4638
23927
1136
4859
1758
1972
426
1535
3440
1051
1038
3008
1312
1716
2822
1288
765
857
1933
9400
2373
2197
698
27788
924
699
628
764
5497
1932
537
3220
8333
2545
1701
1833
5678
3235
1932
5410
15158
15945
1936
4149
794
912
292
972
463
3086
633
2939
797
2615
1108
8622
1821
1658
2686
640
625
1247
1497
3258
2061
7848
4413
2428
1581
1211
1744
14384
786
405
1564
906
400
367
265
1504
2186
2280
207
172
514
2141
2774
5058
3497
2419
406
1013
971
449
7023
569
17355
892
3520
4989
1640
2490
415
1256
16409
1268
834
2471
8064
3405
408
2710
1266
667
5575
2973
849
1573
1202
1276
2343
2090
434
2998
9115
2132
1346
152
562
192
261
1408
430
582
844
672
1078
834
139
53
99
641
281
175
0
0
0
340
45
161
266
3133
16374
703
231
1105
308
85
247
272
1280
478
604
1011
792
6457
1047
3466
1077
2627
693
4814
1164
2703
509
710
1168
1353
765
24472
14555
4370
14039
868
2598
1033
84899
2977
1609
522
6055
2252
2342
2920
2343
1748
2282
13853
1463
863
9261
1057
548
3075
2181
1937
8081
1425
1934
2233
783
3461
1419
968
1812
1787
1232
1750
2486
1195
2124
680
2414
3006
1425
5301
1563
2464
4895
9412
30189
2259
2279
5472
15302
3566
2047
549
355
320
5972
499
700
432
3518
562
1480
441
892
18186
4328
3623
1150
294
1645
5171
1427
1204
2932
852
1785
1557
3935
36503
862
911
1175
1314
7792
2023
1134
1023
860
2573
4417
2136
2069
1566
1869
8173
3675
1734
985
3281
1635
945
817
4901
515
1250
4346
472
443
698
232
896
270
1874
2141
352
502
993
207
543
289
34
198
636
389
340
45
161
0
0
0
4393
178
3659
194
449
661
771
200
183
307
354
674
356
879
1198
2665
592
311
3210
4255
1488
774
1094
1424
1146
786
7170
42232
296
7026
918
584
2430
6216
3143
1244
2305
838
2202
829
1691
1087
1218
634
1821
2019
1237
2771
1153
2496
1533
1380
2765
7513
2458
3026
628
1244
9199
1043
1149
1629
671
2026
3238
1045
1881
520
11815
1516
1240
572
28332
1236
16361
2325
773
2353
947
2708
1616
2905
17451
3199
37979
1107
4079
138
309
181
91
788
269
101
198
166
233
466
2913
389
692
243
847
274
206
317
165
257
2306
1315
422
737
772
684
1365
388
692
1959
1144
554
19832
1208
458
2034
1636
283
890
1172
2862
2712
2756
1620
22190
484
591
1758
3701
1750
634
973
2376
728
926
1370
307
5410
271
397
513
400
124
699
200
554
347
373
9880
279
1133
266
3133
16374
4393
178
3659
0
0
0
1094
256
210
654
1346
478
205
68
805
118
1785
661
257
600
394
1735
1441
595
435
109
1546
410
372
978
667
5443
1295
926
2453
1375
6375
1939
838
1337
5116
3381
1107
1899
1776
1516
7312
626
3266
2982
8168
1276
1188
618
1535
3470
475
7755
2638
1473
869
2036
2137
575
800
4607
989
3510
4162
21654
2893
2009
1323
1343
1229
1698
1788
11845
4111
788
2547
4813
1921
25765
1899
15006
1615
2185
4200
11620
577
224
434
664
755
2625
522
425
277
3529
426
1201
815
338
3351
532
2769
969
383
964
1260
639
207
1422
2266
348
881
801
11916
336
1291
915
780
1262
1249
978
463
590
2241
2322
1668
815
630
1380
1442
724
823
1172
2564
922
5807
189
887
1055
38122
630
712
403
381
375
391
12514
455
206
3720
372
420
435
1352
509
441
13083
703
231
1105
194
449
661
1094
256
210
0
0
0
71
119
101
116
101
917
366
174
179
426
1234
371
785
167
1247
6366
1958
1025
221
677
292
1123
460
1598
527
1942
1314
9517
2194
2727
1293
1041
823
914
7658
1317
2752
1391
989
52431
1805
1405
1528
1351
588
1759
1508
7433
26421
3736
3916
3450
639
1789
1381
1440
771
1538
8709
3217
980
13252
2939
1098
1513
3916
557
1253
1928
1030
384
931
765
3232
1738
1323
14404
1249
1853
2401
1244
721
369
1358
342
270
369
282
4394
621
1598
709
1404
581
370
289
523
397
2430
804
308
1125
449
625
449
277
667
1012
618
1874
510
911
1114
951
972
676
1400
1029
184
744
693
12371
718
1635
1713
1557
1382
1244
280
1430
5370
8511
1588
579
1658
1513
1787
6252
360
341
415
505
214
1894
242
573
1782
223
809
3090
1604
629
260
308
85
247
771
200
183
654
1346
478
71
119
101
0
0
0
418
435
132
514
360
171
2140
271
1232
1428
410
1584
860
4041
2592
791
1887
344
1871
3862
3504
2335
766
7167
1781
686
1929
5858
1517
1309
794
4511
1159
6407
2021
1397
2861
2875
6757
1615
2785
2314
6731
1157
2119
1663
914
987
1202
661
24070
1174
830
1027
350
3125
2909
1405
869
2424
837
2070
1096
2145
16373
1436
2510
845
667
1699
2730
1251
1388
1428
701
4836
3299
6549
159
397
4837
124
1456
610
244
517
437
145
993
297
2689
336
753
540
213
409
1904
316
671
311
532
488
6257
1871
476
236
413
7732
628
271
2537
896
619
4997
1827
948
675
5294
2691
7792
1166
841
2490
955
312
661
252
11457
4534
391
866
371
504
482
300
3734
1536
221
4492
1527
958
369
923
1396
249
817
2873
2206
438
562
272
1280
478
307
354
674
205
68
805
116
101
917
418
435
132
0
0
0
1466
393
332
1476
179
394
377
4460
828
931
785
227
124
440
2671
1018
6984
901
2150
2791
10021
527
1220
23274
1924
1725
503
8346
707
2116
545
1503
1894
1605
1509
726
4806
2601
1547
1677
981
7940
8884
1771
915
582
1015
1025
444
1910
3164
1193
1484
14950
801
3134
853
5111
2478
16363
1214
513
2317
1070
1133
3650
1622
6243
1255
468
2331
1983
1427
13504
2699
425
305
300
231
1012
1104
1000
239
300
2222
204
870
288
375
1667
429
1019
4646
1578
487
8169
271
548
464
327
743
631
688
3913
1263
703
765
657
794
599
1761
2924
1267
208
730
1162
10361
494
574
615
665
775
396
413
1326
840
868
448
1312
406
25617
1976
1584
799
4359
573
483
453
1682
2018
671
2189
814
498
866
1534
618
604
1011
792
356
879
1198
118
1785
661
366
174
179
514
360
171
1466
393
332
0
0
0
311
459
491
330
275
316
1265
509
519
109
115
185
3931
1058
1326
6839
2163
810
45993
1046
1359
4510
2663
7886
1322
437
3297
2326
1478
13859
1733
1260
1059
1664
546
20529
1590
1696
5776
1124
7428
5284
2374
1922
5554
2069
2995
2160
5764
1642
969
620
66992
3579
7662
2783
949
1472
949
1191
447
1444
475
2947
531
852
495
1720
1190
1543
1198
1534
396
843
573
422
448
420
15351
24178
651
582
1903
552
339
358
211
247
540
996
789
449
386
265
574
427
835
1316
1213
8098
1365
1477
780
837
772
2351
2227
2132
1602
1573
1480
1596
3991
1418
1408
1086
1064
1817
557
771
1174
1380
1328
907
1893
8208
1698
1737
1263
1751
1467
1573
2276
1667
1227
3299
949
4137
1295
433
712
4638
23927
1136
6457
1047
3466
2665
592
311
257
600
394
426
1234
371
2140
271
1232
1476
179
394
311
459
491
0
0
0
1144
171
71
36
33
118
251
66
1924
1698
7954
904
286
933
8947
619
711
2165
4209
7203
3703
1274
2651
13208
1914
11754
14094
1078
2362
687
953
5270
1089
5249
1746
6952
7502
8527
12377
4705
5864
11116
495
2054
4739
2725
8976
2236
2184
1081
14721
2506
2638
4067
766
1132
2775
1555
2263
968
5524
520
496
2227
1046
936
1384
2597
1598
806
656
441
1026
1077
4705
1759
1800
1962
2460
568
750
552
1952
355
336
2791
978
1125
274
373
1892
1598
454
611
327
214
399
892
382
7598
562
677
501
216
674
1181
1534
1953
2352
1769
1943
640
981
1032
1112
2569
3381
1154
2545
2131
1715
1475
707
652
1756
2054
1222
950
653
1282
2604
1078
706
498
2117
1929
808
498
4859
1758
1972
1077
2627
693
3210
4255
1488
1735
1441
595
785
167
1247
1428
410
1584
377
4460
828
330
275
316
1144
171
71
0
0
0
326
193
477
260
150
215
1342
3479
1018
400
393
638
1095
4691
1356
1365
2970
1134
33697
3615
1976
14999
2031
1185
2581
10668
2973
346
3169
1150
3944
49214
5510
3321
5721
2243
847
1218
2690
1439
3310
5023
2080
4353
5104
1208
1361
1175
2191
5743
6346
15548
3040
1542
2093
1375
536
409
1832
871
1277
1899
439
608
594
17731
423
182
693
1018
427
630
2470
412
350
442
244
1717
498
851
801
11800
643
831
713
911
1230
302
425
182
800
265
191
1100
1313
3055
798
1266
6975
540
393
6566
2355
13507
1219
975
1856
463
837
2099
720
14140
909
10887
2825
1126
1871
1964
15950
2162
1283
921
1470
448
565
568
368
1578
1218
9977
6374
2322
7844
6155
1101
426
1535
3440
4814
1164
2703
774
1094
1424
435
109
1546
6366
1958
1025
860
4041
2592
931
785
227
1265
509
519
36
33
118
326
193
477
0
0
0
724
846
913
13364
2637
3203
905
3306
410
8483
2696
1198
1502
14872
3703
3502
1394
3055
7433
7624
2069
1145
2634
3365
2710
7522
5538
14038
4401
1943
2013
3318
981
1687
1556
6369
1433
1404
1616
2794
5613
1714
1640
2749
2173
1048
53891
9362
907
903
346
852
595
3094
1390
1838
402
574
5723
415
7950
489
2224
1685
4068
232
794
1172
533
267
516
1101
730
567
611
5160
774
378
3700
643
333
317
345
598
819
1130
1674
661
565
482
956
11943
22174
671
1552
612
603
2422
1440
615
1489
1754
2651
1185
1567
740
3315
434
448
642
20999
777
1073
1776
2606
8469
2091
42230
818
2705
913
687
617
3247
736
531
1150
1029
1622
1698
981
1219
1051
1038
3008
509
710
1168
1146
786
7170
410
372
978
221
677
292
791
1887
344
124
440
2671
109
115
185
251
66
1924
260
150
215
724
846
913
0
0
0
626
2150
3283
4031
1053
1145
4990
785
2407
1655
5347
2581
1463
5618
8950
6618
593
1437
959
3886
1248
29880
2860
1711
4134
1359
3878
2003
2837
1609
2644
1557
2520
2112
937
2219
3924
2114
3706
531
2545
1164
1300
1758
3634
10341
574
1852
487
326
464
4274
1024
1204
2649
1962
2845
2225
941
17518
1540
3406
1151
610
1014
1272
498
1903
4032
5871
1209
3274
1869
6661
948
4164
1735
2088
1058
1079
1933
2160
2543
1201
898
8072
2936
379
1941
2638
1797
1582
610
1078
983
648
864
540
4902
775
2191
6073
759
485
319
35447
1430
396
523
301
1573
1076
29346
3478
887
3171
3654
1770
1244
1549
3259
6450
2455
986
1501
1727
1078
1472
6372
1312
1716
2822
1353
765
24472
42232
296
7026
667
5443
1295
1123
460
1598
1871
3862
3504
1018
6984
901
3931
1058
1326
1698
7954
904
1342
3479
1018
13364
2637
3203
626
2150
3283
0
0
0
694
3665
1144
1224
1087
1148
4954
1310
926
991
1729
2779
1046
2858
5826
433
2332
283
611
647
194
7043
1114
2143
2103
506
4352
3651
7958
1454
2147
25944
18202
12137
2489
3625
4030
7346
18763
6806
6264
2860
2585
3784
4879
2943
5231
6267
2869
3130
2338
3664
996
857
5632
2936
4802
1545
1320
456
1247
1730
1077
1051
2462
1721
1050
448
1110
6167
1115
1586
653
3585
802
957
982
1764
1274
1131
822
979
640
2443
5149
4677
1007
952
10377
1174
3313
639
1901
1977
2101
2062
16580
7025
551
2543
3901
1507
4192
1671
27793
1111
1955
2817
5351
3978
1749
744
21116
769
3192
634
36686
6791
5828
36881
21621
7294
1114
1641
4570
5098
1288
765
857
14555
4370
14039
918
584
2430
926
2453
1375
527
1942
1314
2335
766
7167
2150
2791
10021
6839
2163
810
286
933
8947
400
393
638
905
3306
410
4031
1053
1145
694
3665
1144
0
0
0
943
462
7724
5391
815
1194
1874
2883
13213
16315
11724
839
5725
3570
3308
1407
770
2696
6875
3145
1369
2148
1132
1958
1695
2929
15868
1993
5383
6788
26777
7336
1992
1798
2841
10228
2524
2619
2993
2001
2217
4622
2280
5791
1819
5638
620
4918
374
862
179
865
6806
1397
2396
1404
2088
8596
3480
2781
5356
32833
794
1178
1881
598
18814
3989
938
3978
3971
1028
10027
1857
847
516
2374
2583
426
2570
1211
1867
480
895
19947
311
1523
8175
336
1597
1752
1463
2772
26068
1139
1947
6310
5313
1076
3383
8086
2211
2858
6094
1516
1361
1090
18753
1235
1385
4586
1245
924
1063
6475
1484
77951
862
1129
870
2129
3354
889
1933
9400
2373
868
2598
1033
6216
3143
1244
6375
1939
838
9517
2194
2727
1781
686
1929
527
1220
23274
45993
1046
1359
619
711
2165
1095
4691
1356
8483
2696
1198
4990
785
2407
1224
1087
1148
943
462
7724
0
0
0
80
2127
112
3052
4106
2348
5455
3205
3294
1143
19640
9951
980
1479
3189
6013
3326
2457
2055
2752
1017
6981
2533
1774
3470
1295
6502
4863
2563
2003
9493
2128
3341
2392
4267
1701
6169
2110
2317
1886
32896
3368
5250
698
9523
3131
694
1499
2350
2083
7238
19493
429
1021
3205
3906
1103
2581
3273
1546
1209
837
1127
774
2599
3166
1573
1509
6679
1945
2956
932
13397
12665
1396
5045
1216
938
1221
1183
1500
280
1256
734
1037
681
1039
7342
932
2246
3209
1809
3846
715
1122
971
1237
1029
25496
2509
2277
2234
2321
1538
1882
988
1732
6193
5210
2032
2684
622
2113
4447
1484
992
2492
1580
4878
945
2197
698
27788
84899
2977
1609
2305
838
2202
1337
5116
3381
1293
1041
823
5858
1517
1309
1924
1725
503
4510
2663
7886
4209
7203
3703
1365
2970
1134
1502
14872
3703
1655
5347
2581
4954
1310
926
5391
815
1194
80
2127
112
0
0
0
3129
2910
2472
15219
828
1461
1725
1901
1016
1652
3616
800
6303
1590
12907
1588
1851
1354
6255
4367
23596
3323
19644
1610
4438
1560
4232
2040
5085
1434
4718
14797
11004
3496
2315
10789
2798
1404
30780
7923
11137
1408
16858
2938
1478
1551
4238
24496
729
765
4827
1879
24575
964
1023
4877
1398
1112
868
2437
1669
4654
791
1214
590
509
1755
11314
2953
3770
2179
1742
3416
2104
1713
1575
34893
819
3302
1466
1673
1391
1632
1512
2367
2517
3883
6757
3328
577
4000
6084
1187
902
4309
1234
422
1074
2008
20997
2757
1414
919
574
517
2780
10691
1532
3692
4413
783
626
4504
1740
992
8094
1063
924
699
628
522
6055
2252
829
1691
1087
1107
1899
1776
914
7658
1317
794
4511
1159
8346
707
2116
1322
437
3297
1274
2651
13208
33697
3615
1976
3502
1394
3055
1463
5618
8950
991
1729
2779
1874
2883
13213
3052
4106
2348
3129
2910
2472
0
0
0
5101
4374
526
8604
1478
6903
1306
1748
1405
1049
637
913
19026
8906
2668
3947
2625
3205
163
4279
1316
1945
451
264
1708
778
1446
367
222
5368
6912
11409
3761
5264
4631
1907
2554
7815
8691
1863
1344
5263
4533
2916
11132
12314
1798
5797
1903
615
1562
1794
908
2051
2041
41049
4283
3425
789
5357
2682
1904
3222
3068
3711
1705
3118
3625
1101
10143
3821
791
10237
1249
1774
14199
2340
4452
1121
1402
672
645
1200
1360
1466
6400
932
718
1209
1178
2196
1116
406
749
1070
1491
1008
973
417
528
6068
549
892
914
12771
1213
957
1349
1048
2118
3287
1412
1215
1065
764
5497
1932
2342
2920
2343
1218
634
1821
1516
7312
626
2752
1391
989
6407
2021
1397
545
1503
1894
2326
1478
13859
1914
11754
14094
14999
2031
1185
7433
7624
2069
6618
593
1437
1046
2858
5826
16315
11724
839
5455
3205
3294
15219
828
1461
5101
4374
526
0
0
0
962
6678
1315
901
2071
932
115
1090
322
290
456
938
1640
29376
2809
1581
7554
849
1153
1303
1176
4278
24163
1686
5364
1531
3618
2466
2744
2893
2600
10798
13175
5267
7540
11010
8126
2452
5293
3265
7188
3108
4276
874
397
1727
4440
2974
3305
1895
2143
2236
1744
1967
1118
3389
5756
2000
1472
656
1297
5424
504
529
15363
27603
4824
2227
4089
1323
1613
1549
1192
825
519
2038
929
3643
1701
2604
1293
695
673
584
9079
622
411
863
1857
8405
1262
598
5267
911
1447
8822
1194
1007
3830
2179
807
1591
854
2270
4167
1227
4059
776
889
5565
544
537
3220
8333
1748
2282
13853
2019
1237
2771
3266
2982
8168
52431
1805
1405
2861
2875
6757
1605
1509
726
1733
1260
1059
1078
2362
687
2581
10668
2973
1145
2634
3365
959
3886
1248
433
2332
283
5725
3570
3308
1143
19640
9951
1725
1901
1016
8604
1478
6903
962
6678
1315
0
0
0
364
902
769
12350
1422
538
1030
708
2761
16010
32711
3162
2922
15531
6696
3617
2589
1050
1290
3144
3185
2216
11982
6965
2093
14811
2616
3274
862
1326
23192
7238
2994
984
3809
7180
3046
5663
8677
22308
1689
2812
2103
1576
1432
1138
2262
1033
1262
318
2033
981
5426
1290
673
4296
1094
1059
1130
522
1308
1042
9758
707
1093
780
2398
1277
1173
897
2518
2576
830
500
1907
393
6729
1081
1386
220
369
599
451
1345
4751
699
2058
7088
2321
396
682
944
12184
5880
656
354
2760
735
1910
7211
1500
824
827
2715
617
967
16205
499
2545
1701
1833
1463
863
9261
1153
2496
1533
1276
1188
618
1528
1351
588
1615
2785
2314
4806
2601
1547
1664
546
20529
953
5270
1089
346
3169
1150
2710
7522
5538
29880
2860
1711
611
647
194
1407
770
2696
980
1479
3189
1652
3616
800
1306
1748
1405
901
2071
932
364
902
769
0
0
0
1411
2618
1714
772
168
536
2765
2481
3167
6203
7116
1904
958
1258
3464
4509
3149
2703
8972
1277
22028
8934
1098
16190
1236
549
3173
6654
11887
1976
3045
3489
4083
2564
4473
3011
1172
1204
1403
1191
23950
1798
510
677
423
787
2022
1024
3291
1730
2819
5881
362
694
993
1335
440
771
4664
1747
6405
1245
1308
10273
1689
1587
2147
1703
2935
23045
5698
2503
1319
1183
3646
734
702
2011
5657
561
2124
557
505
274
840
3006
633
483
1171
543
1168
220
437
624
342
1346
1450
1291
3504
580
1533
7169
1073
975
1795
5678
3235
1932
1057
548
3075
1380
2765
7513
1535
3470
475
1759
1508
7433
6731
1157
2119
1677
981
7940
1590
1696
5776
5249
1746
6952
3944
49214
5510
14038
4401
1943
4134
1359
3878
7043
1114
2143
6875
3145
1369
6013
3326
2457
6303
1590
12907
1049
637
913
115
1090
322
12350
1422
538
1411
2618
1714
0
0
0
6672
3035
788
4560
850
1644
1483
1591
1027
726
5590
490
4470
7366
9204
2167
9764
1476
1407
1412
20945
5276
2319
3836
2032
13559
4867
8464
12422
7164
6419
1435
23942
2107
8880
1896
2078
1171
1245
763
3627
1698
1699
624
1160
2331
3740
2962
3864
1846
709
763
807
5495
1486
1158
5746
5108
1170
814
824
620
1366
3904
408
1342
2464
5248
2104
3747
797
1162
904
1435
546
1203
705
1087
3020
439
567
1045
849
711
1132
892
11119
548
1098
596
3128
2104
5181
855
2862
710
11574
3964
1898
917
2812
4820
5410
15158
15945
2181
1937
8081
2458
3026
628
7755
2638
1473
26421
3736
3916
1663
914
987
8884
1771
915
1124
7428
5284
7502
8527
12377
3321
5721
2243
2013
3318
981
2003
2837
1609
2103
506
4352
2148
1132
1958
2055
2752
1017
1588
1851
1354
19026
8906
2668
290
456
938
1030
708
2761
772
168
536
6672
3035
788
0
0
0
12511
7637
5150
1115
2774
835
1243
2420
2038
1567
3150
3043
2183
4299
2644
2413
2822
4735
2017
4432
842
3335
12236
3334
9233
1836
4337
6418
4707
1137
3165
5535
2789
1387
556
654
1435
1507
4090
17289
31291
866
5361
1314
1250
1331
1156
13765
18061
23217
963
1889
1952
4465
1628
533
2816
2201
1487
2776
736
4358
4952
1510
1666
4412
5024
4613
690
1783
5680
1451
1421
1349
2148
5040
3459
1799
607
8937
1156
2562
9868
1734
6296
1231
579
547
394
1292
363
2068
3310
1618
2534
1100
412
4098
8904
1936
4149
794
1425
1934
2233
1244
9199
1043
869
2036
2137
3450
639
1789
1202
661
24070
582
1015
1025
2374
1922
5554
4705
5864
11116
847
1218
2690
1687
1556
6369
2644
1557
2520
3651
7958
1454
1695
2929
15868
6981
2533
1774
6255
4367
23596
3947
2625
3205
1640
29376
2809
16010
32711
3162
2765
2481
3167
4560
850
1644
12511
7637
5150
0
0
0
2097
686
1080
1854
1504
1341
538
3682
2710
566
635
2307
788
1377
763
2128
722
1851
2595
589
3504
7865
3631
1911
892
3449
5331
20621
3337
16114
2542
2174
6888
808
773
6448
672
1567
7478
1567
1010
1533
789
8264
602
6843
639
1005
3083
1804
3428
1997
2888
2363
2208
2348
1899
1702
4329
6178
792
886
2486
13564
2683
3460
1806
2988
2862
1774
3580
1166
910
7687
1096
2810
4797
962
1562
1048
369
3771
11730
3193
1099
2139
12096
519
798
300
452
5061
718
4417
3788
7218
912
292
972
783
3461
1419
1149
1629
671
575
800
4607
1381
1440
771
1174
830
1027
444
1910
3164
2069
2995
2160
495
2054
4739
1439
3310
5023
1433
1404
1616
2112
937
2219
2147
25944
18202
1993
5383
6788
3470
1295
6502
3323
19644
1610
163
4279
1316
1581
7554
849
2922
15531
6696
6203
7116
1904
1483
1591
1027
1115
2774
835
2097
686
1080
0
0
0
1305
576
4527
3316
669
593
301
1071
366
2588
2612
2649
723
4412
845
36817
1082
1312
1473
1573
3132
1140
2381
1712
1007
2147
974
1564
3930
8905
2130
3259
18283
2904
3154
2898
2373
2483
2824
4270
1177
2145
1607
2416
1008
2209
1322
2140
2777
1336
1409
5426
4187
1269
3634
4224
4037
26727
5262
1760
1637
5283
2870
32612
985
1220
20244
20516
1567
636
3623
591
6085
739
2583
12816
24124
3753
2147
17059
683
780
1462
1003
3751
2125
2720
547
1479
2350
695
987
1532
463
3086
633
968
1812
1787
2026
3238
1045
989
3510
4162
1538
8709
3217
350
3125
2909
1193
1484
14950
5764
1642
969
2725
8976
2236
2080
4353
5104
2794
5613
1714
3924
2114
3706
12137
2489
3625
26777
7336
1992
4863
2563
2003
4438
1560
4232
1945
451
264
1153
1303
1176
3617
2589
1050
958
1258
3464
726
5590
490
1243
2420
2038
1854
1504
1341
1305
576
4527
0
0
0
2105
1030
1430
18580
484
424
2679
2236
3868
722
3921
7531
7435
6439
3182
8494
6707
1542
3097
22964
2506
1804
2259
3284
3688
1205
4329
3974
1633
5560
8919
1546
4608
2471
2733
1315
14338
1061
26171
4708
3159
2142
8839
2722
2541
1167
3115
3894
650
3512
3508
3899
1686
2557
4558
1576
16139
1939
6503
2516
2797
827
2273
13751
1469
2370
14494
756
2988
1966
1823
10467
4251
1482
1505
6509
2094
1230
691
2799
1001
6668
30247
1751
1753
1726
1082
656
2343
1371
2939
797
2615
1232
1750
2486
1881
520
11815
21654
2893
2009
980
13252
2939
1405
869
2424
801
3134
853
620
66992
3579
2184
1081
14721
1208
1361
1175
1640
2749
2173
531
2545
1164
4030
7346
18763
1798
2841
10228
9493
2128
3341
2040
5085
1434
1708
778
1446
4278
24163
1686
1290
3144
3185
4509
3149
2703
4470
7366
9204
1567
3150
3043
538
3682
2710
3316
669
593
2105
1030
1430
0
0
0
627
519
1809
7095
1431
8523
9619
747
4077
4714
1044
1476
2144
1383
3881
1482
4265
2143
3822
4889
25702
2921
16813
5512
4286
680
2832
1444
15314
1961
3979
4664
3298
446
1517
1230
7914
1548
1014
4147
1581
2038
3835
75197
4619
7803
1014
8769
7003
4322
7702
3892
4087
3516
11991
50342
1532
9954
1915
1547
7197
2916
3215
1303
1475
672
4449
1810
699
1319
2122
961
820
1717
858
817
574
692
1006
923
1597
8534
1467
757
21987
1422
4108
1108
8622
1821
1195
2124
680
1516
1240
572
1323
1343
1229
1098
1513
3916
837
2070
1096
5111
2478
16363
7662
2783
949
2506
2638
4067
2191
5743
6346
1048
53891
9362
1300
1758
3634
6806
6264
2860
2524
2619
2993
2392
4267
1701
4718
14797
11004
367
222
5368
5364
1531
3618
2216
11982
6965
8972
1277
22028
2167
9764
1476
2183
4299
2644
566
635
2307
301
1071
366
18580
484
424
627
519
1809
0
0
0
4966
1828
4407
2527
18309
778
1885
1871
3155
24229
1333
5074
3823
2088
22861
2290
1307
19884
1536
1266
883
1248
33749
1695
2576
3777
1625
564
1409
3905
726
1158
835
2487
1621
1600
5622
5405
2610
736
556
1580
3738
1621
1072
4318
33706
1611
884
1695
3259
13062
2470
4872
8007
2997
6447
1032
3553
6171
1698
1388
6746
2492
6732
717
3682
1802
1975
1008
1440
8354
4058
3118
1650
1949
6729
42240
1693
38236
4415
9972
4065
7917
1658
2686
640
2414
3006
1425
28332
1236
16361
1698
1788
11845
557
1253
1928
2145
16373
1436
1214
513
2317
1472
949
1191
766
1132
2775
15548
3040
1542
907
903
346
10341
574
1852
2585
3784
4879
2001
2217
4622
6169
2110
2317
3496
2315
10789
6912
11409
3761
2466
2744
2893
2093
14811
2616
8934
1098
16190
1407
1412
20945
2413
2822
4735
788
1377
763
2588
2612
2649
2679
2236
3868
7095
1431
8523
4966
1828
4407
0
0
0
1657
609
757
445
1867
8169
6648
3672
2804
1649
706
6266
1177
1477
1284
3004
3934
1807
1671
1135
1089
7500
813
505
2570
1823
3317
1675
536
3369
928
1741
2227
1633
998
1583
2530
1226
863
880
4265
913
3984
654
3977
1173
4142
5663
9180
765
939
1171
2755
2168
1426
1687
3005
2976
1500
4920
6247
25742
3923
746
1183
4514
1333
932
1804
3007
1740
2817
14151
3730
47443
2722
3522
2300
2195
495
541
625
1247
1497
5301
1563
2464
2325
773
2353
4111
788
2547
1030
384
931
2510
845
667
1070
1133
3650
447
1444
475
1555
2263
968
2093
1375
536
852
595
3094
487
326
464
2943
5231
6267
2280
5791
1819
1886
32896
3368
2798
1404
30780
5264
4631
1907
2600
10798
13175
3274
862
1326
1236
549
3173
5276
2319
3836
2017
4432
842
2128
722
1851
723
4412
845
722
3921
7531
9619
747
4077
2527
18309
778
1657
609
757
0
0
0
1401
571
30501
940
1752
2609
2277
1098
9664
10071
4067
2826
1052
683
5648
2728
3638
804
2770
5075
10229
893
11368
2767
1434
1653
516
916
1091
3383
1980
936
3842
2027
4124
925
20719
2891
3273
1167
1162
2225
870
1811
1324
13206
2584
924
10035
4852
5246
7612
1456
4531
4416
20234
3316
5498
1517
2503
722
2677
30727
1315
1449
2268
7642
3008
13436
9459
6955
18978
1697
947
2680
24169
4264
2937
3258
2061
7848
4895
9412
30189
947
2708
1616
4813
1921
25765
765
3232
1738
1699
2730
1251
1622
6243
1255
2947
531
852
5524
520
496
409
1832
871
1390
1838
402
4274
1024
1204
2869
3130
2338
5638
620
4918
5250
698
9523
7923
11137
1408
2554
7815
8691
5267
7540
11010
23192
7238
2994
6654
11887
1976
2032
13559
4867
3335
12236
3334
2595
589
3504
36817
1082
1312
7435
6439
3182
4714
1044
1476
1885
1871
3155
445
1867
8169
1401
571
30501
0
0
0
307
295
296
475
444
1871
14960
908
38768
809
4497
16056
765
3097
5926
1424
2532
1592
21192
2722
4104
743
2472
2669
1323
1744
1837
811
2504
1759
1049
911
3027
1546
39384
5969
12252
1559
956
1481
1490
3210
12817
7552
1883
3376
18867
1751
837
12472
1282
1448
2487
3861
974
1202
31831
1104
14555
2103
4987
20853
4385
1101
2034
9520
2562
3906
27584
4317
3493
2521
5447
1662
3073
4413
2428
1581
2259
2279
5472
2905
17451
3199
1899
15006
1615
1323
14404
1249
1388
1428
701
468
2331
1983
495
1720
1190
2227
1046
936
1277
1899
439
574
5723
415
2649
1962
2845
3664
996
857
374
862
179
3131
694
1499
16858
2938
1478
1863
1344
5263
8126
2452
5293
984
3809
7180
3045
3489
4083
8464
12422
7164
9233
1836
4337
7865
3631
1911
1473
1573
3132
8494
6707
1542
2144
1383
3881
24229
1333
5074
6648
3672
2804
940
1752
2609
307
295
296
0
0
0
305
350
230
3438
3501
2902
7102
2607
981
3361
10457
2777
2585
4021
3934
4596
33212
6742
943
1574
2647
2876
9877
33953
949
27520
722
1999
2008
501
3373
1248
2182
5519
1102
1105
832
5734
3084
4111
17055
2908
5750
2932
828
2941
2853
1907
13641
877
10163
2516
2026
1300
1484
3527
1217
6452
1318
9586
2894
13847
3577
6867
2855
2029
1527
2078
865
833
559
2670
1211
1744
14384
15302
3566
2047
37979
1107
4079
2185
4200
11620
1853
2401
1244
4836
3299
6549
1427
13504
2699
1543
1198
1534
1384
2597
1598
608
594
17731
7950
489
2224
2225
941
17518
5632
2936
4802
865
6806
1397
2350
2083
7238
1551
4238
24496
4533
2916
11132
3265
7188
3108
3046
5663
8677
2564
4473
3011
6419
1435
23942
6418
4707
1137
892
3449
5331
1140
2381
1712
3097
22964
2506
1482
4265
2143
3823
2088
22861
1649
706
6266
2277
1098
9664
475
444
1871
305
350
230
0
0
0
