C_ijk
0
0
0
208
39
156
49
59
41
84
105
148
470
328
449
321
2508
701
385
124
558
1570
696
519
1158
992
911
228
1342
1355
798
562
391
2529
2041
535
2062
3804
99
442
568
887
214
487
2862
320
10330
211
214
333
3571
267
490
798
998
819
926
1282
1270
347
668
586
543
2275
982
414
1418
3294
3852
1826
1033
1743
181
789
434
195
461
1752
215
125
287
150
301
2670
2369
414
926
508
80
1011
358
1147
328
9603
1886
868
1195
1670
200
1053
1190
1383
679
340
1196
3594
1190
12312
335
1923
12400
1493
15431
2943
1620
1941
3288
2002
759
3523
20775
1309
1796
1029
4602
1059
1206
652
862
1031
762
3202
3927
1068
2798
1391
1569
3622
1153
1595
1788
16047
3081
1625
2265
2415
2713
18243
10128
2466
2605
2022
2815
1242
1200
733
3225
1400
3394
809
2045
1541
3231
2376
1587
208
39
156
0
0
0
17
7
10
57
155
574
392
258
152
1193
1828
197
113
485
363
581
1827
4911
500
1244
1310
8177
687
503
941
852
1234
1217
1610
1050
408
601
522
441
697
1417
849
994
641
523
489
669
473
760
929
545
1553
226
885
1104
367
364
775
318
2715
1339
4290
427
89
1000
197
800
1063
2253
775
1204
262
345
156
636
1560
7094
405
255
90
5236
279
198
5487
250
5737
167
2727
3072
614
397
364
1069
1257
559
609
625
1107
7809
3847
229
1121
750
327
3508
1122
18128
1424
2776
1121
3342
1304
10422
6287
1031
737
1842
1318
2954
2104
2897
1273
4989
3410
667
9290
1430
1449
1271
2927
816
2260
2160
700
5743
1375
3356
1753
1327
1802
5431
1984
1686
9851
1685
1832
771
979
1163
5148
4200
1081
3764
1076
1591
946
1937
725
1981
1974
10208
12140
1684
1013
49
59
41
17
7
10
0
0
0
280
296
246
1779
106
489
568
543
8026
112
200
234
800
550
236
799
606
1046
900
28341
292
2134
1530
3596
3926
1350
780
261
342
1097
934
4736
877
1434
351
187
245
316
1128
3767
916
799
283
611
547
961
618
430
147
485
226
272
919
598
168
204
268
370
654
386
994
1896
2499
1146
4781
3788
4470
1127
2424
184
303
533
381
133
776
542
212
132
543
109
267
211
615
3922
355
837
758
4377
3300
906
1021
642
491
749
1817
3032
7464
3017
3261
1516
1571
2491
1445
643
17659
715
12204
1338
2624
892
1703
716
2053
529
3225
3549
3213
2551
2633
1434
4317
2594
1298
4204
1400
1158
2028
1615
1042
5291
1188
1298
2779
5146
1715
7433
2952
7867
25404
1660
1568
733
1629
4055
1289
694
1890
1814
2191
1744
1427
1204
2704
1956
2535
2976
84
105
148
57
155
574
280
296
246
0
0
0
422
492
234
81
97
479
259
344
1839
736
5090
707
1632
1108
339
446
453
161
522
661
5206
1746
375
413
119
1549
112
436
820
195
371
509
2434
2159
903
838
936
305
1023
342
656
559
2607
1008
618
1252
772
604
417
3069
499
187
374
477
751
1315
1787
2287
1604
14739
247
902
2466
5712
3316
1397
303
652
354
4788
2339
393
534
901
731
511
687
696
788
1225
872
1399
2502
706
960
2509
4184
665
789
7298
2384
870
560
550
878
8822
4093
3556
4272
709
777
2922
4045
1447
495
3755
17553
29955
784
1431
1351
1071
20168
1442
2893
389
939
1144
2110
9962
1276
1452
12577
2936
1045
2349
2798
7088
1837
1070
8339
1860
1554
4178
2271
846
10054
3479
1012
2090
671
1501
940
11789
9070
1025
5125
4225
1067
5509
41222
2321
1693
470
328
449
392
258
152
1779
106
489
422
492
234
0
0
0
138
25
100
178
52
1816
120
1121
239
17084
556
750
1380
357
353
287
538
962
550
601
638
300
264
1056
1181
1203
666
800
1907
2651
2447
2895
1600
547
823
8892
2150
1236
1006
1798
983
1116
689
278
613
273
1192
1624
1526
752
537
476
1544
2578
1743
623
2167
2033
1337
3221
367
1391
588
214
497
291
409
4327
394
727
754
324
286
2788
343
417
142
282
828
426
889
4506
404
427
1423
675
487
3663
1010
475
3268
5714
766
443
1559
2003
2724
7245
1352
1162
1092
2515
977
4918
453
928
2956
4801
5611
10240
1681
1076
8934
2889
5116
2725
3237
2720
2137
2311
1808
12441
9308
1031
5493
1313
801
3925
925
1389
3208
1755
1545
1161
3163
1921
5733
861
781
3437
8374
1164
798
3488
2002
1730
8160
951
6307
3004
321
2508
701
1193
1828
197
568
543
8026
81
97
479
138
25
100
0
0
0
66
96
34
345
444
496
204
1667
371
329
977
1361
7940
8804
5223
1126
1832
700
777
4778
310
1988
2194
1355
713
1593
671
1198
1493
549
874
4682
275
340
1391
582
1704
1126
632
1218
1206
484
1664
760
245
337
908
665
355
10114
578
5033
1610
4200
2318
726
703
15400
1143
1071
228
2469
1474
771
5782
688
1746
590
1413
1231
263
284
806
539
285
768
352
2443
525
1756
982
19937
969
1115
770
953
540
13860
2693
12643
3675
784
933
1609
334
3426
25334
609
776
23919
4431
7127
2584
1376
1729
2209
1586
1358
3585
4716
736
12343
47533
1119
1364
1612
1433
2275
3011
3575
2157
39255
2874
2622
841
3821
9581
2531
2757
5599
2935
2190
21242
2204
2441
1027
4105
984
1608
1895
1397
2143
3785
2101
4367
1317
3238
385
124
558
113
485
363
112
200
234
259
344
1839
178
52
1816
66
96
34
0
0
0
1355
367
347
294
758
442
419
498
328
1747
256
237
261
600
6366
373
1279
1361
3566
1313
885
1270
357
1091
1575
901
3912
1892
1254
606
335
3175
311
601
1000
1192
556
381
510
661
328
2481
559
196
317
486
4354
1041
2614
543
3083
1204
805
12238
518
395
1224
991
2464
212
1926
895
2393
238
965
2155
1413
250
1481
1595
3700
730
2369
544
1700
755
577
1027
456
13945
1383
1220
354
496
2284
1185
1521
4683
5122
10837
1995
2337
1324
2522
6841
929
8446
1233
14054
987
2939
1061
6215
3941
2070
1229
1427
2355
647
2627
501
30897
2483
4602
7896
2283
932
43013
2157
2079
1785
1578
5342
4767
677
1918
24198
2379
2470
2094
12042
1643
1977
2310
1765
3132
4703
2696
987
5367
728
900
2429
4252
1570
696
519
581
1827
4911
800
550
236
736
5090
707
120
1121
239
345
444
496
1355
367
347
0
0
0
826
112
765
333
1856
1095
1340
251
247
738
551
819
1837
244
520
781
870
1189
1345
2467
2683
858
3819
4124
645
1901
6294
990
877
2582
3311
449
2290
583
569
3014
6791
1445
314
353
1475
737
1008
2578
1301
1398
11119
864
2605
6250
1343
2107
1415
1602
361
310
1568
1084
4106
328
371
2152
2526
531
1915
2479
1856
1489
3552
775
1052
5409
758
1409
2818
839
244
912
211
457
2831
1764
583
15200
277
1290
1578
8047
944
902
830
6802
777
1751
4218
3277
1579
4856
2942
5677
3696
1169
631
7069
1252
3784
743
2843
9386
2133
1649
16006
25922
7113
52206
22885
5509
2883
12652
5879
27976
40040
2310
14467
1988
1989
1730
1261
2476
1024
14590
3992
673
1190
910
1439
7680
15528
759
2376
2853
1158
992
911
500
1244
1310
799
606
1046
1632
1108
339
17084
556
750
204
1667
371
294
758
442
826
112
765
0
0
0
902
1042
468
1289
840
19332
413
397
521
700
4201
483
506
1190
800
3123
2463
10286
964
5919
7428
1527
6135
5005
1329
852
671
1903
5460
1334
1394
7775
16978
6195
828
1206
612
336
2549
987
2050
2173
1336
2445
2850
765
1334
3019
1450
706
1976
428
423
221
825
772
170
4289
1166
1567
669
2896
1931
342
347
2596
828
698
518
8051
437
653
219
359
533
961
1289
1443
1729
1250
8273
1257
858
2285
574
15917
547
4702
624
5457
2646
2407
4325
2404
1975
2403
3441
1672
2371
1381
755
1521
3214
2682
1246
1111
2837
2090
32019
2950
19960
1651
40534
6293
6785
1817
1648
1766
3375
4419
4500
1037
2786
16752
3757
1708
427
784
2384
16798
1721
8496
951
2783
1283
1579
1214
2560
228
1342
1355
8177
687
503
900
28341
292
446
453
161
1380
357
353
329
977
1361
419
498
328
333
1856
1095
902
1042
468
0
0
0
124
166
231
252
1506
317
3729
845
3025
450
165
346
444
362
340
1833
3796
698
1558
692
1248
1570
3839
1596
1104
6647
1076
6557
1112
2626
923
1652
1494
939
651
1690
395
376
1337
8437
572
711
2233
4337
1098
2512
763
4570
1398
620
4370
1184
415
1409
1267
3910
17456
2111
2771
929
1257
765
562
735
576
1549
1318
565
3704
421
2941
1358
1729
1075
2116
3583
521
1093
823
1603
757
765
518
1632
9995
1781
2116
1058
20932
1048
794
3296
3338
1903
658
1144
680
698
1509
1301
4352
1614
9431
933
2426
1406
3628
2409
9726
1431
1207
995
4927
1619
2515
27894
15139
48563
1362
2249
3488
2974
1971
1734
3422
2997
4232
6667
23358
2022
1856
2305
1527
9914
4993
798
562
391
941
852
1234
2134
1530
3596
522
661
5206
287
538
962
7940
8804
5223
1747
256
237
1340
251
247
1289
840
19332
124
166
231
0
0
0
174
379
247
394
522
1397
264
874
1014
237
463
2264
424
827
1429
4427
1372
785
1135
1654
380
2326
1028
1093
2044
539
7657
3558
2740
3095
2303
8088
654
741
4558
1224
3020
652
11989
1924
1523
1899
561
393
9727
896
3752
801
514
3419
1443
1439
3565
700
671
1657
7827
1165
955
645
3798
1911
5127
1308
542
1237
632
905
1316
1889
965
639
628
1311
5396
1039
969
712
909
574
1233
7660
1053
813
2998
2140
28153
1217
3740
2033
1612
766
5932
702
3109
12511
2535
2140
1026
8967
1179
1326
4578
6825
2533
3218
1765
1470
4077
605
18183
2545
98130
5029
1393
3199
2572
1392
1309
8761
1905
1832
672
1963
1989
3073
2295
483
4409
1327
8351
27028
2529
2041
535
1217
1610
1050
3926
1350
780
1746
375
413
550
601
638
1126
1832
700
261
600
6366
738
551
819
413
397
521
252
1506
317
174
379
247
0
0
0
1008
1701
13970
323
448
1111
592
248
1925
1022
1081
5504
793
1849
507
603
544
753
1013
974
705
1860
16733
648
14279
3285
3984
3208
1080
1375
2181
1224
644
1077
5949
2599
6756
816
1277
5972
6330
551
4556
604
706
360
527
1011
1456
3818
5411
544
858
691
1436
10546
1505
3084
1200
1998
1513
1062
668
1948
1162
445
2933
14221
765
341
1610
2391
2214
859
3392
738
583
952
1368
983
1757
2364
16480
2625
8889
3628
1737
899
1444
12949
1251
2125
900
1547
2826
2525
1863
1842
1136
3780
975
1430
12275
3520
1445
58866
2489
34001
4232
2204
1195
2659
1614
2707
2448
3197
3417
1600
2103
2077
3143
12329
2365
1313
2109
2315
5722
2594
672
2062
3804
99
408
601
522
261
342
1097
119
1549
112
300
264
1056
777
4778
310
373
1279
1361
1837
244
520
700
4201
483
3729
845
3025
394
522
1397
1008
1701
13970
0
0
0
250
286
1008
696
454
371
7305
694
4967
1041
157
126
1256
216
767
307
454
221
735
1227
553
1620
6876
858
262
403
285
802
485
902
2407
2316
3593
356
965
1950
1242
4355
736
649
963
538
1693
1232
330
888
1683
591
495
862
5400
1728
11026
424
892
3421
47682
6212
890
335
739
1111
426
1636
543
721
2947
640
870
887
7454
1368
973
1453
5253
21352
884
2128
9802
1254
3292
4013
1545
2373
867
5025
582
971
775
3104
2142
6238
1409
2399
5764
1836
3901
4080
3528
937
6629
3660
4929
2607
1763
816
1459
4658
1575
1850
3863
1776
1337
5767
1315
932
4048
9816
7440
15557
10641
559
4524
4044
2354
4524
442
568
887
441
697
1417
934
4736
877
436
820
195
1181
1203
666
1988
2194
1355
3566
1313
885
781
870
1189
506
1190
800
450
165
346
264
874
1014
323
448
1111
250
286
1008
0
0
0
561
83
118
267
773
666
601
2720
1190
857
696
260
4950
325
204
1460
1026
489
614
697
2288
598
642
3188
3457
1237
1193
10908
4108
2547
1497
1403
2686
1234
9155
905
3323
788
2693
418
1225
571
1707
10873
865
1659
766
1591
988
3820
4219
42576
1085
1204
1870
2857
1462
2051
1435
2655
778
1931
9650
1482
670
3758
9329
13002
1147
3227
2035
1336
1286
1410
1899
2099
1010
895
1379
698
2624
734
918
1193
818
442
2346
1478
1322
3491
435
4122
437
1099
1154
6188
2364
8184
427
3601
2843
2943
3423
1031
2869
2651
11690
1885
3535
862
4585
1557
29707
3495
7690
9235
1291
7396
836
9546
1966
2217
5286
214
487
2862
849
994
641
1434
351
187
371
509
2434
800
1907
2651
713
1593
671
1270
357
1091
1345
2467
2683
3123
2463
10286
444
362
340
237
463
2264
592
248
1925
696
454
371
561
83
118
0
0
0
7939
1264
2203
317
137
3366
1898
1643
456
1598
915
315
1644
2767
1951
379
2999
639
638
4173
1807
14756
1854
4126
1255
1955
33704
1468
491
589
2262
1481
850
1754
2440
7793
1146
419
3983
2687
837
2782
1852
847
570
1301
383
918
871
2051
1225
1508
827
398
1407
529
3150
887
554
7021
1092
476
825
4369
788
14666
1468
1225
1933
4323
769
2324
1296
1706
1939
5090
1012
3958
1882
604
1481
640
166
2395
2168
6368
16383
440
2249
489
3080
1937
6122
9989
2345
2329
10932
21237
1040
2224
2400
9305
739
1142
2345
35875
2149
3013
1189
1217
1340
2006
3880
17758
2946
1325
1229
1484
7218
6772
320
10330
211
523
489
669
245
316
1128
2159
903
838
2447
2895
1600
1198
1493
549
1575
901
3912
858
3819
4124
964
5919
7428
1833
3796
698
424
827
1429
1022
1081
5504
7305
694
4967
267
773
666
7939
1264
2203
0
0
0
252
640
338
983
239
1015
717
49
497
1165
477
1469
186
569
953
365
854
569
14256
1547
279
1126
2337
1034
741
568
7221
746
662
10277
763
1759
3073
1286
633
1683
10546
1552
764
2167
4185
5515
1847
891
5070
1411
973
7659
1720
1178
16860
1441
14360
1033
4207
864
805
2614
6233
9678
2565
3268
1407
2421
957
2600
3653
2108
4044
1395
2771
2403
1696
1431
366
2775
617
639
804
1370
3648
1270
322
1029
540
496
747
984
1756
1655
2096
1439
836
957
4590
13601
5744
13077
4552
3667
1101
1224
1671
1831
5814
1071
6224
2954
6254
4792
809
2257
5961
1741
39308
7585
1529
214
333
3571
473
760
929
3767
916
799
936
305
1023
547
823
8892
874
4682
275
1892
1254
606
645
1901
6294
1527
6135
5005
1558
692
1248
4427
1372
785
793
1849
507
1041
157
126
601
2720
1190
317
137
3366
252
640
338
0
0
0
191
4195
70
308
275
226
643
148
2387
979
562
1097
499
317
453
3841
777
1083
1471
1646
6096
719
396
915
1302
2234
927
1077
3140
890
2179
834
746
1330
511
6132
849
727
1308
4260
1937
928
2931
971
1628
1023
9979
1120
1198
1199
1914
1416
1141
2154
21203
1798
2870
1269
2077
1225
808
7158
2167
719
2929
3874
2561
1357
928
402
11147
847
863
1036
689
4396
889
10141
291
1445
1598
1152
5356
770
3282
2508
4075
1468
1794
888
2549
490
3220
1104
6611
1822
1003
27102
898
2796
2737
2928
1275
16086
2276
5080
1270
16362
2389
3955
749
1624
5552
618
267
490
798
545
1553
226
283
611
547
342
656
559
2150
1236
1006
340
1391
582
335
3175
311
990
877
2582
1329
852
671
1570
3839
1596
1135
1654
380
603
544
753
1256
216
767
857
696
260
1898
1643
456
983
239
1015
191
4195
70
0
0
0
236
226
312
473
391
146
3034
320
542
4548
229
178
3716
438
32131
2466
770
700
2367
997
225
846
1863
764
303
3660
2290
1230
643
716
20025
1253
2116
1101
2443
546
327
5080
5519
12237
526
1433
414
579
2714
20648
2734
2528
1954
566
754
1962
1593
2062
2050
1021
2078
3122
963
2093
942
3328
9667
4437
1113
5478
2801
2937
1658
2582
1711
2331
551
493
1032
792
1452
1740
1581
918
484
5503
875
3216
1426
753
886
1702
1711
1467
3217
1005
1096
1474
971
1523
41849
2041
5017
3670
4537
25129
5693
4383
6202
988
50155
2370
2108
2330
3177
998
819
926
885
1104
367
961
618
430
2607
1008
618
1798
983
1116
1704
1126
632
601
1000
1192
3311
449
2290
1903
5460
1334
1104
6647
1076
2326
1028
1093
1013
974
705
307
454
221
4950
325
204
1598
915
315
717
49
497
308
275
226
236
226
312
0
0
0
541
703
3005
1827
262
395
599
245
267
493
972
1285
2655
1532
1137
1493
858
508
21296
1224
1298
1112
1080
895
4134
3524
4991
3665
709
668
481
1528
689
1311
2110
4131
681
758
3041
1485
3344
961
821
4211
1714
1673
5911
5915
2965
1054
2764
829
1889
3923
2252
26467
2845
3688
2322
1343
3879
552
692
871
499
1453
1371
4004
2959
743
1897
1458
397
1251
6783
581
358
5237
10611
2970
3515
1083
619
1119
2569
1213
755
10412
1289
2203
980
3535
1750
3877
6607
5162
3393
1270
2567
1852
3927
2486
2319
37103
2583
7664
10016
2896
1282
1270
347
364
775
318
147
485
226
1252
772
604
689
278
613
1218
1206
484
556
381
510
583
569
3014
1394
7775
16978
6557
1112
2626
2044
539
7657
1860
16733
648
735
1227
553
1460
1026
489
1644
2767
1951
1165
477
1469
643
148
2387
473
391
146
541
703
3005
0
0
0
130
81
1976
170
498
1007
583
420
3165
638
2293
204
258
130
133
271
147
119
498
317
178
1205
1402
250
508
204
364
965
883
543
381
864
1930
574
2268
2540
2123
682
885
1781
2439
5832
1475
4331
584
1797
650
1281
2794
1125
2640
907
12566
1470
22627
1289
3120
1289
6490
1380
15889
749
1862
946
1251
12976
1814
936
1718
372
15303
2060
43561
1478
1111
1179
1389
1032
1010
397
1672
25666
1936
10304
8396
1108
3281
1601
829
2203
1465
901
1591
1589
553
1051
19012
9086
1558
1573
1530
1162
6830
7038
1030
668
586
543
2715
1339
4290
272
919
598
417
3069
499
273
1192
1624
1664
760
245
661
328
2481
6791
1445
314
6195
828
1206
923
1652
1494
3558
2740
3095
14279
3285
3984
1620
6876
858
614
697
2288
379
2999
639
186
569
953
979
562
1097
3034
320
542
1827
262
395
130
81
1976
0
0
0
1297
392
330
4561
372
585
758
931
713
459
720
483
573
3640
234
707
409
561
5176
3257
775
1116
378
319
193
1068
355
312
534
1561
3518
1988
3990
2892
1932
1208
1864
950
764
4051
1815
814
2051
1689
1894
3125
845
731
25005
22964
1627
1880
2996
45150
1024
1024
4983
7556
566
632
6772
1988
4395
1335
1501
5273
658
1282
23029
1909
714
370
1437
3901
44225
844
610
1919
678
1190
10295
14372
2318
3166
1324
2266
2570
1416
575
2792
943
5531
6384
1485
1613
1167
1786
5839
756
2879
2305
4422
2275
982
414
427
89
1000
168
204
268
187
374
477
1526
752
537
337
908
665
559
196
317
353
1475
737
612
336
2549
939
651
1690
2303
8088
654
3208
1080
1375
262
403
285
598
642
3188
638
4173
1807
365
854
569
499
317
453
4548
229
178
599
245
267
170
498
1007
1297
392
330
0
0
0
493
2311
519
467
786
953
231
717
661
262
442
5784
1225
217
200
968
984
235
748
219
1281
194
980
742
727
419
880
9342
1107
6360
4563
38829
1192
525
493
1162
2329
959
4123
880
9899
10005
2122
1360
14381
13746
4336
1568
14811
4439
2557
2637
1785
2305
1329
1578
1466
2229
1629
6478
1033
916
1490
6729
2699
1152
2716
608
4236
1874
1630
2991
12212
7373
21040
1734
7482
1392
6351
650
1524
1646
953
2234
10035
6603
595
837
5765
1056
1174
3184
1632
7111
3515
3218
664
1913
4462
1418
3294
3852
197
800
1063
370
654
386
751
1315
1787
476
1544
2578
355
10114
578
486
4354
1041
1008
2578
1301
987
2050
2173
395
376
1337
741
4558
1224
2181
1224
644
802
485
902
3457
1237
1193
14756
1854
4126
14256
1547
279
3841
777
1083
3716
438
32131
493
972
1285
583
420
3165
4561
372
585
493
2311
519
0
0
0
726
250
225
36
58
113
25
64
152
234
180
460
2256
251
473
556
199
454
386
779
599
279
1494
698
586
678
11068
442
304
6782
808
769
10725
606
946
1599
2484
2181
6420
3847
2662
604
1025
1900
9417
2877
1537
9155
1727
1241
2146
2032
5423
1513
3465
2854
18958
11359
8322
2667
847
2670
2135
7531
1180
3229
1439
1608
1607
938
707
1329
3851
9081
1898
2536
4987
10759
5496
13441
3980
2018
5067
1987
415
918
832
4225
3733
920
1769
2615
12490
6305
5486
3874
1826
1033
1743
2253
775
1204
994
1896
2499
2287
1604
14739
1743
623
2167
5033
1610
4200
2614
543
3083
1398
11119
864
1336
2445
2850
8437
572
711
3020
652
11989
1077
5949
2599
2407
2316
3593
10908
4108
2547
1255
1955
33704
1126
2337
1034
1471
1646
6096
2466
770
700
2655
1532
1137
638
2293
204
758
931
713
467
786
953
726
250
225
0
0
0
1272
393
349
269
948
522
1044
2021
428
738
359
697
993
335
2878
2378
847
607
12163
1472
929
1266
4308
1297
805
1225
1232
10000
1068
923
946
6928
710
1572
1240
1077
23800
1907
3285
6101
1093
4353
2113
35159
3039
1925
597
2699
1599
6752
2523
3697
5723
6139
22388
2558
4743
827
9690
1656
1417
2982
2363
474
946
796
853
1367
560
1352
13752
1431
822
1165
1792
8123
871
767
1524
1250
639
823
787
1000
910
4920
38023
1502
2220
2004
5076
844
1546
181
789
434
262
345
156
1146
4781
3788
247
902
2466
2033
1337
3221
2318
726
703
1204
805
12238
2605
6250
1343
765
1334
3019
2233
4337
1098
1924
1523
1899
6756
816
1277
356
965
1950
1497
1403
2686
1468
491
589
741
568
7221
719
396
915
2367
997
225
1493
858
508
258
130
133
459
720
483
231
717
661
36
58
113
1272
393
349
0
0
0
67
36
146
1321
1977
751
488
252
856
596
193
149
135
491
178
507
1977
315
614
4389
644
468
3714
823
911
855
12726
577
1085
372
16115
684
1245
1587
825
1841
2137
1701
4211
2749
957
13900
655
2585
3790
1328
525
7348
2887
3206
39449
4339
1108
14507
1030
657
3098
6141
693
2091
2700
2031
622
828
1099
1206
983
7941
2070
15104
1679
1389
974
3318
3773
2824
1223
20386
3652
809
7136
7017
2676
1652
9645
3162
2926
1163
31532
6131
195
461
1752
636
1560
7094
4470
1127
2424
5712
3316
1397
367
1391
588
15400
1143
1071
518
395
1224
2107
1415
1602
1450
706
1976
2512
763
4570
561
393
9727
5972
6330
551
1242
4355
736
1234
9155
905
2262
1481
850
746
662
10277
1302
2234
927
846
1863
764
21296
1224
1298
271
147
119
573
3640
234
262
442
5784
25
64
152
269
948
522
67
36
146
0
0
0
164
1108
577
3212
393
724
263
80
832
456
614
666
728
205
1604
699
1091
8992
375
1979
533
3072
1392
1354
458
2494
2727
6936
12087
1542
27077
18260
28141
675
19350
3263
1754
3029
8693
610
462
6472
4436
1449
3347
2730
19034
712
20543
1129
666
2251
1019
3481
4710
1225
1026
1236
1101
1098
1740
1182
872
41145
1657
2343
723
3190
794
1103
1745
2106
2271
12542
4590
1839
1691
487
4385
3058
4515
11225
2121
1901
1191
10869
6376
215
125
287
405
255
90
184
303
533
303
652
354
214
497
291
228
2469
1474
991
2464
212
361
310
1568
428
423
221
1398
620
4370
896
3752
801
4556
604
706
649
963
538
3323
788
2693
1754
2440
7793
763
1759
3073
1077
3140
890
303
3660
2290
1112
1080
895
498
317
178
707
409
561
1225
217
200
234
180
460
1044
2021
428
1321
1977
751
164
1108
577
0
0
0
270
323
151
156
430
279
1503
81
208
171
653
209
739
389
1273
733
781
311
6712
650
4673
414
418
242
1487
3630
2646
1591
3162
1329
871
1685
1141
1719
10964
1845
1375
1934
7454
576
1512
1824
2047
2541
849
1060
1759
2704
960
1492
962
747
6480
958
5358
1913
2930
623
481
1482
7710
5476
1390
3323
1545
4231
15217
2112
2100
1150
905
1416
17805
8286
712
1080
8071
1315
2995
1634
2528
4408
2549
5663
150
301
2670
5236
279
198
381
133
776
4788
2339
393
409
4327
394
771
5782
688
1926
895
2393
1084
4106
328
825
772
170
1184
415
1409
514
3419
1443
360
527
1011
1693
1232
330
418
1225
571
1146
419
3983
1286
633
1683
2179
834
746
1230
643
716
4134
3524
4991
1205
1402
250
5176
3257
775
968
984
235
2256
251
473
738
359
697
488
252
856
3212
393
724
270
323
151
0
0
0
73
217
522
329
88
160
1193
136
946
1878
464
20988
424
3305
606
1394
10299
255
399
688
288
1219
2112
627
948
1370
3038
1488
15895
1525
6549
3698
1248
1616
5841
2584
1093
482
1743
996
2256
1001
13811
902
1642
2905
932
1106
1108
808
1512
9189
7941
881
1507
10901
995
3379
1979
1538
9433
10615
4567
654
1224
7307
3271
20790
20217
1777
5710
899
660
1516
408
3581
1765
24863
621
6580
739
2369
414
926
5487
250
5737
542
212
132
534
901
731
727
754
324
1746
590
1413
238
965
2155
371
2152
2526
4289
1166
1567
1267
3910
17456
1439
3565
700
1456
3818
5411
888
1683
591
1707
10873
865
2687
837
2782
10546
1552
764
1330
511
6132
20025
1253
2116
3665
709
668
508
204
364
1116
378
319
748
219
1281
556
199
454
993
335
2878
596
193
149
263
80
832
156
430
279
73
217
522
0
0
0
340
269
198
1952
162
281
710
1170
373
852
1335
678
3446
613
613
437
476
10639
48673
9945
2004
1830
7190
3686
3745
2652
6003
482
2512
1201
1921
787
2141
1030
3837
6791
2297
34413
13107
1647
2087
5980
2006
1601
1338
4320
1015
974
3572
2806
1961
4369
983
2469
669
43045
9723
39503
2277
1034
10476
1880
1926
21996
1389
30391
801
1106
5899
2047
23260
862
2443
1040
2202
1509
9529
3716
508
80
1011
167
2727
3072
543
109
267
511
687
696
286
2788
343
1231
263
284
1413
250
1481
531
1915
2479
669
2896
1931
2111
2771
929
671
1657
7827
544
858
691
495
862
5400
1659
766
1591
1852
847
570
2167
4185
5515
849
727
1308
1101
2443
546
481
1528
689
965
883
543
193
1068
355
194
980
742
386
779
599
2378
847
607
135
491
178
456
614
666
1503
81
208
329
88
160
340
269
198
0
0
0
148
1673
137
312
1393
13170
544
605
431
744
8796
1118
2106
280
486
837
1118
1166
4415
7065
1691
2108
3477
824
3593
3032
47943
1859
1797
874
9714
1269
1194
4574
1292
2814
1501
1271
1384
5871
7613
926
9601
11905
1903
713
8747
605
3369
829
2155
1466
14979
6767
19435
4010
1233
2682
1224
637
1103
1661
877
2051
9823
747
3845
1910
3754
1188
1262
4251
3639
1431
783
358
1147
328
614
397
364
211
615
3922
788
1225
872
417
142
282
806
539
285
1595
3700
730
1856
1489
3552
342
347
2596
1257
765
562
1165
955
645
1436
10546
1505
1728
11026
424
988
3820
4219
1301
383
918
1847
891
5070
4260
1937
928
327
5080
5519
1311
2110
4131
381
864
1930
312
534
1561
727
419
880
279
1494
698
12163
1472
929
507
1977
315
728
205
1604
171
653
209
1193
136
946
1952
162
281
148
1673
137
0
0
0
252
368
1084
1520
525
1028
1155
921
925
467
293
304
2450
4564
2484
931
480
19930
2155
1643
874
1668
966
2715
1292
4199
2217
5982
15003
7532
4962
1418
1730
3382
19680
2087
1084
2324
1645
957
2111
5943
1034
3027
1109
1325
1533
1157
3106
7120
11499
6475
1197
47573
3528
3709
1017
9119
1954
1038
4812
2179
839
1950
1680
1682
1198
899
7452
1077
910
1768
9603
1886
868
1069
1257
559
355
837
758
1399
2502
706
828
426
889
768
352
2443
2369
544
1700
775
1052
5409
828
698
518
735
576
1549
3798
1911
5127
3084
1200
1998
892
3421
47682
42576
1085
1204
871
2051
1225
1411
973
7659
2931
971
1628
12237
526
1433
681
758
3041
574
2268
2540
3518
1988
3990
9342
1107
6360
586
678
11068
1266
4308
1297
614
4389
644
699
1091
8992
739
389
1273
1878
464
20988
710
1170
373
312
1393
13170
252
368
1084
0
0
0
146
179
134
47
160
386
181
146
134
1055
1990
7026
1757
8768
1835
933
956
1004
1857
4379
13203
3351
3980
3664
10684
1277
4516
5421
15226
2361
1566
1022
2586
1416
3170
1044
2379
1864
1204
1812
5608
14504
1875
1518
1244
5774
14949
2672
1885
1277
1038
4667
3080
2789
2007
4293
830
241
1432
207
2222
2072
702
778
4285
1368
7547
1096
2165
1195
1670
200
609
625
1107
4377
3300
906
960
2509
4184
4506
404
427
525
1756
982
755
577
1027
758
1409
2818
8051
437
653
1318
565
3704
1308
542
1237
1513
1062
668
6212
890
335
1870
2857
1462
1508
827
398
1720
1178
16860
1023
9979
1120
414
579
2714
1485
3344
961
2123
682
885
2892
1932
1208
4563
38829
1192
442
304
6782
805
1225
1232
468
3714
823
375
1979
533
733
781
311
424
3305
606
852
1335
678
544
605
431
1520
525
1028
146
179
134
0
0
0
343
1252
140
1832
190
2222
783
3441
9542
7864
3188
1915
463
9263
3749
2184
17858
3423
1533
3135
1668
2912
12347
1523
5514
4596
6643
10608
7030
1464
3514
3482
2292
597
814
32792
2743
40926
7791
2946
4821
666
1241
8288
6093
5434
573
2589
1691
41277
10911
10129
1246
6878
5921
4637
191
1581
1019
3405
914
821
357
2222
865
708
1053
1190
1383
7809
3847
229
1021
642
491
665
789
7298
1423
675
487
19937
969
1115
456
13945
1383
839
244
912
219
359
533
421
2941
1358
632
905
1316
1948
1162
445
739
1111
426
2051
1435
2655
1407
529
3150
1441
14360
1033
1198
1199
1914
20648
2734
2528
821
4211
1714
1781
2439
5832
1864
950
764
525
493
1162
808
769
10725
10000
1068
923
911
855
12726
3072
1392
1354
6712
650
4673
1394
10299
255
3446
613
613
744
8796
1118
1155
921
925
47
160
386
343
1252
140
0
0
0
904
319
84
21734
2004
1662
523
625
4605
522
1648
6640
1148
706
1822
1925
1478
7014
5084
13137
1832
15058
1350
1783
929
2083
885
4375
18192
6556
2524
9034
2393
1719
3780
1082
753
942
2656
927
2249
908
4224
5370
4738
1608
9450
11992
2025
889
537
847
424
745
2236
818
608
1744
828
1440
4363
1422
560
679
340
1196
1121
750
327
749
1817
3032
2384
870
560
3663
1010
475
770
953
540
1220
354
496
211
457
2831
961
1289
1443
1729
1075
2116
1889
965
639
2933
14221
765
1636
543
721
778
1931
9650
887
554
7021
4207
864
805
1416
1141
2154
1954
566
754
1673
5911
5915
1475
4331
584
4051
1815
814
2329
959
4123
606
946
1599
946
6928
710
577
1085
372
458
2494
2727
414
418
242
399
688
288
437
476
10639
2106
280
486
467
293
304
181
146
134
1832
190
2222
904
319
84
0
0
0
38204
1045
8694
1393
791
1230
1626
5955
1503
1389
1074
6245
868
1713
1826
4542
4253
2079
10713
2888
1085
1410
7306
1852
28545
1607
1271
1534
1601
2836
889
3495
3602
2621
1894
1731
7744
1424
5362
2683
1270
1919
3174
3048
4320
12241
1665
679
2761
2213
26452
924
7352
293
1906
1222
12984
1070
2853
8092
3594
1190
12312
3508
1122
18128
7464
3017
3261
550
878
8822
3268
5714
766
13860
2693
12643
2284
1185
1521
1764
583
15200
1729
1250
8273
3583
521
1093
628
1311
5396
341
1610
2391
2947
640
870
1482
670
3758
1092
476
825
2614
6233
9678
21203
1798
2870
1962
1593
2062
2965
1054
2764
1797
650
1281
2051
1689
1894
880
9899
10005
2484
2181
6420
1572
1240
1077
16115
684
1245
6936
12087
1542
1487
3630
2646
1219
2112
627
48673
9945
2004
837
1118
1166
2450
4564
2484
1055
1990
7026
783
3441
9542
21734
2004
1662
38204
1045
8694
0
0
0
1252
1568
1180
2185
911
562
3749
715
1152
55813
10895
4692
1412
725
2756
444
1000
338
84
140
253
6581
1834
5012
1034
8452
4396
2171
4968
39802
7977
2702
5085
15447
1618
3977
2278
3129
3049
3732
1178
2233
2216
4132
3405
1049
4798
1154
22143
4140
6266
3734
2805
1410
4269
3089
2331
335
1923
12400
1424
2776
1121
1516
1571
2491
4093
3556
4272
443
1559
2003
3675
784
933
4683
5122
10837
277
1290
1578
1257
858
2285
823
1603
757
1039
969
712
2214
859
3392
887
7454
1368
9329
13002
1147
4369
788
14666
2565
3268
1407
1269
2077
1225
2050
1021
2078
829
1889
3923
2794
1125
2640
3125
845
731
2122
1360
14381
3847
2662
604
23800
1907
3285
1587
825
1841
27077
18260
28141
1591
3162
1329
948
1370
3038
1830
7190
3686
4415
7065
1691
931
480
19930
1757
8768
1835
7864
3188
1915
523
625
4605
1393
791
1230
1252
1568
1180
0
0
0
397
1528
1687
567
1021
4564
1501
3727
14508
3263
4718
33038
1105
3160
3526
651
3996
27825
1672
8266
2074
13331
3508
18390
2905
1536
1712
2995
5945
3960
4557
5872
7952
5966
2016
2347
4575
3777
5847
1711
1391
22342
776
3806
7151
7934
1358
545
517
1537
460
588
1657
4795
1493
15431
2943
3342
1304
10422
1445
643
17659
709
777
2922
2724
7245
1352
1609
334
3426
1995
2337
1324
8047
944
902
574
15917
547
765
518
1632
909
574
1233
738
583
952
973
1453
5253
3227
2035
1336
1468
1225
1933
2421
957
2600
808
7158
2167
3122
963
2093
2252
26467
2845
907
12566
1470
25005
22964
1627
13746
4336
1568
1025
1900
9417
6101
1093
4353
2137
1701
4211
675
19350
3263
871
1685
1141
1488
15895
1525
3745
2652
6003
2108
3477
824
2155
1643
874
933
956
1004
463
9263
3749
522
1648
6640
1626
5955
1503
2185
911
562
397
1528
1687
0
0
0
325
412
159
13919
4720
4499
1478
8247
4197
1564
3811
38582
5413
6316
475
2497
2387
957
51450
12646
720
6147
2900
12158
1930
1700
2515
96286
3100
33727
1910
2722
2944
5905
1987
8440
3415
32478
4359
4976
2607
2020
10475
2122
7411
11341
1309
5741
6189
1913
2541
1620
1941
3288
6287
1031
737
715
12204
1338
4045
1447
495
1162
1092
2515
25334
609
776
2522
6841
929
830
6802
777
4702
624
5457
9995
1781
2116
7660
1053
813
1368
983
1757
21352
884
2128
1286
1410
1899
4323
769
2324
3653
2108
4044
719
2929
3874
942
3328
9667
3688
2322
1343
22627
1289
3120
1880
2996
45150
14811
4439
2557
2877
1537
9155
2113
35159
3039
2749
957
13900
1754
3029
8693
1719
10964
1845
6549
3698
1248
482
2512
1201
3593
3032
47943
1668
966
2715
1857
4379
13203
2184
17858
3423
1148
706
1822
1389
1074
6245
3749
715
1152
567
1021
4564
325
412
159
0
0
0
4697
1619
1485
1208
2476
15238
12360
3344
12926
2573
1120
3683
2460
4288
31341
1136
1226
2898
4072
3493
2895
2307
2959
15953
1936
10316
1836
2715
2249
63270
4811
11596
15673
4298
12176
4341
2276
2910
3144
4946
2569
2219
1926
2323
3496
1039
1059
4855
2002
759
3523
1842
1318
2954
2624
892
1703
3755
17553
29955
977
4918
453
23919
4431
7127
8446
1233
14054
1751
4218
3277
2646
2407
4325
1058
20932
1048
2998
2140
28153
2364
16480
2625
9802
1254
3292
2099
1010
895
1296
1706
1939
1395
2771
2403
2561
1357
928
4437
1113
5478
3879
552
692
1289
6490
1380
1024
1024
4983
2637
1785
2305
1727
1241
2146
1925
597
2699
655
2585
3790
610
462
6472
1375
1934
7454
1616
5841
2584
1921
787
2141
1859
1797
874
1292
4199
2217
3351
3980
3664
1533
3135
1668
1925
1478
7014
868
1713
1826
55813
10895
4692
1501
3727
14508
13919
4720
4499
4697
1619
1485
0
0
0
1537
509
2906
7761
1730
2431
71275
4177
3416
1618
484
1274
2136
1911
1685
2258
37819
1528
213
238
545
564
461
331
2054
1299
7784
1311
577
865
1879
3611
1414
2375
7046
1288
63795
7693
1403
31883
2833
11877
4091
6802
3439
20775
1309
1796
2104
2897
1273
716
2053
529
784
1431
1351
928
2956
4801
2584
1376
1729
987
2939
1061
1579
4856
2942
2404
1975
2403
794
3296
3338
1217
3740
2033
8889
3628
1737
4013
1545
2373
1379
698
2624
5090
1012
3958
1696
1431
366
402
11147
847
2801
2937
1658
871
499
1453
15889
749
1862
7556
566
632
1329
1578
1466
2032
5423
1513
1599
6752
2523
1328
525
7348
4436
1449
3347
576
1512
1824
1093
482
1743
1030
3837
6791
9714
1269
1194
5982
15003
7532
10684
1277
4516
2912
12347
1523
5084
13137
1832
4542
4253
2079
1412
725
2756
3263
4718
33038
1478
8247
4197
1208
2476
15238
1537
509
2906
0
0
0
2148
5404
6654
1107
1618
4884
129
599
221
1623
1015
3576
3699
7540
5547
2304
1182
17663
1568
977
3964
5029
9794
3700
1301
764
1166
6539
1605
3735
3699
3265
2749
7165
3292
2205
2979
46501
25473
2079
9912
7288
1029
4602
1059
4989
3410
667
3225
3549
3213
1071
20168
1442
5611
10240
1681
2209
1586
1358
6215
3941
2070
5677
3696
1169
3441
1672
2371
1903
658
1144
1612
766
5932
899
1444
12949
867
5025
582
734
918
1193
1882
604
1481
2775
617
639
863
1036
689
2582
1711
2331
1371
4004
2959
946
1251
12976
6772
1988
4395
2229
1629
6478
3465
2854
18958
3697
5723
6139
2887
3206
39449
2730
19034
712
2047
2541
849
996
2256
1001
2297
34413
13107
4574
1292
2814
4962
1418
1730
5421
15226
2361
5514
4596
6643
15058
1350
1783
10713
2888
1085
444
1000
338
1105
3160
3526
1564
3811
38582
12360
3344
12926
7761
1730
2431
2148
5404
6654
0
0
0
129
884
4025
798
821
1237
862
1851
1745
5969
2420
4781
2825
844
22635
958
3667
7703
1901
14330
6087
4478
963
4454
2344
1657
15536
11662
98625
17763
39829
3982
6310
6475
2281
3861
2136
18153
1670
1206
652
862
9290
1430
1449
2551
2633
1434
2893
389
939
1076
8934
2889
3585
4716
736
1229
1427
2355
631
7069
1252
1381
755
1521
680
698
1509
702
3109
12511
1251
2125
900
971
775
3104
818
442
2346
640
166
2395
804
1370
3648
4396
889
10141
551
493
1032
743
1897
1458
1814
936
1718
1335
1501
5273
1033
916
1490
11359
8322
2667
22388
2558
4743
4339
1108
14507
20543
1129
666
1060
1759
2704
13811
902
1642
1647
2087
5980
1501
1271
1384
3382
19680
2087
1566
1022
2586
10608
7030
1464
929
2083
885
1410
7306
1852
84
140
253
651
3996
27825
5413
6316
475
2573
1120
3683
71275
4177
3416
1107
1618
4884
129
884
4025
0
0
0
3723
10484
1275
1490
1252
613
16360
3538
3399
813
2013
982
6262
1337
3891
11033
3886
10570
3822
3975
2608
759
1800
20832
3796
17224
5591
6797
736
1788
1566
938
12118
4426
9485
7662
1031
762
3202
1271
2927
816
4317
2594
1298
1144
2110
9962
5116
2725
3237
12343
47533
1119
647
2627
501
3784
743
2843
3214
2682
1246
1301
4352
1614
2535
2140
1026
1547
2826
2525
2142
6238
1409
1478
1322
3491
2168
6368
16383
1270
322
1029
291
1445
1598
792
1452
1740
397
1251
6783
372
15303
2060
658
1282
23029
6729
2699
1152
847
2670
2135
827
9690
1656
1030
657
3098
2251
1019
3481
960
1492
962
2905
932
1106
2006
1601
1338
5871
7613
926
1084
2324
1645
1416
3170
1044
3514
3482
2292
4375
18192
6556
28545
1607
1271
6581
1834
5012
1672
8266
2074
2497
2387
957
2460
4288
31341
1618
484
1274
129
599
221
798
821
1237
3723
10484
1275
0
0
0
738
1945
849
4411
2296
1811
561
7318
1537
1599
1072
488
2847
8414
1904
915
1492
10749
1094
51286
2493
2143
2888
1512
2420
8071
2905
5088
6124
21315
1137
4087
2503
3927
1068
2798
2260
2160
700
4204
1400
1158
1276
1452
12577
2720
2137
2311
1364
1612
1433
30897
2483
4602
9386
2133
1649
1111
2837
2090
9431
933
2426
8967
1179
1326
1863
1842
1136
2399
5764
1836
435
4122
437
440
2249
489
540
496
747
1152
5356
770
1581
918
484
581
358
5237
43561
1478
1111
1909
714
370
2716
608
4236
7531
1180
3229
1417
2982
2363
6141
693
2091
4710
1225
1026
747
6480
958
1108
808
1512
4320
1015
974
9601
11905
1903
957
2111
5943
2379
1864
1204
597
814
32792
2524
9034
2393
1534
1601
2836
1034
8452
4396
13331
3508
18390
51450
12646
720
1136
1226
2898
2136
1911
1685
1623
1015
3576
862
1851
1745
1490
1252
613
738
1945
849
0
0
0
2641
5766
31751
3785
4583
22315
10214
3668
4002
16480
1960
2496
1364
12626
1153
4330
8309
34667
1609
77486
2697
45610
19419
1870
6489
3151
4618
2680
14494
10641
1391
1569
3622
5743
1375
3356
2028
1615
1042
2936
1045
2349
1808
12441
9308
2275
3011
3575
7896
2283
932
16006
25922
7113
32019
2950
19960
1406
3628
2409
4578
6825
2533
3780
975
1430
3901
4080
3528
1099
1154
6188
3080
1937
6122
984
1756
1655
3282
2508
4075
5503
875
3216
10611
2970
3515
1179
1389
1032
1437
3901
44225
1874
1630
2991
1439
1608
1607
474
946
796
2700
2031
622
1236
1101
1098
5358
1913
2930
9189
7941
881
3572
2806
1961
713
8747
605
1034
3027
1109
1812
5608
14504
2743
40926
7791
1719
3780
1082
889
3495
3602
2171
4968
39802
2905
1536
1712
6147
2900
12158
4072
3493
2895
2258
37819
1528
3699
7540
5547
5969
2420
4781
16360
3538
3399
4411
2296
1811
2641
5766
31751
0
0
0
5399
494
2165
1712
1777
6604
449
1384
354
7245
509
1055
2924
1786
2653
625
7606
1286
2099
1495
9847
2700
2560
2800
3225
112571
1432
1153
1595
1788
1753
1327
1802
5291
1188
1298
2798
7088
1837
1031
5493
1313
2157
39255
2874
43013
2157
2079
52206
22885
5509
1651
40534
6293
9726
1431
1207
3218
1765
1470
12275
3520
1445
937
6629
3660
2364
8184
427
9989
2345
2329
2096
1439
836
1468
1794
888
1426
753
886
1083
619
1119
1010
397
1672
844
610
1919
12212
7373
21040
938
707
1329
853
1367
560
828
1099
1206
1740
1182
872
623
481
1482
1507
10901
995
4369
983
2469
3369
829
2155
1325
1533
1157
1875
1518
1244
2946
4821
666
753
942
2656
2621
1894
1731
7977
2702
5085
2995
5945
3960
1930
1700
2515
2307
2959
15953
213
238
545
2304
1182
17663
2825
844
22635
813
2013
982
561
7318
1537
3785
4583
22315
5399
494
2165
0
0
0
423
4474
1079
5919
1729
496
3046
1721
614
1159
3527
14601
1625
3110
2944
7945
2198
2246
14145
86199
4158
23323
3784
1412
16047
3081
1625
5431
1984
1686
2779
5146
1715
1070
8339
1860
801
3925
925
2622
841
3821
1785
1578
5342
2883
12652
5879
6785
1817
1648
995
4927
1619
4077
605
18183
58866
2489
34001
4929
2607
1763
3601
2843
2943
10932
21237
1040
957
4590
13601
2549
490
3220
1702
1711
1467
2569
1213
755
25666
1936
10304
678
1190
10295
1734
7482
1392
3851
9081
1898
1352
13752
1431
983
7941
2070
41145
1657
2343
7710
5476
1390
3379
1979
1538
669
43045
9723
1466
14979
6767
3106
7120
11499
5774
14949
2672
1241
8288
6093
927
2249
908
7744
1424
5362
15447
1618
3977
4557
5872
7952
96286
3100
33727
1936
10316
1836
564
461
331
1568
977
3964
958
3667
7703
6262
1337
3891
1599
1072
488
10214
3668
4002
1712
1777
6604
423
4474
1079
0
0
0
6890
1227
2865
760
1593
476
4993
9090
1872
2642
11759
1185
4272
3123
24634
3605
4391
5241
8676
27449
2239
2265
2415
2713
9851
1685
1832
7433
2952
7867
1554
4178
2271
1389
3208
1755
9581
2531
2757
4767
677
1918
27976
40040
2310
1766
3375
4419
2515
27894
15139
2545
98130
5029
4232
2204
1195
816
1459
4658
3423
1031
2869
2224
2400
9305
5744
13077
4552
1104
6611
1822
3217
1005
1096
10412
1289
2203
8396
1108
3281
14372
2318
3166
6351
650
1524
2536
4987
10759
822
1165
1792
15104
1679
1389
723
3190
794
3323
1545
4231
9433
10615
4567
39503
2277
1034
19435
4010
1233
6475
1197
47573
1885
1277
1038
5434
573
2589
4224
5370
4738
2683
1270
1919
2278
3129
3049
5966
2016
2347
1910
2722
2944
2715
2249
63270
2054
1299
7784
5029
9794
3700
1901
14330
6087
11033
3886
10570
2847
8414
1904
16480
1960
2496
449
1384
354
5919
1729
496
6890
1227
2865
0
0
0
3372
6218
802
23180
874
1017
4882
2527
1942
3170
15312
2464
3535
2066
1366
2204
3131
7445
18243
10128
2466
771
979
1163
25404
1660
1568
846
10054
3479
1545
1161
3163
5599
2935
2190
24198
2379
2470
14467
1988
1989
4500
1037
2786
48563
1362
2249
1393
3199
2572
2659
1614
2707
1575
1850
3863
2651
11690
1885
739
1142
2345
3667
1101
1224
1003
27102
898
1474
971
1523
980
3535
1750
1601
829
2203
1324
2266
2570
1646
953
2234
5496
13441
3980
8123
871
767
974
3318
3773
1103
1745
2106
15217
2112
2100
654
1224
7307
10476
1880
1926
2682
1224
637
3528
3709
1017
4667
3080
2789
1691
41277
10911
1608
9450
11992
3174
3048
4320
3732
1178
2233
4575
3777
5847
5905
1987
8440
4811
11596
15673
1311
577
865
1301
764
1166
4478
963
4454
3822
3975
2608
915
1492
10749
1364
12626
1153
7245
509
1055
3046
1721
614
760
1593
476
3372
6218
802
0
0
0
6097
1493
15080
5565
3314
1788
1869
1769
33906
6446
1472
3152
68150
2553
3566
2605
2022
2815
5148
4200
1081
733
1629
4055
1012
2090
671
1921
5733
861
21242
2204
2441
2094
12042
1643
1730
1261
2476
16752
3757
1708
3488
2974
1971
1392
1309
8761
2448
3197
3417
1776
1337
5767
3535
862
4585
35875
2149
3013
1671
1831
5814
2796
2737
2928
41849
2041
5017
3877
6607
5162
1465
901
1591
1416
575
2792
10035
6603
595
2018
5067
1987
1524
1250
639
2824
1223
20386
2271
12542
4590
1150
905
1416
3271
20790
20217
21996
1389
30391
1103
1661
877
9119
1954
1038
2007
4293
830
10129
1246
6878
2025
889
537
12241
1665
679
2216
4132
3405
1711
1391
22342
3415
32478
4359
4298
12176
4341
1879
3611
1414
6539
1605
3735
2344
1657
15536
759
1800
20832
1094
51286
2493
4330
8309
34667
2924
1786
2653
1159
3527
14601
4993
9090
1872
23180
874
1017
6097
1493
15080
0
0
0
2661
7827
987
3719
2170
3133
2456
1558
641
1015
698
10831
1242
1200
733
3764
1076
1591
1289
694
1890
1501
940
11789
781
3437
8374
1027
4105
984
1977
2310
1765
1024
14590
3992
427
784
2384
1734
3422
2997
1905
1832
672
1600
2103
2077
1315
932
4048
1557
29707
3495
1189
1217
1340
1071
6224
2954
1275
16086
2276
3670
4537
25129
3393
1270
2567
1589
553
1051
943
5531
6384
837
5765
1056
415
918
832
823
787
1000
3652
809
7136
1839
1691
487
17805
8286
712
1777
5710
899
801
1106
5899
2051
9823
747
4812
2179
839
241
1432
207
5921
4637
191
847
424
745
2761
2213
26452
1049
4798
1154
776
3806
7151
4976
2607
2020
2276
2910
3144
2375
7046
1288
3699
3265
2749
11662
98625
17763
3796
17224
5591
2143
2888
1512
1609
77486
2697
625
7606
1286
1625
3110
2944
2642
11759
1185
4882
2527
1942
5565
3314
1788
2661
7827
987
0
0
0
2171
2026
567
3225
10061
1506
2189
820
2190
3225
1400
3394
946
1937
725
1814
2191
1744
9070
1025
5125
1164
798
3488
1608
1895
1397
3132
4703
2696
673
1190
910
16798
1721
8496
4232
6667
23358
1963
1989
3073
3143
12329
2365
9816
7440
15557
7690
9235
1291
2006
3880
17758
6254
4792
809
5080
1270
16362
5693
4383
6202
1852
3927
2486
19012
9086
1558
1485
1613
1167
1174
3184
1632
4225
3733
920
910
4920
38023
7017
2676
1652
4385
3058
4515
1080
8071
1315
660
1516
408
2047
23260
862
3845
1910
3754
1950
1680
1682
2222
2072
702
1581
1019
3405
2236
818
608
924
7352
293
22143
4140
6266
7934
1358
545
10475
2122
7411
4946
2569
2219
63795
7693
1403
7165
3292
2205
39829
3982
6310
6797
736
1788
2420
8071
2905
45610
19419
1870
2099
1495
9847
7945
2198
2246
4272
3123
24634
3170
15312
2464
1869
1769
33906
3719
2170
3133
2171
2026
567
0
0
0
2131
2162
1230
374
1200
299
809
2045
1541
1981
1974
10208
1427
1204
2704
4225
1067
5509
2002
1730
8160
2143
3785
2101
987
5367
728
1439
7680
15528
951
2783
1283
2022
1856
2305
2295
483
4409
1313
2109
2315
10641
559
4524
7396
836
9546
2946
1325
1229
2257
5961
1741
2389
3955
749
988
50155
2370
2319
37103
2583
1573
1530
1162
1786
5839
756
7111
3515
3218
1769
2615
12490
1502
2220
2004
9645
3162
2926
11225
2121
1901
2995
1634
2528
3581
1765
24863
2443
1040
2202
1188
1262
4251
1198
899
7452
778
4285
1368
914
821
357
1744
828
1440
1906
1222
12984
3734
2805
1410
517
1537
460
11341
1309
5741
1926
2323
3496
31883
2833
11877
2979
46501
25473
6475
2281
3861
1566
938
12118
5088
6124
21315
6489
3151
4618
2700
2560
2800
14145
86199
4158
3605
4391
5241
3535
2066
1366
6446
1472
3152
2456
1558
641
3225
10061
1506
2131
2162
1230
0
0
0
114
209
272
3231
2376
1587
12140
1684
1013
1956
2535
2976
41222
2321
1693
951
6307
3004
4367
1317
3238
900
2429
4252
759
2376
2853
1579
1214
2560
1527
9914
4993
1327
8351
27028
5722
2594
672
4044
2354
4524
1966
2217
5286
1484
7218
6772
39308
7585
1529
1624
5552
618
2108
2330
3177
7664
10016
2896
6830
7038
1030
2879
2305
4422
664
1913
4462
6305
5486
3874
5076
844
1546
1163
31532
6131
1191
10869
6376
4408
2549
5663
621
6580
739
1509
9529
3716
3639
1431
783
1077
910
1768
7547
1096
2165
2222
865
708
4363
1422
560
1070
2853
8092
4269
3089
2331
588
1657
4795
6189
1913
2541
1039
1059
4855
4091
6802
3439
2079
9912
7288
2136
18153
1670
4426
9485
7662
1137
4087
2503
2680
14494
10641
3225
112571
1432
23323
3784
1412
8676
27449
2239
2204
3131
7445
68150
2553
3566
1015
698
10831
2189
820
2190
374
1200
299
114
209
272
0
0
0
