C_ijk
0
0
0
74
64
166
1447
318
76
302
109
118
486
240
1543
195
515
142
550
123
187
682
692
728
2431
318
1426
732
1213
297
3082
1929
2664
1441
5280
913
471
118
227
717
563
529
844
1029
920
14478
473
1588
1225
1546
6844
1166
457
275
523
2300
621
467
225
219
5466
963
1623
496
345
866
1432
322
603
1081
454
1045
1120
284
667
402
1645
806
387
168
124
369
448
817
447
571
935
1630
487
5988
1009
8971
268
959
853
1657
2726
2802
442
2821
535
1003
1056
2215
429
1783
1257
4408
882
4263
2849
5775
825
1481
2892
1148
2695
22519
626
1174
7561
1401
6639
2101
2159
979
2960
786
2386
1617
551
6005
5969
1683
1577
5994
20093
15265
2580
787
16151
5670
2773
2590
2185
2988
1667
21571
2876
2600
524
1755
523
5410
11902
2380
23760
1212
2490
2214
3219
6519
3157
2033
1498
74
64
166
0
0
0
8
7
10
200
153
1254
230
364
160
233
206
281
163
370
772
5003
3689
1108
646
2692
864
460
795
414
6801
452
501
1520
362
6667
363
4919
344
487
841
1966
1742
1867
305
7867
796
1796
2149
679
1635
576
936
390
560
747
385
134
1910
1197
8119
340
510
3093
921
371
1031
462
2188
585
814
7484
330
866
211
9820
263
582
713
267
280
2396
602
1035
3908
315
147
893
914
1060
333
255
1309
1304
291
1679
782
1649
756
4957
3257
959
1286
960
1026
4791
5309
2499
9104
25852
3164
735
1194
1426
2391
4438
3789
1932
2614
17300
5058
3461
3485
1672
1672
1377
818
1462
1073
3947
5086
3957
1008
12254
1478
2034
516
11277
1262
1195
6071
945
21017
1383
1933
2646
2487
657
1150
4736
5584
881
2225
3393
3029
2440
1581
56669
7757
5555
4650
862
1383
3676
4210
1447
318
76
8
7
10
0
0
0
225
2366
73
6304
161
114
270
80
115
592
857
217
3395
2473
414
312
206
784
652
611
3292
1106
902
2565
408
1083
2333
2675
386
189
180
707
2742
1181
406
3322
543
1247
1042
1481
858
1499
473
296
141
364
523
267
304
476
1411
456
18691
1275
847
1376
1046
1287
665
371
8153
1188
1855
473
682
220
1263
3913
186
529
88
112
363
4853
365
1534
564
184
112
575
564
471
1092
736
1325
389
1305
1638
329
440
3934
851
1551
520
729
2413
20613
21297
715
930
2183
2063
394
794
11069
1361
6582
3537
2395
1054
1941
994
1925
2532
40076
3427
865
553
425
997
3949
955
2850
5903
20244
906
1720
832
850
1949
607
959
2709
1846
9040
2515
3357
5989
7053
2598
4344
1679
7147
1778
6026
677
1702
2784
1323
1174
1982
1523
16666
846
16544
2412
302
109
118
200
153
1254
225
2366
73
0
0
0
443
199
516
2024
138
81
186
114
79
3718
1000
3661
378
228
2426
241
471
256
1584
1169
508
966
770
4319
587
52
213
4337
1241
557
1280
741
228
7888
1383
1863
414
491
11383
846
577
446
2464
577
537
2717
523
3546
352
1518
585
422
243
1024
1228
190
7545
1878
876
2401
944
573
1942
274
3932
788
188
5791
305
2058
2437
8616
5526
2554
488
258
191
358
834
932
229
11592
448
2248
587
1030
563
364
1472
7499
2484
705
891
8626
513
2416
3332
2896
8638
6171
919
943
990
1190
1289
2068
2019
1529
2455
9023
6294
1690
487
1759
4450
3969
364
5127
12328
1769
1665
1258
721
2471
731
5125
1208
1148
515
1671
1849
9927
870
1596
2499
3803
1219
4281
5410
1273
16464
2499
5307
1103
4490
1894
2988
1287
1960
804
1458
2012
7112
486
240
1543
230
364
160
6304
161
114
443
199
516
0
0
0
24
86
45
51
75
59
1436
2647
670
731
577
669
1008
410
630
5153
470
482
1265
2298
401
4175
655
367
2315
1102
1008
1929
301
1361
2253
3000
589
646
658
674
3221
5384
1524
935
1159
567
294
558
2391
952
763
1214
2857
195
543
2779
320
2076
4851
5792
16573
1022
629
810
1039
1926
14382
953
116
423
9848
347
4400
1336
1534
2098
346
474
616
200
270
147
1427
719
371
544
1486
3616
1159
2013
455
1392
439
416
5778
959
6315
1224
455
1354
1445
2043
541
942
11652
2268
1115
7745
1663
2729
1923
8537
1001
22134
752
630
3908
601
5513
2817
11710
2066
1499
1842
2642
3054
1598
1708
1611
563
3322
1786
3047
874
3047
1947
2561
1453
2824
11280
1351
1291
1362
491
7996
2071
24596
2728
1767
2199
972
1958
2598
11974
195
515
142
233
206
281
270
80
115
2024
138
81
24
86
45
0
0
0
764
97
76
334
613
192
321
418
232
989
872
394
476
390
921
576
11067
3963
237
614
1298
1113
6076
812
1332
2413
3188
741
1334
6208
518
657
1122
193
685
376
8471
912
1986
1515
683
1457
1248
2162
924
298
413
839
1465
1183
846
1512
1132
2044
565
785
971
1642
1086
869
98
450
137
590
1933
836
469
3480
261
146
769
342
288
228
1895
3287
696
471
1046
363
826
1034
2525
299
651
2790
1746
6526
1146
2693
6755
439
1290
1470
12798
3828
1139
920
2695
851
1579
29290
4334
971
2931
2248
14073
955
3232
817
13483
3743
1043
690
2396
2371
5995
860
1818
1048
4914
642
957
1058
4897
1065
1977
2861
3961
2079
13584
6933
3684
1314
1817
1034
3079
1397
2599
7889
1454
948
3833
868
957
7118
2815
550
123
187
163
370
772
592
857
217
186
114
79
51
75
59
764
97
76
0
0
0
164
289
373
824
694
455
195
156
892
533
2594
684
995
3747
965
2688
178
1470
696
313
715
1284
787
551
1185
1268
828
968
2296
866
296
274
788
548
517
897
725
441
9548
743
1207
331
1998
2112
653
614
5600
401
921
3868
507
10745
394
697
1311
657
2658
181
435
1060
223
557
1417
1347
628
248
615
4439
310
244
468
6320
1269
763
1391
999
1068
692
258
4893
716
2287
476
172
1471
1174
1950
2120
1977
557
1506
3885
5364
2317
843
974
1892
4122
7276
8033
3423
5424
6035
3441
32780
1044
741
1213
1354
1894
2263
7881
7975
1750
1096
1559
1070
3335
2618
1039
7604
1650
2353
6851
739
6263
1891
3163
2186
1000
3393
7969
861
995
1463
8967
511
1229
730
2677
1591
1552
2933
2714
682
692
728
5003
3689
1108
3395
2473
414
3718
1000
3661
1436
2647
670
334
613
192
164
289
373
0
0
0
772
237
223
322
389
443
1250
585
193
915
2171
961
778
682
470
799
1047
3818
920
1390
2011
997
750
1354
20137
952
1774
335
1820
15265
18779
870
1075
1314
518
7062
770
628
2025
620
1377
1608
423
1885
1435
21015
1433
1000
2423
771
890
515
1543
1400
2601
336
123
5351
935
1958
730
555
270
259
1381
889
378
657
360
953
503
391
4367
5036
544
763
288
868
301
596
311
462
7035
576
359
300
530
10305
849
937
2317
1464
500
726
1653
1038
2867
2443
3509
3283
4280
2052
1052
6766
1393
953
2004
2552
10311
1569
2801
6850
3634
1090
1523
2245
2262
1127
5214
1583
3642
1321
1549
1822
2934
11668
3868
3660
747
1286
877
1215
2582
4763
2125
1660
1010
2243
2395
2913
1546
2431
318
1426
646
2692
864
312
206
784
378
228
2426
731
577
669
321
418
232
824
694
455
772
237
223
0
0
0
390
2003
1051
498
683
233
448
294
610
1151
864
932
1059
1312
699
1377
600
7934
8414
7043
3183
1047
1933
1201
1601
441
29651
800
3160
766
848
619
2263
2085
829
10656
1243
451
954
4683
455
960
6763
1100
3431
4036
956
600
1216
1511
6833
657
1186
866
1733
331
1336
1215
327
1420
671
555
806
446
526
266
685
376
416
641
499
138
3137
1441
179
1173
427
243
1392
539
3330
4551
648
1001
3086
1459
1966
2678
5064
7405
4447
3337
2012
3340
8798
1266
1453
5142
1676
1592
1642
461
7576
2674
4330
8050
1685
4140
22045
2508
802
1788
1568
1846
3682
7295
4791
3474
2076
5198
1312
21869
2870
3460
7471
8737
1789
1800
903
9665
1301
9689
1532
984
577
2068
4651
1205
732
1213
297
460
795
414
652
611
3292
241
471
256
1008
410
630
989
872
394
195
156
892
322
389
443
390
2003
1051
0
0
0
164
92
382
543
331
780
508
364
1040
750
2987
230
354
541
241
444
757
269
1689
2014
2581
439
385
302
908
1681
417
643
793
8400
1636
441
1647
9821
2034
597
2273
1633
2796
5263
840
3806
1352
411
1433
1815
6731
2022
2936
2000
957
1138
1799
9886
1183
1272
12545
1636
4302
1657
322
689
999
751
2474
23571
811
829
522
2308
6350
489
1011
878
763
433
441
6710
627
9559
799
5900
877
4897
1164
491
4345
1408
1291
2043
1019
1836
4856
4396
4335
4996
414
1764
647
526
830
671
4450
1975
614
1289
6754
3461
4738
1464
48983
4089
1790
2641
8636
2084
2228
2467
54997
2647
3740
2134
4214
1884
759
8031
899
1220
6777
927
8477
891
1505
1200
4711
3082
1929
2664
6801
452
501
1106
902
2565
1584
1169
508
5153
470
482
476
390
921
533
2594
684
1250
585
193
498
683
233
164
92
382
0
0
0
89
1442
114
295
1254
623
4664
4771
422
1096
2756
2478
2052
12628
2844
1435
960
927
907
845
1676
5002
1906
1280
2239
1864
2421
1351
3198
11612
1481
472
1429
5007
1325
2072
4628
737
2664
3083
29725
694
1184
731
1914
779
465
469
886
23942
1759
827
4205
2247
592
830
1216
1222
944
4217
3453
1250
2506
782
1385
1394
377
4462
742
763
6788
2010
1383
7845
1417
785
982
1470
1199
975
534
845
814
1998
8198
1785
1526
758
1935
2938
9398
900
914
1580
1571
901
2232
3719
1423
3672
2561
666
1531
12844
5060
554
1706
779
10168
20747
12040
4131
1816
9023
5469
2238
4735
856
4268
2074
14772
4869
694
2726
7513
4207
1720
2099
2190
9521
1785
645
1441
5280
913
1520
362
6667
408
1083
2333
966
770
4319
1265
2298
401
576
11067
3963
995
3747
965
915
2171
961
448
294
610
543
331
780
89
1442
114
0
0
0
517
504
399
496
1170
431
322
1452
710
3208
2132
989
1811
15867
2543
944
342
18625
761
3872
5243
727
1345
2169
1074
454
9344
507
1135
35157
848
2596
8574
2490
1295
3292
958
1602
4712
3046
4321
10167
2462
1346
1654
1179
1098
1394
645
749
2022
2006
8092
4321
11046
583
2577
1310
1670
740
5359
933
865
1590
1163
2167
1325
1027
1156
8653
472
1989
2562
593
866
2704
720
1052
1044
1112
8177
3919
1394
901
4307
1210
2392
22013
12686
585
2728
492
396
1041
1697
3679
6187
1186
9467
2002
1219
2394
1865
2261
2567
3551
1726
3371
3391
888
13819
1249
5262
1816
2103
7560
2004
25323
1799
1237
2264
3083
17302
33637
2674
1576
8359
2312
2300
471
118
227
363
4919
344
2675
386
189
587
52
213
4175
655
367
237
614
1298
2688
178
1470
778
682
470
1151
864
932
508
364
1040
295
1254
623
517
504
399
0
0
0
584
240
209
106
1113
482
4727
687
426
287
550
230
838
199
322
350
3041
758
878
822
202
280
2216
1407
555
295
485
3633
2006
591
723
481
803
4953
9476
1071
4312
1012
3094
360
2077
470
622
1553
236
1769
826
1343
1154
1286
592
504
795
463
936
1605
1931
11102
2225
809
787
951
972
630
539
3000
2715
2362
1105
3573
3177
4920
1603
528
902
3161
1715
1292
2683
24591
8157
927
1327
1409
1064
2500
883
982
529
1090
1014
2975
774
3510
978
14981
2619
1948
3544
8678
1618
1681
12347
1678
1260
3720
1763
8258
5234
4301
8416
1229
2074
1951
2130
2399
9330
7283
30917
4335
13841
2812
4694
1095
3544
2230
717
563
529
487
841
1966
180
707
2742
4337
1241
557
2315
1102
1008
1113
6076
812
696
313
715
799
1047
3818
1059
1312
699
750
2987
230
4664
4771
422
496
1170
431
584
240
209
0
0
0
55
101
395
925
1031
1818
598
2802
1296
3088
686
959
991
1722
1578
6252
2444
2490
956
1227
1207
403
757
1342
12816
706
1802
6300
1239
3288
6665
1583
3459
1960
740
3877
1285
1642
793
21733
3003
1981
911
934
2508
5077
1965
5423
525
726
1520
1556
700
6985
1054
1921
5175
6839
711
1504
1004
1176
16710
778
700
269
6874
13227
2434
3895
431
3105
1974
1816
1097
4932
1361
9197
1200
3422
1475
440
829
379
532
1829
2476
2347
3156
528
266
5562
2679
4020
3895
36647
2546
1733
2862
11719
15798
1226
2450
4774
898
1852
3045
5319
1743
1536
9412
5788
3011
7087
1630
6668
1211
2434
2060
2858
7057
2534
18034
844
1029
920
1742
1867
305
1181
406
3322
1280
741
228
1929
301
1361
1332
2413
3188
1284
787
551
920
1390
2011
1377
600
7934
354
541
241
1096
2756
2478
322
1452
710
106
1113
482
55
101
395
0
0
0
2529
1057
590
311
695
162
221
953
1841
659
216
5687
2419
589
329
935
2549
2400
708
2930
648
1420
957
652
808
7034
5180
366
517
11540
1261
1673
1996
6107
9384
2432
1504
929
591
1318
18126
876
674
2909
585
559
489
4665
427
4005
723
15715
1343
1307
1775
14326
766
713
2828
986
428
1545
1858
1045
4324
1214
1560
1015
3338
693
17321
933
2781
3175
1188
1920
724
755
1564
1065
1630
3026
333
460
10785
1392
2657
554
2892
5593
6326
1276
2776
2859
569
1691
2727
1453
1528
1555
890
2857
7083
2181
20732
7800
3058
4109
1063
4204
8332
2390
706
801
5633
2322
5183
3561
3318
1589
14478
473
1588
7867
796
1796
543
1247
1042
7888
1383
1863
2253
3000
589
741
1334
6208
1185
1268
828
997
750
1354
8414
7043
3183
444
757
269
2052
12628
2844
3208
2132
989
4727
687
426
925
1031
1818
2529
1057
590
0
0
0
8334
200
314
446
180
1086
59
419
77
315
1218
407
774
584
632
641
1344
208
2495
672
1334
1240
4765
3418
1840
6341
1608
888
906
724
9642
3433
951
1038
1676
790
2517
1012
429
4012
927
955
2473
914
6402
2170
1104
5404
1170
1369
1296
1762
4527
914
1902
796
3193
1112
860
14615
1919
2740
1609
4747
1456
17217
1813
4044
2529
15389
2337
17145
3792
384
1948
601
3348
13409
1074
751
4380
5254
4122
346
690
958
1302
2829
1677
2614
897
3149
7015
2205
691
1014
5315
4320
5356
1543
1843
2121
1329
1436
2256
812
3934
2723
2497
7196
2852
7285
1364
879
3254
2359
4174
1225
1546
6844
2149
679
1635
1481
858
1499
414
491
11383
646
658
674
518
657
1122
968
2296
866
20137
952
1774
1047
1933
1201
1689
2014
2581
1435
960
927
1811
15867
2543
287
550
230
598
2802
1296
311
695
162
8334
200
314
0
0
0
131
464
473
348
276
205
1012
2130
19059
1036
903
769
558
434
669
1169
896
402
1497
798
564
1773
916
3052
1067
1671
3420
419
421
1678
5547
704
9751
799
442
3041
7626
1243
920
804
991
1574
2414
3713
5763
1177
1245
934
1271
1610
4249
1091
1176
1595
1514
1989
1556
1512
1830
1607
42744
3511
1380
1770
1103
2111
1369
1378
735
3841
5298
2301
598
1810
581
712
10150
675
1361
448
632
826
1404
2031
1675
5051
1644
939
3280
1081
33471
1300
1741
1825
1834
4803
3429
1140
6312
2632
2705
2462
1114
1409
9891
2293
4879
1100
2965
1273
3376
3739
1852
1615
1166
457
275
576
936
390
473
296
141
846
577
446
3221
5384
1524
193
685
376
296
274
788
335
1820
15265
1601
441
29651
439
385
302
907
845
1676
944
342
18625
838
199
322
3088
686
959
221
953
1841
446
180
1086
131
464
473
0
0
0
510
426
240
144
425
2893
463
1238
338
358
213
576
1103
293
5316
30828
620
2290
390
622
405
1241
1456
1576
327
464
620
9340
1170
1088
365
651
3432
899
332
480
12161
341
3856
1482
915
2213
479
1667
6755
2174
2068
781
27920
3929
2289
3063
1146
2560
5597
4917
3489
6109
1538
978
25433
1051
1403
1273
1134
1472
978
1472
957
4931
842
1432
1278
1414
12804
804
582
2964
1563
1636
20687
3748
5204
2115
1130
1847
10230
3159
2990
1601
10043
7230
1638
716
1182
1265
6759
2916
3609
1114
805
3121
2906
1403
2626
5531
2101
1618
1039
4097
7504
523
2300
621
560
747
385
364
523
267
2464
577
537
935
1159
567
8471
912
1986
548
517
897
18779
870
1075
800
3160
766
908
1681
417
5002
1906
1280
761
3872
5243
350
3041
758
991
1722
1578
659
216
5687
59
419
77
348
276
205
510
426
240
0
0
0
2712
1643
509
725
189
1242
726
686
580
800
1098
436
1326
7592
665
1681
419
6555
1562
869
826
2267
620
957
868
701
1294
2518
1099
814
654
1165
1109
1367
2336
781
2680
602
3186
589
1238
2113
11979
921
2760
558
1568
1072
1109
20398
848
6394
2029
1656
2333
2513
8663
5361
917
2071
1150
2475
1107
1909
1927
2010
629
3176
1633
4240
1178
18161
439
3040
841
988
298
817
2088
2824
3218
867
4300
1172
1368
3573
2348
8137
2701
5422
6262
2143
1721
3363
3599
10209
1508
1427
6366
3047
2455
2287
2130
5360
3112
2159
5799
1059
467
225
219
134
1910
1197
304
476
1411
2717
523
3546
294
558
2391
1515
683
1457
725
441
9548
1314
518
7062
848
619
2263
643
793
8400
2239
1864
2421
727
1345
2169
878
822
202
6252
2444
2490
2419
589
329
315
1218
407
1012
2130
19059
144
425
2893
2712
1643
509
0
0
0
330
191
396
322
250
225
395
961
1140
3042
4053
197
856
675
273
294
479
1178
949
1121
732
655
194
250
406
1204
520
3226
1681
1688
445
276
262
1904
1115
1387
1734
14439
2964
1934
1254
930
730
2111
704
24398
2791
3191
6000
1617
948
6397
1260
2550
2077
1586
1213
1305
3648
689
1062
895
2711
1063
5798
2727
1123
4448
1029
601
4500
2246
1923
1055
9654
1620
22038
1363
3485
4177
729
2258
2107
2667
1163
1695
2502
6064
1805
1123
1039
4495
2650
1159
14470
1681
3559
1756
8885
1861
3561
2599
1758
3248
1390
5466
963
1623
8119
340
510
456
18691
1275
352
1518
585
952
763
1214
1248
2162
924
743
1207
331
770
628
2025
2085
829
10656
1636
441
1647
1351
3198
11612
1074
454
9344
280
2216
1407
956
1227
1207
935
2549
2400
774
584
632
1036
903
769
463
1238
338
725
189
1242
330
191
396
0
0
0
1256
1159
449
619
1671
1599
2890
1590
770
10046
1534
3779
416
3944
6240
469
1410
945
370
827
914
1003
608
329
2742
1393
1225
620
3061
4365
2892
1690
8785
2610
1559
921
1214
9850
1104
593
35840
2138
1514
5969
2843
5976
3064
30429
533
3494
3708
1297
6211
1517
611
808
572
1558
1035
1367
27824
5497
2505
1474
1724
1198
5065
973
1330
3502
1138
1250
1362
1377
1554
726
6099
344
1103
693
1721
2231
2146
2467
559
1570
2974
3341
1548
2373
3972
7567
1949
2691
2092
1819
4313
1545
1955
10626
66604
2509
496
345
866
3093
921
371
847
1376
1046
422
243
1024
2857
195
543
298
413
839
1998
2112
653
620
1377
1608
1243
451
954
9821
2034
597
1481
472
1429
507
1135
35157
555
295
485
403
757
1342
708
2930
648
641
1344
208
558
434
669
358
213
576
726
686
580
322
250
225
1256
1159
449
0
0
0
932
2435
663
523
353
569
254
216
984
308
552
1120
227
256
396
1208
370
2109
503
227
937
264
287
348
523
1618
1018
2495
912
1169
1288
2213
2777
615
556
1617
2387
843
1367
2151
3484
496
5194
5877
29085
1030
2048
2794
2620
7677
11008
1463
5424
1229
5286
1520
15224
2387
1186
3161
1192
1436
520
1912
942
4809
1630
1880
1795
2875
1383
4034
9085
2482
4106
19347
3254
20493
6263
1360
1394
853
3179
730
2340
2107
3296
2891
1134
3042
3556
2243
3628
3615
1070
9196
2078
5678
5841
1432
322
603
1031
462
2188
1287
665
371
1228
190
7545
2779
320
2076
1465
1183
846
614
5600
401
423
1885
1435
4683
455
960
2273
1633
2796
5007
1325
2072
848
2596
8574
3633
2006
591
12816
706
1802
1420
957
652
2495
672
1334
1169
896
402
1103
293
5316
800
1098
436
395
961
1140
619
1671
1599
932
2435
663
0
0
0
1289
1494
206
67
224
83
51
114
74
289
330
391
229
171
911
167
742
3884
259
2405
424
5838
692
680
494
772
3162
515
1485
1496
653
798
1699
6818
1264
928
11687
3275
3386
998
4986
1377
2962
2263
63248
1709
1790
1457
686
1424
3814
3463
689
10186
1167
3025
1283
1906
1997
7114
4378
16512
1837
6810
1459
1227
5858
716
1469
4241
601
2173
1686
1503
1073
724
2718
1303
13168
488
7256
9372
2246
522
1024
609
536
1824
1627
3238
3685
6183
5837
2863
1474
1356
1081
454
1045
585
814
7484
8153
1188
1855
1878
876
2401
4851
5792
16573
1512
1132
2044
921
3868
507
21015
1433
1000
6763
1100
3431
5263
840
3806
4628
737
2664
2490
1295
3292
723
481
803
6300
1239
3288
808
7034
5180
1240
4765
3418
1497
798
564
30828
620
2290
1326
7592
665
3042
4053
197
2890
1590
770
523
353
569
1289
1494
206
0
0
0
2193
278
1283
323
673
1860
1932
779
448
865
194
340
128
2327
733
2194
711
3802
711
1392
548
831
1018
1035
3710
13201
1757
820
2523
1999
30186
1191
3347
3553
862
10975
2348
2784
1067
4258
2702
3260
2444
3607
1584
8443
1320
578
1112
1618
3311
4607
2604
4745
18109
4077
2916
540
1158
685
5646
2746
4208
6856
534
784
1688
517
14752
1130
3692
1335
3000
6070
4311
3592
462
10696
4858
1779
2179
1091
1265
1067
2859
3484
3551
2149
4820
2952
2842
1701
4963
1120
284
667
330
866
211
473
682
220
944
573
1942
1022
629
810
565
785
971
10745
394
697
2423
771
890
4036
956
600
1352
411
1433
3083
29725
694
958
1602
4712
4953
9476
1071
6665
1583
3459
366
517
11540
1840
6341
1608
1773
916
3052
390
622
405
1681
419
6555
856
675
273
10046
1534
3779
254
216
984
67
224
83
2193
278
1283
0
0
0
20
832
249
1774
469
475
282
309
353
376
367
754
223
324
303
1306
434
1658
7072
925
564
886
2440
602
1495
607
688
593
718
1623
2279
7135
565
1896
1168
727
1056
1898
5590
922
1412
1368
1182
1310
1434
572
2229
2750
3325
5806
612
2049
1182
10038
1466
610
2745
4227
9777
9894
1481
1512
735
12126
7640
14327
856
2920
4873
34736
3094
9558
2870
1228
551
1588
1063
3121
3222
977
1528
2301
2362
957
1116
1461
4604
4108
1020
3438
402
1645
806
9820
263
582
1263
3913
186
274
3932
788
1039
1926
14382
1642
1086
869
1311
657
2658
515
1543
1400
1216
1511
6833
1815
6731
2022
1184
731
1914
3046
4321
10167
4312
1012
3094
1960
740
3877
1261
1673
1996
888
906
724
1067
1671
3420
1241
1456
1576
1562
869
826
294
479
1178
416
3944
6240
308
552
1120
51
114
74
323
673
1860
20
832
249
0
0
0
383
181
268
392
250
169
279
660
261
200
415
242
4802
383
184
3361
4576
1112
798
681
707
1309
1099
2296
491
5118
1116
1249
1104
2329
11643
6521
1758
5948
1944
8238
1813
2422
3389
2429
2096
1103
1185
1173
1634
1290
930
1134
1073
14749
2612
4916
15001
6617
2226
1174
1125
8578
2457
605
678
6487
821
722
4091
2829
12716
2594
2209
6680
1278
649
2672
1125
4353
751
12070
1229
1018
3233
2493
4785
2946
2710
1518
2573
8767
387
168
124
713
267
280
529
88
112
188
5791
305
953
116
423
98
450
137
181
435
1060
2601
336
123
657
1186
866
2936
2000
957
779
465
469
2462
1346
1654
360
2077
470
1285
1642
793
6107
9384
2432
9642
3433
951
419
421
1678
327
464
620
2267
620
957
949
1121
732
469
1410
945
227
256
396
289
330
391
1932
779
448
1774
469
475
383
181
268
0
0
0
3154
135
134
144
313
1614
780
166
43
299
435
212
2835
2564
1760
6234
617
388
712
307
812
1084
345
7004
2871
955
822
3220
5104
2472
1806
3914
2684
5836
3381
897
909
1865
1381
1820
574
1263
1353
11401
1463
1104
668
735
999
5693
2178
1914
5037
669
18584
2958
1085
506
6166
635
20323
1012
14314
5911
1945
1275
8646
3500
914
1402
1581
1613
2853
979
950
1283
796
1291
2660
1840
7291
4532
2844
983
369
448
817
2396
602
1035
363
4853
365
2058
2437
8616
9848
347
4400
590
1933
836
223
557
1417
5351
935
1958
1733
331
1336
1138
1799
9886
886
23942
1759
1179
1098
1394
622
1553
236
21733
3003
1981
1504
929
591
1038
1676
790
5547
704
9751
9340
1170
1088
868
701
1294
655
194
250
370
827
914
1208
370
2109
229
171
911
865
194
340
282
309
353
392
250
169
3154
135
134
0
0
0
169
296
130
134
97
375
351
5038
144
642
2157
149
2360
591
519
320
492
562
416
876
342
2604
2973
1202
20921
639
776
32083
1255
2877
5298
12411
1720
1156
1426
663
884
969
7293
5134
3297
3749
16502
1787
2948
907
3391
3978
1898
608
2519
2544
2147
1839
2468
2918
1060
1182
4499
1628
3046
1744
381
720
6302
2850
2029
1958
6278
13042
867
2383
1234
18667
2014
1935
1147
1829
2334
7079
5277
447
571
935
3908
315
147
1534
564
184
5526
2554
488
1336
1534
2098
469
3480
261
1347
628
248
730
555
270
1215
327
1420
1183
1272
12545
827
4205
2247
645
749
2022
1769
826
1343
911
934
2508
1318
18126
876
2517
1012
429
799
442
3041
365
651
3432
2518
1099
814
406
1204
520
1003
608
329
503
227
937
167
742
3884
128
2327
733
376
367
754
279
660
261
144
313
1614
169
296
130
0
0
0
146
344
701
155
403
112
955
696
1846
462
1182
232
1655
15893
1736
2609
1754
312
4511
1958
1032
3480
1515
1692
2211
5648
2463
4281
3302
946
13398
1750
1631
1614
3796
910
2041
3899
1662
1217
25113
5261
1873
588
1371
2717
1020
518
821
987
467
404
1571
2724
1340
29222
1986
3412
1778
17762
2923
1972
2183
1261
1499
1516
650
492
1417
14776
787
2745
1539
1698
1775
58869
1971
1246
1630
487
5988
893
914
1060
112
575
564
258
191
358
346
474
616
146
769
342
615
4439
310
259
1381
889
671
555
806
1636
4302
1657
592
830
1216
2006
8092
4321
1154
1286
592
5077
1965
5423
674
2909
585
4012
927
955
7626
1243
920
899
332
480
654
1165
1109
3226
1681
1688
2742
1393
1225
264
287
348
259
2405
424
2194
711
3802
223
324
303
200
415
242
780
166
43
134
97
375
146
344
701
0
0
0
186
307
369
2140
4257
427
642
9902
5491
656
2110
620
1010
315
294
893
1766
5865
10551
3074
1168
2532
510
1001
2638
2168
1168
10495
13584
697
1575
7173
3231
1845
5255
4797
1532
1072
1602
988
38351
932
1112
6057
2401
1117
3594
772
665
1503
2720
1414
4123
2824
1507
1415
1069
528
7366
3643
2966
3144
1741
710
2144
1277
4478
4036
1682
4461
6915
2505
1062
1809
11310
1009
8971
268
333
255
1309
471
1092
736
834
932
229
200
270
147
288
228
1895
244
468
6320
378
657
360
446
526
266
322
689
999
1222
944
4217
11046
583
2577
504
795
463
525
726
1520
559
489
4665
2473
914
6402
804
991
1574
12161
341
3856
1367
2336
781
445
276
262
620
3061
4365
523
1618
1018
5838
692
680
711
1392
548
1306
434
1658
4802
383
184
299
435
212
351
5038
144
155
403
112
186
307
369
0
0
0
3949
344
6358
383
5784
249
549
643
364
383
329
316
2619
2591
914
13679
1275
2999
2577
3457
1962
8821
2121
1287
1218
1647
2579
2448
880
1388
2990
20797
494
5666
34994
1604
1779
4125
3745
5846
1056
1796
1519
23769
3253
4182
2276
10708
1246
3106
3221
2038
2025
3142
5509
1522
2379
19062
3344
2316
1174
830
2172
23836
2581
516
9004
913
822
1336
1130
17318
959
853
1657
1304
291
1679
1325
389
1305
11592
448
2248
1427
719
371
3287
696
471
1269
763
1391
953
503
391
685
376
416
751
2474
23571
3453
1250
2506
1310
1670
740
936
1605
1931
1556
700
6985
427
4005
723
2170
1104
5404
2414
3713
5763
1482
915
2213
2680
602
3186
1904
1115
1387
2892
1690
8785
2495
912
1169
494
772
3162
831
1018
1035
7072
925
564
3361
4576
1112
2835
2564
1760
642
2157
149
955
696
1846
2140
4257
427
3949
344
6358
0
0
0
311
517
186
452
36
51
2020
385
162
1596
2814
27996
2976
1111
7149
827
4275
2059
6447
1541
1041
3284
21347
1164
3546
1723
2002
6507
4993
1514
1381
2081
12161
15502
2150
4314
4208
2102
4085
16205
1865
672
8921
1405
1748
19128
9788
1732
19392
742
1386
11982
4278
4652
1779
1063
960
1764
2879
6931
810
481
1208
603
614
3580
1921
2536
1351
2726
2802
442
782
1649
756
1638
329
440
587
1030
563
544
1486
3616
1046
363
826
999
1068
692
4367
5036
544
641
499
138
811
829
522
782
1385
1394
5359
933
865
11102
2225
809
1054
1921
5175
15715
1343
1307
1170
1369
1296
1177
1245
934
479
1667
6755
589
1238
2113
1734
14439
2964
2610
1559
921
1288
2213
2777
515
1485
1496
3710
13201
1757
886
2440
602
798
681
707
6234
617
388
2360
591
519
462
1182
232
642
9902
5491
383
5784
249
311
517
186
0
0
0
287
308
745
2038
127
142
4279
38202
6321
876
604
5862
452
8086
1665
1609
877
936
939
2020
5885
1916
4270
5122
1129
2089
1990
9733
14273
4168
2939
2739
3397
15896
1125
3951
4041
706
3297
566
8095
933
7532
2198
10482
1205
4500
3273
6414
2412
1633
1319
4907
1104
1213
1058
486
713
12064
581
662
2795
503
1363
3386
8048
2821
535
1003
4957
3257
959
3934
851
1551
364
1472
7499
1159
2013
455
1034
2525
299
258
4893
716
763
288
868
3137
1441
179
2308
6350
489
377
4462
742
1590
1163
2167
787
951
972
6839
711
1504
1775
14326
766
1762
4527
914
1271
1610
4249
2174
2068
781
11979
921
2760
1934
1254
930
1214
9850
1104
615
556
1617
653
798
1699
820
2523
1999
1495
607
688
1309
1099
2296
712
307
812
320
492
562
1655
15893
1736
656
2110
620
549
643
364
452
36
51
287
308
745
0
0
0
125
136
490
3581
8298
6047
15940
885
780
1725
1097
4430
1191
1380
2945
1406
736
1984
2635
3369
3832
1934
1442
3677
5348
3691
2653
2300
1311
5981
3111
4455
854
7186
6921
601
3711
726
2770
5982
3382
4204
8454
5023
898
6948
2845
9457
516
18568
26099
271
1158
506
2144
2948
17595
863
2321
1287
647
1340
3005
1056
2215
429
1286
960
1026
520
729
2413
2484
705
891
1392
439
416
651
2790
1746
2287
476
172
301
596
311
1173
427
243
1011
878
763
763
6788
2010
1325
1027
1156
630
539
3000
1004
1176
16710
713
2828
986
1902
796
3193
1091
1176
1595
27920
3929
2289
558
1568
1072
730
2111
704
593
35840
2138
2387
843
1367
6818
1264
928
30186
1191
3347
593
718
1623
491
5118
1116
1084
345
7004
416
876
342
2609
1754
312
1010
315
294
383
329
316
2020
385
162
2038
127
142
125
136
490
0
0
0
1602
11341
22250
1769
6466
1919
589
956
2499
781
1187
2195
20691
1770
2075
2200
1160
7370
1840
14805
6784
1156
3510
3386
1228
11255
2734
934
1703
1215
725
1538
2784
847
1130
779
1547
22789
1313
1713
1393
717
971
1788
21939
873
1105
642
9917
651
1744
3905
1429
5518
1490
599
3997
4742
922
28529
1783
1257
4408
4791
5309
2499
20613
21297
715
8626
513
2416
5778
959
6315
6526
1146
2693
1471
1174
1950
462
7035
576
1392
539
3330
433
441
6710
1383
7845
1417
8653
472
1989
2715
2362
1105
778
700
269
428
1545
1858
1112
860
14615
1514
1989
1556
3063
1146
2560
1109
20398
848
24398
2791
3191
1514
5969
2843
2151
3484
496
11687
3275
3386
3553
862
10975
2279
7135
565
1249
1104
2329
2871
955
822
2604
2973
1202
4511
1958
1032
893
1766
5865
2619
2591
914
1596
2814
27996
4279
38202
6321
3581
8298
6047
1602
11341
22250
0
0
0
1182
4441
2453
1146
1934
1444
17981
1202
9804
2760
9788
6123
11662
1627
1217
324
1832
235
174
341
108
4780
2529
1651
278
702
5047
10775
1671
3440
891
7402
1678
20438
9907
3909
3821
3365
2059
3164
4008
8584
2349
3930
9886
3197
5902
9412
2492
2362
3564
2496
1998
9054
1112
1748
3147
882
4263
2849
9104
25852
3164
930
2183
2063
3332
2896
8638
1224
455
1354
6755
439
1290
2120
1977
557
359
300
530
4551
648
1001
627
9559
799
785
982
1470
2562
593
866
3573
3177
4920
6874
13227
2434
1045
4324
1214
1919
2740
1609
1512
1830
1607
5597
4917
3489
6394
2029
1656
6000
1617
948
5976
3064
30429
5194
5877
29085
998
4986
1377
2348
2784
1067
1896
1168
727
11643
6521
1758
3220
5104
2472
20921
639
776
3480
1515
1692
10551
3074
1168
13679
1275
2999
2976
1111
7149
876
604
5862
15940
885
780
1769
6466
1919
1182
4441
2453
0
0
0
738
684
2393
424
2225
413
2070
2255
66858
2048
3279
11581
3462
9987
1488
2075
3529
4159
1150
7498
1357
9472
2302
8160
1138
2234
1533
10194
3965
2407
1810
9058
2392
46580
2401
4559
14711
5581
18154
11520
4038
1197
1109
1168
7801
1162
2430
561
527
348
415
1881
725
846
5775
825
1481
735
1194
1426
394
794
11069
6171
919
943
1445
2043
541
1470
12798
3828
1506
3885
5364
10305
849
937
3086
1459
1966
5900
877
4897
1199
975
534
2704
720
1052
1603
528
902
3895
431
3105
1560
1015
3338
4747
1456
17217
42744
3511
1380
6109
1538
978
2333
2513
8663
6397
1260
2550
533
3494
3708
1030
2048
2794
2962
2263
63248
4258
2702
3260
1056
1898
5590
5948
1944
8238
1806
3914
2684
32083
1255
2877
2211
5648
2463
2532
510
1001
2577
3457
1962
827
4275
2059
452
8086
1665
1725
1097
4430
589
956
2499
1146
1934
1444
738
684
2393
0
0
0
206
177
152
687
11829
3067
2604
3467
13521
1212
3690
1182
6888
1596
712
3644
2123
4254
3439
2401
4023
28898
14344
16673
30387
2245
8311
2074
2201
5288
1077
8989
1750
2438
4872
4508
11663
10240
17620
12915
1911
903
1292
1496
5956
4117
2509
8724
7792
3669
2935
2892
1148
2695
2391
4438
3789
1361
6582
3537
990
1190
1289
942
11652
2268
1139
920
2695
2317
843
974
2317
1464
500
2678
5064
7405
1164
491
4345
845
814
1998
1044
1112
8177
3161
1715
1292
1974
1816
1097
693
17321
933
1813
4044
2529
1770
1103
2111
25433
1051
1403
5361
917
2071
2077
1586
1213
1297
6211
1517
2620
7677
11008
1709
1790
1457
2444
3607
1584
922
1412
1368
1813
2422
3389
5836
3381
897
5298
12411
1720
4281
3302
946
2638
2168
1168
8821
2121
1287
6447
1541
1041
1609
877
936
1191
1380
2945
781
1187
2195
17981
1202
9804
424
2225
413
206
177
152
0
0
0
3195
4396
1682
4748
2073
2545
1085
929
1656
3507
1336
728
1153
5734
2371
3329
2863
2081
3044
2526
4230
4020
4746
56311
3007
2418
24129
3628
4595
7572
4629
13011
9041
5144
1257
36179
4893
3731
2341
4168
970
1447
2131
1028
27615
835
1200
2569
22519
626
1174
1932
2614
17300
2395
1054
1941
2068
2019
1529
1115
7745
1663
851
1579
29290
1892
4122
7276
726
1653
1038
4447
3337
2012
1408
1291
2043
8198
1785
1526
3919
1394
901
2683
24591
8157
4932
1361
9197
2781
3175
1188
15389
2337
17145
1369
1378
735
1273
1134
1472
1150
2475
1107
1305
3648
689
611
808
572
1463
5424
1229
686
1424
3814
8443
1320
578
1182
1310
1434
2429
2096
1103
909
1865
1381
1156
1426
663
13398
1750
1631
10495
13584
697
1218
1647
2579
3284
21347
1164
939
2020
5885
1406
736
1984
20691
1770
2075
2760
9788
6123
2070
2255
66858
687
11829
3067
3195
4396
1682
0
0
0
1415
473
733
2462
2475
3711
1450
2150
1570
551
900
746
9865
15691
1404
1030
796
1882
522
281
4101
759
136
203
1047
2603
5676
728
1478
402
4620
13158
4183
2907
1410
9005
3711
6032
3792
4837
2379
1997
5289
4718
6254
7561
1401
6639
5058
3461
3485
994
1925
2532
2455
9023
6294
2729
1923
8537
4334
971
2931
8033
3423
5424
2867
2443
3509
3340
8798
1266
1019
1836
4856
758
1935
2938
4307
1210
2392
927
1327
1409
1200
3422
1475
1920
724
755
3792
384
1948
3841
5298
2301
978
1472
957
1909
1927
2010
1062
895
2711
1558
1035
1367
5286
1520
15224
3463
689
10186
1112
1618
3311
572
2229
2750
1185
1173
1634
1820
574
1263
884
969
7293
1614
3796
910
1575
7173
3231
2448
880
1388
3546
1723
2002
1916
4270
5122
2635
3369
3832
2200
1160
7370
11662
1627
1217
2048
3279
11581
2604
3467
13521
4748
2073
2545
1415
473
733
0
0
0
1279
2662
1548
694
1692
4283
1589
206
1598
656
325
1991
2440
4656
6605
1369
518
2301
1897
1343
915
2797
47325
2049
41014
927
4704
3551
1717
3317
3752
1578
1382
3219
2566
2745
5676
6905
4093
5069
4362
4422
2101
2159
979
1672
1672
1377
40076
3427
865
1690
487
1759
1001
22134
752
2248
14073
955
6035
3441
32780
3283
4280
2052
1453
5142
1676
4396
4335
4996
9398
900
914
22013
12686
585
1064
2500
883
440
829
379
1564
1065
1630
601
3348
13409
598
1810
581
4931
842
1432
629
3176
1633
1063
5798
2727
27824
5497
2505
2387
1186
3161
1167
3025
1283
4607
2604
4745
3325
5806
612
1290
930
1134
1353
11401
1463
5134
3297
3749
2041
3899
1662
1845
5255
4797
2990
20797
494
6507
4993
1514
1129
2089
1990
1934
1442
3677
1840
14805
6784
324
1832
235
3462
9987
1488
1212
3690
1182
1085
929
1656
2462
2475
3711
1279
2662
1548
0
0
0
233
174
318
1426
3340
27798
1305
540
425
5197
48981
2124
2595
2562
2005
5822
1875
4587
22008
1010
5009
5068
2988
3540
2757
24680
2058
5537
2537
779
3126
2967
3465
9163
10257
5581
24957
3714
7866
2960
786
2386
818
1462
1073
553
425
997
4450
3969
364
630
3908
601
3232
817
13483
1044
741
1213
1052
6766
1393
1592
1642
461
414
1764
647
1580
1571
901
2728
492
396
982
529
1090
532
1829
2476
3026
333
460
1074
751
4380
712
10150
675
1278
1414
12804
4240
1178
18161
1123
4448
1029
1474
1724
1198
1192
1436
520
1906
1997
7114
18109
4077
2916
2049
1182
10038
1073
14749
2612
1104
668
735
16502
1787
2948
1217
25113
5261
1532
1072
1602
5666
34994
1604
1381
2081
12161
9733
14273
4168
5348
3691
2653
1156
3510
3386
174
341
108
2075
3529
4159
6888
1596
712
3507
1336
728
1450
2150
1570
694
1692
4283
233
174
318
0
0
0
2013
17999
5573
1141
396
253
8414
8759
3503
1667
3913
1218
3192
2823
25399
1757
13250
1391
8322
7673
8861
13167
4831
8847
12700
1327
999
2441
6433
1216
4607
2511
3401
2687
2123
7173
1617
551
6005
3947
5086
3957
3949
955
2850
5127
12328
1769
5513
2817
11710
3743
1043
690
1354
1894
2263
953
2004
2552
7576
2674
4330
526
830
671
2232
3719
1423
1041
1697
3679
1014
2975
774
2347
3156
528
10785
1392
2657
5254
4122
346
1361
448
632
804
582
2964
439
3040
841
601
4500
2246
5065
973
1330
1912
942
4809
4378
16512
1837
540
1158
685
1466
610
2745
4916
15001
6617
999
5693
2178
907
3391
3978
1873
588
1371
988
38351
932
1779
4125
3745
15502
2150
4314
2939
2739
3397
2300
1311
5981
1228
11255
2734
4780
2529
1651
1150
7498
1357
3644
2123
4254
1153
5734
2371
551
900
746
1589
206
1598
1426
3340
27798
2013
17999
5573
0
0
0
1258
3465
986
1156
2748
2184
53705
8335
277
279
599
1533
2115
2079
5314
1881
1121
4594
5759
1184
40326
1307
4075
8544
2517
2974
3948
1161
1510
11946
5560
7776
3271
5969
1683
1577
1008
12254
1478
5903
20244
906
1665
1258
721
2066
1499
1842
2396
2371
5995
7881
7975
1750
10311
1569
2801
8050
1685
4140
4450
1975
614
3672
2561
666
6187
1186
9467
3510
978
14981
266
5562
2679
554
2892
5593
690
958
1302
826
1404
2031
1563
1636
20687
988
298
817
1923
1055
9654
3502
1138
1250
1630
1880
1795
6810
1459
1227
5646
2746
4208
4227
9777
9894
2226
1174
1125
1914
5037
669
1898
608
2519
2717
1020
518
1112
6057
2401
5846
1056
1796
4208
2102
4085
15896
1125
3951
3111
4455
854
934
1703
1215
278
702
5047
9472
2302
8160
3439
2401
4023
3329
2863
2081
9865
15691
1404
656
325
1991
1305
540
425
1141
396
253
1258
3465
986
0
0
0
1600
4764
2634
2931
1991
2309
19321
1077
2063
3946
4716
2151
2742
1222
4713
6438
4243
8343
9457
2398
3334
7440
3532
1956
1307
10425
4768
4086
4970
4317
5994
20093
15265
2034
516
11277
1720
832
850
2471
731
5125
2642
3054
1598
860
1818
1048
1096
1559
1070
6850
3634
1090
22045
2508
802
1289
6754
3461
1531
12844
5060
2002
1219
2394
2619
1948
3544
4020
3895
36647
6326
1276
2776
2829
1677
2614
1675
5051
1644
3748
5204
2115
2088
2824
3218
1620
22038
1363
1362
1377
1554
2875
1383
4034
5858
716
1469
6856
534
784
1481
1512
735
8578
2457
605
18584
2958
1085
2544
2147
1839
821
987
467
1117
3594
772
1519
23769
3253
16205
1865
672
4041
706
3297
7186
6921
601
725
1538
2784
10775
1671
3440
1138
2234
1533
28898
14344
16673
3044
2526
4230
1030
796
1882
2440
4656
6605
5197
48981
2124
8414
8759
3503
1156
2748
2184
1600
4764
2634
0
0
0
1624
550
497
1247
1413
1801
553
326
664
9225
1307
1101
13865
2508
2715
3367
3971
1149
1794
1047
2118
22792
1599
1792
2173
1380
3542
2580
787
16151
1262
1195
6071
1949
607
959
1208
1148
515
1708
1611
563
4914
642
957
3335
2618
1039
1523
2245
2262
1788
1568
1846
4738
1464
48983
554
1706
779
1865
2261
2567
8678
1618
1681
2546
1733
2862
2859
569
1691
897
3149
7015
939
3280
1081
1130
1847
10230
867
4300
1172
3485
4177
729
726
6099
344
9085
2482
4106
4241
601
2173
1688
517
14752
12126
7640
14327
678
6487
821
506
6166
635
2468
2918
1060
404
1571
2724
665
1503
2720
4182
2276
10708
8921
1405
1748
566
8095
933
3711
726
2770
847
1130
779
891
7402
1678
10194
3965
2407
30387
2245
8311
4020
4746
56311
522
281
4101
1369
518
2301
2595
2562
2005
1667
3913
1218
53705
8335
277
2931
1991
2309
1624
550
497
0
0
0
1306
1294
437
732
9027
451
3506
6333
1351
4836
2892
1113
5258
1331
1330
2129
1594
1430
1786
3485
13951
6954
4685
10448
5670
2773
2590
945
21017
1383
2709
1846
9040
1671
1849
9927
3322
1786
3047
1058
4897
1065
7604
1650
2353
1127
5214
1583
3682
7295
4791
4089
1790
2641
10168
20747
12040
3551
1726
3371
12347
1678
1260
11719
15798
1226
2727
1453
1528
2205
691
1014
33471
1300
1741
3159
2990
1601
1368
3573
2348
2258
2107
2667
1103
693
1721
19347
3254
20493
1686
1503
1073
1130
3692
1335
856
2920
4873
722
4091
2829
20323
1012
14314
1182
4499
1628
1340
29222
1986
1414
4123
2824
1246
3106
3221
19128
9788
1732
7532
2198
10482
5982
3382
4204
1547
22789
1313
20438
9907
3909
1810
9058
2392
2074
2201
5288
3007
2418
24129
759
136
203
1897
1343
915
5822
1875
4587
3192
2823
25399
279
599
1533
19321
1077
2063
1247
1413
1801
1306
1294
437
0
0
0
1384
5983
2424
8166
830
663
9979
4598
2661
2236
2983
1432
1440
3237
2466
2227
72190
13813
1791
2791
5013
2185
2988
1667
1933
2646
2487
2515
3357
5989
870
1596
2499
874
3047
1947
1977
2861
3961
6851
739
6263
3642
1321
1549
3474
2076
5198
8636
2084
2228
4131
1816
9023
3391
888
13819
3720
1763
8258
2450
4774
898
1555
890
2857
5315
4320
5356
1825
1834
4803
10043
7230
1638
8137
2701
5422
1163
1695
2502
2231
2146
2467
6263
1360
1394
724
2718
1303
3000
6070
4311
34736
3094
9558
12716
2594
2209
5911
1945
1275
3046
1744
381
3412
1778
17762
1507
1415
1069
2038
2025
3142
19392
742
1386
1205
4500
3273
8454
5023
898
1713
1393
717
3821
3365
2059
46580
2401
4559
1077
8989
1750
3628
4595
7572
1047
2603
5676
2797
47325
2049
22008
1010
5009
1757
13250
1391
2115
2079
5314
3946
4716
2151
553
326
664
732
9027
451
1384
5983
2424
0
0
0
2795
653
3128
651
703
1150
1241
536
6991
10176
3081
1130
3394
3877
6599
4990
2710
2375
21571
2876
2600
657
1150
4736
7053
2598
4344
3803
1219
4281
2561
1453
2824
2079
13584
6933
1891
3163
2186
1822
2934
11668
1312
21869
2870
2467
54997
2647
5469
2238
4735
1249
5262
1816
5234
4301
8416
1852
3045
5319
7083
2181
20732
1543
1843
2121
3429
1140
6312
716
1182
1265
6262
2143
1721
6064
1805
1123
559
1570
2974
853
3179
730
13168
488
7256
3592
462
10696
2870
1228
551
6680
1278
649
8646
3500
914
720
6302
2850
2923
1972
2183
528
7366
3643
5509
1522
2379
11982
4278
4652
6414
2412
1633
6948
2845
9457
971
1788
21939
3164
4008
8584
14711
5581
18154
2438
4872
4508
4629
13011
9041
728
1478
402
41014
927
4704
5068
2988
3540
8322
7673
8861
1881
1121
4594
2742
1222
4713
9225
1307
1101
3506
6333
1351
8166
830
663
2795
653
3128
0
0
0
985
5376
2851
6774
1686
968
2294
42846
17704
8472
6134
3040
3532
1387
13382
524
1755
523
5584
881
2225
1679
7147
1778
5410
1273
16464
11280
1351
1291
3684
1314
1817
1000
3393
7969
3868
3660
747
3460
7471
8737
3740
2134
4214
856
4268
2074
2103
7560
2004
1229
2074
1951
1743
1536
9412
7800
3058
4109
1329
1436
2256
2632
2705
2462
6759
2916
3609
3363
3599
10209
1039
4495
2650
3341
1548
2373
2340
2107
3296
9372
2246
522
4858
1779
2179
1588
1063
3121
2672
1125
4353
1402
1581
1613
2029
1958
6278
1261
1499
1516
2966
3144
1741
19062
3344
2316
1779
1063
960
1319
4907
1104
516
18568
26099
873
1105
642
2349
3930
9886
11520
4038
1197
11663
10240
17620
5144
1257
36179
4620
13158
4183
3551
1717
3317
2757
24680
2058
13167
4831
8847
5759
1184
40326
6438
4243
8343
13865
2508
2715
4836
2892
1113
9979
4598
2661
651
703
1150
985
5376
2851
0
0
0
767
3414
498
1702
2057
556
2135
2431
1331
1342
3467
4068
5410
11902
2380
3393
3029
2440
6026
677
1702
2499
5307
1103
1362
491
7996
1034
3079
1397
861
995
1463
1286
877
1215
1789
1800
903
1884
759
8031
14772
4869
694
25323
1799
1237
2130
2399
9330
5788
3011
7087
1063
4204
8332
812
3934
2723
1114
1409
9891
1114
805
3121
1508
1427
6366
1159
14470
1681
3972
7567
1949
2891
1134
3042
1024
609
536
1091
1265
1067
3222
977
1528
751
12070
1229
2853
979
950
13042
867
2383
650
492
1417
710
2144
1277
1174
830
2172
1764
2879
6931
1213
1058
486
271
1158
506
9917
651
1744
3197
5902
9412
1109
1168
7801
12915
1911
903
4893
3731
2341
2907
1410
9005
3752
1578
1382
5537
2537
779
12700
1327
999
1307
4075
8544
9457
2398
3334
3367
3971
1149
5258
1331
1330
2236
2983
1432
1241
536
6991
6774
1686
968
767
3414
498
0
0
0
12654
1173
2299
1671
1175
1166
1984
954
7667
23760
1212
2490
1581
56669
7757
2784
1323
1174
4490
1894
2988
2071
24596
2728
2599
7889
1454
8967
511
1229
2582
4763
2125
9665
1301
9689
899
1220
6777
2726
7513
4207
2264
3083
17302
7283
30917
4335
1630
6668
1211
2390
706
801
2497
7196
2852
2293
4879
1100
2906
1403
2626
3047
2455
2287
3559
1756
8885
2691
2092
1819
3556
2243
3628
1824
1627
3238
2859
3484
3551
2301
2362
957
1018
3233
2493
1283
796
1291
1234
18667
2014
14776
787
2745
4478
4036
1682
23836
2581
516
810
481
1208
713
12064
581
2144
2948
17595
3905
1429
5518
2492
2362
3564
1162
2430
561
1292
1496
5956
4168
970
1447
3711
6032
3792
3219
2566
2745
3126
2967
3465
2441
6433
1216
2517
2974
3948
7440
3532
1956
1794
1047
2118
2129
1594
1430
1440
3237
2466
10176
3081
1130
2294
42846
17704
1702
2057
556
12654
1173
2299
0
0
0
188
257
150
484
189
1422
2214
3219
6519
5555
4650
862
1982
1523
16666
1287
1960
804
1767
2199
972
948
3833
868
730
2677
1591
1660
1010
2243
1532
984
577
927
8477
891
1720
2099
2190
33637
2674
1576
13841
2812
4694
2434
2060
2858
5633
2322
5183
7285
1364
879
2965
1273
3376
5531
2101
1618
2130
5360
3112
1861
3561
2599
4313
1545
1955
3615
1070
9196
3685
6183
5837
2149
4820
2952
1116
1461
4604
4785
2946
2710
2660
1840
7291
1935
1147
1829
1539
1698
1775
4461
6915
2505
9004
913
822
603
614
3580
662
2795
503
863
2321
1287
1490
599
3997
2496
1998
9054
527
348
415
4117
2509
8724
2131
1028
27615
4837
2379
1997
5676
6905
4093
9163
10257
5581
4607
2511
3401
1161
1510
11946
1307
10425
4768
22792
1599
1792
1786
3485
13951
2227
72190
13813
3394
3877
6599
8472
6134
3040
2135
2431
1331
1671
1175
1166
188
257
150
0
0
0
1784
427
1718
3157
2033
1498
1383
3676
4210
846
16544
2412
1458
2012
7112
1958
2598
11974
957
7118
2815
1552
2933
2714
2395
2913
1546
2068
4651
1205
1505
1200
4711
9521
1785
645
8359
2312
2300
1095
3544
2230
7057
2534
18034
3561
3318
1589
3254
2359
4174
3739
1852
1615
1039
4097
7504
2159
5799
1059
1758
3248
1390
10626
66604
2509
2078
5678
5841
2863
1474
1356
2842
1701
4963
4108
1020
3438
1518
2573
8767
4532
2844
983
2334
7079
5277
58869
1971
1246
1062
1809
11310
1336
1130
17318
1921
2536
1351
1363
3386
8048
647
1340
3005
4742
922
28529
1112
1748
3147
1881
725
846
7792
3669
2935
835
1200
2569
5289
4718
6254
5069
4362
4422
24957
3714
7866
2687
2123
7173
5560
7776
3271
4086
4970
4317
2173
1380
3542
6954
4685
10448
1791
2791
5013
4990
2710
2375
3532
1387
13382
1342
3467
4068
1984
954
7667
484
189
1422
1784
427
1718
0
0
0
