C_ijk
0
0
0
37
20
1090
131
63
62
425
479
126
159
163
335
271
147
51
1462
430
411
1772
474
391
788
154
421
3368
302
577
1218
248
1097
6508
2171
3010
764
367
526
9793
3629
427
549
1039
911
1203
328
607
7850
4177
309
351
2363
1018
334
731
649
232
337
141
651
7368
1055
1245
241
437
368
1266
2027
651
588
891
217
461
516
719
364
571
394
1306
132
664
284
802
882
2155
328
477
449
367
370
6084
166
1957
4348
1979
12096
801
480
1788
915
1216
812
690
621
10559
1819
1529
4132
888
2045
1896
1383
1379
1719
599
11183
2180
5832
1129
576
1259
2266
1917
2779
1919
333
2537
2054
1141
1072
1465
1202
28598
480
3408
1234
3260
1577
989
834
2202
7684
504
884
1974
1783
29777
1304
1083
5283
3151
1361
599
2087
1340
1271
1208
746
4449
2267
1648
2499
1588
1038
37
20
1090
0
0
0
12
13
17
170
726
128
255
505
194
116
3564
368
428
880
1028
603
363
1223
774
907
1347
590
929
22767
499
967
1292
1653
1699
556
1651
89
934
5422
975
816
398
437
338
716
462
2911
2546
560
563
1225
526
413
451
470
443
370
6504
269
5986
698
942
373
125
420
6988
773
538
2263
480
1648
1129
440
1775
679
257
356
200
2124
151
1740
801
2917
443
1886
463
660
450
169
287
320
243
773
6176
498
874
7716
484
743
2568
2419
284
712
1234
808
2167
647
1085
693
1105
7630
1566
1448
6015
3227
1975
3234
2909
3084
1703
5557
1743
2415
2165
1331
2253
6410
5258
574
7243
387
570
5722
8651
5391
2292
698
5912
797
1553
10383
1919
3599
1495
3121
2110
6052
2293
969
6339
2038
6291
1024
2042
1540
1094
1158
804
4249
1837
12417
19070
8867
1037
131
63
62
12
13
17
0
0
0
162
334
660
69
426
330
419
284
3820
527
952
239
317
4396
3035
723
624
570
620
311
385
1485
767
504
1018
7145
351
680
519
448
513
2426
229
868
344
694
250
658
407
4952
472
591
357
556
703
1219
757
3306
732
1536
4375
584
574
594
334
1033
1157
615
145
405
918
1175
1736
299
1234
181
383
225
502
192
78
133
458
3170
699
1371
2798
1327
140
659
184
520
142
898
794
908
1667
926
1468
958
2049
1056
1497
227
203
3672
804
1518
2002
5215
1096
1557
1177
1627
565
12188
737
2497
598
4052
3581
962
5057
2702
9507
1153
1888
1151
559
1174
2019
1048
476
6208
1026
1262
3826
556
2039
1592
2294
3066
3817
3059
3233
4850
798
3315
2030
2347
707
12653
7697
1610
1659
2295
1637
3670
3813
2796
3917
4323
560
18450
1478
1219
425
479
126
170
726
128
162
334
660
0
0
0
147
1208
249
200
128
208
94
165
8262
8969
285
9041
328
1315
259
220
156
591
421
2669
1214
2248
675
722
137
414
146
414
429
1337
1610
342
602
877
693
1670
447
751
464
857
1048
94
364
285
927
876
263
448
6125
512
735
1104
1337
472
7120
994
1669
339
2524
1414
726
1066
15735
922
237
439
399
9850
12169
245
5556
849
1099
1367
406
563
548
495
1605
1489
546
1185
976
3030
701
851
416
660
2021
2855
388
449
463
3764
36730
2856
1078
1802
865
12957
11640
8955
5549
913
2712
1371
1217
931
13527
9758
683
2471
13898
3102
1089
804
923
1531
572
2990
10846
1375
2705
16736
1066
4922
1102
3224
3961
11059
1590
1178
3414
1367
1227
2907
3390
26056
1626
1524
2128
1045
578
2142
1367
2145
13202
3187
4641
1377
7208
3479
2394
159
163
335
255
505
194
69
426
330
147
1208
249
0
0
0
18
102
201
154
72
162
203
306
669
321
289
625
3327
347
540
2241
1038
364
1025
584
2023
1224
306
325
526
2835
1744
357
589
313
3486
423
519
285
2757
902
404
3799
1539
5275
1691
1102
3045
1070
1878
581
2113
680
734
325
264
1691
1465
796
1191
447
1136
2549
889
435
322
449
699
584
1176
145
355
436
6952
436
12936
743
1197
240
404
155
207
147
2284
199
467
648
360
459
314
884
1443
376
983
184
2728
2430
1595
2925
326
8445
395
914
733
8058
1137
1240
1790
3328
774
8378
699
897
2303
2676
527
627
2050
742
31477
787
1871
2598
4703
2092
1305
719
4486
527
811
1964
1277
8776
2877
1763
1249
1761
7892
2524
1795
1840
2563
961
883
1276
1526
2917
1921
6403
879
5388
692
3161
849
768
271
147
51
116
3564
368
419
284
3820
200
128
208
18
102
201
0
0
0
330
493
70
847
623
205
1080
1232
242
5241
642
926
11750
347
1475
925
802
855
287
378
248
3219
268
7005
372
2221
719
1745
483
1639
650
1562
640
365
654
539
1141
654
385
1217
1335
886
1461
940
3916
635
380
296
179
3128
1026
1471
4924
1422
685
1699
565
240
269
310
264
342
156
180
617
165
419
1377
172
6161
5786
738
485
534
365
792
1031
428
591
398
709
982
445
6708
1225
239
522
1744
1300
1466
12524
12343
3416
1058
374
2033
2469
4073
4027
822
1277
3433
2072
769
1511
620
1546
11498
8247
2862
4815
1016
1550
730
3014
1579
919
650
906
1500
1342
2060
853
2951
1326
3620
2340
4202
1040
28135
6477
4203
3413
661
9102
2008
1619
690
5366
534
2979
4224
1615
17281
1333
1238
2460
1462
430
411
428
880
1028
527
952
239
94
165
8262
154
72
162
330
493
70
0
0
0
792
902
781
6823
1889
680
627
161
153
4774
3930
1736
313
196
809
584
297
445
1311
1494
963
806
249
2815
1373
482
1478
364
572
645
1280
492
813
313
466
538
944
325
279
2164
3665
296
221
1090
533
1489
784
6939
1311
1082
1172
852
3832
911
1388
287
539
318
367
359
567
560
254
860
544
658
1335
259
648
132
8043
702
694
2291
652
2504
280
467
1168
1793
318
1181
604
298
1511
1123
10532
3347
1785
10192
1061
614
761
1395
6231
996
4066
3738
7783
3696
1177
2449
3758
4216
1763
3434
1247
1189
1435
1257
9802
2678
470
1306
1762
2629
5464
3059
1856
1429
33129
1342
1851
4098
2688
13298
1002
2721
4478
54793
6642
16020
1032
2187
1041
1406
4964
1456
2674
2718
1602
8100
39715
1652
1772
474
391
603
363
1223
317
4396
3035
8969
285
9041
203
306
669
847
623
205
792
902
781
0
0
0
383
58
255
596
183
4230
561
273
443
896
1081
375
1193
3409
826
1240
857
779
495
273
4591
3924
23743
1779
387
8349
743
1634
382
369
1318
18202
4963
6074
1030
1991
445
1116
973
2647
1305
8129
715
467
13770
6031
846
407
1423
1065
512
1164
762
1322
1961
629
595
325
1559
1136
1142
702
530
1311
3882
562
473
247
424
560
755
773
1972
445
348
200
1333
2373
792
4345
562
3134
2770
599
1915
3227
559
3759
1545
1926
1707
1276
867
4000
886
2724
4615
7402
1994
2748
472
1080
746
1610
3524
1152
1006
7815
4590
9691
1385
3787
1685
954
1529
889
456
1926
2739
3814
2163
6690
2474
2207
1446
4575
2165
9324
5280
1054
20922
583
1572
2152
4433
3609
1061
1553
870
6190
791
788
154
421
774
907
1347
723
624
570
328
1315
259
321
289
625
1080
1232
242
6823
1889
680
383
58
255
0
0
0
1359
157
597
591
379
298
3128
702
435
467
558
493
594
1095
2332
7097
1582
2796
1404
744
1719
1981
2763
3266
1592
641
22892
2289
1356
980
890
577
1442
742
6583
502
555
660
13034
564
2359
710
1212
15635
916
1579
572
1732
925
1020
1855
812
318
3367
1832
1125
348
706
773
1471
3952
277
696
876
443
418
871
680
623
466
331
255
701
792
3441
286
838
424
2271
2818
1471
707
922
374
1021
1517
752
682
450
1142
2442
5842
1359
3378
11463
2162
2988
2029
808
877
2907
1616
6324
2724
4080
5987
4242
1280
29972
3560
1539
24538
9105
5272
4003
2636
3628
2128
4783
3993
4767
1150
16663
2115
3804
4356
2646
2240
317
964
1143
808
901
298
1874
1150
1105
532
3368
302
577
590
929
22767
620
311
385
220
156
591
3327
347
540
5241
642
926
627
161
153
596
183
4230
1359
157
597
0
0
0
420
68
46
267
829
73
684
3097
862
663
662
482
911
943
510
2225
1763
875
3364
2797
317
1255
490
3978
445
1244
730
2487
360
1298
1945
7312
1303
634
570
4788
3297
1129
3174
849
21807
1035
811
8819
9469
1288
700
1094
473
383
2672
1108
3295
894
1403
1491
3262
1742
3129
27004
2230
2430
4614
2695
911
2710
3022
273
972
1086
714
2388
689
1391
4615
450
1260
755
1812
5905
1069
295
2717
1222
817
281
1052
1211
9990
6272
6198
1700
654
3674
3524
1442
750
1194
310
2732
17820
759
857
1282
1096
3640
1119
4831
1957
2655
990
997
2334
1967
4494
73939
19762
4995
4542
5109
728
1680
2156
460
426
1180
8098
3206
1024
951
3079
2125
4232
1300
708
1218
248
1097
499
967
1292
1485
767
504
421
2669
1214
2241
1038
364
11750
347
1475
4774
3930
1736
561
273
443
591
379
298
420
68
46
0
0
0
302
147
169
345
609
658
388
684
2580
609
213
991
1844
1608
754
1361
1324
1358
6053
12902
478
273
2320
1248
1353
9789
929
4457
456
1456
276
756
654
879
497
1440
681
1127
1146
1486
9339
6808
349
1144
2639
1658
1994
2336
974
756
1987
4500
11331
1030
1033
532
6411
3430
3952
1035
1469
754
670
975
526
995
2097
1389
3222
1087
1013
569
361
811
1056
1754
558
2012
4313
531
4820
449
1701
2426
3275
3312
1827
24177
2373
3275
6302
1504
1814
531
6528
19313
15660
24496
953
463
26696
3336
911
3431
7394
3853
1543
2986
61087
2615
2189
2972
3894
2022
1809
2271
3331
2752
3885
5584
572
4777
23486
1158
2006
13149
13609
1231
7833
5725
2078
1545
6508
2171
3010
1653
1699
556
1018
7145
351
2248
675
722
1025
584
2023
925
802
855
313
196
809
896
1081
375
3128
702
435
267
829
73
302
147
169
0
0
0
2287
203
1265
345
343
426
720
2632
1214
2958
497
684
819
753
917
1481
866
1394
1538
484
2428
1718
1098
1806
1303
11561
6551
588
478
1018
1220
2256
17725
961
1028
2694
2630
1148
14007
1870
1270
1583
4020
1186
3389
1722
708
2037
2477
695
2185
385
1560
3318
2708
646
523
2753
1034
840
1584
686
494
682
1221
1094
1171
5962
2281
1087
1472
1801
568
1069
873
239
500
221
1249
1669
592
2667
9220
4917
2590
1024
987
27234
878
15518
1229
426
627
7956
4378
3928
1706
2115
3802
1958
11456
3357
895
18276
3072
4526
1508
2717
4178
4285
1328
1949
3347
1758
4014
4183
2858
1136
1605
1446
9876
4391
1801
3576
930
2233
4289
4405
3074
764
367
526
1651
89
934
680
519
448
137
414
146
1224
306
325
287
378
248
584
297
445
1193
3409
826
467
558
493
684
3097
862
345
609
658
2287
203
1265
0
0
0
266
1241
617
262
177
130
1189
459
1493
171
898
301
167
1638
503
397
1510
383
195
2012
601
365
2160
7283
224
743
1490
2058
1008
1153
2134
507
697
443
467
242
3079
258
561
615
4917
1457
2816
1830
832
666
788
3772
1033
644
1983
3566
1117
1169
439
1520
1805
402
643
1032
1174
971
1219
552
496
3704
977
549
2987
2300
1691
1950
286
5105
1436
1496
8185
2927
1607
724
2934
818
854
3949
3352
959
2547
1224
419
255
2364
3711
4221
2852
906
4385
4356
4445
1362
3582
3573
4365
2608
1662
2608
14075
1213
2301
525
1805
812
1575
1684
4186
1298
8673
662
2824
1460
623
2299
996
757
2383
1958
1971
9793
3629
427
5422
975
816
513
2426
229
414
429
1337
526
2835
1744
3219
268
7005
1311
1494
963
1240
857
779
594
1095
2332
663
662
482
388
684
2580
345
343
426
266
1241
617
0
0
0
154
2604
111
1092
3232
970
476
509
887
682
1226
864
1481
420
1305
6533
627
1429
441
839
1980
3797
316
962
423
785
4138
1948
3464
2774
808
1168
10554
1574
2052
3166
657
580
1369
838
701
843
987
2356
5739
1211
1679
1475
2982
947
2492
2394
2358
1703
19499
386
582
3126
4592
7180
1276
6038
1996
1447
292
1208
5050
1990
1389
1758
758
1156
737
1321
3586
1411
1843
1429
734
805
37877
747
1318
1362
259
908
456
752
3812
2062
4559
1885
797
1304
2527
1487
685
8276
1085
2295
5143
2209
13069
1530
2198
9486
13166
42764
2139
1799
20440
29753
1925
14270
9413
3392
5293
4122
6455
2377
2318
1016
1814
549
1039
911
398
437
338
868
344
694
1610
342
602
357
589
313
372
2221
719
806
249
2815
495
273
4591
7097
1582
2796
911
943
510
609
213
991
720
2632
1214
262
177
130
154
2604
111
0
0
0
981
512
294
84
1155
564
372
1033
668
1711
467
361
1372
1013
2073
2660
872
883
787
490
453
1013
492
481
3789
627
1789
2378
604
2039
1116
19443
541
927
581
397
1364
281
315
4019
1194
1735
329
669
3564
19527
406
453
993
2052
2038
10107
54182
927
4982
1312
8616
868
972
2926
6777
1107
1380
2184
3127
21877
4008
1684
870
1923
655
1603
1229
686
825
2795
836
1338
422
751
383
332
2119
4452
1000
1084
6433
476
839
6538
2578
2766
1847
2517
8339
1271
33150
891
2662
7361
1539
16384
2143
3378
2652
7457
1743
11887
3262
3112
1041
2123
4723
1398
7475
13736
3972
19307
1833
2195
1203
328
607
716
462
2911
250
658
407
877
693
1670
3486
423
519
1745
483
1639
1373
482
1478
3924
23743
1779
1404
744
1719
2225
1763
875
1844
1608
754
2958
497
684
1189
459
1493
1092
3232
970
981
512
294
0
0
0
164
99
110
4341
353
168
134
461
105
237
692
2530
195
705
272
1119
297
855
568
873
356
471
7640
476
2187
3190
269
2663
1901
966
1311
2180
417
1849
6320
5195
1142
14993
1268
652
762
760
1463
2359
1144
2089
3734
5279
4211
2176
606
766
615
3598
6342
3244
54361
6320
1023
627
14100
3700
876
1419
7426
4899
1207
1846
8358
5675
1018
517
1026
917
246
1101
1025
759
1835
774
2891
625
319
429
893
2032
1644
3805
2609
6062
9170
2009
916
1102
1324
3814
1217
1579
1592
2734
15563
1418
2554
2704
36271
2052
5098
2805
1909
3206
1468
1180
2791
1305
1782
19446
45332
7850
4177
309
2546
560
563
4952
472
591
447
751
464
285
2757
902
650
1562
640
364
572
645
387
8349
743
1981
2763
3266
3364
2797
317
1361
1324
1358
819
753
917
171
898
301
476
509
887
84
1155
564
164
99
110
0
0
0
158
228
189
171
247
489
165
2318
490
2141
577
1110
8848
166
1453
531
658
4036
1037
1337
2763
1555
1193
954
678
268
1781
1856
821
843
2893
1228
2801
694
1407
1918
744
534
602
894
5284
3901
518
4958
1336
16490
2203
8126
646
832
1030
1429
915
2774
769
378
1690
4382
1789
1657
729
2787
2829
19115
1334
3033
1927
1888
536
748
367
7770
1020
574
691
2115
421
4162
308
2018
297
1884
864
14024
2758
2460
1288
574
1106
1676
14517
1920
677
1999
5707
11759
2377
2267
1553
2553
1069
824
6674
582
20949
2685
22863
7736
2447
9641
2126
3022
10937
2981
351
2363
1018
1225
526
413
357
556
703
857
1048
94
404
3799
1539
365
654
539
1280
492
813
1634
382
369
1592
641
22892
1255
490
3978
6053
12902
478
1481
866
1394
167
1638
503
682
1226
864
372
1033
668
4341
353
168
158
228
189
0
0
0
1057
527
179
1866
1264
478
199
823
688
327
152
167
3108
3687
1067
1083
5426
729
540
439
4272
853
3125
1007
2217
568
1197
573
782
10738
1559
580
724
3407
2011
1071
267
472
2202
3025
776
1699
1344
1862
4429
1130
1131
2096
438
3916
548
3217
1534
767
1532
1722
3342
899
3412
808
1029
3202
4242
1183
4840
1049
614
758
499
2941
997
1374
748
290
629
5472
1443
3770
3120
1606
1215
3220
2803
1949
586
1175
1843
1444
2563
542
1045
1517
4823
1355
1934
1031
3153
2790
1473
3368
6653
3540
38078
8370
5039
1914
7876
1789
2764
13758
2034
334
731
649
451
470
443
1219
757
3306
364
285
927
5275
1691
1102
1141
654
385
313
466
538
1318
18202
4963
2289
1356
980
445
1244
730
273
2320
1248
1538
484
2428
397
1510
383
1481
420
1305
1711
467
361
134
461
105
171
247
489
1057
527
179
0
0
0
576
372
793
361
444
801
412
400
2032
1578
616
923
1412
1232
1368
4555
521
614
1471
1316
1384
803
2172
458
884
816
31540
1558
1161
392
287
659
1192
1782
758
2211
1117
1631
3229
4667
1206
911
809
9662
1427
2553
908
2127
519
1563
1998
2762
2955
1695
8053
3486
1421
1132
18434
2030
1140
799
3109
742
440
908
8280
5211
540
3492
1703
1703
422
238
547
1794
456
562
4224
8596
784
671
1616
1996
1575
5214
2762
2174
3659
8586
2320
2160
847
1486
15738
2367
1398
3393
1388
11204
1546
1244
2488
1560
2282
2771
890
987
232
337
141
370
6504
269
732
1536
4375
876
263
448
3045
1070
1878
1217
1335
886
944
325
279
6074
1030
1991
890
577
1442
2487
360
1298
1353
9789
929
1718
1098
1806
195
2012
601
6533
627
1429
1372
1013
2073
237
692
2530
165
2318
490
1866
1264
478
576
372
793
0
0
0
1492
485
410
55
542
196
1208
281
297
3099
1101
1032
182
1415
139
1110
696
229
5755
2665
424
699
2554
2500
1097
884
468
1534
257
1330
521
688
2125
717
439
2095
2877
927
298
495
2024
1730
1069
1559
1353
1395
7601
2736
1271
747
1773
9362
4604
6158
840
1866
3302
1483
412
1089
2822
2668
1642
1007
646
20356
2377
11511
1910
701
9312
1248
2466
1132
1266
2720
2238
2812
443
5605
1166
1334
2158
2331
1744
1527
1630
1427
1998
646
28558
760
2578
1606
9030
1432
28958
2402
2176
39241
3830
1243
864
2524
3232
651
7368
1055
5986
698
942
584
574
594
6125
512
735
581
2113
680
1461
940
3916
2164
3665
296
445
1116
973
742
6583
502
1945
7312
1303
4457
456
1456
1303
11561
6551
365
2160
7283
441
839
1980
2660
872
883
195
705
272
2141
577
1110
199
823
688
361
444
801
1492
485
410
0
0
0
204
779
226
2824
627
365
1689
543
241
911
312
701
230
2810
1629
474
442
931
1294
3958
2879
1176
708
156
430
744
3869
585
1076
723
2383
16076
20524
1857
9995
501
1669
3767
4159
707
1882
850
2722
6419
1768
3824
2527
3882
894
1522
3136
27826
3630
5360
593
766
205
896
3886
5618
944
1283
2972
5665
564
2973
16862
414
1213
1071
2436
1227
1856
962
1700
357
2582
551
3713
779
1798
6295
4063
750
919
360
1580
658
2986
2451
6205
3902
616
1294
8525
1747
1679
1618
24083
2262
3506
2390
1245
241
437
373
125
420
334
1033
1157
1104
1337
472
734
325
264
635
380
296
221
1090
533
2647
1305
8129
555
660
13034
634
570
4788
276
756
654
588
478
1018
224
743
1490
3797
316
962
787
490
453
1119
297
855
8848
166
1453
327
152
167
412
400
2032
55
542
196
204
779
226
0
0
0
1057
199
144
985
334
296
1891
645
1150
439
1009
4234
589
229
240
1563
11741
141
298
1477
456
4975
1535
732
1367
401
1319
955
360
14724
597
1765
6379
890
12667
3882
860
628
1276
9384
766
2292
732
4453
872
3649
894
3595
820
982
5157
569
1051
987
1168
520
1008
1557
1085
6352
4317
1720
992
413
1694
370
2073
1155
2795
1933
2871
7371
483
372
811
5628
4290
1583
1442
5310
5983
3205
3705
671
1484
45666
1872
890
4116
1438
3384
2367
3663
1950
1001
2453
5632
2290
919
368
1266
2027
6988
773
538
615
145
405
7120
994
1669
1691
1465
796
179
3128
1026
1489
784
6939
715
467
13770
564
2359
710
3297
1129
3174
879
497
1440
1220
2256
17725
2058
1008
1153
423
785
4138
1013
492
481
568
873
356
531
658
4036
3108
3687
1067
1578
616
923
1208
281
297
2824
627
365
1057
199
144
0
0
0
409
231
306
1200
78
89
37
60
105
807
377
921
212
240
2752
322
234
334
461
173
96
1447
3831
512
670
2109
720
1155
903
2761
1704
737
2308
186
2926
2212
4835
1195
1307
3416
12862
6368
1875
2561
2675
2056
1688
3684
2662
1483
1217
1854
2098
3238
5451
877
1044
11430
1197
2968
2226
497
1470
1698
1303
1213
6617
875
1692
514
4881
706
1154
525
2704
3871
3208
1855
772
8859
1319
1321
963
16192
765
439
2999
3125
3105
3561
2042
1698
3282
1252
1417
7036
651
588
891
2263
480
1648
918
1175
1736
339
2524
1414
1191
447
1136
1471
4924
1422
1311
1082
1172
6031
846
407
1212
15635
916
849
21807
1035
681
1127
1146
961
1028
2694
2134
507
697
1948
3464
2774
3789
627
1789
471
7640
476
1037
1337
2763
1083
5426
729
1412
1232
1368
3099
1101
1032
1689
543
241
985
334
296
409
231
306
0
0
0
220
761
239
419
805
395
677
8584
900
557
448
377
161
1116
695
746
967
10035
393
953
789
4466
2093
5796
1398
1262
708
1418
720
490
2204
894
346
1410
4912
11310
3079
3072
2303
1820
12820
5809
25374
9831
2520
2098
16703
1116
888
19335
1250
2334
10436
5620
33974
4027
5996
973
1215
6673
1787
1814
4058
2287
724
484
867
476
5491
1923
3463
884
551
493
2010
546
555
1003
2343
33527
1402
1098
1649
4551
1285
4692
2912
7361
1807
5759
1495
2639
1584
217
461
516
1129
440
1775
299
1234
181
726
1066
15735
2549
889
435
685
1699
565
852
3832
911
1423
1065
512
1579
572
1732
811
8819
9469
1486
9339
6808
2630
1148
14007
443
467
242
808
1168
10554
2378
604
2039
2187
3190
269
1555
1193
954
540
439
4272
4555
521
614
182
1415
139
911
312
701
1891
645
1150
1200
78
89
220
761
239
0
0
0
367
57
67
316
327
1536
544
317
2006
518
53
1981
548
485
196
1923
5105
594
611
15585
1122
4521
6893
464
4894
3855
1823
2646
254
1684
951
2044
3532
1353
15563
1094
1473
1080
2209
2413
3098
2978
738
6487
731
6382
1689
979
2340
21033
9596
1121
3481
1418
498
1007
4497
659
779
1370
478
881
1011
1403
1023
668
2725
2771
941
1152
1258
413
1768
6806
1030
2050
2215
710
3359
964
1587
5965
978
17668
4372
1027
2183
2902
2066
3212
719
364
571
679
257
356
383
225
502
922
237
439
322
449
699
240
269
310
1388
287
539
1164
762
1322
925
1020
1855
1288
700
1094
349
1144
2639
1870
1270
1583
3079
258
561
1574
2052
3166
1116
19443
541
2663
1901
966
678
268
1781
853
3125
1007
1471
1316
1384
1110
696
229
230
2810
1629
439
1009
4234
37
60
105
419
805
395
367
57
67
0
0
0
301
1931
649
449
819
257
281
474
411
218
232
157
646
564
183
1117
1083
1730
1826
697
10915
724
819
714
606
8662
6069
1794
2498
8382
4046
34071
2382
2100
1615
3432
4816
3910
4281
3310
12794
645
1543
1559
2971
2270
1428
12250
1061
2054
1752
507
792
1414
2523
14039
2076
1401
2114
1217
672
1782
1177
1840
1538
1965
2329
851
608
3357
2911
1725
3217
1732
665
294
3432
867
4029
721
3776
1976
9007
3477
6758
646
3082
394
1306
132
200
2124
151
192
78
133
399
9850
12169
584
1176
145
264
342
156
318
367
359
1961
629
595
812
318
3367
473
383
2672
1658
1994
2336
4020
1186
3389
615
4917
1457
657
580
1369
927
581
397
1311
2180
417
1856
821
843
2217
568
1197
803
2172
458
5755
2665
424
474
442
931
589
229
240
807
377
921
677
8584
900
316
327
1536
301
1931
649
0
0
0
203
526
147
941
822
113
61
101
212
246
847
459
3557
531
327
1534
282
795
893
980
378
3510
732
339
1322
3188
1499
5606
727
3429
651
3873
2232
10048
1312
10737
3103
59468
6430
2085
1296
6144
702
784
2447
1615
1397
2123
1585
1440
2074
1339
2640
1874
775
351
6673
11362
18802
1881
681
1821
734
15829
906
3893
454
5546
2123
5192
3238
31259
2430
1047
1545
517
1602
6217
501
1210
5996
1271
1014
2452
664
284
802
1740
801
2917
458
3170
699
245
5556
849
355
436
6952
180
617
165
567
560
254
325
1559
1136
1832
1125
348
1108
3295
894
974
756
1987
1722
708
2037
2816
1830
832
838
701
843
1364
281
315
1849
6320
5195
2893
1228
2801
573
782
10738
884
816
31540
699
2554
2500
1294
3958
2879
1563
11741
141
212
240
2752
557
448
377
544
317
2006
449
819
257
203
526
147
0
0
0
21
203
52
701
103
57
221
940
291
787
333
325
319
1412
728
573
385
4569
132
165
479
3541
2866
3395
1820
1709
788
2248
11952
1499
2037
1941
1271
13631
1980
1103
1303
2220
26594
1988
1373
1107
2033
1540
9727
3494
6241
1508
2186
2325
2141
21471
790
1276
770
1278
1614
835
886
4564
1573
2142
639
2983
3819
1560
2513
1904
1702
1124
993
1076
1251
831
1511
3248
2085
1962
1341
2950
6750
882
2155
328
443
1886
463
1371
2798
1327
1099
1367
406
436
12936
743
419
1377
172
860
544
658
1142
702
530
706
773
1471
1403
1491
3262
4500
11331
1030
2477
695
2185
666
788
3772
987
2356
5739
4019
1194
1735
1142
14993
1268
694
1407
1918
1559
580
724
1558
1161
392
1097
884
468
1176
708
156
298
1477
456
322
234
334
161
1116
695
518
53
1981
281
474
411
941
822
113
21
203
52
0
0
0
642
326
99
463
207
673
618
4483
533
234
832
333
551
900
199
1001
692
251
1452
3057
3756
11792
705
1807
2445
1979
1178
1691
1148
1112
2176
6724
2758
1683
3272
1430
1029
1248
1065
472
12644
2926
1671
7503
821
2672
7804
1065
1967
2125
1468
1463
12533
714
4505
2066
1996
1354
728
1421
902
865
19070
961
543
1311
651
630
1912
905
10457
2301
13446
565
1739
3646
2774
45144
477
449
367
660
450
169
140
659
184
563
548
495
1197
240
404
6161
5786
738
1335
259
648
1311
3882
562
3952
277
696
1742
3129
27004
1033
532
6411
385
1560
3318
1033
644
1983
1211
1679
1475
329
669
3564
652
762
760
744
534
602
3407
2011
1071
287
659
1192
1534
257
1330
430
744
3869
4975
1535
732
461
173
96
746
967
10035
548
485
196
218
232
157
61
101
212
701
103
57
642
326
99
0
0
0
138
1548
409
385
691
596
416
926
1348
732
930
8253
420
438
656
1138
2509
7125
712
589
770
4707
1812
712
1280
1897
3043
1471
1399
1776
1515
6708
9055
1594
1107
2602
1575
1738
4552
11375
504
970
4427
2107
14606
1664
29868
2874
2829
808
1587
1013
609
1228
1233
668
617
1124
2725
1681
993
3712
1454
493
5402
721
1737
1084
1746
604
2109
3055
729
1684
1678
370
6084
166
287
320
243
520
142
898
1605
1489
546
155
207
147
485
534
365
132
8043
702
473
247
424
876
443
418
2230
2430
4614
3430
3952
1035
2708
646
523
3566
1117
1169
2982
947
2492
19527
406
453
1463
2359
1144
894
5284
3901
267
472
2202
1782
758
2211
521
688
2125
585
1076
723
1367
401
1319
1447
3831
512
393
953
789
1923
5105
594
646
564
183
246
847
459
221
940
291
463
207
673
138
1548
409
0
0
0
6868
231
1651
2664
255
739
3512
410
389
228
64
105
3124
662
1764
1519
416
3397
1535
889
4990
1970
1294
4050
1295
11421
2754
1111
1111
449
20700
3932
7454
1838
871
52063
586
1188
1250
2617
1535
962
681
3419
5233
13182
3436
1386
1068
1022
46961
1151
630
4658
1764
1048
1441
4297
2444
2390
1446
1416
538
2904
4435
3727
756
23599
973
23188
3304
9034
1957
4348
1979
773
6176
498
794
908
1667
1185
976
3030
2284
199
467
792
1031
428
694
2291
652
560
755
773
871
680
623
2695
911
2710
1469
754
670
2753
1034
840
439
1520
1805
2394
2358
1703
993
2052
2038
2089
3734
5279
518
4958
1336
3025
776
1699
1117
1631
3229
717
439
2095
2383
16076
20524
955
360
14724
670
2109
720
4466
2093
5796
611
15585
1122
1117
1083
1730
3557
531
327
787
333
325
618
4483
533
385
691
596
6868
231
1651
0
0
0
193
116
415
38
65
57
150
854
722
3717
1062
7568
1741
1257
1614
3282
722
31406
2594
3969
1130
2949
1884
6765
3827
12886
3045
3127
638
5754
970
1108
1520
2596
3412
1137
2527
6690
3026
1826
2089
11618
1065
721
1305
774
9894
1698
15333
1473
2016
889
7060
1860
607
6324
841
397
2291
20077
951
887
1727
1172
17965
664
2760
5112
951
12096
801
480
874
7716
484
926
1468
958
701
851
416
648
360
459
591
398
709
2504
280
467
1972
445
348
466
331
255
3022
273
972
975
526
995
1584
686
494
402
643
1032
19499
386
582
10107
54182
927
4211
2176
606
16490
2203
8126
1344
1862
4429
4667
1206
911
2877
927
298
1857
9995
501
597
1765
6379
1155
903
2761
1398
1262
708
4521
6893
464
1826
697
10915
1534
282
795
319
1412
728
234
832
333
416
926
1348
2664
255
739
193
116
415
0
0
0
108
334
311
174
121
118
2316
1110
3473
1308
653
283
3471
16716
4519
1147
621
2533
2284
28989
675
1984
1526
4955
2340
4307
6180
863
4297
2272
4543
1874
14673
1449
5279
3786
2934
4329
1287
1261
9490
2452
3208
2654
4956
16271
7212
1702
68274
9052
3092
2416
13699
40903
635
697
1023
345
665
1673
975
15709
2345
1974
55537
1468
1788
915
1216
743
2568
2419
2049
1056
1497
660
2021
2855
314
884
1443
982
445
6708
1168
1793
318
200
1333
2373
701
792
3441
1086
714
2388
2097
1389
3222
682
1221
1094
1174
971
1219
3126
4592
7180
4982
1312
8616
766
615
3598
646
832
1030
1130
1131
2096
809
9662
1427
495
2024
1730
1669
3767
4159
890
12667
3882
1704
737
2308
1418
720
490
4894
3855
1823
724
819
714
893
980
378
573
385
4569
551
900
199
732
930
8253
3512
410
389
38
65
57
108
334
311
0
0
0
917
91
112
6438
4012
7466
10678
1356
838
1026
8331
2467
1356
857
2002
9783
1554
1665
4754
1496
991
10735
5544
1656
8788
10546
7706
2887
3969
830
1271
2278
2159
2436
2159
974
32059
1697
4538
4059
874
1931
3550
5789
1850
13813
2421
9390
2144
7290
720
1082
618
653
4179
765
513
678
12518
5760
2990
552
766
812
690
621
284
712
1234
227
203
3672
388
449
463
376
983
184
1225
239
522
1181
604
298
792
4345
562
286
838
424
689
1391
4615
1087
1013
569
1171
5962
2281
552
496
3704
1276
6038
1996
868
972
2926
6342
3244
54361
1429
915
2774
438
3916
548
2553
908
2127
1069
1559
1353
707
1882
850
860
628
1276
186
2926
2212
2204
894
346
2646
254
1684
606
8662
6069
3510
732
339
132
165
479
1001
692
251
420
438
656
228
64
105
150
854
722
174
121
118
917
91
112
0
0
0
734
2009
1114
983
803
1498
3085
1677
989
2162
755
12691
2044
26023
4452
4651
6103
15265
1351
4920
2776
1650
1618
1372
3249
1733
8449
3096
3656
1549
11950
3416
1991
2017
3580
1565
23525
2767
1762
3726
2838
1953
5294
444
3249
1087
1769
4621
325
2175
1176
3706
854
5788
8671
400
2480
798
8177
1832
10559
1819
1529
808
2167
647
804
1518
2002
3764
36730
2856
2728
2430
1595
1744
1300
1466
1511
1123
10532
3134
2770
599
2271
2818
1471
450
1260
755
361
811
1056
1087
1472
1801
977
549
2987
1447
292
1208
6777
1107
1380
6320
1023
627
769
378
1690
3217
1534
767
519
1563
1998
1395
7601
2736
2722
6419
1768
9384
766
2292
4835
1195
1307
1410
4912
11310
951
2044
3532
1794
2498
8382
1322
3188
1499
3541
2866
3395
1452
3057
3756
1138
2509
7125
3124
662
1764
3717
1062
7568
2316
1110
3473
6438
4012
7466
734
2009
1114
0
0
0
3119
2359
8141
629
8399
11390
1495
472
935
3308
1045
4577
1920
742
910
96
490
159
1353
143
163
793
4503
1157
982
13866
1209
2300
2889
11388
3339
5276
2555
2275
2138
3590
4578
40240
2112
4415
47866
3080
1788
7148
13051
3065
923
1232
2938
2024
2019
2343
2140
3661
4421
1183
14564
4132
888
2045
1085
693
1105
5215
1096
1557
1078
1802
865
2925
326
8445
12524
12343
3416
3347
1785
10192
1915
3227
559
707
922
374
1812
5905
1069
1754
558
2012
568
1069
873
2300
1691
1950
5050
1990
1389
2184
3127
21877
14100
3700
876
4382
1789
1657
1532
1722
3342
2762
2955
1695
1271
747
1773
3824
2527
3882
732
4453
872
3416
12862
6368
3079
3072
2303
1353
15563
1094
4046
34071
2382
5606
727
3429
1820
1709
788
11792
705
1807
712
589
770
1519
416
3397
1741
1257
1614
1308
653
283
10678
1356
838
983
803
1498
3119
2359
8141
0
0
0
784
6771
810
2618
1026
664
1812
3727
1761
2039
25998
2809
2404
3496
4536
2132
2116
778
22535
1698
1826
23081
7079
6135
2951
861
3007
16466
1653
2630
6832
19061
2746
2285
3418
23195
23229
5518
7052
5599
19436
2228
1164
4436
1317
1522
589
12803
385
1392
392
2003
337
333
1896
1383
1379
7630
1566
1448
1177
1627
565
12957
11640
8955
395
914
733
1058
374
2033
1061
614
761
3759
1545
1926
1021
1517
752
295
2717
1222
4313
531
4820
239
500
221
286
5105
1436
1758
758
1156
4008
1684
870
1419
7426
4899
729
2787
2829
899
3412
808
8053
3486
1421
9362
4604
6158
894
1522
3136
3649
894
3595
1875
2561
2675
1820
12820
5809
1473
1080
2209
2100
1615
3432
651
3873
2232
2248
11952
1499
2445
1979
1178
4707
1812
712
1535
889
4990
3282
722
31406
3471
16716
4519
1026
8331
2467
3085
1677
989
629
8399
11390
784
6771
810
0
0
0
228
98
69
39659
23216
2687
16324
2061
108083
903
1052
1268
833
2115
1425
3954
10154
4567
1784
696
1493
1391
3860
4749
3836
17046
2656
3621
23816
5001
3759
2867
2685
2601
8747
1771
3419
23915
1068
3671
2040
2108
1181
6539
1826
728
525
1312
4090
1638
4648
1719
599
11183
6015
3227
1975
12188
737
2497
5549
913
2712
8058
1137
1240
2469
4073
4027
1395
6231
996
1707
1276
867
682
450
1142
817
281
1052
449
1701
2426
1249
1669
592
1496
8185
2927
737
1321
3586
1923
655
1603
1207
1846
8358
19115
1334
3033
1029
3202
4242
1132
18434
2030
840
1866
3302
27826
3630
5360
820
982
5157
2056
1688
3684
25374
9831
2520
2413
3098
2978
4816
3910
4281
10048
1312
10737
2037
1941
1271
1691
1148
1112
1280
1897
3043
1970
1294
4050
2594
3969
1130
1147
621
2533
1356
857
2002
2162
755
12691
1495
472
935
2618
1026
664
228
98
69
0
0
0
2971
3735
2097
21163
2331
6219
916
1325
659
3221
4301
1766
11685
1727
4335
906
2729
2003
10241
4160
2460
2604
2099
3008
3053
3379
2196
2785
10449
2559
6409
3642
1832
1463
1659
3284
2495
4445
7426
7603
8824
921
7581
2588
12645
8481
2470
17404
2180
5832
1129
3234
2909
3084
598
4052
3581
1371
1217
931
1790
3328
774
822
1277
3433
4066
3738
7783
4000
886
2724
2442
5842
1359
1211
9990
6272
3275
3312
1827
2667
9220
4917
1607
724
2934
1411
1843
1429
1229
686
825
5675
1018
517
1927
1888
536
1183
4840
1049
1140
799
3109
1483
412
1089
593
766
205
569
1051
987
2662
1483
1217
2098
16703
1116
738
6487
731
3310
12794
645
3103
59468
6430
13631
1980
1103
2176
6724
2758
1471
1399
1776
1295
11421
2754
2949
1884
6765
2284
28989
675
9783
1554
1665
2044
26023
4452
3308
1045
4577
1812
3727
1761
39659
23216
2687
2971
3735
2097
0
0
0
1784
785
1324
1671
4081
2557
1517
3357
27371
1005
523
498
2575
3763
7003
903
1172
1575
184
106
2010
2528
141
181
4850
1775
24509
951
514
1187
1490
3347
3891
1238
3557
4034
2297
3276
1009
1337
39001
23660
9830
5932
15736
576
1259
2266
1703
5557
1743
962
5057
2702
13527
9758
683
8378
699
897
2072
769
1511
3696
1177
2449
4615
7402
1994
3378
11463
2162
6198
1700
654
24177
2373
3275
2590
1024
987
818
854
3949
734
805
37877
2795
836
1338
1026
917
246
748
367
7770
614
758
499
742
440
908
2822
2668
1642
896
3886
5618
1168
520
1008
1854
2098
3238
888
19335
1250
6382
1689
979
1543
1559
2971
2085
1296
6144
1303
2220
26594
1683
3272
1430
1515
6708
9055
1111
1111
449
3827
12886
3045
1984
1526
4955
4754
1496
991
4651
6103
15265
1920
742
910
2039
25998
2809
16324
2061
108083
21163
2331
6219
1784
785
1324
0
0
0
2141
1672
9966
11976
737
2556
1206
449
1604
1503
13509
482
13743
10154
2813
962
2215
1486
4538
743
770
1870
1912
7562
782
2170
1177
1708
3750
24309
6734
2864
10939
6692
1369
10952
4236
8542
3972
5593
41989
15962
1917
2779
1919
2415
2165
1331
9507
1153
1888
2471
13898
3102
2303
2676
527
620
1546
11498
3758
4216
1763
2748
472
1080
2988
2029
808
3674
3524
1442
6302
1504
1814
27234
878
15518
3352
959
2547
747
1318
1362
422
751
383
1101
1025
759
1020
574
691
2941
997
1374
8280
5211
540
1007
646
20356
944
1283
2972
1557
1085
6352
5451
877
1044
2334
10436
5620
2340
21033
9596
2270
1428
12250
702
784
2447
1988
1373
1107
1029
1248
1065
1594
1107
2602
20700
3932
7454
3127
638
5754
2340
4307
6180
10735
5544
1656
1351
4920
2776
96
490
159
2404
3496
4536
903
1052
1268
916
1325
659
1671
4081
2557
2141
1672
9966
0
0
0
625
241
2117
642
857
1802
306
658
423
1994
9672
12838
3263
1736
1684
9992
2731
1898
4684
4089
4624
2389
5053
1224
4247
6004
1449
18748
1017
7088
5119
1765
1590
2009
4341
2445
2341
5451
3639
333
2537
2054
2253
6410
5258
1151
559
1174
1089
804
923
627
2050
742
8247
2862
4815
3434
1247
1189
746
1610
3524
877
2907
1616
750
1194
310
531
6528
19313
1229
426
627
1224
419
255
259
908
456
332
2119
4452
1835
774
2891
2115
421
4162
748
290
629
3492
1703
1703
2377
11511
1910
5665
564
2973
4317
1720
992
11430
1197
2968
33974
4027
5996
1121
3481
1418
1061
2054
1752
1615
1397
2123
2033
1540
9727
472
12644
2926
1575
1738
4552
1838
871
52063
970
1108
1520
863
4297
2272
8788
10546
7706
1650
1618
1372
1353
143
163
2132
2116
778
833
2115
1425
3221
4301
1766
1517
3357
27371
11976
737
2556
625
241
2117
0
0
0
799
2477
1258
492
396
1500
946
2223
2272
17664
3398
2091
3310
10805
5479
2242
73108
19030
84875
6353
7145
16215
2273
3402
3934
2507
2959
1682
2349
2526
7875
44492
3892
1104
2848
4075
1141
1072
1465
574
7243
387
2019
1048
476
1531
572
2990
31477
787
1871
1016
1550
730
1435
1257
9802
1152
1006
7815
6324
2724
4080
2732
17820
759
15660
24496
953
7956
4378
3928
2364
3711
4221
752
3812
2062
1000
1084
6433
625
319
429
308
2018
297
5472
1443
3770
422
238
547
701
9312
1248
16862
414
1213
413
1694
370
2226
497
1470
973
1215
6673
498
1007
4497
507
792
1414
1585
1440
2074
3494
6241
1508
1671
7503
821
11375
504
970
586
1188
1250
2596
3412
1137
4543
1874
14673
2887
3969
830
3249
1733
8449
793
4503
1157
22535
1698
1826
3954
10154
4567
11685
1727
4335
1005
523
498
1206
449
1604
642
857
1802
799
2477
1258
0
0
0
1171
1092
344
1915
1151
1940
914
3996
1125
1095
1666
3068
2461
914
5037
1552
2857
9205
10726
18959
990
2873
88761
4334
2573
5412
2979
2620
3756
16536
1875
4270
7862
1202
28598
480
570
5722
8651
6208
1026
1262
10846
1375
2705
2598
4703
2092
3014
1579
919
2678
470
1306
4590
9691
1385
5987
4242
1280
857
1282
1096
463
26696
3336
1706
2115
3802
2852
906
4385
4559
1885
797
476
839
6538
893
2032
1644
1884
864
14024
3120
1606
1215
1794
456
562
2466
1132
1266
1071
2436
1227
2073
1155
2795
1698
1303
1213
1787
1814
4058
659
779
1370
2523
14039
2076
1339
2640
1874
2186
2325
2141
2672
7804
1065
4427
2107
14606
2617
1535
962
2527
6690
3026
1449
5279
3786
1271
2278
2159
3096
3656
1549
982
13866
1209
23081
7079
6135
1784
696
1493
906
2729
2003
2575
3763
7003
1503
13509
482
306
658
423
492
396
1500
1171
1092
344
0
0
0
945
2479
3162
2062
3334
1927
1490
1908
1010
4322
3772
2941
2832
3949
1379
7434
7434
4184
2818
2735
3661
34515
1380
3643
9273
1465
1979
1853
3207
3045
3408
1234
3260
5391
2292
698
3826
556
2039
16736
1066
4922
1305
719
4486
650
906
1500
1762
2629
5464
3787
1685
954
29972
3560
1539
3640
1119
4831
911
3431
7394
1958
11456
3357
4356
4445
1362
1304
2527
1487
2578
2766
1847
3805
2609
6062
2758
2460
1288
3220
2803
1949
4224
8596
784
2720
2238
2812
1856
962
1700
1933
2871
7371
6617
875
1692
2287
724
484
478
881
1011
1401
2114
1217
775
351
6673
21471
790
1276
1967
2125
1468
1664
29868
2874
681
3419
5233
1826
2089
11618
2934
4329
1287
2436
2159
974
11950
3416
1991
2300
2889
11388
2951
861
3007
1391
3860
4749
10241
4160
2460
903
1172
1575
13743
10154
2813
1994
9672
12838
946
2223
2272
1915
1151
1940
945
2479
3162
0
0
0
753
581
1363
2831
1104
1303
230
387
512
3312
510
12724
495
1157
2051
2513
703
9647
14100
2566
3396
4308
9885
6813
1761
2908
731
1577
989
834
5912
797
1553
1592
2294
3066
1102
3224
3961
527
811
1964
1342
2060
853
3059
1856
1429
1529
889
456
24538
9105
5272
1957
2655
990
3853
1543
2986
895
18276
3072
3582
3573
4365
685
8276
1085
2517
8339
1271
9170
2009
916
574
1106
1676
586
1175
1843
671
1616
1996
443
5605
1166
357
2582
551
483
372
811
514
4881
706
867
476
5491
1403
1023
668
672
1782
1177
11362
18802
1881
770
1278
1614
1463
12533
714
2829
808
1587
13182
3436
1386
1065
721
1305
1261
9490
2452
32059
1697
4538
2017
3580
1565
3339
5276
2555
16466
1653
2630
3836
17046
2656
2604
2099
3008
184
106
2010
962
2215
1486
3263
1736
1684
17664
3398
2091
914
3996
1125
2062
3334
1927
753
581
1363
0
0
0
1109
886
521
701
890
637
1310
236
4043
14939
970
2276
3857
4302
1352
4799
7705
3614
6264
2358
3040
3074
7055
4892
2202
7684
504
10383
1919
3599
3817
3059
3233
11059
1590
1178
1277
8776
2877
2951
1326
3620
33129
1342
1851
1926
2739
3814
4003
2636
3628
997
2334
1967
61087
2615
2189
4526
1508
2717
2608
1662
2608
2295
5143
2209
33150
891
2662
1102
1324
3814
14517
1920
677
1444
2563
542
1575
5214
2762
1334
2158
2331
3713
779
1798
5628
4290
1583
1154
525
2704
1923
3463
884
2725
2771
941
1840
1538
1965
681
1821
734
835
886
4564
4505
2066
1996
1013
609
1228
1068
1022
46961
774
9894
1698
3208
2654
4956
4059
874
1931
23525
2767
1762
2275
2138
3590
6832
19061
2746
3621
23816
5001
3053
3379
2196
2528
141
181
4538
743
770
9992
2731
1898
3310
10805
5479
1095
1666
3068
1490
1908
1010
2831
1104
1303
1109
886
521
0
0
0
17924
924
2300
2921
467
363
4263
2540
1244
2393
8715
2752
85942
2989
2817
3777
3904
3277
5027
3955
1145
884
1974
1783
1495
3121
2110
4850
798
3315
3414
1367
1227
1763
1249
1761
2340
4202
1040
4098
2688
13298
2163
6690
2474
2128
4783
3993
4494
73939
19762
2972
3894
2022
4178
4285
1328
14075
1213
2301
13069
1530
2198
7361
1539
16384
1217
1579
1592
1999
5707
11759
1045
1517
4823
2174
3659
8586
1744
1527
1630
6295
4063
750
1442
5310
5983
3871
3208
1855
551
493
2010
1152
1258
413
2329
851
608
15829
906
3893
1573
2142
639
1354
728
1421
1233
668
617
1151
630
4658
15333
1473
2016
16271
7212
1702
3550
5789
1850
3726
2838
1953
4578
40240
2112
2285
3418
23195
3759
2867
2685
2785
10449
2559
4850
1775
24509
1870
1912
7562
4684
4089
4624
2242
73108
19030
2461
914
5037
4322
3772
2941
230
387
512
701
890
637
17924
924
2300
0
0
0
765
2493
931
2244
5499
1732
1660
3217
1184
2577
3817
1827
2769
10999
2103
1285
1575
127315
29777
1304
1083
6052
2293
969
2030
2347
707
2907
3390
26056
7892
2524
1795
28135
6477
4203
1002
2721
4478
2207
1446
4575
4767
1150
16663
4995
4542
5109
1809
2271
3331
1949
3347
1758
525
1805
812
9486
13166
42764
2143
3378
2652
2734
15563
1418
2377
2267
1553
1355
1934
1031
2320
2160
847
1427
1998
646
919
360
1580
3205
3705
671
772
8859
1319
546
555
1003
1768
6806
1030
3357
2911
1725
454
5546
2123
2983
3819
1560
902
865
19070
1124
2725
1681
1764
1048
1441
889
7060
1860
68274
9052
3092
13813
2421
9390
5294
444
3249
4415
47866
3080
23229
5518
7052
2601
8747
1771
6409
3642
1832
951
514
1187
782
2170
1177
2389
5053
1224
84875
6353
7145
1552
2857
9205
2832
3949
1379
3312
510
12724
1310
236
4043
2921
467
363
765
2493
931
0
0
0
826
4254
31765
2961
2474
2675
19745
4059
3485
2247
2899
6372
7363
24503
10421
5283
3151
1361
6339
2038
6291
12653
7697
1610
1626
1524
2128
1840
2563
961
3413
661
9102
54793
6642
16020
2165
9324
5280
2115
3804
4356
728
1680
2156
2752
3885
5584
4014
4183
2858
1575
1684
4186
2139
1799
20440
7457
1743
11887
2554
2704
36271
2553
1069
824
3153
2790
1473
1486
15738
2367
28558
760
2578
658
2986
2451
1484
45666
1872
1321
963
16192
2343
33527
1402
2050
2215
710
3217
1732
665
5192
3238
31259
2513
1904
1702
961
543
1311
993
3712
1454
4297
2444
2390
607
6324
841
2416
13699
40903
2144
7290
720
1087
1769
4621
1788
7148
13051
5599
19436
2228
3419
23915
1068
1463
1659
3284
1490
3347
3891
1708
3750
24309
4247
6004
1449
16215
2273
3402
10726
18959
990
7434
7434
4184
495
1157
2051
14939
970
2276
4263
2540
1244
2244
5499
1732
826
4254
31765
0
0
0
513
2032
781
722
674
2450
1808
4893
2518
564
1100
2953
599
2087
1340
1024
2042
1540
1659
2295
1637
1045
578
2142
883
1276
1526
2008
1619
690
1032
2187
1041
1054
20922
583
2646
2240
317
460
426
1180
572
4777
23486
1136
1605
1446
1298
8673
662
29753
1925
14270
3262
3112
1041
2052
5098
2805
6674
582
20949
3368
6653
3540
1398
3393
1388
1606
9030
1432
6205
3902
616
890
4116
1438
765
439
2999
1098
1649
4551
3359
964
1587
294
3432
867
2430
1047
1545
1124
993
1076
651
630
1912
493
5402
721
1446
1416
538
397
2291
20077
635
697
1023
1082
618
653
325
2175
1176
3065
923
1232
1164
4436
1317
3671
2040
2108
2495
4445
7426
1238
3557
4034
6734
2864
10939
18748
1017
7088
3934
2507
2959
2873
88761
4334
2818
2735
3661
2513
703
9647
3857
4302
1352
2393
8715
2752
1660
3217
1184
2961
2474
2675
513
2032
781
0
0
0
12832
1917
1028
1596
1067
3897
7035
1134
1330
1271
1208
746
1094
1158
804
3670
3813
2796
1367
2145
13202
2917
1921
6403
5366
534
2979
1406
4964
1456
1572
2152
4433
964
1143
808
8098
3206
1024
1158
2006
13149
9876
4391
1801
2824
1460
623
9413
3392
5293
2123
4723
1398
1909
3206
1468
2685
22863
7736
38078
8370
5039
11204
1546
1244
28958
2402
2176
1294
8525
1747
3384
2367
3663
3125
3105
3561
1285
4692
2912
5965
978
17668
4029
721
3776
517
1602
6217
1251
831
1511
905
10457
2301
1737
1084
1746
2904
4435
3727
951
887
1727
345
665
1673
4179
765
513
3706
854
5788
2938
2024
2019
1522
589
12803
1181
6539
1826
7603
8824
921
2297
3276
1009
6692
1369
10952
5119
1765
1590
1682
2349
2526
2573
5412
2979
34515
1380
3643
14100
2566
3396
4799
7705
3614
85942
2989
2817
2577
3817
1827
19745
4059
3485
722
674
2450
12832
1917
1028
0
0
0
275
488
333
599
1447
3167
4449
2267
1648
4249
1837
12417
3917
4323
560
3187
4641
1377
879
5388
692
4224
1615
17281
2674
2718
1602
3609
1061
1553
901
298
1874
951
3079
2125
13609
1231
7833
3576
930
2233
2299
996
757
4122
6455
2377
7475
13736
3972
1180
2791
1305
2447
9641
2126
1914
7876
1789
2488
1560
2282
39241
3830
1243
1679
1618
24083
1950
1001
2453
2042
1698
3282
7361
1807
5759
4372
1027
2183
1976
9007
3477
501
1210
5996
3248
2085
1962
13446
565
1739
604
2109
3055
756
23599
973
1172
17965
664
975
15709
2345
678
12518
5760
8671
400
2480
2343
2140
3661
385
1392
392
728
525
1312
7581
2588
12645
1337
39001
23660
4236
8542
3972
2009
4341
2445
7875
44492
3892
2620
3756
16536
9273
1465
1979
4308
9885
6813
6264
2358
3040
3777
3904
3277
2769
10999
2103
2247
2899
6372
1808
4893
2518
1596
1067
3897
275
488
333
0
0
0
358
690
840
2499
1588
1038
19070
8867
1037
18450
1478
1219
7208
3479
2394
3161
849
768
1333
1238
2460
8100
39715
1652
870
6190
791
1150
1105
532
4232
1300
708
5725
2078
1545
4289
4405
3074
2383
1958
1971
2318
1016
1814
19307
1833
2195
1782
19446
45332
3022
10937
2981
2764
13758
2034
2771
890
987
864
2524
3232
2262
3506
2390
5632
2290
919
1252
1417
7036
1495
2639
1584
2902
2066
3212
6758
646
3082
1271
1014
2452
1341
2950
6750
3646
2774
45144
729
1684
1678
23188
3304
9034
2760
5112
951
1974
55537
1468
2990
552
766
798
8177
1832
4421
1183
14564
2003
337
333
4090
1638
4648
8481
2470
17404
9830
5932
15736
5593
41989
15962
2341
5451
3639
1104
2848
4075
1875
4270
7862
1853
3207
3045
1761
2908
731
3074
7055
4892
5027
3955
1145
1285
1575
127315
7363
24503
10421
564
1100
2953
7035
1134
1330
599
1447
3167
358
690
840
0
0
0
