C_ijk
0
0
0
30
39
124
79
91
36
372
92
64
171
77
156
105
391
93
153
238
289
1327
725
474
2227
205
697
980
1153
639
1743
270
1486
514
6286
364
271
762
2100
926
8444
240
1246
364
267
5924
5179
914
2441
2956
8744
172
524
1165
634
743
390
1753
259
362
843
1152
862
167
779
163
1633
3475
940
736
526
2056
2331
705
653
754
538
519
127
289
1354
1137
992
288
579
1194
225
5966
272
214
5688
5528
404
1069
436
466
1330
1008
743
4031
260
587
1494
396
20068
4153
17915
836
547
3946
3353
9274
622
3079
2272
3039
2808
19120
13842
894
1613
1088
1619
23249
1910
5082
423
1528
884
5461
1674
821
8482
1149
979
6962
1560
3143
459
2109
1147
2558
2074
3242
2734
525
627
1968
628
6105
16362
11510
21243
3088
744
1951
1067
3302
5269
2472
9484
1608
2163
1301
1513
30
39
124
0
0
0
2
7
2
376
190
332
1394
137
170
999
460
1146
324
275
232
268
321
1640
397
1954
649
784
331
1051
1090
954
368
7221
523
5702
243
456
570
660
4142
1800
981
916
910
1008
5393
613
324
190
1421
430
4933
359
548
691
902
689
3932
600
531
427
306
503
4472
152
1131
1066
2040
979
2419
391
401
1218
462
1105
2168
219
254
242
649
2663
299
356
3500
643
645
378
233
10854
239
537
303
1655
1528
16207
752
571
9104
1105
1229
1601
1125
3173
1139
1333
2915
923
4818
1101
1708
2780
1057
23450
450
1100
1312
1900
920
2777
3839
2018
5159
21900
1404
4066
547
15809
1134
5311
6824
1368
869
1083
1482
1914
800
7255
4759
2766
3078
1115
19502
5255
14871
1761
5629
2162
5196
4198
3036
1062
9611
1721
1697
12577
2648
1595
1236
1684
1130
1121
980
1927
954
79
91
36
2
7
2
0
0
0
83
1218
133
170
467
227
91
332
1039
246
653
254
1201
705
637
321
437
397
844
472
290
903
1421
472
1152
577
249
388
297
580
615
1197
653
1841
818
396
1361
5664
450
391
784
501
341
146
731
875
1194
349
1380
464
630
1320
7502
692
558
144
73
5459
293
279
1002
1299
1355
151
967
380
250
1762
839
151
318
305
658
1119
782
1620
182
525
706
1124
713
379
412
1847
766
2335
797
989
14059
4862
1548
1191
2865
303
367
16352
3172
1065
2553
4647
1624
1614
2167
851
1873
5165
1509
4333
884
1069
719
3334
6510
1244
1432
6442
957
1485
1402
1222
1421
555
1887
2191
5110
1804
7008
10517
3592
1558
34117
541
3829
1887
1955
2633
2243
6323
1366
3520
875
1919
887
2744
2193
971
2342
5521
1176
3328
5981
1255
1276
3082
732
1444
372
92
64
376
190
332
83
1218
133
0
0
0
142
349
132
153
506
117
2533
107
701
674
660
305
295
3387
294
1205
284
549
154
2657
644
4959
8414
1542
453
2215
334
654
487
196
393
1392
368
1389
2368
1596
708
2804
269
1319
779
275
1204
813
1675
429
382
293
407
639
440
514
496
224
1198
1597
733
721
2874
1778
1151
2034
2707
276
453
549
594
656
125
271
632
604
1041
4150
1119
576
520
1019
1131
1838
1020
1446
2655
323
1592
829
1602
404
3987
436
1703
1659
1881
6171
809
627
1826
8159
2365
1630
9520
15458
1669
4854
3434
1228
2466
1365
821
1929
1337
9351
13925
857
1446
2079
751
603
12221
2164
1005
7220
2330
3814
6470
1387
1217
1176
1609
992
2848
8970
2253
1558
1572
824
3093
5291
15449
912
1139
1245
263
3250
1877
1434
832
8084
3477
1054
1126
2570
2258
171
77
156
1394
137
170
170
467
227
142
349
132
0
0
0
22
44
18
98
105
183
219
239
333
1478
184
1084
5597
299
545
662
680
1628
2588
768
1577
885
363
985
672
790
382
243
604
2075
3559
17286
1853
2855
4328
1744
287
2699
970
796
837
1215
1363
882
734
387
2693
29743
900
2718
371
666
885
187
1658
460
997
677
465
511
557
527
740
435
100
244
567
937
1965
489
607
741
233
1164
222
3478
262
175
959
1387
1120
1619
488
1126
222
2025
13235
904
588
386
3173
744
8782
2060
746
782
3165
2353
17962
618
8388
756
1877
692
1347
1035
1257
1749
826
5149
663
823
1215
582
1434
1377
24659
1242
1381
2877
1874
2720
1151
855
5672
7079
12116
1631
9383
583
4723
1602
1915
3563
3202
31450
11621
1123
1461
5273
1167
1470
3027
4100
1440
3538
602
1001
5215
653
105
391
93
999
460
1146
91
332
1039
153
506
117
22
44
18
0
0
0
110
66
64
383
534
561
3160
320
762
241
6734
234
1147
393
324
556
839
463
226
225
155
311
5380
1234
1963
2353
1186
2354
7126
368
1910
3994
6431
1949
1899
1656
3903
274
8606
1300
354
798
7257
5354
1216
1033
6962
322
1027
667
11455
525
2085
365
1331
3512
318
482
247
2042
80
266
409
2370
112
303
565
654
639
4854
288
419
383
374
6545
8278
1316
1324
598
11713
1304
7263
491
439
1730
11480
2657
1049
2307
1995
1222
943
2208
736
10742
2516
1602
1372
3161
1754
1999
1974
3301
11158
524
881
949
1322
1691
6470
1178
2120
14915
5533
423
2370
7466
379
23020
1935
6379
1080
2627
2459
2963
2614
933
1580
15619
1329
9000
14014
2172
7747
4572
2294
2467
1734
17647
438
1388
1003
9738
1011
1870
1498
3222
153
238
289
324
275
232
246
653
254
2533
107
701
98
105
183
110
66
64
0
0
0
397
152
331
831
835
797
241
418
691
98
1597
326
459
1075
1812
543
151
1098
419
521
262
158
793
1855
8951
1583
824
722
379
12601
3026
1368
1528
2723
845
1388
501
7639
3989
1161
952
6056
791
452
111
1395
394
13742
7728
1674
1106
438
4327
369
1222
806
1443
583
728
244
413
285
396
6843
496
1591
307
746
1484
723
349
184
11069
570
2255
6508
560
1676
1842
816
609
428
583
3490
1988
778
422
874
909
339
2022
1350
1516
1466
1824
2091
2009
1180
6953
1122
1761
895
4073
3169
2306
2249
889
19752
31339
1990
4080
663
2005
6313
2196
1534
2357
1225
3609
2592
793
10550
2675
2677
2528
1077
1345
1898
1175
7935
3064
1479
1300
970
2541
3839
5590
754
4807
724
60918
2012
2896
448
1327
725
474
268
321
1640
1201
705
637
674
660
305
219
239
333
383
534
561
397
152
331
0
0
0
68
79
65
227
1246
1546
118
124
467
414
4006
512
4603
4638
609
2624
737
5975
727
514
610
664
14729
1514
2275
961
33563
994
824
709
743
886
965
607
434
2189
1532
1887
721
593
512
1486
1068
1108
692
3897
3340
1473
1793
9521
1047
1849
267
1179
427
5388
6062
1510
2077
586
238
1578
938
713
271
627
1962
680
404
186
694
335
458
608
478
1075
642
610
378
1088
309
1209
616
556
2820
371
1008
4952
1017
465
560
326
2993
4808
1905
1356
2989
23865
3138
1054
5467
1539
1721
394
593
6123
1646
553
3612
7289
650
1814
1167
3040
7949
2550
6737
1597
1043
986
2674
2104
4209
1249
13760
917
2868
3316
3796
464
824
3146
510
10338
2077
1760
1304
1330
4076
2182
2277
2227
205
697
397
1954
649
321
437
397
295
3387
294
1478
184
1084
3160
320
762
831
835
797
68
79
65
0
0
0
1388
184
5554
1214
875
2532
762
836
836
890
691
442
6894
2405
13946
1031
1595
1424
903
2417
1000
3324
2371
16672
3168
4102
701
657
737
1222
1572
9741
1352
5744
1103
1194
650
972
1437
5415
493
695
4056
17921
2172
840
802
3445
3967
1584
2795
402
2270
501
5924
311
676
629
874
2724
3320
904
292
400
746
422
824
389
1740
320
772
350
360
736
416
735
405
777
4133
2464
2285
2070
889
4375
1265
1060
1056
1191
2210
1713
1770
611
4340
6054
5619
1783
15478
1671
1271
2394
3877
1169
3347
1814
1171
5197
11431
1980
4349
674
4703
3120
3153
5630
1658
4732
3557
1886
9133
5099
1725
3778
23900
2451
1095
6764
3824
1019
906
2687
1802
2975
4315
3960
34203
900
6355
720
980
1153
639
784
331
1051
844
472
290
1205
284
549
5597
299
545
241
6734
234
241
418
691
227
1246
1546
1388
184
5554
0
0
0
50
2416
1303
306
1480
283
499
765
690
1003
2439
1422
301
341
509
974
552
2984
1342
1321
395
867
2282
766
2391
2014
588
1792
1213
843
4746
501
483
392
1260
502
2421
949
584
1479
1014
740
306
1216
897
1337
1525
691
516
1090
1066
486
3309
448
497
7963
1293
3148
563
2606
25620
249
986
7961
1796
2782
8690
835
1592
1004
5820
1066
1331
826
2993
293
2880
846
1780
1925
4873
760
1809
558
825
1461
3518
5147
1467
1665
2547
3216
8539
4474
714
950
2644
968
687
6243
4517
2586
544
538
562
2881
5267
1923
10648
2627
847
1260
3413
1294
28369
16281
906
15195
5610
1788
4966
1943
1406
997
585
1688
10940
3000
1565
2635
4651
6371
1182
3284
2590
1743
270
1486
1090
954
368
903
1421
472
154
2657
644
662
680
1628
1147
393
324
98
1597
326
118
124
467
1214
875
2532
50
2416
1303
0
0
0
499
1646
201
2675
1241
842
760
500
760
898
565
2144
1218
1813
4400
1614
1417
433
460
1434
1846
1148
926
2049
1486
2385
16974
2065
2922
393
1118
1138
789
435
2353
985
2225
4863
3208
620
1047
4558
862
1880
4193
316
2666
458
716
662
1697
1252
592
1406
562
1286
562
1134
1331
1589
531
2335
1419
510
7198
1131
2428
734
825
978
851
290
622
1434
1890
498
5107
261
532
874
1914
589
2554
1150
4122
21305
794
4841
1797
2393
1284
9940
796
625
1105
2038
1145
6213
5450
1158
1847
2383
4550
3331
25680
1630
3514
3139
4537
2195
26252
2981
1045
2063
3246
17023
1629
2016
866
4845
10354
2359
1543
2195
2278
965
3844
1840
11586
1905
2496
1432
514
6286
364
7221
523
5702
1152
577
249
4959
8414
1542
2588
768
1577
556
839
463
459
1075
1812
414
4006
512
762
836
836
306
1480
283
499
1646
201
0
0
0
1221
12467
1335
2390
424
692
316
603
618
1235
1172
469
6926
3765
868
542
724
517
4203
1711
2192
653
2719
1282
1023
719
1862
810
491
9137
2851
11359
1217
413
2721
985
1899
1047
1270
627
1577
520
835
552
482
857
647
3302
1473
8968
1153
5174
1182
5632
1101
1004
447
2630
941
645
1898
953
1358
727
1575
4108
3812
521
836
2381
1697
1496
4415
7729
2547
1663
385
1342
307
461
2062
3640
739
11763
3090
3615
617
9523
2276
1893
2424
1571
679
1266
5710
1854
1652
891
674
1345
2121
3303
2051
1889
4655
2550
3394
15539
1703
4949
34160
46588
7402
853
9318
1672
11906
1516
4667
8622
2006
2019
3873
1156
3573
3182
719
3590
7276
271
762
2100
243
456
570
388
297
580
453
2215
334
885
363
985
226
225
155
543
151
1098
4603
4638
609
890
691
442
499
765
690
2675
1241
842
1221
12467
1335
0
0
0
144
559
484
378
705
368
1448
968
840
630
431
500
359
274
141
2146
331
243
5384
4479
644
1311
562
1316
403
588
697
1317
995
2335
664
1855
583
707
791
1699
468
1052
1052
4866
577
378
2104
517
450
5038
4229
1218
503
1770
443
881
1010
445
2291
1904
5597
359
1314
426
1089
2043
34667
3159
390
260
5505
1187
1273
1068
463
2265
3654
3062
1091
2147
3286
632
2680
1592
751
4032
489
698
1781
1380
3339
975
11233
428
774
1023
1126
701
1833
316
3995
13282
10393
4113
2106
4626
5925
650
3829
1535
3136
3552
3604
1812
1925
2016
8040
2730
1380
3323
2926
1824
1608
950
37623
4265
10559
4068
5122
6827
926
8444
240
660
4142
1800
615
1197
653
654
487
196
672
790
382
311
5380
1234
419
521
262
2624
737
5975
6894
2405
13946
1003
2439
1422
760
500
760
2390
424
692
144
559
484
0
0
0
72
344
650
408
444
2425
3359
232
161
725
278
2330
1376
4152
8812
1222
1524
356
960
886
1689
373
1329
12921
1611
3276
2028
40974
787
1494
1241
3245
7245
1545
1096
1876
829
1968
635
6369
744
661
3020
1094
1353
2261
409
2725
1548
1930
828
1271
3968
2335
8056
837
2756
2301
1123
595
649
1558
495
592
5537
334
5267
1688
4344
2027
878
377
1607
1203
5298
3543
1192
2180
667
1153
874
1297
2012
508
975
520
1008
10307
887
1579
4453
456
1316
7093
4145
19261
2459
3743
1472
1952
2260
6657
7008
35294
5718
4116
3163
2710
13682
52490
13031
1756
475
812
1222
6791
14006
15454
5677
3706
1719
1148
7331
1246
364
267
981
916
910
1841
818
396
393
1392
368
243
604
2075
1963
2353
1186
158
793
1855
727
514
610
1031
1595
1424
301
341
509
898
565
2144
316
603
618
378
705
368
72
344
650
0
0
0
8935
5773
1159
428
691
2046
336
312
423
412
1077
139
544
864
690
7667
2057
1921
198
440
1242
3912
410
2091
1843
2379
2831
554
3183
1641
1667
607
1391
846
338
11849
940
2005
5034
501
2165
1255
504
514
1402
415
272
1387
1931
3467
12097
3451
1094
601
393
815
2579
456
947
4774
475
1486
871
1261
561
2988
1670
2112
774
2464
3716
1642
9055
1431
7999
2070
9299
4246
595
1169
856
486
960
826
643
14319
1279
527
849
1120
1711
835
2342
8969
8900
2882
2499
2135
31994
1646
60412
2236
1992
3699
1865
4070
1463
27935
12357
972
796
12639
3340
14123
1637
2109
4147
2898
1004
5366
5924
5179
914
1008
5393
613
1361
5664
450
1389
2368
1596
3559
17286
1853
2354
7126
368
8951
1583
824
664
14729
1514
903
2417
1000
974
552
2984
1218
1813
4400
1235
1172
469
1448
968
840
408
444
2425
8935
5773
1159
0
0
0
368
357
623
169
3996
332
198
102
53
266
890
374
990
820
3261
2721
4848
1184
1813
2704
638
754
1242
760
987
463
756
1851
633
996
3767
4716
1335
654
1365
607
4782
681
356
1759
1003
5142
2646
1698
1138
1155
2765
1579
6560
1851
2244
7339
4844
1881
1287
3597
1394
589
1873
1038
828
5452
8995
2560
1220
1204
6625
2567
2757
584
1031
732
891
6004
813
987
1938
1951
2233
2574
520
281
449
372
246
1129
2584
2476
1593
1469
2261
1544
6026
1895
2669
1630
2762
11080
2171
9375
1312
1178
1542
1595
11634
1767
1198
2438
5953
14402
3307
4776
2356
21658
2716
3183
15415
2441
2956
8744
324
190
1421
391
784
501
708
2804
269
2855
4328
1744
1910
3994
6431
722
379
12601
2275
961
33563
3324
2371
16672
1342
1321
395
1614
1417
433
6926
3765
868
630
431
500
3359
232
161
428
691
2046
368
357
623
0
0
0
172
349
376
170
94
1145
302
9944
269
490
431
2866
3554
300
314
906
6648
321
4968
1058
2274
17438
1148
1746
628
16980
18528
518
3246
441
386
6987
1691
6649
1694
460
762
5647
403
1385
414
760
814
1101
891
1496
1367
1591
630
17486
1459
1991
982
4667
531
882
618
700
3502
1374
3464
911
1496
1641
1505
1069
16176
1334
662
4032
833
2830
690
2517
1454
836
21292
1704
324
2425
744
725
755
462
1061
3125
2376
1389
4166
1831
1942
2664
7494
1928
6638
2135
949
2656
7121
2688
784
4171
1448
10035
1980
92989
28267
1276
2284
7720
1483
2018
13729
5430
172
524
1165
430
4933
359
341
146
731
1319
779
275
287
2699
970
1949
1899
1656
3026
1368
1528
994
824
709
3168
4102
701
867
2282
766
460
1434
1846
542
724
517
359
274
141
725
278
2330
336
312
423
169
3996
332
172
349
376
0
0
0
270
157
3135
906
509
366
226
1651
1054
558
423
382
354
619
540
1454
7875
284
899
3165
371
8632
559
457
414
342
1732
353
255
1170
1301
4046
1044
1893
622
929
1420
551
1046
7480
1964
737
816
738
397
6033
2406
1126
507
3370
397
627
920
1841
2030
2905
4276
5335
2343
9608
3574
7408
1050
1733
1806
1351
5293
2712
1811
5729
4150
1741
2867
456
930
742
1733
1782
6444
319
1269
2048
1796
1795
3183
520
822
2812
3029
2945
4082
1549
31022
1905
5784
1103
1264
5954
3834
4005
557
10450
2031
5924
1243
3641
1792
955
6964
12637
14674
634
743
390
548
691
902
875
1194
349
1204
813
1675
796
837
1215
3903
274
8606
2723
845
1388
743
886
965
657
737
1222
2391
2014
588
1148
926
2049
4203
1711
2192
2146
331
243
1376
4152
8812
412
1077
139
198
102
53
170
94
1145
270
157
3135
0
0
0
408
663
392
2863
1190
819
389
1887
553
593
4046
1130
8236
1400
5230
827
1730
4794
267
1081
839
2696
1694
2362
398
504
1053
1152
458
529
208
674
889
974
471
6069
640
7207
3047
778
1677
4405
2468
1241
32303
1687
501
940
800
22445
889
2202
1896
1512
869
2113
4210
1914
1470
1664
1748
688
1555
333
964
1658
925
5931
761
657
11239
721
11585
610
1761
1272
1806
10564
2532
2419
975
7228
743
1752
1767
1167
3337
6354
3127
6028
3537
3113
15028
2011
8401
6517
902
2311
1265
4351
8370
2367
1128
1653
2295
2885
3195
1865
1753
259
362
689
3932
600
1380
464
630
429
382
293
1363
882
734
1300
354
798
501
7639
3989
607
434
2189
1572
9741
1352
1792
1213
843
1486
2385
16974
653
2719
1282
5384
4479
644
1222
1524
356
544
864
690
266
890
374
302
9944
269
906
509
366
408
663
392
0
0
0
467
81
120
65
91
250
777
2389
323
1154
394
524
219
882
418
1442
283
1449
1560
391
1035
604
185
2597
1427
353
280
1771
480
1036
428
247
687
1220
1310
811
624
1701
1411
1326
3469
6140
1108
2030
1003
1061
1818
5230
4478
1865
7595
860
840
1910
921
1113
2448
4616
1183
989
927
1076
2357
2979
2572
8776
13608
2271
1140
2528
945
1391
1105
1640
621
3456
23314
1452
2806
3047
4288
1135
3928
1793
12185
3013
564
826
3060
4181
3215
1578
1669
3238
2705
931
1400
7118
1154
1210
3171
1966
3969
541
834
843
1152
862
531
427
306
1320
7502
692
407
639
440
387
2693
29743
7257
5354
1216
1161
952
6056
1532
1887
721
5744
1103
1194
4746
501
483
2065
2922
393
1023
719
1862
1311
562
1316
960
886
1689
7667
2057
1921
990
820
3261
490
431
2866
226
1651
1054
2863
1190
819
467
81
120
0
0
0
155
243
190
1391
726
5838
694
374
509
291
208
225
348
389
2681
505
743
786
1404
372
2121
724
882
1616
877
728
773
163
608
924
1740
297
7960
1109
13608
4301
1124
873
888
3460
1800
4915
954
1719
1477
1624
1610
2344
9383
2233
1696
5170
2194
1201
767
961
2901
1898
1477
613
2627
35755
528
1634
13339
3659
2828
1122
3324
1306
7387
7401
14931
676
4401
1485
306
1094
716
11017
1991
1107
2268
3737
549
1851
1875
4662
1254
1416
855
922
1561
2115
1099
1683
2404
3087
3861
1362
7825
9044
167
779
163
503
4472
152
558
144
73
514
496
224
900
2718
371
1033
6962
322
791
452
111
593
512
1486
650
972
1437
392
1260
502
1118
1138
789
810
491
9137
403
588
697
373
1329
12921
198
440
1242
2721
4848
1184
3554
300
314
558
423
382
389
1887
553
65
91
250
155
243
190
0
0
0
1761
467
627
913
992
439
320
533
1725
774
212
337
641
2325
267
263
292
2752
1224
6595
950
542
223
223
3261
650
1070
1445
3858
567
1722
498
1534
8552
6270
3682
971
549
1135
555
2905
4012
1919
1442
2492
2305
1017
1887
4901
19413
4586
988
926
2980
2653
3964
5905
1540
286
1262
4326
2680
1780
2351
3200
1139
735
2215
1869
1755
1992
18198
373
737
451
2902
1604
2128
873
2530
5040
1086
681
2588
3179
1544
2346
635
2962
1344
3187
1718
3087
8361
9026
1733
1513
1417
2136
1633
3475
940
1131
1066
2040
5459
293
279
1198
1597
733
666
885
187
1027
667
11455
1395
394
13742
1068
1108
692
5415
493
695
2421
949
584
435
2353
985
2851
11359
1217
1317
995
2335
1611
3276
2028
3912
410
2091
1813
2704
638
906
6648
321
354
619
540
593
4046
1130
777
2389
323
1391
726
5838
1761
467
627
0
0
0
830
137
732
107
122
77
34
89
136
1136
214
3902
1097
2233
1915
701
180
1417
120
1544
925
1231
1505
781
442
5843
2017
4587
1898
1436
2965
322
1285
765
3772
805
4347
7005
7697
5178
407
3765
3008
1686
942
2731
6846
7996
811
986
712
1702
1209
1647
2122
2007
26883
4247
1187
1574
948
2903
1122
3798
2056
862
850
2240
1879
1284
730
13683
1401
1989
3463
11222
1346
1509
2136
7346
1446
2158
2252
4996
1024
2728
7409
6543
33094
4403
10922
2311
7361
1328
2425
1904
736
526
2056
979
2419
391
1002
1299
1355
721
2874
1778
1658
460
997
525
2085
365
7728
1674
1106
3897
3340
1473
4056
17921
2172
1479
1014
740
2225
4863
3208
413
2721
985
664
1855
583
40974
787
1494
1843
2379
2831
754
1242
760
4968
1058
2274
1454
7875
284
8236
1400
5230
1154
394
524
694
374
509
913
992
439
830
137
732
0
0
0
896
842
604
1716
2768
1857
820
883
1428
863
581
399
367
240
823
716
6170
850
4625
794
718
536
2334
2265
654
1766
1722
704
1588
1012
725
323
895
3960
1597
5065
3949
9786
1352
2086
24494
13323
2155
849
13121
2851
932
832
1526
3758
790
6711
1247
1068
1292
8555
1404
1407
1301
1983
692
2038
896
785
625
730
410
422
516
815
1105
913
2104
1655
2034
2265
968
824
2240
1690
1184
813
698
4610
2727
883
2013
1469
55642
753
2760
59561
5022
2331
705
653
401
1218
462
151
967
380
1151
2034
2707
677
465
511
1331
3512
318
438
4327
369
1793
9521
1047
840
802
3445
306
1216
897
620
1047
4558
1899
1047
1270
707
791
1699
1241
3245
7245
554
3183
1641
987
463
756
17438
1148
1746
899
3165
371
827
1730
4794
219
882
418
291
208
225
320
533
1725
107
122
77
896
842
604
0
0
0
54
26
101
1726
535
10707
1725
5050
123
222
375
128
176
185
323
440
1650
932
655
752
1755
1776
1282
15079
2246
1448
520
965
1939
516
3954
3119
2359
4622
1254
1759
4450
2064
3778
9872
5083
2372
855
1252
1008
6842
2055
1106
1107
1036
8243
564
26546
688
999
866
703
865
7009
10755
1518
1815
1540
923
633
44943
1069
2850
1007
6353
2171
2641
808
334
2786
2115
1057
562
3066
928
432
3364
3058
3492
1345
865
1894
878
5714
841
754
538
519
1105
2168
219
250
1762
839
276
453
549
557
527
740
482
247
2042
1222
806
1443
1849
267
1179
3967
1584
2795
1337
1525
691
862
1880
4193
627
1577
520
468
1052
1052
1545
1096
1876
1667
607
1391
1851
633
996
628
16980
18528
8632
559
457
267
1081
839
1442
283
1449
348
389
2681
774
212
337
34
89
136
1716
2768
1857
54
26
101
0
0
0
87
2430
295
220
100
167
759
714
380
822
668
405
1306
309
210
692
1612
912
958
435
1660
606
2420
1818
432
1541
3838
2982
2580
2442
860
3243
2316
1147
3720
2212
7079
29909
3769
10152
1314
1931
1913
767
2153
2703
837
5729
7718
1764
18709
350
7036
748
1044
632
2899
3127
852
773
2133
6379
1908
1806
1847
1797
598
2146
2219
1890
852
1488
1180
3165
986
2576
628
2002
1313
3144
2002
1508
30850
1785
1241
10884
20062
127
289
1354
254
242
649
151
318
305
594
656
125
435
100
244
80
266
409
583
728
244
427
5388
6062
402
2270
501
516
1090
1066
316
2666
458
835
552
482
4866
577
378
829
1968
635
846
338
11849
3767
4716
1335
518
3246
441
414
342
1732
2696
1694
2362
1560
391
1035
505
743
786
641
2325
267
1136
214
3902
820
883
1428
1726
535
10707
87
2430
295
0
0
0
1063
1924
654
95
641
174
1966
77
72
123
583
363
1055
571
345
1405
4072
332
3324
267
615
445
710
1150
1755
3568
1786
5044
7000
1231
2508
1743
1559
1527
1143
2256
1998
3791
5685
1598
1927
2830
7747
2478
1288
612
1062
3174
1840
2488
646
6340
416
921
1686
2516
1894
2360
1137
1624
2090
1109
2227
1227
1670
3917
9251
2726
895
3506
1132
1257
468
4231
1116
4010
2222
1191
3797
2431
2655
2570
696
2362
1137
992
288
2663
299
356
658
1119
782
271
632
604
567
937
1965
2370
112
303
413
285
396
1510
2077
586
5924
311
676
486
3309
448
716
662
1697
857
647
3302
2104
517
450
6369
744
661
940
2005
5034
654
1365
607
386
6987
1691
353
255
1170
398
504
1053
604
185
2597
1404
372
2121
263
292
2752
1097
2233
1915
863
581
399
1725
5050
123
220
100
167
1063
1924
654
0
0
0
85
109
90
160
70
69
142
436
335
7049
527
1017
965
803
2654
575
468
882
788
560
312
1074
2646
884
539
2211
592
864
678
4036
1837
3387
725
11538
5373
2015
454
2523
1904
1114
4546
4732
1036
657
2418
2006
15785
5057
437
3467
640
1908
1675
3798
1261
942
1130
5127
2053
1452
692
1778
1692
2386
2888
2507
1766
980
3210
327
1939
3169
1743
5829
3418
15259
1387
11807
2231
4342
15700
579
1194
225
3500
643
645
1620
182
525
1041
4150
1119
489
607
741
565
654
639
6843
496
1591
238
1578
938
629
874
2724
497
7963
1293
1252
592
1406
1473
8968
1153
5038
4229
1218
3020
1094
1353
501
2165
1255
4782
681
356
6649
1694
460
1301
4046
1044
1152
458
529
1427
353
280
724
882
1616
1224
6595
950
701
180
1417
367
240
823
222
375
128
759
714
380
95
641
174
85
109
90
0
0
0
1687
132
211
227
181
197
1244
680
228
5316
474
373
475
722
680
2742
466
1092
1901
2482
1130
1334
17559
766
5660
9442
4018
1905
869
6753
1323
5955
625
5784
1610
12714
1265
4658
7293
2754
6468
1163
1623
1317
464
14489
1029
1386
7413
2376
537
904
755
1387
3719
2760
1498
1733
1606
5877
2233
1666
1342
842
706
2011
1209
2175
1419
1840
5462
2830
1812
1923
4882
534
7692
1924
5966
272
214
378
233
10854
706
1124
713
576
520
1019
233
1164
222
4854
288
419
307
746
1484
713
271
627
3320
904
292
3148
563
2606
562
1286
562
5174
1182
5632
503
1770
443
2261
409
2725
504
514
1402
1759
1003
5142
762
5647
403
1893
622
929
208
674
889
1771
480
1036
877
728
773
542
223
223
120
1544
925
716
6170
850
176
185
323
822
668
405
1966
77
72
160
70
69
1687
132
211
0
0
0
1062
165
485
2556
2301
732
1717
809
392
318
288
878
439
1613
1856
8148
1277
4459
1254
1426
1534
18643
905
11179
2511
1797
1928
1006
3493
2952
2095
3279
2947
2080
2166
2619
2130
1518
2554
3593
1319
2043
3352
16812
2959
1685
2372
1610
2212
4776
1781
2953
1848
93402
25283
470
55926
5067
1146
2123
3122
2096
888
1390
852
948
9940
1232
2487
1619
1425
946
2177
965
5682
5688
5528
404
239
537
303
379
412
1847
1131
1838
1020
3478
262
175
383
374
6545
723
349
184
1962
680
404
400
746
422
25620
249
986
1134
1331
1589
1101
1004
447
881
1010
445
1548
1930
828
415
272
1387
2646
1698
1138
1385
414
760
1420
551
1046
974
471
6069
428
247
687
163
608
924
3261
650
1070
1231
1505
781
4625
794
718
440
1650
932
1306
309
210
123
583
363
142
436
335
227
181
197
1062
165
485
0
0
0
243
368
200
579
900
263
732
2087
213
385
150
239
2342
3320
13572
13668
3760
7004
529
2901
1322
647
2025
4686
1081
6433
1359
1197
2611
3385
14460
3880
2723
933
1553
1226
5368
2166
24005
1645
944
1670
1632
1359
3059
4863
7329
3338
2168
1122
7298
5048
1386
1185
2153
1155
710
1450
2340
2841
16209
1065
1987
1049
4675
10238
3691
1182
12400
4637
996
5645
1069
436
466
1655
1528
16207
766
2335
797
1446
2655
323
959
1387
1120
8278
1316
1324
11069
570
2255
186
694
335
824
389
1740
7961
1796
2782
531
2335
1419
2630
941
645
2291
1904
5597
1271
3968
2335
1931
3467
12097
1155
2765
1579
814
1101
891
7480
1964
737
640
7207
3047
1220
1310
811
1740
297
7960
1445
3858
567
442
5843
2017
536
2334
2265
655
752
1755
692
1612
912
1055
571
345
7049
527
1017
1244
680
228
2556
2301
732
243
368
200
0
0
0
2280
318
273
92
49
23
84
109
117
3195
1397
6012
1859
596
768
2173
5415
1650
1412
2348
5052
2521
6909
1807
3130
2065
1680
1798
1507
6394
1731
2354
4536
1221
1299
532
4160
13629
697
2216
2509
6592
1351
5537
2062
1146
3598
2632
5956
1808
1348
3197
6271
1210
976
1151
1451
1584
1685
617
1686
1291
13705
698
466
645
1873
1474
3635
1330
1008
743
752
571
9104
989
14059
4862
1592
829
1602
1619
488
1126
598
11713
1304
6508
560
1676
458
608
478
320
772
350
8690
835
1592
510
7198
1131
1898
953
1358
359
1314
426
8056
837
2756
3451
1094
601
6560
1851
2244
1496
1367
1591
816
738
397
778
1677
4405
624
1701
1411
1109
13608
4301
1722
498
1534
4587
1898
1436
654
1766
1722
1776
1282
15079
958
435
1660
1405
4072
332
965
803
2654
5316
474
373
1717
809
392
579
900
263
2280
318
273
0
0
0
189
283
896
131
603
485
4488
1820
920
988
781
434
6223
584
469
1181
565
571
824
1137
4953
2109
3684
2901
10036
25468
3102
1636
8205
1764
6552
5483
43670
3712
3810
2205
5539
8317
2823
6850
2395
1684
963
11486
2250
1297
6889
1194
3140
1533
6132
2320
797
505
1078
390
761
2055
699
1059
1876
2482
1018
3646
458
1214
4031
260
587
1105
1229
1601
1548
1191
2865
404
3987
436
222
2025
13235
7263
491
439
1842
816
609
1075
642
610
360
736
416
1004
5820
1066
2428
734
825
727
1575
4108
1089
2043
34667
2301
1123
595
393
815
2579
7339
4844
1881
630
17486
1459
6033
2406
1126
2468
1241
32303
1326
3469
6140
1124
873
888
8552
6270
3682
2965
322
1285
704
1588
1012
2246
1448
520
606
2420
1818
3324
267
615
575
468
882
475
722
680
318
288
878
732
2087
213
92
49
23
189
283
896
0
0
0
614
56
372
5702
3141
1502
344
1890
875
1598
5379
1604
1802
1868
2234
1879
4890
1692
55960
11825
3184
2043
23006
1818
1637
17411
2832
1444
1395
48244
5183
17395
2347
2495
1454
1898
2139
3582
11711
1926
3320
11417
663
2817
1101
57795
3581
2419
7494
3406
636
429
842
708
3861
2128
1003
1558
2328
774
1300
1826
5140
1494
396
20068
1125
3173
1139
303
367
16352
1703
1659
1881
904
588
386
1730
11480
2657
428
583
3490
378
1088
309
735
405
777
1331
826
2993
978
851
290
3812
521
836
3159
390
260
649
1558
495
456
947
4774
1287
3597
1394
1991
982
4667
507
3370
397
1687
501
940
1108
2030
1003
3460
1800
4915
971
549
1135
765
3772
805
725
323
895
965
1939
516
432
1541
3838
445
710
1150
788
560
312
2742
466
1092
439
1613
1856
385
150
239
84
109
117
131
603
485
614
56
372
0
0
0
2088
1817
2827
8581
838
8057
2041
997
15927
1468
1576
5764
1483
1030
936
5514
1975
2423
3848
1659
13095
2482
3087
1280
35135
1939
1156
2162
6819
11908
14288
589
8369
12418
619
1314
647
3909
1924
2682
2132
1267
630
1900
2099
1807
1343
2614
631
2079
892
2904
1697
3022
847
7075
2849
1029
3806
5372
4153
17915
836
1333
2915
923
3172
1065
2553
6171
809
627
3173
744
8782
1049
2307
1995
1988
778
422
1209
616
556
4133
2464
2285
293
2880
846
622
1434
1890
2381
1697
1496
5505
1187
1273
592
5537
334
475
1486
871
589
1873
1038
531
882
618
627
920
1841
800
22445
889
1061
1818
5230
954
1719
1477
555
2905
4012
4347
7005
7697
3960
1597
5065
3954
3119
2359
2982
2580
2442
1755
3568
1786
1074
2646
884
1901
2482
1130
8148
1277
4459
2342
3320
13572
3195
1397
6012
4488
1820
920
5702
3141
1502
2088
1817
2827
0
0
0
1968
823
11658
1109
610
844
4990
1922
1825
4211
2294
1850
1609
3562
7932
2749
2200
346
171
265
232
1613
2603
6937
3090
1453
820
1857
5794
1320
1453
1001
5591
2726
40869
5212
1678
23400
2881
2485
2270
7765
1637
10563
37680
2359
1627
2758
2497
10149
2918
7575
1128
1199
8194
2769
1749
547
3946
3353
4818
1101
1708
4647
1624
1614
1826
8159
2365
2060
746
782
1222
943
2208
874
909
339
2820
371
1008
2070
889
4375
1780
1925
4873
498
5107
261
4415
7729
2547
1068
463
2265
5267
1688
4344
1261
561
2988
828
5452
8995
700
3502
1374
2030
2905
4276
2202
1896
1512
4478
1865
7595
1624
1610
2344
1919
1442
2492
5178
407
3765
3949
9786
1352
4622
1254
1759
860
3243
2316
5044
7000
1231
539
2211
592
1334
17559
766
1254
1426
1534
13668
3760
7004
1859
596
768
988
781
434
344
1890
875
8581
838
8057
1968
823
11658
0
0
0
476
1022
708
488
1126
866
5726
6018
7821
7421
2125
4398
15981
1657
3239
2944
959
4539
2148
1006
3161
1329
6155
3919
1942
2971
6034
33785
18983
2067
18809
29944
3316
1913
2212
24549
1285
3093
14570
11548
781
1637
746
1127
5345
922
373
1303
259
194
1538
887
3131
1545
9274
622
3079
2780
1057
23450
2167
851
1873
1630
9520
15458
3165
2353
17962
736
10742
2516
2022
1350
1516
4952
1017
465
1265
1060
1056
760
1809
558
532
874
1914
1663
385
1342
3654
3062
1091
2027
878
377
1670
2112
774
2560
1220
1204
3464
911
1496
5335
2343
9608
869
2113
4210
860
840
1910
9383
2233
1696
2305
1017
1887
3008
1686
942
2086
24494
13323
4450
2064
3778
1147
3720
2212
2508
1743
1559
864
678
4036
5660
9442
4018
18643
905
11179
529
2901
1322
2173
5415
1650
6223
584
469
1598
5379
1604
2041
997
15927
1109
610
844
476
1022
708
0
0
0
347
189
348
1705
20630
4544
5015
10025
2790
1368
784
868
547
1597
1076
12985
2438
5963
6708
1586
585
3436
2546
2836
8134
2201
12453
3705
1778
12056
22272
1845
55918
5465
4222
3547
4414
7189
4027
14948
3171
4033
4372
1516
14478
1002
28052
3856
2086
1816
3905
2272
3039
2808
450
1100
1312
5165
1509
4333
1669
4854
3434
618
8388
756
1602
1372
3161
1466
1824
2091
560
326
2993
1191
2210
1713
825
1461
3518
589
2554
1150
307
461
2062
2147
3286
632
1607
1203
5298
2464
3716
1642
6625
2567
2757
1641
1505
1069
3574
7408
1050
1914
1470
1664
921
1113
2448
5170
2194
1201
4901
19413
4586
2731
6846
7996
2155
849
13121
9872
5083
2372
7079
29909
3769
1527
1143
2256
1837
3387
725
1905
869
6753
2511
1797
1928
647
2025
4686
1412
2348
5052
1181
565
571
1802
1868
2234
1468
1576
5764
4990
1922
1825
488
1126
866
347
189
348
0
0
0
2409
2428
17190
2626
2038
1599
4223
3077
3760
4107
6435
2055
19441
11905
4617
11748
1063
1289
9758
1676
13584
3784
2189
2955
12260
5444
4290
38048
12989
2444
4369
4255
7071
4355
1609
2728
1183
4583
3250
1981
6860
1443
2182
1691
5623
2778
2129
12326
19120
13842
894
1900
920
2777
884
1069
719
1228
2466
1365
1877
692
1347
1754
1999
1974
2009
1180
6953
4808
1905
1356
1770
611
4340
5147
1467
1665
4122
21305
794
3640
739
11763
2680
1592
751
3543
1192
2180
9055
1431
7999
584
1031
732
16176
1334
662
1733
1806
1351
1748
688
1555
4616
1183
989
767
961
2901
988
926
2980
811
986
712
2851
932
832
855
1252
1008
10152
1314
1931
1998
3791
5685
11538
5373
2015
1323
5955
625
1006
3493
2952
1081
6433
1359
2521
6909
1807
824
1137
4953
1879
4890
1692
1483
1030
936
4211
2294
1850
5726
6018
7821
1705
20630
4544
2409
2428
17190
0
0
0
2967
889
2513
1764
1778
2965
23483
1634
9188
380
1941
7111
8088
1965
1880
2860
1075
17673
226
489
416
941
4137
700
23272
4822
4799
934
789
9227
5526
1617
3098
1521
1038
888
2802
878
2061
14582
1112
4246
3169
3110
1355
1613
1088
1619
3839
2018
5159
3334
6510
1244
821
1929
1337
1035
1257
1749
3301
11158
524
1122
1761
895
2989
23865
3138
6054
5619
1783
2547
3216
8539
4841
1797
2393
3090
3615
617
4032
489
698
667
1153
874
2070
9299
4246
891
6004
813
4032
833
2830
5293
2712
1811
333
964
1658
927
1076
2357
1898
1477
613
2653
3964
5905
1702
1209
1647
1526
3758
790
6842
2055
1106
1913
767
2153
1598
1927
2830
454
2523
1904
5784
1610
12714
2095
3279
2947
1197
2611
3385
3130
2065
1680
2109
3684
2901
55960
11825
3184
5514
1975
2423
1609
3562
7932
7421
2125
4398
5015
10025
2790
2626
2038
1599
2967
889
2513
0
0
0
1165
3984
898
2470
2280
1501
2271
166
201
7573
620
387
2329
8775
13016
3146
511
1411
403
636
1185
13887
1887
2484
2876
5481
4066
2720
11979
1538
2801
5303
4193
2697
3321
7414
3387
3635
2357
1765
15709
1243
23249
1910
5082
21900
1404
4066
1432
6442
957
9351
13925
857
826
5149
663
881
949
1322
4073
3169
2306
1054
5467
1539
15478
1671
1271
4474
714
950
1284
9940
796
9523
2276
1893
1781
1380
3339
1297
2012
508
595
1169
856
987
1938
1951
690
2517
1454
5729
4150
1741
925
5931
761
2979
2572
8776
2627
35755
528
1540
286
1262
2122
2007
26883
6711
1247
1068
1107
1036
8243
2703
837
5729
7747
2478
1288
1114
4546
4732
1265
4658
7293
2080
2166
2619
14460
3880
2723
1798
1507
6394
10036
25468
3102
2043
23006
1818
3848
1659
13095
2749
2200
346
15981
1657
3239
1368
784
868
4223
3077
3760
1764
1778
2965
1165
3984
898
0
0
0
1101
249
198
973
907
1962
339
7826
373
9342
15774
11869
1734
3027
2310
1358
23104
1632
14460
2159
1885
1474
2563
2603
1651
9301
4482
7546
3667
2741
1913
3580
3096
1612
2723
2094
3106
12319
5438
423
1528
884
547
15809
1134
1485
1402
1222
1446
2079
751
823
1215
582
1691
6470
1178
2249
889
19752
1721
394
593
2394
3877
1169
2644
968
687
625
1105
2038
2424
1571
679
975
11233
428
975
520
1008
486
960
826
2233
2574
520
836
21292
1704
2867
456
930
657
11239
721
13608
2271
1140
1634
13339
3659
4326
2680
1780
4247
1187
1574
1292
8555
1404
564
26546
688
7718
1764
18709
612
1062
3174
1036
657
2418
2754
6468
1163
2130
1518
2554
933
1553
1226
1731
2354
4536
1636
8205
1764
1637
17411
2832
2482
3087
1280
171
265
232
2944
959
4539
547
1597
1076
4107
6435
2055
23483
1634
9188
2470
2280
1501
1101
249
198
0
0
0
7914
2026
5315
944
990
716
4289
1872
30226
8047
25471
2330
2994
3672
1112
2370
5887
14484
3088
1883
3876
1855
1803
2690
3688
2779
3235
1142
1215
8852
1952
1284
1803
2127
5315
1477
5461
1674
821
5311
6824
1368
1421
555
1887
603
12221
2164
1434
1377
24659
2120
14915
5533
31339
1990
4080
6123
1646
553
3347
1814
1171
6243
4517
2586
1145
6213
5450
1266
5710
1854
774
1023
1126
10307
887
1579
643
14319
1279
281
449
372
324
2425
744
742
1733
1782
11585
610
1761
2528
945
1391
2828
1122
3324
2351
3200
1139
948
2903
1122
1407
1301
1983
999
866
703
350
7036
748
1840
2488
646
2006
15785
5057
1623
1317
464
3593
1319
2043
5368
2166
24005
1221
1299
532
6552
5483
43670
1444
1395
48244
35135
1939
1156
1613
2603
6937
2148
1006
3161
12985
2438
5963
19441
11905
4617
380
1941
7111
2271
166
201
973
907
1962
7914
2026
5315
0
0
0
3586
818
5843
1007
2342
11769
1534
4813
1082
15783
2032
330
1189
10843
835
714
1863
1445
3559
1807
1376
6776
3361
17955
2310
1648
3643
1730
1107
2674
8520
2109
1319
8482
1149
979
869
1083
1482
2191
5110
1804
1005
7220
2330
1242
1381
2877
423
2370
7466
663
2005
6313
3612
7289
650
5197
11431
1980
544
538
562
1158
1847
2383
1652
891
674
701
1833
316
4453
456
1316
527
849
1120
246
1129
2584
725
755
462
6444
319
1269
1272
1806
10564
1105
1640
621
1306
7387
7401
735
2215
1869
3798
2056
862
692
2038
896
865
7009
10755
1044
632
2899
6340
416
921
437
3467
640
14489
1029
1386
3352
16812
2959
1645
944
1670
4160
13629
697
3712
3810
2205
5183
17395
2347
2162
6819
11908
3090
1453
820
1329
6155
3919
6708
1586
585
11748
1063
1289
8088
1965
1880
7573
620
387
339
7826
373
944
990
716
3586
818
5843
0
0
0
116109
4710
1403
6572
2305
4995
7160
5368
2492
1539
6730
1710
1860
3687
6364
2306
3263
4049
22147
30495
1918
2952
816
2091
3069
3344
5561
19794
44917
11822
6962
1560
3143
1914
800
7255
7008
10517
3592
3814
6470
1387
1874
2720
1151
379
23020
1935
2196
1534
2357
1814
1167
3040
4349
674
4703
2881
5267
1923
4550
3331
25680
1345
2121
3303
3995
13282
10393
7093
4145
19261
1711
835
2342
2476
1593
1469
1061
3125
2376
2048
1796
1795
2532
2419
975
3456
23314
1452
14931
676
4401
1755
1992
18198
850
2240
1879
785
625
730
1518
1815
1540
3127
852
773
1686
2516
1894
1908
1675
3798
7413
2376
537
1685
2372
1610
1632
1359
3059
2216
2509
6592
5539
8317
2823
2495
1454
1898
14288
589
8369
1857
5794
1320
1942
2971
6034
3436
2546
2836
9758
1676
13584
2860
1075
17673
2329
8775
13016
9342
15774
11869
4289
1872
30226
1007
2342
11769
116109
4710
1403
0
0
0
559
7688
915
2819
3057
2497
163
855
267
370
717
4016
511
696
1687
2163
1747
1648
2777
1601
2185
2393
3341
7329
74722
2949
2784
459
2109
1147
4759
2766
3078
1558
34117
541
1217
1176
1609
855
5672
7079
6379
1080
2627
1225
3609
2592
7949
2550
6737
3120
3153
5630
10648
2627
847
1630
3514
3139
2051
1889
4655
4113
2106
4626
2459
3743
1472
8969
8900
2882
2261
1544
6026
1389
4166
1831
3183
520
822
7228
743
1752
2806
3047
4288
1485
306
1094
373
737
451
1284
730
13683
410
422
516
923
633
44943
2133
6379
1908
2360
1137
1624
1261
942
1130
904
755
1387
2212
4776
1781
4863
7329
3338
1351
5537
2062
6850
2395
1684
2139
3582
11711
12418
619
1314
1453
1001
5591
33785
18983
2067
8134
2201
12453
3784
2189
2955
226
489
416
3146
511
1411
1734
3027
2310
8047
25471
2330
1534
4813
1082
6572
2305
4995
559
7688
915
0
0
0
2340
1346
654
1353
13093
1745
1385
1365
750
6322
981
3024
7728
6075
1838
2747
3161
4337
1013
8097
1000
2700
5891
2156
2558
2074
3242
1115
19502
5255
3829
1887
1955
992
2848
8970
12116
1631
9383
2459
2963
2614
793
10550
2675
1597
1043
986
1658
4732
3557
1260
3413
1294
4537
2195
26252
2550
3394
15539
5925
650
3829
1952
2260
6657
2499
2135
31994
1895
2669
1630
1942
2664
7494
2812
3029
2945
1767
1167
3337
1135
3928
1793
716
11017
1991
2902
1604
2128
1401
1989
3463
815
1105
913
1069
2850
1007
1806
1847
1797
2090
1109
2227
5127
2053
1452
3719
2760
1498
2953
1848
93402
2168
1122
7298
1146
3598
2632
963
11486
2250
1926
3320
11417
647
3909
1924
2726
40869
5212
18809
29944
3316
3705
1778
12056
12260
5444
4290
941
4137
700
403
636
1185
1358
23104
1632
2994
3672
1112
15783
2032
330
7160
5368
2492
2819
3057
2497
2340
1346
654
0
0
0
728
3395
3516
587
1636
1306
3358
3972
945
1912
1957
4238
5311
2794
6717
4474
2639
7348
5547
2455
3515
2734
525
627
14871
1761
5629
2633
2243
6323
2253
1558
1572
583
4723
1602
933
1580
15619
2677
2528
1077
2674
2104
4209
1886
9133
5099
28369
16281
906
2981
1045
2063
1703
4949
34160
1535
3136
3552
7008
35294
5718
1646
60412
2236
2762
11080
2171
1928
6638
2135
4082
1549
31022
6354
3127
6028
12185
3013
564
1107
2268
3737
873
2530
5040
11222
1346
1509
2104
1655
2034
6353
2171
2641
598
2146
2219
1227
1670
3917
692
1778
1692
1733
1606
5877
25283
470
55926
5048
1386
1185
5956
1808
1348
1297
6889
1194
663
2817
1101
2682
2132
1267
1678
23400
2881
1913
2212
24549
22272
1845
55918
38048
12989
2444
23272
4822
4799
13887
1887
2484
14460
2159
1885
2370
5887
14484
1189
10843
835
1539
6730
1710
163
855
267
1353
13093
1745
728
3395
3516
0
0
0
1000
10148
2720
1141
791
1336
1657
6091
1035
2622
1217
2416
1989
5459
28828
915
1666
1654
1968
628
6105
2162
5196
4198
1366
3520
875
824
3093
5291
1915
3563
3202
1329
9000
14014
1345
1898
1175
1249
13760
917
1725
3778
23900
15195
5610
1788
3246
17023
1629
46588
7402
853
3604
1812
1925
4116
3163
2710
1992
3699
1865
9375
1312
1178
949
2656
7121
1905
5784
1103
3537
3113
15028
826
3060
4181
549
1851
1875
1086
681
2588
2136
7346
1446
2265
968
824
808
334
2786
1890
852
1488
9251
2726
895
2386
2888
2507
2233
1666
1342
5067
1146
2123
2153
1155
710
3197
6271
1210
3140
1533
6132
57795
3581
2419
630
1900
2099
2485
2270
7765
1285
3093
14570
5465
4222
3547
4369
4255
7071
934
789
9227
2876
5481
4066
1474
2563
2603
3088
1883
3876
714
1863
1445
1860
3687
6364
370
717
4016
1385
1365
750
587
1636
1306
1000
10148
2720
0
0
0
2212
947
2257
3745
4550
2625
1326
3574
4398
2895
1558
6487
3869
2185
2131
16362
11510
21243
3036
1062
9611
1919
887
2744
15449
912
1139
31450
11621
1123
2172
7747
4572
7935
3064
1479
2868
3316
3796
2451
1095
6764
4966
1943
1406
2016
866
4845
9318
1672
11906
2016
8040
2730
13682
52490
13031
4070
1463
27935
1542
1595
11634
2688
784
4171
1264
5954
3834
2011
8401
6517
3215
1578
1669
4662
1254
1416
3179
1544
2346
2158
2252
4996
2240
1690
1184
2115
1057
562
1180
3165
986
3506
1132
1257
1766
980
3210
842
706
2011
3122
2096
888
1450
2340
2841
976
1151
1451
2320
797
505
7494
3406
636
1807
1343
2614
1637
10563
37680
11548
781
1637
4414
7189
4027
4355
1609
2728
5526
1617
3098
2720
11979
1538
1651
9301
4482
1855
1803
2690
3559
1807
1376
2306
3263
4049
511
696
1687
6322
981
3024
3358
3972
945
1141
791
1336
2212
947
2257
0
0
0
724
1809
7940
4037
2259
551
2021
2752
6223
856
1333
9428
3088
744
1951
1721
1697
12577
2193
971
2342
1245
263
3250
1461
5273
1167
2294
2467
1734
1300
970
2541
464
824
3146
3824
1019
906
997
585
1688
10354
2359
1543
1516
4667
8622
1380
3323
2926
1756
475
812
12357
972
796
1767
1198
2438
1448
10035
1980
4005
557
10450
902
2311
1265
3238
2705
931
855
922
1561
635
2962
1344
1024
2728
7409
813
698
4610
3066
928
432
2576
628
2002
468
4231
1116
327
1939
3169
1209
2175
1419
1390
852
948
16209
1065
1987
1584
1685
617
1078
390
761
429
842
708
631
2079
892
2359
1627
2758
746
1127
5345
14948
3171
4033
1183
4583
3250
1521
1038
888
2801
5303
4193
7546
3667
2741
3688
2779
3235
6776
3361
17955
22147
30495
1918
2163
1747
1648
7728
6075
1838
1912
1957
4238
1657
6091
1035
3745
4550
2625
724
1809
7940
0
0
0
3292
1649
467
1704
802
33501
412
2071
5889
1067
3302
5269
2648
1595
1236
5521
1176
3328
1877
1434
832
1470
3027
4100
17647
438
1388
3839
5590
754
510
10338
2077
2687
1802
2975
10940
3000
1565
2195
2278
965
2006
2019
3873
1824
1608
950
1222
6791
14006
12639
3340
14123
5953
14402
3307
92989
28267
1276
2031
5924
1243
4351
8370
2367
1400
7118
1154
2115
1099
1683
3187
1718
3087
6543
33094
4403
2727
883
2013
3364
3058
3492
1313
3144
2002
4010
2222
1191
1743
5829
3418
1840
5462
2830
9940
1232
2487
1049
4675
10238
1686
1291
13705
2055
699
1059
3861
2128
1003
2904
1697
3022
2497
10149
2918
922
373
1303
4372
1516
14478
1981
6860
1443
2802
878
2061
2697
3321
7414
1913
3580
3096
1142
1215
8852
2310
1648
3643
2952
816
2091
2777
1601
2185
2747
3161
4337
5311
2794
6717
2622
1217
2416
1326
3574
4398
4037
2259
551
3292
1649
467
0
0
0
614
11608
834
3916
4380
1336
2472
9484
1608
1684
1130
1121
5981
1255
1276
8084
3477
1054
1440
3538
602
1003
9738
1011
4807
724
60918
1760
1304
1330
4315
3960
34203
2635
4651
6371
3844
1840
11586
1156
3573
3182
37623
4265
10559
15454
5677
3706
1637
2109
4147
4776
2356
21658
2284
7720
1483
3641
1792
955
1128
1653
2295
1210
3171
1966
2404
3087
3861
8361
9026
1733
10922
2311
7361
1469
55642
753
1345
865
1894
1508
30850
1785
3797
2431
2655
15259
1387
11807
1812
1923
4882
1619
1425
946
3691
1182
12400
698
466
645
1876
2482
1018
1558
2328
774
847
7075
2849
7575
1128
1199
259
194
1538
1002
28052
3856
2182
1691
5623
14582
1112
4246
3387
3635
2357
1612
2723
2094
1952
1284
1803
1730
1107
2674
3069
3344
5561
2393
3341
7329
1013
8097
1000
4474
2639
7348
1989
5459
28828
2895
1558
6487
2021
2752
6223
1704
802
33501
614
11608
834
0
0
0
9325
151
204
2163
1301
1513
980
1927
954
3082
732
1444
1126
2570
2258
1001
5215
653
1870
1498
3222
2012
2896
448
4076
2182
2277
900
6355
720
1182
3284
2590
1905
2496
1432
719
3590
7276
4068
5122
6827
1719
1148
7331
2898
1004
5366
2716
3183
15415
2018
13729
5430
6964
12637
14674
2885
3195
1865
3969
541
834
1362
7825
9044
1513
1417
2136
1328
2425
1904
2760
59561
5022
878
5714
841
1241
10884
20062
2570
696
2362
2231
4342
15700
534
7692
1924
2177
965
5682
4637
996
5645
1873
1474
3635
3646
458
1214
1300
1826
5140
1029
3806
5372
8194
2769
1749
887
3131
1545
2086
1816
3905
2778
2129
12326
3169
3110
1355
1765
15709
1243
3106
12319
5438
2127
5315
1477
8520
2109
1319
19794
44917
11822
74722
2949
2784
2700
5891
2156
5547
2455
3515
915
1666
1654
3869
2185
2131
856
1333
9428
412
2071
5889
3916
4380
1336
9325
151
204
0
0
0
