C_ijk
0
0
0
300
284
102
35
85
45
76
388
79
365
128
169
116
251
96
204
442
6239
1078
629
324
13035
616
6621
442
1358
1488
452
457
327
731
403
893
342
296
70
429
1190
660
3793
643
509
1418
19128
1217
250
224
610
561
663
1238
5580
1639
793
158
818
2658
3137
655
8928
779
2775
1962
2571
768
911
405
5138
865
254
477
315
445
1230
281
525
82
4435
520
2115
454
816
1626
822
1218
190
549
1938
9251
352
1008
9046
1654
1136
1180
753
2788
9507
565
15100
1046
2141
852
398
1578
607
434
1804
6106
2756
4887
1332
2466
1289
758
4043
918
2068
1443
2141
1005
2201
1008
923
2282
1064
2609
9978
593
2149
1669
2021
2909
2776
1200
3882
2240
658
2218
11992
1021
13923
1297
1432
3078
1205
18542
10905
1806
1706
1957
2082
933
834
1430
1307
1659
2091
2190
1058
2386
900
300
284
102
0
0
0
8
31
5
327
1375
511
98
245
475
2031
286
539
241
145
105
395
315
432
1040
703
252
600
1041
294
1254
2289
537
3917
303
1891
1780
228
202
11268
10533
4574
356
418
3212
544
399
437
1419
7035
451
277
1243
143
519
1109
13707
360
316
3479
295
1011
259
197
275
251
751
568
1457
650
550
261
424
336
471
391
388
381
2993
202
315
1758
253
242
654
401
2239
533
463
478
444
264
2867
1644
2075
2991
482
8633
1739
940
3143
1634
205
494
392
1641
1468
2739
859
2982
20716
964
1199
3029
421
10821
3375
960
1090
3281
3432
1291
586
47599
811
2795
9712
956
6066
847
1015
651
7002
6905
3096
953
1724
1045
1879
540
1626
2031
664
4099
4349
1445
8272
1686
6532
3815
31119
9453
1533
3274
1428
1784
7822
1140
1378
1147
495
5188
7811
794
703
35
85
45
8
31
5
0
0
0
116
103
470
393
202
190
61
293
156
441
1260
116
4672
167
1631
943
9140
852
424
957
2191
990
496
2839
1250
471
539
180
91
325
2276
4506
5786
2583
1446
2358
6970
4037
1293
893
1003
997
690
410
1202
986
1448
2410
397
353
237
647
310
256
409
211
1029
1317
282
244
1335
5231
4914
555
213
761
658
544
2001
150
123
657
782
2178
547
157
698
168
295
123
137
306
176
290
3547
928
906
1634
1774
360
476
4947
1810
3971
415
481
2157
815
7507
4549
2219
2319
3171
4685
12292
13044
2032
1436
2079
1989
3954
1924
4749
1721
3371
3042
4221
1900
337
2202
3521
819
1838
23104
905
1324
2273
616
1788
1078
2264
2700
1672
3334
1288
925
2310
1436
1228
16172
1016
8513
14325
68539
3058
1441
5435
1812
740
5711
3074
1377
5597
1210
4505
2220
76
388
79
327
1375
511
116
103
470
0
0
0
180
171
1638
92
334
201
164
115
88
961
818
1977
424
304
365
419
344
113
868
907
606
753
1073
993
103
110
627
1259
281
716
659
913
340
21505
1864
983
247
11326
1296
2308
169
433
318
5639
761
586
402
188
914
3336
474
1263
6684
418
1835
537
14978
4640
1140
2416
1555
529
290
3708
1358
254
164
2335
450
691
378
576
581
688
1985
525
506
587
388
7191
409
714
12463
602
919
273
591
720
717
917
7315
2011
15445
1410
1004
794
19928
1220
1274
1050
1731
535
1871
4305
4802
2490
1255
4835
2029
497
2239
976
5740
2198
957
1013
2462
1309
585
505
2368
2148
1415
5346
1167
2830
1564
599
1366
2792
1931
2414
4181
1639
1105
1952
1565
3234
1966
4688
838
1939
3625
1333
6003
1059
1920
2393
533
738
13604
4564
3108
365
128
169
98
245
475
393
202
190
180
171
1638
0
0
0
65
8
18
164
50
26
386
169
614
171
1485
453
150
448
162
2332
481
276
1215
681
759
552
626
208
2227
1460
1122
2369
224
654
812
1806
1218
13969
1667
1043
13030
266
805
692
874
566
2633
454
607
2655
867
5293
1198
567
244
428
1446
537
578
1743
1988
574
454
2169
4453
593
875
246
1847
153
937
349
355
366
278
529
433
750
3186
124
608
380
449
328
1039
560
707
668
428
1858
837
264
699
481
7032
1973
1769
824
6712
8367
1309
1866
726
6550
3055
1009
2437
1953
2475
1149
2121
1040
2191
2204
1442
8834
1003
895
1930
428
7958
4845
2291
2460
2867
1705
1497
5758
757
702
2999
2382
18904
4317
17124
992
6772
9571
1403
953
30777
998
1632
908
1221
741
2000
1101
35963
2257
864
4104
7860
1824
116
251
96
2031
286
539
61
293
156
92
334
201
65
8
18
0
0
0
441
43
196
369
344
1180
116
544
5180
201
266
676
757
1041
595
755
1464
521
372
1450
704
1796
934
401
534
1070
9619
2482
3869
365
380
840
983
395
1046
1866
1128
388
1279
612
777
7921
3189
619
2281
183
1226
393
2008
375
416
1222
1271
1853
627
739
915
3346
2267
2515
187
76
529
1712
9533
564
4347
308
613
1626
876
2319
231
560
506
9550
1145
1304
269
624
493
557
450
5381
467
422
1008
1228
1214
2167
1454
1158
1047
1579
1353
3485
1648
11859
3761
929
1205
3789
18247
1173
1747
2348
1827
869
1328
538
2041
3730
1684
4056
6285
1070
1522
4523
1979
30408
2429
1440
7493
18979
7893
7839
2547
1005
2687
5699
4082
13083
1664
2945
11195
1515
1638
1281
2170
592
3288
1538
1655
876
1779
2250
1343
204
442
6239
241
145
105
441
1260
116
164
115
88
164
50
26
441
43
196
0
0
0
330
109
160
441
1023
364
986
191
222
1133
1002
854
837
1223
698
766
477
133
340
2003
1347
2411
956
280
2254
7973
492
670
365
862
757
1563
646
1244
2578
464
876
4479
868
1701
3258
685
968
892
6389
1902
220
2476
12386
1262
9729
2498
1070
390
1139
694
1692
4591
607
378
1453
6614
6928
615
558
840
14471
244
711
191
1984
1235
1042
3136
327
2601
294
551
1178
1587
1379
5349
930
339
1414
1510
397
1026
634
2546
15777
1132
1006
7151
433
1083
2549
25655
3319
2843
10520
1283
686
2595
8296
870
438
2785
2441
1641
5357
16614
2396
562
807
1118
4282
1782
7891
20530
780
3325
5777
2894
2616
1205
3320
789
1721
934
3827
1652
894
1941
939
978
1173
15387
8417
4014
11511
10100
19443
10995
1078
629
324
395
315
432
4672
167
1631
961
818
1977
386
169
614
369
344
1180
330
109
160
0
0
0
110
5303
170
1869
544
261
2396
371
354
322
588
2073
3562
946
1032
1798
1534
900
5186
4994
6100
2563
9070
995
788
406
4176
651
247
1175
473
1594
2240
665
1886
1158
809
980
1512
5810
1854
1173
622
857
1241
2025
801
1075
1193
579
1036
361
607
1060
311
1133
261
369
1110
1779
553
3365
578
765
1538
728
8709
1459
319
540
318
739
330
332
4859
9237
2216
346
2486
3754
909
1886
657
985
1264
1166
2942
428
512
1027
397
593
2323
987
2595
7366
1049
2846
2443
1983
573
72002
18963
2032
5370
7660
2885
5609
2388
3091
4755
959
3897
2287
2984
4894
1335
3643
2784
1265
1524
628
5384
3045
2241
1851
8919
8606
1631
890
1365
1503
4640
1434
612
1702
2984
2982
55790
41600
29162
13035
616
6621
1040
703
252
943
9140
852
424
304
365
171
1485
453
116
544
5180
441
1023
364
110
5303
170
0
0
0
722
636
618
429
264
864
917
952
900
238
240
2189
494
1250
2766
1108
941
5506
502
1430
2738
2015
450
3207
693
741
5996
946
3003
2450
3806
26031
10625
1471
10983
1497
8351
1263
237
2567
530
715
618
1096
1389
1220
1416
713
2113
568
1178
313
1667
693
514
434
552
2640
300
597
2119
298
417
9058
756
392
587
2044
640
457
222
326
14229
618
1450
422
421
1371
3332
11526
2238
721
2080
2350
2322
1006
2265
484
2040
1935
804
2146
1360
4482
2849
4625
3453
699
2727
654
1243
4536
1440
678
2148
919
2630
1404
4209
1778
1936
2109
1429
2459
3666
2933
2826
2802
2441
1275
6284
3283
1083
4834
1903
2338
2130
3443
886
799
2639
2802
1027
1238
927
3585
4975
4177
442
1358
1488
600
1041
294
424
957
2191
419
344
113
150
448
162
201
266
676
986
191
222
1869
544
261
722
636
618
0
0
0
117
3576
115
332
251
1217
734
931
3805
224
631
278
405
215
531
2136
3915
10894
35977
1281
330
1850
607
3293
1093
309
1353
325
1112
3446
1552
2591
1268
646
2617
2215
8278
1156
668
1066
700
2774
715
1347
3933
2571
454
579
799
237
396
375
1857
7442
1809
1130
1960
579
8551
481
452
382
693
2020
851
8774
968
1004
746
2293
480
2600
1914
681
10866
1224
1636
655
2320
2134
1954
920
869
467
3242
3808
1690
1258
4560
2119
8478
949
2109
6532
1160
841
4373
1320
12500
1406
2770
1256
1927
2499
754
10090
3654
1909
1671
3344
927
6247
3199
6966
2325
3248
3755
5741
22455
1476
1982
13022
6473
7957
5544
1331
2701
2164
2186
6666
864
728
1606
3596
3113
452
457
327
1254
2289
537
990
496
2839
868
907
606
2332
481
276
757
1041
595
1133
1002
854
2396
371
354
429
264
864
117
3576
115
0
0
0
96
158
691
318
2674
574
4863
1146
358
191
651
424
865
526
647
1082
3386
2557
1090
2078
836
2191
370
10153
746
3048
5526
857
655
1691
3078
821
392
1041
2314
1863
640
1182
3518
9529
2548
692
1861
582
595
1375
991
1418
1669
1019
1837
668
5959
1360
3953
556
2279
789
723
557
1038
1900
1341
3062
1441
740
464
872
1754
1161
354
608
1909
1246
413
2101
2107
855
2374
1025
1221
5389
950
336
3936
903
1267
6184
2107
1331
1846
1908
1738
383
1057
1987
1599
1019
3015
3668
3909
1602
4008
13793
5053
1850
4195
3575
2699
1842
1069
3747
27230
10275
1182
10348
2698
1445
1619
1209
3850
7811
1959
21157
9928
12274
1418
455
11256
1610
5746
5969
731
403
893
3917
303
1891
1250
471
539
753
1073
993
1215
681
759
755
1464
521
837
1223
698
322
588
2073
917
952
900
332
251
1217
96
158
691
0
0
0
887
607
963
578
835
646
260
675
624
1217
2801
3340
979
329
406
799
229
817
898
7248
9687
6317
1157
486
1669
1760
1141
551
1072
3310
3705
845
7472
7098
9944
1236
860
1111
1364
1594
1902
9134
4751
1626
1705
2768
2045
1066
1448
1557
4591
1253
697
904
1157
1144
1320
662
1199
828
1972
1100
4845
1200
750
299
1727
830
634
331
6836
1176
1845
1039
1140
242
508
947
390
1192
1533
453
13046
11216
4857
718
1373
2466
7664
1489
585
3179
2486
9615
3421
4911
11563
2947
2877
29852
2402
3322
1668
3358
1617
7849
37163
1127
2221
9759
5133
2541
3137
3084
1229
2646
6082
6653
1124
4051
4771
6211
2882
2075
694
2880
2065
3195
6101
342
296
70
1780
228
202
180
91
325
103
110
627
552
626
208
372
1450
704
766
477
133
3562
946
1032
238
240
2189
734
931
3805
318
2674
574
887
607
963
0
0
0
613
857
2303
353
237
297
300
2031
522
599
436
585
201
299
1658
2071
947
7084
626
228
642
7313
795
1873
360
245
736
510
364
435
3574
536
2277
2840
2122
8675
823
1215
2036
1885
658
4387
902
292
283
5622
1212
565
902
3269
197
816
18811
329
1292
6082
972
2027
9833
841
909
932
1001
1880
717
1058
6742
1265
1023
1662
1259
1410
888
824
1748
1446
3084
1815
1177
1683
1846
366
786
14965
3135
4598
827
842
3328
1742
2104
579
761
962
888
1274
1762
8555
3656
3103
2419
815
4249
1184
1842
6401
808
1843
2311
2521
13626
3333
2628
1172
8716
30036
6289
1108
1486
673
5922
2618
680
13666
1912
2957
429
1190
660
11268
10533
4574
2276
4506
5786
1259
281
716
2227
1460
1122
1796
934
401
340
2003
1347
1798
1534
900
494
1250
2766
224
631
278
4863
1146
358
578
835
646
613
857
2303
0
0
0
76
362
66
1892
939
412
1090
2335
368
387
1976
8818
818
532
609
618
2346
3621
2743
4799
1726
4044
407
1072
3371
2000
2121
644
62424
3769
9916
833
1684
758
2624
2002
787
736
322
1216
1673
653
1382
5852
989
6426
1976
1281
1326
721
1846
4279
2295
1063
11001
3318
3182
1559
12391
5837
1707
1763
1258
447
374
1669
1443
5975
5124
1252
742
1110
6264
5236
3259
4368
759
2878
2773
1227
1945
990
520
598
579
712
414
4516
1495
716
13057
418
1284
3922
11566
2577
1023
15822
6951
30434
48713
2032
1130
1007
8913
4865
3426
26395
7595
4919
709
668
1895
2158
5234
968
11503
3516
10999
1681
1977
4198
2733
3793
643
509
356
418
3212
2583
1446
2358
659
913
340
2369
224
654
534
1070
9619
2411
956
280
5186
4994
6100
1108
941
5506
405
215
531
191
651
424
260
675
624
353
237
297
76
362
66
0
0
0
406
852
435
165
440
681
445
235
1411
1276
13479
927
718
571
1792
881
897
7047
2287
1183
658
1168
9624
1123
2768
2108
4238
11882
430
1304
2960
671
691
7299
436
463
4476
1814
1013
1249
16480
450
9223
1654
1285
3152
808
1915
744
2850
481
18410
2323
807
9765
23069
1336
1482
2098
847
941
2288
578
1049
581
1831
1769
1342
1187
555
2613
4541
1124
1061
749
390
2535
16054
1772
894
2259
454
678
1129
448
7813
5715
3898
213
3120
1426
20181
9054
833
1201
866
1707
1803
2532
2313
2491
6916
3285
20923
747
1309
3199
2030
5643
3400
18359
1674
14636
1863
1171
4144
1654
10745
3331
1772
1418
19128
1217
544
399
437
6970
4037
1293
21505
1864
983
812
1806
1218
2482
3869
365
2254
7973
492
2563
9070
995
502
1430
2738
2136
3915
10894
865
526
647
1217
2801
3340
300
2031
522
1892
939
412
406
852
435
0
0
0
213
416
2206
616
279
593
508
20
157
540
889
416
604
676
407
376
552
528
976
878
1003
715
473
1001
858
1035
1392
1214
586
2113
1277
366
1414
543
1313
826
578
688
484
8276
1684
4074
840
1081
3112
4883
1478
1844
1158
3195
1134
1328
1444
7069
2178
2065
646
991
2360
1611
5102
2880
6463
17616
1879
5619
17794
2666
2399
1636
719
11444
2600
676
657
1000
1255
14952
5126
633
996
371
664
680
3691
1346
189
10119
7724
8033
6370
980
2485
1832
18624
2184
15240
1343
6796
1999
2135
1112
8348
2503
1147
1068
3626
1657
913
19523
2126
6906
2640
5141
3483
2576
2182
250
224
610
1419
7035
451
893
1003
997
247
11326
1296
13969
1667
1043
380
840
983
670
365
862
788
406
4176
2015
450
3207
35977
1281
330
1082
3386
2557
979
329
406
599
436
585
1090
2335
368
165
440
681
213
416
2206
0
0
0
148
380
674
95
109
291
624
1060
930
857
2176
930
1740
279
1806
937
240
1894
614
1056
1352
10760
2435
781
3533
10781
3617
17767
568
539
1903
474
3033
1025
738
482
1179
1630
622
895
1481
4155
1303
14783
1195
807
2020
61305
1792
777
1539
2663
1164
5187
343
858
501
1145
2588
13140
2515
995
2414
2050
1673
1644
1562
798
2143
631
1849
1506
1426
7964
2630
860
1015
2519
505
767
800
897
2842
644
2360
20407
5049
2002
2505
1149
4335
5059
1991
1639
2851
1978
2029
2403
39485
3106
2400
1634
2787
1446
662
2325
9127
1805
15085
16732
1889
1421
5436
4550
561
663
1238
277
1243
143
690
410
1202
2308
169
433
13030
266
805
395
1046
1866
757
1563
646
651
247
1175
693
741
5996
1850
607
3293
1090
2078
836
799
229
817
201
299
1658
387
1976
8818
445
235
1411
616
279
593
148
380
674
0
0
0
228
207
465
1107
352
799
284
8400
712
2900
3419
105
900
268
1383
2107
314
420
364
570
2079
430
508
265
1172
586
642
9246
2156
2207
514
262
342
471
316
1458
3322
938
517
1933
1327
1290
1022
911
964
9026
788
1509
531
2222
3302
849
803
2218
2372
7344
2482
3138
1464
1085
820
1996
11142
3561
656
1293
850
3356
2401
306
1926
713
851
689
21252
28071
1491
5809
2429
2192
440
1088
548
24230
2307
1533
5202
23170
1570
1417
11352
2274
4568
8921
1837
2073
66101
2678
55367
25741
16471
1358
6003
20071
1523
9831
1156
1873
38096
2330
2820
5580
1639
793
519
1109
13707
986
1448
2410
318
5639
761
692
874
566
1128
388
1279
1244
2578
464
473
1594
2240
946
3003
2450
1093
309
1353
2191
370
10153
898
7248
9687
2071
947
7084
818
532
609
1276
13479
927
508
20
157
95
109
291
228
207
465
0
0
0
4213
2128
5675
183
380
1644
900
238
310
1265
545
813
1609
3997
1307
740
7726
1094
396
1599
1757
754
629
453
747
891
1142
1446
3242
610
950
4108
936
980
729
998
6784
6228
1713
1806
8783
838
1682
1343
1112
315
3599
30915
2149
963
22440
2654
1928
4065
3419
5261
4363
1375
15586
2114
688
472
9044
7041
591
612
1107
591
935
3711
2556
878
1843
387
463
3790
842
1505
2286
1999
6375
2072
5172
542
8334
4728
785
1247
1206
775
4837
2475
1361
3204
1801
4056
3909
7050
7191
37010
8962
2791
1541
1823
33256
15561
2212
2435
158
818
2658
360
316
3479
397
353
237
586
402
188
2633
454
607
612
777
7921
876
4479
868
665
1886
1158
3806
26031
10625
325
1112
3446
746
3048
5526
6317
1157
486
626
228
642
618
2346
3621
718
571
1792
540
889
416
624
1060
930
1107
352
799
4213
2128
5675
0
0
0
697
129
473
314
143
106
3357
199
147
322
1890
2739
211
137
1504
350
307
431
1201
827
1933
1870
520
194
1068
328
1122
672
187
956
1037
389
1344
971
997
554
19889
8523
321
1272
1311
894
1724
920
1674
1463
1744
2382
1843
3752
4851
1329
2488
8819
4370
5874
1370
1684
432
1639
1165
847
983
3579
1046
886
1957
1155
1468
2078
740
1324
4502
1582
1736
553
527
1954
592
2341
1243
786
2528
989
2899
10441
3438
4424
2689
2918
1501
7323
1201
1625
2144
1531
1103
2349
891
1786
1467
3127
2940
12502
1953
3137
655
8928
295
1011
259
647
310
256
914
3336
474
2655
867
5293
3189
619
2281
1701
3258
685
809
980
1512
1471
10983
1497
1552
2591
1268
857
655
1691
1669
1760
1141
7313
795
1873
2743
4799
1726
881
897
7047
604
676
407
857
2176
930
284
8400
712
183
380
1644
697
129
473
0
0
0
372
413
330
591
332
462
5241
1146
3937
1484
747
180
846
261
246
3689
257
547
342
1233
426
893
2806
1384
571
1943
4032
821
5224
228
1514
7545
6678
14141
1199
3072
673
2237
905
20410
314
1111
17620
2088
1557
5852
10181
1932
2378
1857
1420
9882
2024
1119
1911
2432
2494
1256
14108
777
1915
521
1704
1604
1537
471
976
6244
388
4474
4119
4553
934
10894
2455
551
765
20645
364
1667
1732
5067
2523
4553
1034
33396
2460
4935
1510
1405
1187
6649
1539
1419
2287
7585
25116
930
7460
1882
5923
12162
779
2775
1962
197
275
251
409
211
1029
1263
6684
418
1198
567
244
183
1226
393
968
892
6389
5810
1854
1173
8351
1263
237
646
2617
2215
3078
821
392
551
1072
3310
360
245
736
4044
407
1072
2287
1183
658
376
552
528
1740
279
1806
2900
3419
105
900
238
310
314
143
106
372
413
330
0
0
0
355
7620
1547
1059
1340
2955
306
954
670
567
396
618
278
170
389
420
3124
318
179
309
352
514
994
686
783
6315
674
1567
701
565
7523
1415
1380
5128
711
2425
1041
3744
2992
1177
1365
5680
1333
2074
1844
3341
1324
3976
2152
3704
1415
7069
1653
10445
921
753
891
2409
1355
17179
1889
695
1056
3666
1292
1064
662
4217
3313
2061
983
619
5031
2171
1362
620
3028
2363
1068
5830
2368
1056
6704
3449
4675
2847
2881
1096
826
1095
2371
3026
4466
1474
3271
5529
3890
3661
4884
2571
768
911
751
568
1457
1317
282
244
1835
537
14978
428
1446
537
2008
375
416
1902
220
2476
622
857
1241
2567
530
715
8278
1156
668
1041
2314
1863
3705
845
7472
510
364
435
3371
2000
2121
1168
9624
1123
976
878
1003
937
240
1894
900
268
1383
1265
545
813
3357
199
147
591
332
462
355
7620
1547
0
0
0
103
291
1384
24
168
95
44
684
332
307
1017
489
702
810
182
352
672
193
206
606
104
470
1186
668
11779
385
1058
1623
1263
5952
1587
1007
560
2170
463
2143
604
1085
2350
2158
1437
4179
2463
583
1988
7451
2406
2023
687
1871
2780
2982
11933
10346
3189
915
5746
802
1371
1664
1886
7206
15379
1133
496
1065
1061
1076
1621
461
1453
6778
1598
1338
3124
2063
714
928
1246
2100
2227
2325
5057
3972
1413
452
1329
2869
1796
2150
3082
885
1648
20044
2662
2005
405
5138
865
650
550
261
1335
5231
4914
4640
1140
2416
578
1743
1988
1222
1271
1853
12386
1262
9729
2025
801
1075
618
1096
1389
1066
700
2774
640
1182
3518
7098
9944
1236
3574
536
2277
644
62424
3769
2768
2108
4238
715
473
1001
614
1056
1352
2107
314
420
1609
3997
1307
322
1890
2739
5241
1146
3937
1059
1340
2955
103
291
1384
0
0
0
254
269
4032
374
548
771
2049
437
316
270
2028
963
1683
430
426
1948
1052
1040
1285
530
2342
932
1950
9899
3331
509
451
1094
2136
21809
854
1706
1952
11795
986
3332
1442
1956
2093
23318
2392
1355
3877
3632
7814
931
395
8942
1781
839
1450
966
3136
4877
11993
2183
1362
2369
1620
9577
2750
4159
18585
704
2237
4660
566
504
1032
1816
6531
893
492
1400
524
4823
978
1095
1020
10295
3691
12382
262
4128
18129
34122
2741
1779
2154
1527
1642
8125
1660
254
477
315
424
336
471
555
213
761
1555
529
290
574
454
2169
627
739
915
2498
1070
390
1193
579
1036
1220
1416
713
715
1347
3933
9529
2548
692
860
1111
1364
2840
2122
8675
9916
833
1684
11882
430
1304
858
1035
1392
10760
2435
781
364
570
2079
740
7726
1094
211
137
1504
1484
747
180
306
954
670
24
168
95
254
269
4032
0
0
0
137
45
33
1360
819
1214
340
181
204
217
687
531
1108
1447
260
264
361
470
1191
4477
3867
1854
549
3527
1034
2158
1127
12919
1262
664
2825
1617
37044
5841
4268
3491
1267
17474
1222
2420
2084
3833
5867
493
1526
805
20783
860
1942
2853
7013
1119
4679
2381
4109
4405
4774
1182
694
10842
2748
613
594
1578
1690
8868
3536
999
1409
840
1649
1566
1321
1002
1159
4267
1207
2678
1717
723
6895
4664
1237
2603
2446
5923
1166
3936
7812
10520
445
1230
281
391
388
381
658
544
2001
3708
1358
254
4453
593
875
3346
2267
2515
1139
694
1692
361
607
1060
2113
568
1178
2571
454
579
1861
582
595
1594
1902
9134
823
1215
2036
758
2624
2002
2960
671
691
1214
586
2113
3533
10781
3617
430
508
265
396
1599
1757
350
307
431
846
261
246
567
396
618
44
684
332
374
548
771
137
45
33
0
0
0
2562
896
215
1323
509
531
1964
593
219
442
2807
123
821
545
329
1775
5169
1935
6186
1028
1511
1113
1254
1129
449
1446
714
1255
8210
3297
1364
3743
23037
3584
2692
2850
2607
2583
1325
6273
705
3121
817
4267
2585
1528
1846
4822
8399
869
1862
891
2434
694
1950
655
22009
1457
541
4793
555
566
5359
16748
1299
1479
15970
421
927
1238
25932
1134
17812
5282
2530
1049
808
737
1880
536
517
1451
2029
1264
3213
1233
1952
525
82
4435
2993
202
315
150
123
657
164
2335
450
246
1847
153
187
76
529
4591
607
378
311
1133
261
313
1667
693
799
237
396
1375
991
1418
4751
1626
1705
1885
658
4387
787
736
322
7299
436
463
1277
366
1414
17767
568
539
1172
586
642
754
629
453
1201
827
1933
3689
257
547
278
170
389
307
1017
489
2049
437
316
1360
819
1214
2562
896
215
0
0
0
283
214
167
136
362
100
471
159
99
246
408
163
891
655
441
14118
523
1111
430
2192
165
189
2017
3342
2143
1778
5365
900
1017
4251
18246
5284
1286
1096
2256
2352
3839
899
1041
1591
553
4198
1939
671
6124
3023
1474
873
3498
2163
666
2985
2438
2036
2677
419
1443
514
1395
2510
2591
5660
6400
951
3183
5650
2729
5411
2249
1081
1947
4895
757
4491
2158
2803
937
35651
987
1103
1650
876
2405
3382
520
2115
454
1758
253
242
782
2178
547
691
378
576
937
349
355
1712
9533
564
1453
6614
6928
369
1110
1779
514
434
552
375
1857
7442
1669
1019
1837
2768
2045
1066
902
292
283
1216
1673
653
4476
1814
1013
543
1313
826
1903
474
3033
9246
2156
2207
747
891
1142
1870
520
194
342
1233
426
420
3124
318
702
810
182
270
2028
963
340
181
204
1323
509
531
283
214
167
0
0
0
203
61
183
120
44
41
499
119
839
391
553
161
901
498
348
4303
945
227
6408
302
435
14909
2412
595
5124
2251
1290
804
1095
4944
3179
3787
4436
415
5560
1268
796
3751
2442
1303
37719
4157
2507
2344
1057
579
8677
9285
770
1897
14027
878
3286
3763
1486
953
5665
7351
1120
17188
2849
15592
18276
7011
17418
2577
2382
2485
1404
2565
1141
778
2378
5967
2431
502
8329
2561
1149
1117
1221
816
1626
822
654
401
2239
157
698
168
581
688
1985
366
278
529
4347
308
613
615
558
840
553
3365
578
2640
300
597
1809
1130
1960
668
5959
1360
1448
1557
4591
5622
1212
565
1382
5852
989
1249
16480
450
578
688
484
1025
738
482
514
262
342
1446
3242
610
1068
328
1122
893
2806
1384
179
309
352
352
672
193
1683
430
426
217
687
531
1964
593
219
136
362
100
203
61
183
0
0
0
90
57
71
252
59
676
3151
1010
408
379
3030
2955
2717
1225
239
738
323
1748
1646
7077
2100
618
1315
18331
2900
2313
2393
9773
10056
1208
1846
5034
3156
2749
12108
2014
1705
4929
40648
3847
21007
1267
1154
4052
5793
1916
3144
1035
1548
1265
1466
1553
1107
1810
2294
11006
21857
4429
405
1714
1060
1611
6394
2495
1807
8066
2670
628
1135
4833
633
2151
10080
1406
2407
1360
1118
2601
1218
190
549
533
463
478
295
123
137
525
506
587
433
750
3186
1626
876
2319
14471
244
711
765
1538
728
2119
298
417
579
8551
481
3953
556
2279
1253
697
904
902
3269
197
6426
1976
1281
9223
1654
1285
8276
1684
4074
1179
1630
622
471
316
1458
950
4108
936
672
187
956
571
1943
4032
514
994
686
206
606
104
1948
1052
1040
1108
1447
260
442
2807
123
471
159
99
120
44
41
90
57
71
0
0
0
233
264
105
4586
1289
8386
360
778
809
778
1687
734
299
309
218
11466
1768
2913
5353
4494
16306
1985
754
1169
4343
4780
5365
3978
4914
650
2113
1580
3762
1203
2538
5987
1409
1962
2459
27139
580
917
7072
2488
1274
4824
1896
733
1412
1138
933
4202
1184
2119
1614
1027
813
14422
6454
3103
2621
3258
721
699
1044
2569
2389
11331
2436
1275
13616
1049
2729
17578
1766
1938
9251
352
444
264
2867
306
176
290
388
7191
409
124
608
380
231
560
506
191
1984
1235
8709
1459
319
9058
756
392
452
382
693
789
723
557
1157
1144
1320
816
18811
329
1326
721
1846
3152
808
1915
840
1081
3112
895
1481
4155
3322
938
517
980
729
998
1037
389
1344
821
5224
228
783
6315
674
470
1186
668
1285
530
2342
264
361
470
821
545
329
246
408
163
499
119
839
252
59
676
233
264
105
0
0
0
418
4407
935
460
599
807
6999
378
634
389
2943
223
1065
2122
2891
606
2375
12424
7176
1094
3824
1282
1348
1170
1577
2228
6151
1448
2734
1655
1965
2816
4054
58681
3511
759
15250
1105
3495
4563
1367
1580
8181
3267
1425
5396
2070
1638
7515
1027
4587
13683
1866
1460
1766
2621
5479
1082
3957
1106
380
1936
930
1597
2041
2980
1581
2394
1584
3616
2393
2754
1008
9046
1654
1644
2075
2991
3547
928
906
714
12463
602
449
328
1039
9550
1145
1304
1042
3136
327
540
318
739
587
2044
640
2020
851
8774
1038
1900
1341
662
1199
828
1292
6082
972
4279
2295
1063
744
2850
481
4883
1478
1844
1303
14783
1195
1933
1327
1290
6784
6228
1713
971
997
554
1514
7545
6678
1567
701
565
11779
385
1058
932
1950
9899
1191
4477
3867
1775
5169
1935
891
655
441
391
553
161
3151
1010
408
4586
1289
8386
418
4407
935
0
0
0
424
361
303
35
45
138
98
570
527
2762
1853
649
493
613
16546
1802
2290
1864
3885
2360
1375
939
6321
3763
3099
1953
2224
6046
1685
2327
3832
2025
2006
4986
7244
9859
29010
5001
2167
1441
5979
1273
1709
1751
2032
2312
1122
2508
8649
2565
1446
1532
2650
4525
4337
3392
536
6552
336
384
932
1483
483
9547
1388
856
5833
1536
2575
1136
1180
753
482
8633
1739
1634
1774
360
919
273
591
560
707
668
269
624
493
2601
294
551
330
332
4859
457
222
326
968
1004
746
3062
1441
740
1972
1100
4845
2027
9833
841
11001
3318
3182
18410
2323
807
1158
3195
1134
807
2020
61305
1022
911
964
1806
8783
838
19889
8523
321
14141
1199
3072
7523
1415
1380
1623
1263
5952
3331
509
451
1854
549
3527
6186
1028
1511
14118
523
1111
901
498
348
379
3030
2955
360
778
809
460
599
807
424
361
303
0
0
0
3828
958
155
828
1137
180
1449
21126
699
1502
1219
1172
11952
10560
3233
15398
21522
805
1615
3125
3860
3415
629
14596
2156
1390
8162
878
2123
3078
2721
2113
1458
3300
4636
1153
2115
1521
2257
1811
7758
3607
11676
1211
3377
572
15648
1528
8273
3347
8063
2105
5592
464
532
2785
637
1141
4712
1135
1260
381
875
1413
804
825
2788
9507
565
940
3143
1634
476
4947
1810
720
717
917
428
1858
837
557
450
5381
1178
1587
1379
9237
2216
346
14229
618
1450
2293
480
2600
464
872
1754
1200
750
299
909
932
1001
1559
12391
5837
9765
23069
1336
1328
1444
7069
1792
777
1539
9026
788
1509
1682
1343
1112
1272
1311
894
673
2237
905
5128
711
2425
1587
1007
560
1094
2136
21809
1034
2158
1127
1113
1254
1129
430
2192
165
4303
945
227
2717
1225
239
778
1687
734
6999
378
634
35
45
138
3828
958
155
0
0
0
94
756
232
1631
1079
1165
792
917
1316
2419
1924
1421
1675
1954
676
18443
2040
5125
6324
1312
1906
993
3833
1594
1081
2736
3935
876
2326
14316
10563
7853
1008
1026
2174
3539
865
1597
2538
1430
12177
4508
713
1278
810
7182
3014
4918
999
2149
1755
3100
727
182
4732
1739
598
4437
2445
3666
1490
1542
2693
15100
1046
2141
205
494
392
3971
415
481
7315
2011
15445
264
699
481
467
422
1008
5349
930
339
2486
3754
909
422
421
1371
1914
681
10866
1161
354
608
1727
830
634
1880
717
1058
1707
1763
1258
1482
2098
847
2178
2065
646
2663
1164
5187
531
2222
3302
315
3599
30915
1724
920
1674
20410
314
1111
1041
3744
2992
2170
463
2143
854
1706
1952
12919
1262
664
449
1446
714
189
2017
3342
6408
302
435
738
323
1748
299
309
218
389
2943
223
98
570
527
828
1137
180
94
756
232
0
0
0
1733
1299
24015
1416
561
4786
10003
844
3502
8117
2077
4326
1356
11217
2780
21688
1080
2425
2061
3618
4589
1157
3395
1574
1399
2607
1378
5097
2945
2591
1171
2565
900
2917
1606
1617
873
1536
1689
1120
1021
2032
4878
1717
9052
2502
2086
1080
2946
1060
478
762
2367
26868
1443
2774
803
5472
1931
966
852
398
1578
1641
1468
2739
2157
815
7507
1410
1004
794
7032
1973
1769
1228
1214
2167
1414
1510
397
1886
657
985
3332
11526
2238
1224
1636
655
1909
1246
413
331
6836
1176
6742
1265
1023
447
374
1669
941
2288
578
991
2360
1611
343
858
501
849
803
2218
2149
963
22440
1463
1744
2382
17620
2088
1557
1177
1365
5680
604
1085
2350
11795
986
3332
2825
1617
37044
1255
8210
3297
2143
1778
5365
14909
2412
595
1646
7077
2100
11466
1768
2913
1065
2122
2891
2762
1853
649
1449
21126
699
1631
1079
1165
1733
1299
24015
0
0
0
4857
1548
1447
3522
1413
2480
10931
856
773
15795
2047
28579
801
4243
2692
2266
352
1765
567
110
377
3062
3561
1494
605
566
952
5269
3074
4799
4524
3733
9273
10815
4677
1343
2117
688
2465
4305
1639
2960
1209
9248
2451
2936
4726
2608
5325
1395
7828
3592
9525
5684
23906
3254
5475
607
434
1804
859
2982
20716
4549
2219
2319
19928
1220
1274
824
6712
8367
1454
1158
1047
1026
634
2546
1264
1166
2942
721
2080
2350
2320
2134
1954
2101
2107
855
1845
1039
1140
1662
1259
1410
1443
5975
5124
1049
581
1831
5102
2880
6463
1145
2588
13140
2372
7344
2482
2654
1928
4065
1843
3752
4851
5852
10181
1932
1333
2074
1844
2158
1437
4179
1442
1956
2093
5841
4268
3491
1364
3743
23037
900
1017
4251
5124
2251
1290
618
1315
18331
5353
4494
16306
606
2375
12424
493
613
16546
1502
1219
1172
792
917
1316
1416
561
4786
4857
1548
1447
0
0
0
1156
5534
805
569
922
640
5227
4435
4006
7457
2415
1938
1416
1497
2770
719
847
859
2113
1920
6194
2264
3016
9756
1529
2058
35275
2280
4325
4013
1494
13475
1831
1530
1389
4839
1489
2399
3451
3088
4774
4669
5975
702
430
1652
565
1087
424
1324
450
258
868
826
6106
2756
4887
964
1199
3029
3171
4685
12292
1050
1731
535
1309
1866
726
1579
1353
3485
15777
1132
1006
428
512
1027
2322
1006
2265
920
869
467
2374
1025
1221
242
508
947
888
824
1748
1252
742
1110
1769
1342
1187
17616
1879
5619
2515
995
2414
3138
1464
1085
3419
5261
4363
1329
2488
8819
2378
1857
1420
3341
1324
3976
2463
583
1988
23318
2392
1355
1267
17474
1222
3584
2692
2850
18246
5284
1286
804
1095
4944
2900
2313
2393
1985
754
1169
7176
1094
3824
1802
2290
1864
11952
10560
3233
2419
1924
1421
10003
844
3502
3522
1413
2480
1156
5534
805
0
0
0
1116
110
5917
890
6645
6020
6122
24128
4994
2506
3464
9719
962
9573
2419
6674
2315
3891
7573
2760
43435
5971
2010
11577
6112
22466
3145
19011
1863
10526
4704
10156
2695
2480
3305
1505
1648
9369
5101
5573
20044
2223
596
14827
1829
641
1338
1793
1155
1550
1744
1332
2466
1289
421
10821
3375
13044
2032
1436
1871
4305
4802
6550
3055
1009
1648
11859
3761
7151
433
1083
397
593
2323
484
2040
1935
3242
3808
1690
5389
950
336
390
1192
1533
1446
3084
1815
6264
5236
3259
555
2613
4541
17794
2666
2399
2050
1673
1644
820
1996
11142
1375
15586
2114
4370
5874
1370
9882
2024
1119
2152
3704
1415
7451
2406
2023
3877
3632
7814
2420
2084
3833
2607
2583
1325
1096
2256
2352
3179
3787
4436
9773
10056
1208
4343
4780
5365
1282
1348
1170
3885
2360
1375
15398
21522
805
1675
1954
676
8117
2077
4326
10931
856
773
569
922
640
1116
110
5917
0
0
0
2472
9718
1820
4220
1981
2214
823
18807
2570
620
19770
4456
2889
2966
2283
472
22290
2279
2626
28596
3516
1348
2478
33132
4117
5213
3633
4752
1079
3585
1462
1457
7757
7139
9265
21388
9069
2565
5301
1856
4945
822
1588
1146
1073
2037
2216
1745
758
4043
918
960
1090
3281
2079
1989
3954
2490
1255
4835
2437
1953
2475
929
1205
3789
2549
25655
3319
987
2595
7366
804
2146
1360
1258
4560
2119
3936
903
1267
453
13046
11216
1177
1683
1846
4368
759
2878
1124
1061
749
1636
719
11444
1562
798
2143
3561
656
1293
688
472
9044
1684
432
1639
1911
2432
2494
7069
1653
10445
687
1871
2780
931
395
8942
5867
493
1526
6273
705
3121
3839
899
1041
415
5560
1268
1846
5034
3156
3978
4914
650
1577
2228
6151
939
6321
3763
1615
3125
3860
18443
2040
5125
1356
11217
2780
15795
2047
28579
5227
4435
4006
890
6645
6020
2472
9718
1820
0
0
0
617
876
387
6265
3648
1121
2285
2651
2738
1517
6857
985
975
36757
2094
1188
575
29246
1322
199
319
830
2243
501
3850
8893
1058
5614
385
1633
4123
1703
2686
617
6575
4319
8344
3698
52019
10988
2987
12923
10244
6542
4647
2068
1443
2141
3432
1291
586
1924
4749
1721
2029
497
2239
1149
2121
1040
18247
1173
1747
2843
10520
1283
1049
2846
2443
4482
2849
4625
8478
949
2109
6184
2107
1331
4857
718
1373
366
786
14965
2773
1227
1945
390
2535
16054
2600
676
657
631
1849
1506
850
3356
2401
7041
591
612
1165
847
983
1256
14108
777
921
753
891
2982
11933
10346
1781
839
1450
805
20783
860
817
4267
2585
1591
553
4198
796
3751
2442
2749
12108
2014
2113
1580
3762
1448
2734
1655
3099
1953
2224
3415
629
14596
6324
1312
1906
21688
1080
2425
801
4243
2692
7457
2415
1938
6122
24128
4994
4220
1981
2214
617
876
387
0
0
0
1489
794
1149
7877
2599
1658
165
248
579
369
633
12186
4171
5198
4318
1731
1276
4143
539
13217
6936
1508
3893
29643
1403
1512
6170
6763
2204
1956
5718
8762
13947
4354
7019
8615
24056
5039
22100
10403
1144
6159
1005
2201
1008
47599
811
2795
3371
3042
4221
976
5740
2198
2191
2204
1442
2348
1827
869
686
2595
8296
1983
573
72002
3453
699
2727
6532
1160
841
1846
1908
1738
2466
7664
1489
3135
4598
827
990
520
598
1772
894
2259
1000
1255
14952
1426
7964
2630
306
1926
713
1107
591
935
3579
1046
886
1915
521
1704
2409
1355
17179
3189
915
5746
966
3136
4877
1942
2853
7013
1528
1846
4822
1939
671
6124
1303
37719
4157
1705
4929
40648
1203
2538
5987
1965
2816
4054
6046
1685
2327
2156
1390
8162
993
3833
1594
2061
3618
4589
2266
352
1765
1416
1497
2770
2506
3464
9719
823
18807
2570
6265
3648
1121
1489
794
1149
0
0
0
306
600
699
17636
1476
2500
308
378
439
5409
4843
6348
1800
4175
5786
15779
6151
7059
4819
16454
6002
4129
2082
1103
5189
2434
40265
2909
7938
9698
2364
3527
12792
2387
7963
11081
1802
5845
33365
923
2282
1064
9712
956
6066
1900
337
2202
957
1013
2462
8834
1003
895
1328
538
2041
870
438
2785
18963
2032
5370
654
1243
4536
4373
1320
12500
383
1057
1987
585
3179
2486
842
3328
1742
579
712
414
454
678
1129
5126
633
996
860
1015
2519
851
689
21252
3711
2556
878
1957
1155
1468
1604
1537
471
1889
695
1056
802
1371
1664
11993
2183
1362
1119
4679
2381
8399
869
1862
3023
1474
873
2507
2344
1057
3847
21007
1267
1409
1962
2459
58681
3511
759
3832
2025
2006
878
2123
3078
1081
2736
3935
1157
3395
1574
567
110
377
719
847
859
962
9573
2419
620
19770
4456
2285
2651
2738
7877
2599
1658
306
600
699
0
0
0
1805
1857
2292
723
716
611
36590
6354
3202
10401
3756
2873
3483
3718
5871
2792
6819
1785
3241
1038
6069
3005
5026
2591
8734
4551
3091
1234
7887
2227
2233
4411
5740
5101
3228
6285
2609
9978
593
847
1015
651
3521
819
1838
1309
585
505
1930
428
7958
3730
1684
4056
2441
1641
5357
7660
2885
5609
1440
678
2148
1406
2770
1256
1599
1019
3015
9615
3421
4911
2104
579
761
4516
1495
716
448
7813
5715
371
664
680
505
767
800
28071
1491
5809
1843
387
463
2078
740
1324
976
6244
388
3666
1292
1064
1886
7206
15379
2369
1620
9577
4109
4405
4774
891
2434
694
3498
2163
666
579
8677
9285
1154
4052
5793
27139
580
917
15250
1105
3495
4986
7244
9859
2721
2113
1458
876
2326
14316
1399
2607
1378
3062
3561
1494
2113
1920
6194
6674
2315
3891
2889
2966
2283
1517
6857
985
165
248
579
17636
1476
2500
1805
1857
2292
0
0
0
685
1835
439
3214
3877
8699
3727
1845
1420
12149
1749
2192
1347
7980
1854
8870
2311
678
9528
2469
1721
625
11883
2793
3304
5145
961
4103
2809
7985
15429
4692
5812
2149
1669
2021
7002
6905
3096
23104
905
1324
2368
2148
1415
4845
2291
2460
6285
1070
1522
16614
2396
562
2388
3091
4755
919
2630
1404
1927
2499
754
3668
3909
1602
11563
2947
2877
962
888
1274
13057
418
1284
3898
213
3120
3691
1346
189
897
2842
644
2429
2192
440
3790
842
1505
4502
1582
1736
4474
4119
4553
662
4217
3313
1133
496
1065
2750
4159
18585
1182
694
10842
1950
655
22009
2985
2438
2036
770
1897
14027
1916
3144
1035
7072
2488
1274
4563
1367
1580
29010
5001
2167
3300
4636
1153
10563
7853
1008
5097
2945
2591
605
566
952
2264
3016
9756
7573
2760
43435
472
22290
2279
975
36757
2094
369
633
12186
308
378
439
723
716
611
685
1835
439
0
0
0
15122
5164
5302
7663
1066
7267
846
4224
2864
884
26307
4339
4653
3924
2896
3634
2398
1867
2546
14966
5681
8342
2162
11697
135235
26496
22972
9632
1470
3738
2909
2776
1200
953
1724
1045
2273
616
1788
5346
1167
2830
2867
1705
1497
4523
1979
30408
807
1118
4282
959
3897
2287
4209
1778
1936
10090
3654
1909
4008
13793
5053
29852
2402
3322
1762
8555
3656
3922
11566
2577
1426
20181
9054
10119
7724
8033
2360
20407
5049
1088
548
24230
2286
1999
6375
553
527
1954
934
10894
2455
2061
983
619
1061
1076
1621
704
2237
4660
2748
613
594
1457
541
4793
2677
419
1443
878
3286
3763
1548
1265
1466
4824
1896
733
8181
3267
1425
1441
5979
1273
2115
1521
2257
1026
2174
3539
1171
2565
900
5269
3074
4799
1529
2058
35275
5971
2010
11577
2626
28596
3516
1188
575
29246
4171
5198
4318
5409
4843
6348
36590
6354
3202
3214
3877
8699
15122
5164
5302
0
0
0
640
857
947
1302
6945
934
588
402
426
3180
3435
3915
1116
1071
495
1311
1552
2039
7620
4628
3254
2017
1449
3258
3860
11237
1911
3882
2240
658
1879
540
1626
1078
2264
2700
1564
599
1366
5758
757
702
2429
1440
7493
1782
7891
20530
2984
4894
1335
2109
1429
2459
1671
3344
927
1850
4195
3575
1668
3358
1617
3103
2419
815
1023
15822
6951
833
1201
866
6370
980
2485
2002
2505
1149
2307
1533
5202
2072
5172
542
592
2341
1243
551
765
20645
5031
2171
1362
461
1453
6778
566
504
1032
1578
1690
8868
555
566
5359
514
1395
2510
1486
953
5665
1553
1107
1810
1412
1138
933
5396
2070
1638
1709
1751
2032
1811
7758
3607
865
1597
2538
2917
1606
1617
4524
3733
9273
2280
4325
4013
6112
22466
3145
1348
2478
33132
1322
199
319
1731
1276
4143
1800
4175
5786
10401
3756
2873
3727
1845
1420
7663
1066
7267
640
857
947
0
0
0
5157
836
660
9661
1034
14522
1070
412
267
11399
4337
3618
3450
39889
4729
4215
2954
3803
5431
5291
1708
5499
1931
23338
2218
11992
1021
2031
664
4099
1672
3334
1288
2792
1931
2414
2999
2382
18904
18979
7893
7839
780
3325
5777
3643
2784
1265
3666
2933
2826
6247
3199
6966
2699
1842
1069
7849
37163
1127
4249
1184
1842
30434
48713
2032
1707
1803
2532
1832
18624
2184
4335
5059
1991
23170
1570
1417
8334
4728
785
786
2528
989
364
1667
1732
620
3028
2363
1598
1338
3124
1816
6531
893
3536
999
1409
16748
1299
1479
2591
5660
6400
7351
1120
17188
2294
11006
21857
4202
1184
2119
7515
1027
4587
2312
1122
2508
11676
1211
3377
1430
12177
4508
873
1536
1689
10815
4677
1343
1494
13475
1831
19011
1863
10526
4117
5213
3633
830
2243
501
539
13217
6936
15779
6151
7059
3483
3718
5871
12149
1749
2192
846
4224
2864
1302
6945
934
5157
836
660
0
0
0
2718
4506
2346
1776
493
639
1646
16386
65779
11113
3683
44190
31246
14089
6762
2572
79427
12631
2640
14795
4009
13923
1297
1432
4349
1445
8272
925
2310
1436
4181
1639
1105
4317
17124
992
2547
1005
2687
2894
2616
1205
1524
628
5384
2802
2441
1275
2325
3248
3755
3747
27230
10275
2221
9759
5133
6401
808
1843
1130
1007
8913
2313
2491
6916
15240
1343
6796
1639
2851
1978
11352
2274
4568
1247
1206
775
2899
10441
3438
5067
2523
4553
1068
5830
2368
2063
714
928
492
1400
524
840
1649
1566
15970
421
927
951
3183
5650
2849
15592
18276
4429
405
1714
1614
1027
813
13683
1866
1460
8649
2565
1446
572
15648
1528
713
1278
810
1120
1021
2032
2117
688
2465
1530
1389
4839
4704
10156
2695
4752
1079
3585
3850
8893
1058
1508
3893
29643
4819
16454
6002
2792
6819
1785
1347
7980
1854
884
26307
4339
588
402
426
9661
1034
14522
2718
4506
2346
0
0
0
875
552
2210
432
917
16341
921
957
2800
4068
1301
6741
28376
2661
2328
1995
3289
13632
3078
1205
18542
1686
6532
3815
1228
16172
1016
1952
1565
3234
6772
9571
1403
5699
4082
13083
3320
789
1721
3045
2241
1851
6284
3283
1083
5741
22455
1476
1182
10348
2698
2541
3137
3084
2311
2521
13626
4865
3426
26395
3285
20923
747
1999
2135
1112
2029
2403
39485
8921
1837
2073
4837
2475
1361
4424
2689
2918
1034
33396
2460
1056
6704
3449
1246
2100
2227
4823
978
1095
1321
1002
1159
1238
25932
1134
2729
5411
2249
7011
17418
2577
1060
1611
6394
14422
6454
3103
1766
2621
5479
1532
2650
4525
8273
3347
8063
7182
3014
4918
4878
1717
9052
4305
1639
2960
1489
2399
3451
2480
3305
1505
1462
1457
7757
5614
385
1633
1403
1512
6170
4129
2082
1103
3241
1038
6069
8870
2311
678
4653
3924
2896
3180
3435
3915
1070
412
267
1776
493
639
875
552
2210
0
0
0
2080
2109
1387
57570
2599
1778
10672
3362
12016
4329
2854
2868
10188
2223
32807
10905
1806
1706
31119
9453
1533
8513
14325
68539
1966
4688
838
953
30777
998
1664
2945
11195
934
3827
1652
8919
8606
1631
4834
1903
2338
1982
13022
6473
1445
1619
1209
1229
2646
6082
3333
2628
1172
7595
4919
709
1309
3199
2030
8348
2503
1147
3106
2400
1634
66101
2678
55367
3204
1801
4056
1501
7323
1201
4935
1510
1405
4675
2847
2881
2325
5057
3972
1020
10295
3691
4267
1207
2678
17812
5282
2530
1081
1947
4895
2382
2485
1404
2495
1807
8066
2621
3258
721
1082
3957
1106
4337
3392
536
2105
5592
464
999
2149
1755
2502
2086
1080
1209
9248
2451
3088
4774
4669
1648
9369
5101
7139
9265
21388
4123
1703
2686
6763
2204
1956
5189
2434
40265
3005
5026
2591
9528
2469
1721
3634
2398
1867
1116
1071
495
11399
4337
3618
1646
16386
65779
432
917
16341
2080
2109
1387
0
0
0
452
401
997
43225
7127
714
2465
14957
2187
18180
1089
8760
1957
2082
933
3274
1428
1784
3058
1441
5435
1939
3625
1333
1632
908
1221
1515
1638
1281
894
1941
939
890
1365
1503
2130
3443
886
7957
5544
1331
3850
7811
1959
6653
1124
4051
8716
30036
6289
668
1895
2158
5643
3400
18359
1068
3626
1657
2787
1446
662
25741
16471
1358
3909
7050
7191
1625
2144
1531
1187
6649
1539
1096
826
1095
1413
452
1329
12382
262
4128
1717
723
6895
1049
808
737
757
4491
2158
2565
1141
778
2670
628
1135
699
1044
2569
380
1936
930
6552
336
384
532
2785
637
3100
727
182
2946
1060
478
2936
4726
2608
5975
702
430
5573
20044
2223
9069
2565
5301
617
6575
4319
5718
8762
13947
2909
7938
9698
8734
4551
3091
625
11883
2793
2546
14966
5681
1311
1552
2039
3450
39889
4729
11113
3683
44190
921
957
2800
57570
2599
1778
452
401
997
0
0
0
4468
860
499
5282
2013
6487
1681
15528
1031
834
1430
1307
7822
1140
1378
1812
740
5711
6003
1059
1920
741
2000
1101
2170
592
3288
978
1173
15387
4640
1434
612
799
2639
2802
2701
2164
2186
21157
9928
12274
4771
6211
2882
1108
1486
673
5234
968
11503
1674
14636
1863
913
19523
2126
2325
9127
1805
6003
20071
1523
37010
8962
2791
1103
2349
891
1419
2287
7585
2371
3026
4466
2869
1796
2150
18129
34122
2741
4664
1237
2603
1880
536
517
2803
937
35651
2378
5967
2431
4833
633
2151
2389
11331
2436
1597
2041
2980
932
1483
483
1141
4712
1135
4732
1739
598
762
2367
26868
5325
1395
7828
1652
565
1087
596
14827
1829
1856
4945
822
8344
3698
52019
4354
7019
8615
2364
3527
12792
1234
7887
2227
3304
5145
961
8342
2162
11697
7620
4628
3254
4215
2954
3803
31246
14089
6762
4068
1301
6741
10672
3362
12016
43225
7127
714
4468
860
499
0
0
0
569
413
399
3650
308
4222
1659
2091
2190
1147
495
5188
3074
1377
5597
2393
533
738
35963
2257
864
1538
1655
876
8417
4014
11511
1702
2984
2982
1027
1238
927
6666
864
728
1418
455
11256
2075
694
2880
5922
2618
680
3516
10999
1681
1171
4144
1654
6906
2640
5141
15085
16732
1889
9831
1156
1873
1541
1823
33256
1786
1467
3127
25116
930
7460
1474
3271
5529
3082
885
1648
1779
2154
1527
2446
5923
1166
1451
2029
1264
987
1103
1650
502
8329
2561
10080
1406
2407
1275
13616
1049
1581
2394
1584
9547
1388
856
1260
381
875
4437
2445
3666
1443
2774
803
3592
9525
5684
424
1324
450
641
1338
1793
1588
1146
1073
10988
2987
12923
24056
5039
22100
2387
7963
11081
2233
4411
5740
4103
2809
7985
135235
26496
22972
2017
1449
3258
5431
5291
1708
2572
79427
12631
28376
2661
2328
4329
2854
2868
2465
14957
2187
5282
2013
6487
569
413
399
0
0
0
1320
675
2995
1058
2386
900
7811
794
703
1210
4505
2220
13604
4564
3108
4104
7860
1824
1779
2250
1343
10100
19443
10995
55790
41600
29162
3585
4975
4177
1606
3596
3113
1610
5746
5969
2065
3195
6101
13666
1912
2957
1977
4198
2733
10745
3331
1772
3483
2576
2182
1421
5436
4550
38096
2330
2820
15561
2212
2435
2940
12502
1953
1882
5923
12162
3890
3661
4884
20044
2662
2005
1642
8125
1660
3936
7812
10520
3213
1233
1952
876
2405
3382
1149
1117
1221
1360
1118
2601
2729
17578
1766
3616
2393
2754
5833
1536
2575
1413
804
825
1490
1542
2693
5472
1931
966
23906
3254
5475
258
868
826
1155
1550
1744
2037
2216
1745
10244
6542
4647
10403
1144
6159
1802
5845
33365
5101
3228
6285
15429
4692
5812
9632
1470
3738
3860
11237
1911
5499
1931
23338
2640
14795
4009
1995
3289
13632
10188
2223
32807
18180
1089
8760
1681
15528
1031
3650
308
4222
1320
675
2995
0
0
0
