C_ijk
0
0
0
200
37
38
68
103
151
408
212
82
1507
125
81
145
345
141
613
205
123
2067
3898
1244
615
2606
6348
407
504
450
220
2596
4481
502
705
1689
402
228
354
391
440
8742
890
423
1332
2868
1123
391
315
3552
617
123
529
2226
1303
601
287
3830
818
960
512
815
542
1015
362
199
488
284
2365
516
784
317
2188
267
1096
272
1004
354
124
623
419
389
113
1088
332
399
3040
478
611
245
1188
1272
161
5379
321
6706
15837
543
1184
707
1488
344
274
2172
228
3379
5460
1251
10732
1159
3305
1111
1353
1867
1085
2305
968
2582
3648
1366
1222
2043
1352
2053
1674
764
723
1171
1418
731
2170
1698
6445
595
2923
1325
726
1557
1337
1791
1863
4662
2359
1260
1155
1306
1006
6632
752
1376
3183
18841
3842
18524
1190
3547
1778
2910
2598
2111
5790
12042
7145
11026
2644
200
37
38
0
0
0
35
11
70
270
597
144
184
504
388
88
508
1392
648
784
202
698
6850
455
624
6656
623
778
983
510
705
337
842
3961
1296
870
3539
504
3356
1505
533
224
4421
736
949
689
652
2209
163
1003
414
1166
213
1642
589
907
26732
268
446
632
506
673
476
619
351
121
282
262
789
931
664
275
1247
657
532
1223
555
2243
281
487
827
218
3308
270
785
338
1724
3507
601
216
1435
593
806
3671
835
975
6799
675
4709
31918
7618
4201
1011
307
533
1297
1632
2117
2867
658
6193
39347
1091
918
854
2188
7240
7469
375
5507
15252
6526
8846
1161
7101
2287
565
591
888
321
1066
1943
1615
1508
844
4674
7315
2821
5717
784
4273
14066
1193
511
804
462
830
1486
14680
3822
10141
22414
22989
1122
1235
555
3719
9525
8353
2891
10212
1405
5961
3034
5106
68
103
151
35
11
70
0
0
0
138
806
385
1105
666
218
2709
62
594
89
1094
461
629
2139
7326
8241
442
247
206
602
264
1265
2135
471
3105
19388
393
171
175
618
1797
814
9423
265
220
2248
368
1062
821
1156
4135
543
560
406
298
1104
9864
180
1278
148
534
126
1702
3795
765
2401
429
875
385
3416
7273
2767
592
836
320
352
615
1153
981
273
176
74
937
327
803
1393
322
404
112
491
169
556
3899
4536
1644
1120
550
5833
1868
505
583
8592
706
717
372
642
2756
4116
1286
4806
2353
9248
23489
447
821
1612
2807
1192
1453
988
3184
1239
2906
4210
914
1563
1180
1026
1986
1788
1785
2139
10879
2169
1583
1760
1904
7210
7487
998
3547
1132
994
6961
2330
2490
2121
8434
1776
1254
4017
8457
7514
743
1582
559
1191
9149
3568
907
1159
11311
2796
1370
19767
1604
408
212
82
270
597
144
138
806
385
0
0
0
448
5643
400
382
80
300
2279
89
146
4322
147
583
418
1066
1221
171
281
1692
7646
2151
265
1942
1355
641
182
318
240
3196
1751
209
3188
2066
1477
968
1468
738
2816
209
846
307
293
377
1209
1660
914
258
1333
853
14747
1140
2618
435
7158
791
1353
1631
4853
743
983
721
255
1430
787
688
711
339
526
963
2581
1042
1214
369
321
733
538
518
2183
280
2425
478
919
1367
1719
1293
1029
1151
1614
5260
816
1994
1319
498
1920
917
659
1020
1952
796
1044
4520
1233
5077
3393
981
1104
784
3064
3586
1953
1655
1483
2182
3116
2808
606
2869
664
692
27177
721
2441
851
2611
5573
9124
881
6744
923
2515
6469
1323
1940
7090
5571
1148
2733
1772
1687
6480
8325
9177
1240
1815
630
2831
1334
2234
1763
1189
1074
942
3384
1715
1507
125
81
184
504
388
1105
666
218
448
5643
400
0
0
0
33
38
33
72
896
102
585
3120
185
417
473
855
3273
1172
502
2192
454
802
1012
1162
4975
432
1945
490
514
1561
1032
238
331
742
1304
2617
604
786
1124
1704
2314
2146
357
259
14178
911
1334
450
730
813
1036
987
1273
1607
478
712
950
3433
962
1398
725
469
425
1034
499
452
3889
382
440
998
648
902
326
1252
282
473
441
704
193
241
180
1061
809
329
1861
741
4034
1866
1278
492
349
3720
172
255
3570
939
5148
516
554
1424
377
2963
518
781
3109
7588
2808
4397
2731
2749
1960
1130
591
1086
2347
3906
5307
7919
895
25739
1994
671
5952
815
2314
1365
2210
2287
11424
1676
2526
2478
2025
2809
2791
15268
621
1060
684
1100
1456
2048
1107
885
1217
2544
4865
1120
1116
438
1151
1650
2924
885
145
345
141
88
508
1392
2709
62
594
382
80
300
33
38
33
0
0
0
137
225
66
402
231
678
2594
283
213
799
454
509
1498
1352
1059
671
1799
672
369
1708
982
1540
362
5313
667
380
553
1119
3888
397
1250
415
520
6094
371
1377
359
763
971
6734
3511
1500
431
2859
915
874
3622
380
1314
1505
4325
3036
1026
3513
345
405
520
398
2547
1587
1899
412
404
891
403
486
251
1918
2592
2904
685
788
251
2679
1522
4971
390
943
2096
1817
1262
481
622
1747
4174
405
224
1784
1352
1000
643
1096
9693
512
1586
1116
1018
1977
1242
8471
4346
1331
2440
44458
620
952
8635
4294
613
22355
743
1515
1395
1452
2441
1463
2658
28094
2532
2128
2046
913
1407
918
12542
797
6325
1450
3656
11157
4503
2786
977
1430
1884
657
12239
843
5450
2018
3220
2883
3069
758
4476
1431
5134
613
205
123
648
784
202
89
1094
461
2279
89
146
72
896
102
137
225
66
0
0
0
370
1363
240
328
293
1170
635
187
469
717
857
1158
1067
1289
1345
585
220
351
1434
296
902
483
301
585
1281
772
1144
1784
2608
3288
1889
399
816
893
1162
315
789
323
2766
2611
346
3537
190
2905
1313
2269
320
1289
1464
5749
2181
1187
2094
516
1860
7070
1316
1179
238
564
422
844
712
214
1614
550
1048
515
539
237
549
301
596
926
3820
1839
352
1411
3945
647
1452
6527
795
414
2061
1605
1580
1412
696
3767
1716
1576
870
2205
2149
1887
3584
1584
782
2270
1194
5291
1545
1345
4591
1744
1242
452
2010
4152
1084
1659
3825
3189
1750
1778
7670
21568
1143
1201
4008
1781
1424
3959
3726
5318
8233
2697
4373
1349
847
3250
22958
9329
1726
1607
1754
2106
1872
4204
633
934
7082
900
2067
3898
1244
698
6850
455
629
2139
7326
4322
147
583
585
3120
185
402
231
678
370
1363
240
0
0
0
61
604
82
371
384
1010
1675
1088
389
2701
544
540
538
590
778
382
3449
505
10954
480
500
1271
1216
892
2303
686
6221
4623
412
10753
5336
10193
10861
1181
932
1450
747
1035
385
729
1217
1837
1292
3136
628
4414
869
609
477
3332
962
1882
7286
911
2146
9663
818
3418
794
461
2916
615
2266
219
1354
14964
2562
2746
442
2473
256
1756
513
341
1523
426
249
777
459
333
525
1401
1537
2062
528
926
790
989
709
1023
1372
21752
1206
5194
3612
59839
748
1315
3708
967
1714
7884
951
2913
7349
3328
1809
1616
2124
2083
933
18025
1371
2038
2719
3059
1467
2256
3245
29409
1402
1246
3498
2571
3361
4216
13529
2003
717
4051
490
1616
6556
1303
12591
4094
9986
3427
839
1422
480
615
2606
6348
624
6656
623
8241
442
247
418
1066
1221
417
473
855
2594
283
213
328
293
1170
61
604
82
0
0
0
254
537
157
1041
1761
571
807
782
637
417
1152
7425
2170
468
2715
953
525
16677
1419
3192
1365
1979
1002
5288
2226
552
1176
14340
1191
1717
770
9748
1729
474
2543
2055
1390
1227
526
704
653
14635
2718
851
2911
2565
1004
6398
1110
406
1073
851
500
691
6191
1167
565
513
1337
556
394
595
1382
2294
1651
829
416
200
551
718
343
3677
899
1585
2566
1583
552
549
538
1339
839
977
480
861
1012
2876
1274
1294
894
2363
1957
2474
1112
2116
11329
23253
5199
7908
19923
1230
2213
5661
1058
2599
4433
8924
1767
1693
11942
3030
2137
16225
1447
10781
1085
1624
20467
4995
15617
7341
2937
3291
567
2032
887
1963
1557
2043
1917
2035
1436
1788
792
790
8368
4091
2406
3171
407
504
450
778
983
510
206
602
264
171
281
1692
3273
1172
502
799
454
509
635
187
469
371
384
1010
254
537
157
0
0
0
54
237
255
163
99
1805
1533
503
2415
1088
1168
400
1702
431
1100
10446
1682
706
943
4013
1630
2557
365
746
890
1402
527
3383
1927
3626
985
3187
644
764
1080
727
3067
1317
2463
1256
1000
3864
1927
436
2051
487
3960
523
580
732
1879
2665
648
6067
3132
809
936
4613
851
769
213
2783
1327
945
13492
2344
511
2033
785
5172
687
1058
691
812
1711
1847
592
614
887
1049
405
1652
257
211
730
959
910
3264
716
1791
2127
8845
1882
723
512
3413
1156
666
25225
1207
934
4039
2291
941
1663
50819
914
2463
2007
2214
1501
3499
10514
6944
8963
7533
1369
3720
12515
3827
5608
21264
3214
1318
2138
8655
1426
2162
4610
8995
975
3067
12907
3786
3747
220
2596
4481
705
337
842
1265
2135
471
7646
2151
265
2192
454
802
1498
1352
1059
717
857
1158
1675
1088
389
1041
1761
571
54
237
255
0
0
0
115
435
82
12109
265
2640
426
269
844
4838
340
2358
404
1763
1605
3946
442
674
709
445
2683
5068
19686
567
1438
2052
2567
1136
2124
1650
813
8349
322
20480
1088
10305
431
1180
12461
1253
1648
940
3812
1650
1028
5331
743
1297
1334
1541
1108
1714
453
840
1135
863
2508
317
3004
515
704
2788
629
492
216
829
1962
1348
1442
1962
602
950
22431
1528
1264
4410
411
2999
2192
510
1480
921
4007
1266
1743
64390
5540
1720
2426
25142
495
2331
1408
642
1139
1066
2592
840
2035
938
1718
2035
806
1995
2266
8926
6394
12954
2612
1860
4191
3912
3382
3310
1628
7805
1570
4867
3674
864
1907
1083
2447
833
2656
840
1971
1205
3080
3246
5047
1893
502
705
1689
3961
1296
870
3105
19388
393
1942
1355
641
1012
1162
4975
671
1799
672
1067
1289
1345
2701
544
540
807
782
637
163
99
1805
115
435
82
0
0
0
1217
4052
1325
782
919
2253
465
454
454
8072
727
2141
772
627
1898
913
1296
1369
733
833
1183
1246
32508
486
1061
586
2499
1862
2052
3180
1310
3404
4616
988
2043
1307
4701
443
1957
1595
2528
1687
3054
1705
12975
1190
1159
8634
1320
1315
748
4404
863
792
1248
1026
2507
738
7520
381
984
2358
2467
2480
3958
587
4681
418
4755
811
1437
4513
1095
595
1211
344
1327
1316
1503
490
602
21449
2712
997
3370
2718
1221
6067
1495
1139
884
324
1003
1021
1912
2189
641
5771
11824
2297
16039
4049
20838
31866
973
2228
2355
1068
2897
3703
97261
1461
2113
5192
4094
1341
2437
1708
3150
65332
2480
992
4830
4271
1982
1190
2644
608
4742
402
228
354
3539
504
3356
171
175
618
182
318
240
432
1945
490
369
1708
982
585
220
351
538
590
778
417
1152
7425
1533
503
2415
12109
265
2640
1217
4052
1325
0
0
0
325
550
160
209
1506
241
736
1390
329
484
854
368
300
412
265
398
723
323
506
592
3471
740
531
454
356
757
2510
2773
2033
956
6195
7047
1293
710
294
939
964
1264
924
1147
2889
528
458
1612
1404
2174
2146
719
400
441
1501
206
1464
1518
651
809
1409
1269
2306
1411
2940
2028
883
7832
3925
4602
1843
640
849
2866
1747
1310
1398
1330
1397
571
2641
968
1626
1035
1917
1092
11695
1408
618
2674
6540
1057
660
717
596
3557
876
9699
1124
4903
2015
3139
2698
4400
12643
4559
4374
1670
1350
892
4775
1805
3607
602
2703
2962
6000
4598
1614
2447
8104
6616
1317
1146
863
3094
985
2676
1753
7336
391
440
8742
1505
533
224
1797
814
9423
3196
1751
209
514
1561
1032
1540
362
5313
1434
296
902
382
3449
505
2170
468
2715
1088
1168
400
426
269
844
782
919
2253
325
550
160
0
0
0
126
159
120
2370
715
2668
461
322
231
225
326
11640
804
205
8881
1102
1660
1034
1131
2789
1161
1746
1323
1614
820
590
756
10622
2429
2580
2072
1576
3251
2237
3309
11925
6384
5263
1335
1359
3267
2772
1719
540
965
501
2596
754
746
1328
6856
6684
1121
1517
2517
3853
3301
11988
827
14770
5628
886
905
1449
861
311
2262
1544
1224
2673
3097
3045
2144
9770
2208
1993
4880
1855
4893
2081
8260
10185
1025
985
724
132
2372
1017
11527
1105
808
752
233
1932
1272
3470
990
25643
2854
3185
3106
789
8575
5501
4457
1843
5726
2680
8813
9651
8333
1040
3723
614
1800
1697
7472
7589
10405
5340
7202
2940
19413
890
423
1332
4421
736
949
265
220
2248
3188
2066
1477
238
331
742
667
380
553
483
301
585
10954
480
500
953
525
16677
1702
431
1100
4838
340
2358
465
454
454
209
1506
241
126
159
120
0
0
0
778
660
305
507
1379
96
3974
103
1005
438
889
720
1171
286
467
1332
708
2232
943
1134
3046
884
520
728
674
634
728
1927
790
299
1037
1649
763
1977
418
1872
2510
756
766
2366
1080
3752
1499
2224
905
591
2018
2412
7420
12441
753
3431
796
896
5320
7169
1898
1082
17867
2447
942
1448
290
7619
2352
2766
1239
3163
1470
3363
1465
966
1581
1321
2319
983
1730
815
3660
1307
388
4649
4842
443
1342
527
1016
1396
2004
471
8546
4363
2078
1731
2265
13191
5975
3433
4607
5841
20691
3549
1451
2900
77019
1951
1180
8525
6937
18464
14381
1809
2468
1103
6804
3052
4787
13633
22631
9624
2868
1123
391
689
652
2209
368
1062
821
968
1468
738
1304
2617
604
1119
3888
397
1281
772
1144
1271
1216
892
1419
3192
1365
10446
1682
706
404
1763
1605
8072
727
2141
736
1390
329
2370
715
2668
778
660
305
0
0
0
329
116
330
2275
276
429
45
199
208
2824
1483
529
322
371
1291
324
1155
2459
1934
614
2629
1648
1320
2859
722
6350
3236
358
1711
1546
1359
976
639
776
333
18083
738
976
2052
732
1905
2395
1406
7568
1824
312
3016
14305
2769
1966
2739
3106
4074
1344
4761
1636
695
3660
2388
875
1279
8084
2367
9471
1862
1529
3080
1629
3142
957
415
650
3245
1434
5565
12251
7558
1623
408
34108
1429
719
1727
1548
1847
3128
1259
5927
4070
1180
1532
2777
4274
1327
1145
1589
2038
12728
3645
17339
892
1632
1143
6676
3548
2534
6283
1888
5282
1128
1079
1403
2408
3620
7277
6166
3362
315
3552
617
163
1003
414
1156
4135
543
2816
209
846
786
1124
1704
1250
415
520
1784
2608
3288
2303
686
6221
1979
1002
5288
943
4013
1630
3946
442
674
772
627
1898
484
854
368
461
322
231
507
1379
96
329
116
330
0
0
0
377
640
677
116
72
551
445
2448
348
245
797
2298
1990
534
1212
2454
1290
1899
991
7108
2113
13145
516
724
470
1031
1535
4152
6907
819
1550
8529
566
863
36473
2047
2455
3800
1287
1072
1477
9585
1375
787
10283
3511
1059
1273
1111
924
1270
612
1508
1143
814
654
4522
11580
827
2227
2172
2918
2065
1110
2095
1974
1640
667
1049
1070
4119
1048
511
967
691
1504
1790
27437
466
1333
1163
946
7745
363
1115
1065
2601
1513
1968
2264
1153
1733
3492
3692
49893
13531
19770
651
2112
3688
1112
43377
7490
4907
893
12861
3530
6680
2779
1831
3929
3294
10676
4812
123
529
2226
1166
213
1642
560
406
298
307
293
377
2314
2146
357
6094
371
1377
1889
399
816
4623
412
10753
2226
552
1176
2557
365
746
709
445
2683
913
1296
1369
300
412
265
225
326
11640
3974
103
1005
2275
276
429
377
640
677
0
0
0
332
368
2567
2219
220
1531
4779
352
709
1932
283
1704
16129
495
2114
621
2121
2898
506
2084
414
7377
478
3633
514
2027
5516
1081
1145
547
2157
2900
849
639
470
1764
3660
4166
7303
999
3194
1090
17575
2049
986
840
5393
1064
767
7263
633
10330
2972
660
1557
3674
4196
2862
891
651
25764
4298
1261
6698
912
578
1914
1731
3881
8218
1328
1161
934
851
782
1275
3001
6600
1709
916
905
484
4752
1708
15139
3098
3289
5464
3969
961
3075
1613
767
9115
3475
979
25408
44088
1934
1256
1091
9689
8073
1422
6312
1387
10053
1887
22342
4072
3170
1303
601
287
589
907
26732
1104
9864
180
1209
1660
914
259
14178
911
359
763
971
893
1162
315
5336
10193
10861
14340
1191
1717
890
1402
527
5068
19686
567
733
833
1183
398
723
323
804
205
8881
438
889
720
45
199
208
116
72
551
332
368
2567
0
0
0
3708
7386
690
1721
3851
726
911
3354
199
4466
2773
28358
812
11634
8402
1556
9585
2052
3621
431
1866
1667
2643
570
1122
2577
1301
2215
535
1135
805
737
2087
6082
4273
1607
9537
2839
2299
3850
1633
472
2568
523
536
1703
4620
2607
1836
22553
8229
2485
2307
3325
1963
6987
1974
3042
40392
2807
1326
11954
1517
1913
1948
508
4781
24958
11869
956
765
410
591
1874
1460
198
280
599
5980
4165
3277
3495
1535
1835
3250
4267
3316
1365
3156
2559
1727
2086
2214
5591
1833
10383
1774
557
2681
5421
1670
1863
1484
4515
2823
1113
5432
23775
3830
818
960
268
446
632
1278
148
534
258
1333
853
1334
450
730
6734
3511
1500
789
323
2766
1181
932
1450
770
9748
1729
3383
1927
3626
1438
2052
2567
1246
32508
486
506
592
3471
1102
1660
1034
1171
286
467
2824
1483
529
445
2448
348
2219
220
1531
3708
7386
690
0
0
0
195
1074
268
468
43
336
456
833
444
461
1644
346
264
151
74
340
488
236
3721
242
633
611
397
3093
2641
419
321
295
680
4066
375
1354
844
16059
725
1149
1169
991
4406
416
1327
723
933
297
4363
707
3114
1312
1903
4003
4487
7785
1966
2711
2188
3847
4633
1505
2768
963
2671
1061
3593
1434
1133
596
12594
3426
2721
4013
3687
1495
1336
424
1505
1163
1542
2049
1847
1117
732
2698
1504
436
6200
1440
1524
2482
3675
1172
9032
2492
2581
924
1246
2106
7526
3397
6224
2795
2681
2044
3842
2110
1745
512
815
542
506
673
476
126
1702
3795
14747
1140
2618
813
1036
987
431
2859
915
2611
346
3537
747
1035
385
474
2543
2055
985
3187
644
1136
2124
1650
1061
586
2499
740
531
454
1131
2789
1161
1332
708
2232
322
371
1291
245
797
2298
4779
352
709
1721
3851
726
195
1074
268
0
0
0
1048
449
525
1633
396
555
3349
2778
747
700
1178
82
1110
348
1826
1022
221
7334
1286
1240
567
612
6826
217
689
1707
570
6558
1107
871
2101
504
2211
563
2667
2986
1196
2421
1038
1492
22528
462
4258
1066
8301
1132
1817
1906
1129
1845
993
6814
1684
30026
1886
391
858
1179
3702
1398
1857
3191
4734
976
679
33524
2514
3756
373
1601
1945
2061
1408
852
652
821
3189
2242
722
4417
1436
1232
5343
990
1112
1317
381
2235
5800
2106
2042
3513
1348
1916
7382
650
4804
2729
1061
7349
6057
1612
1015
362
199
619
351
121
765
2401
429
435
7158
791
1273
1607
478
874
3622
380
190
2905
1313
729
1217
1837
1390
1227
526
764
1080
727
813
8349
322
1862
2052
3180
356
757
2510
1746
1323
1614
943
1134
3046
324
1155
2459
1990
534
1212
1932
283
1704
911
3354
199
468
43
336
1048
449
525
0
0
0
155
1823
502
4549
15416
497
191
542
355
220
579
901
355
394
402
596
1752
506
1192
1342
502
532
631
271
1524
793
7905
1131
6356
959
776
513
469
1539
983
924
2918
589
2550
810
7213
4787
8131
951
1614
11066
1692
39374
1396
8251
1105
2123
1069
1312
1137
1647
1509
3127
1329
2760
750
2189
3161
809
1528
644
1605
1728
3748
3973
1350
23547
1064
765
1389
607
11114
1488
2017
2817
3054
1344
7994
1512
7304
1340
6127
12047
1311
810
1237
2418
3521
3568
1670
6371
1062
2302
2477
488
284
2365
282
262
789
875
385
3416
1353
1631
4853
712
950
3433
1314
1505
4325
2269
320
1289
1292
3136
628
704
653
14635
3067
1317
2463
20480
1088
10305
1310
3404
4616
2773
2033
956
820
590
756
884
520
728
1934
614
2629
2454
1290
1899
16129
495
2114
4466
2773
28358
456
833
444
1633
396
555
155
1823
502
0
0
0
488
212
317
112
205
35
178
43
93
490
312
212
736
932
343
6437
775
144
158
251
653
1518
562
5342
810
754
2724
1355
838
671
8783
2978
1468
474
1939
1317
2603
1966
3003
961
1775
3095
2274
7079
2309
7236
2968
1614
1280
1332
937
943
2743
11045
1553
10420
21255
3147
1757
5111
730
4474
1115
3300
22857
2889
29575
2000
1011
1362
722
1570
2818
1387
821
2520
1232
36774
1019
1621
43693
5206
1383
9555
2087
635
1978
1702
4250
1817
2829
1684
1282
5170
1621
10550
516
784
317
931
664
275
7273
2767
592
743
983
721
962
1398
725
3036
1026
3513
1464
5749
2181
4414
869
609
2718
851
2911
1256
1000
3864
431
1180
12461
988
2043
1307
6195
7047
1293
10622
2429
2580
674
634
728
1648
1320
2859
991
7108
2113
621
2121
2898
812
11634
8402
461
1644
346
3349
2778
747
4549
15416
497
488
212
317
0
0
0
361
295
244
668
304
132
478
813
1213
928
1379
1180
877
1050
353
870
785
1262
888
477
318
1184
531
4774
2557
673
1354
2557
1589
966
381
691
961
6827
884
2119
1549
11078
2364
7241
1804
1339
5992
1546
1770
1286
1357
1472
6388
16510
10606
1130
1360
2449
73434
1503
8569
1875
2630
779
4845
1024
3114
314
541
17109
535
332
909
783
2518
3053
1152
506
1901
1131
821
7650
1987
4447
1329
1767
965
1691
2501
2326
16704
2291
9061
2904
36545
1769
1688
2188
267
1096
1247
657
532
836
320
352
255
1430
787
469
425
1034
345
405
520
1187
2094
516
477
3332
962
2565
1004
6398
1927
436
2051
1253
1648
940
4701
443
1957
710
294
939
2072
1576
3251
1927
790
299
722
6350
3236
13145
516
724
506
2084
414
1556
9585
2052
264
151
74
700
1178
82
191
542
355
112
205
35
361
295
244
0
0
0
30
51
24
687
309
3087
4108
466
568
536
5370
137
254
183
314
1077
477
319
1068
3224
1373
4019
5362
1250
427
810
1457
1828
2087
556
3183
847
492
2757
2675
502
4562
3555
1608
1648
3963
4343
824
711
5614
965
669
509
1477
6309
1910
2554
25011
1614
2192
644
3055
6130
4262
1347
2753
8209
2533
1512
533
1225
1001
1995
2307
18568
3327
8134
2580
874
1487
3328
8707
2191
6669
2255
12452
6254
7903
4692
1468
1185
1905
3830
644
3244
272
1004
354
1223
555
2243
615
1153
981
688
711
339
499
452
3889
398
2547
1587
1860
7070
1316
1882
7286
911
1110
406
1073
487
3960
523
3812
1650
1028
1595
2528
1687
964
1264
924
2237
3309
11925
1037
1649
763
358
1711
1546
470
1031
1535
7377
478
3633
3621
431
1866
340
488
236
1110
348
1826
220
579
901
178
43
93
668
304
132
30
51
24
0
0
0
6310
188
187
461
522
1035
398
3366
3823
483
756
351
736
390
740
636
445
993
1692
393
1067
3253
3364
1078
718
1178
2934
5269
1782
1204
1758
1358
1092
12432
367
2090
1635
4915
3365
1023
1669
1126
1961
1913
358
1418
2563
4826
14132
3254
1357
13275
2726
2169
1408
17623
2941
1176
1541
3312
453
2208
2047
3068
1035
3565
1397
1957
487
2153
1169
388
8688
1484
2993
2128
2184
1522
2864
26788
1764
28065
2177
1095
1003
6293
1898
124
623
419
281
487
827
273
176
74
526
963
2581
382
440
998
1899
412
404
1179
238
564
2146
9663
818
851
500
691
580
732
1879
5331
743
1297
3054
1705
12975
1147
2889
528
6384
5263
1335
1977
418
1872
1359
976
639
4152
6907
819
514
2027
5516
1667
2643
570
3721
242
633
1022
221
7334
355
394
402
490
312
212
478
813
1213
687
309
3087
6310
188
187
0
0
0
115
377
712
193
144
144
222
504
83
1055
642
1918
489
1758
1011
385
2621
1041
1184
398
888
1106
411
871
3429
6937
1305
1526
2569
2383
1108
1391
1761
1162
2392
3694
10195
1328
553
8961
956
1250
5683
2133
8213
4406
3380
2010
1546
2898
2547
1094
5947
24183
590
915
1151
1074
1070
21174
2375
2017
935
10054
779
2200
3437
7532
2534
5791
1758
4828
1045
1701
614
2482
1572
5518
32355
2131
4669
4507
3714
4820
389
113
1088
218
3308
270
937
327
803
1042
1214
369
648
902
326
891
403
486
422
844
712
3418
794
461
6191
1167
565
2665
648
6067
1334
1541
1108
1190
1159
8634
458
1612
1404
1359
3267
2772
2510
756
766
776
333
18083
1550
8529
566
1081
1145
547
1122
2577
1301
611
397
3093
1286
1240
567
596
1752
506
736
932
343
928
1379
1180
4108
466
568
461
522
1035
115
377
712
0
0
0
96
416
879
118
378
146
158
147
698
214
427
6500
372
699
1040
1381
2476
294
211
2254
745
2622
1238
4192
905
1769
1299
975
2262
1389
674
990
886
589
610
2626
5281
6717
2279
1682
1768
984
2122
1562
1249
1073
7919
1018
1633
2870
1243
1646
1601
675
967
1622
1102
1203
12757
1509
14886
16718
3543
1871
2191
1966
5251
2306
2201
1216
781
695
2541
2321
1707
2045
1686
1203
3826
4372
954
332
399
3040
785
338
1724
1393
322
404
321
733
538
1252
282
473
251
1918
2592
214
1614
550
2916
615
2266
513
1337
556
3132
809
936
1714
453
840
1320
1315
748
2174
2146
719
1719
540
965
2366
1080
3752
738
976
2052
863
36473
2047
2157
2900
849
2215
535
1135
2641
419
321
612
6826
217
1192
1342
502
6437
775
144
877
1050
353
536
5370
137
398
3366
3823
193
144
144
96
416
879
0
0
0
39
450
134
479
533
261
538
1068
1436
1142
1229
1070
538
1845
701
8477
367
271
7065
1856
25666
14744
1588
1522
22736
4080
1912
1820
17108
4312
1336
4050
1785
22589
1246
5401
1469
1436
4839
1742
2033
1623
1622
626
1168
2136
1257
2227
3559
1710
700
1262
1226
1897
598
976
1484
745
3508
3804
998
2132
928
1589
1044
881
1341
879
1504
1672
1050
1313
1280
2543
9142
1898
3770
2396
478
611
245
3507
601
216
112
491
169
518
2183
280
441
704
193
2904
685
788
1048
515
539
219
1354
14964
394
595
1382
4613
851
769
1135
863
2508
4404
863
792
400
441
1501
501
2596
754
1499
2224
905
732
1905
2395
2455
3800
1287
639
470
1764
805
737
2087
295
680
4066
689
1707
570
532
631
271
158
251
653
870
785
1262
254
183
314
483
756
351
222
504
83
118
378
146
39
450
134
0
0
0
265
110
138
382
298
674
2073
827
2329
1100
1893
511
403
1315
854
2724
5154
12898
34713
1212
14903
4413
2316
2328
4082
20808
5828
1132
9693
16674
1681
909
1523
18937
1157
990
1197
791
5504
3317
1689
6656
1530
14847
1836
832
2799
6456
8912
1469
3690
1001
11023
2102
362
2212
9872
4039
3076
11900
2885
4091
2847
1253
557
641
703
1165
1017
40568
1314
620
7837
2349
1936
1188
1272
161
1435
593
806
556
3899
4536
2425
478
919
241
180
1061
251
2679
1522
237
549
301
2562
2746
442
2294
1651
829
213
2783
1327
317
3004
515
1248
1026
2507
206
1464
1518
746
1328
6856
591
2018
2412
1406
7568
1824
1072
1477
9585
3660
4166
7303
6082
4273
1607
375
1354
844
6558
1107
871
1524
793
7905
1518
562
5342
888
477
318
1077
477
319
736
390
740
1055
642
1918
158
147
698
479
533
261
265
110
138
0
0
0
840
650
2214
3849
1244
253
365
289
239
609
963
792
1396
1190
3870
16963
2083
3094
2178
1090
771
898
890
760
2407
631
14614
4102
1210
1033
1338
6591
6896
5381
638
2535
1373
1106
2950
24686
2215
1291
4760
763
16710
1358
2470
2407
1455
8541
5628
2196
2964
1737
1170
1766
6294
1271
6871
1359
532
2151
566
2461
1404
1593
4354
1123
1703
1515
838
1418
5379
321
6706
3671
835
975
1644
1120
550
1367
1719
1293
809
329
1861
4971
390
943
596
926
3820
2473
256
1756
416
200
551
945
13492
2344
704
2788
629
738
7520
381
651
809
1409
6684
1121
1517
7420
12441
753
312
3016
14305
1375
787
10283
999
3194
1090
9537
2839
2299
16059
725
1149
2101
504
2211
1131
6356
959
810
754
2724
1184
531
4774
1068
3224
1373
636
445
993
489
1758
1011
214
427
6500
538
1068
1436
382
298
674
840
650
2214
0
0
0
394
288
198
103
111
304
223
173
711
2857
881
1680
1396
1242
987
4094
1136
1266
4532
584
22653
3565
6203
5610
5109
3122
41348
1607
3853
1755
70548
1625
4450
1422
8987
2632
5135
2077
1755
1248
7962
1649
2278
2539
504
6945
2090
8701
9029
707
873
1773
28903
1283
3145
761
1360
1099
5295
890
2210
1725
711
3844
891
1380
930
2379
12734
15837
543
1184
6799
675
4709
5833
1868
505
1029
1151
1614
741
4034
1866
2096
1817
1262
1839
352
1411
513
341
1523
718
343
3677
511
2033
785
492
216
829
984
2358
2467
1269
2306
1411
2517
3853
3301
3431
796
896
2769
1966
2739
3511
1059
1273
17575
2049
986
3850
1633
472
1169
991
4406
563
2667
2986
776
513
469
1355
838
671
2557
673
1354
4019
5362
1250
1692
393
1067
385
2621
1041
372
699
1040
1142
1229
1070
2073
827
2329
3849
1244
253
394
288
198
0
0
0
374
4661
212
105
274
92
1366
2424
2101
16830
4892
757
610
2044
1076
1848
3714
3556
2082
2642
3735
15703
1237
805
1049
10655
3107
3065
1533
42381
3206
6404
6362
1283
1836
1962
5651
2944
1422
13009
1823
913
6428
2371
2156
4009
2983
1026
2697
1252
1617
5329
2345
2275
1655
17938
284
2358
1300
3280
2388
1373
5502
1397
4577
1949
707
1488
344
31918
7618
4201
583
8592
706
5260
816
1994
1278
492
349
481
622
1747
3945
647
1452
426
249
777
899
1585
2566
5172
687
1058
1962
1348
1442
2480
3958
587
2940
2028
883
11988
827
14770
5320
7169
1898
3106
4074
1344
1111
924
1270
840
5393
1064
2568
523
536
416
1327
723
1196
2421
1038
1539
983
924
8783
2978
1468
2557
1589
966
427
810
1457
3253
3364
1078
1184
398
888
1381
2476
294
538
1845
701
1100
1893
511
365
289
239
103
111
304
374
4661
212
0
0
0
140
121
91
2875
1838
2137
1566
2604
2775
4513
963
624
2983
1559
2620
8570
41664
2681
3828
10820
609
1613
905
17332
1338
7498
2855
4496
7510
3794
4198
8363
6229
1398
2209
2416
1229
2225
1826
1076
2332
2533
8500
2539
3815
3601
10496
3771
5552
3284
1150
1438
320
505
2108
1011
3521
12723
11046
1246
839
2786
681
274
2172
228
1011
307
533
717
372
642
1319
498
1920
3720
172
255
4174
405
224
6527
795
414
459
333
525
1583
552
549
691
812
1711
1962
602
950
4681
418
4755
7832
3925
4602
5628
886
905
1082
17867
2447
4761
1636
695
612
1508
1143
767
7263
633
1703
4620
2607
933
297
4363
1492
22528
462
2918
589
2550
474
1939
1317
381
691
961
1828
2087
556
718
1178
2934
1106
411
871
211
2254
745
8477
367
271
403
1315
854
609
963
792
223
173
711
105
274
92
140
121
91
0
0
0
1098
1247
2164
503
610
1648
3805
6194
4235
3450
864
4839
3995
3548
5584
4528
2550
3131
2140
1891
555
1203
1199
2319
1397
2965
688
3372
12358
554
2309
4126
2870
1272
1682
4757
2341
7221
2775
2465
1131
2820
2168
3634
1156
9927
2352
749
2743
1071
1321
935
17426
15399
8149
1006
2165
6456
2773
11757
3379
5460
1251
1297
1632
2117
2756
4116
1286
917
659
1020
3570
939
5148
1784
1352
1000
2061
1605
1580
1401
1537
2062
538
1339
839
1847
592
614
22431
1528
1264
811
1437
4513
1843
640
849
1449
861
311
942
1448
290
3660
2388
875
814
654
4522
10330
2972
660
1836
22553
8229
707
3114
1312
4258
1066
8301
810
7213
4787
2603
1966
3003
6827
884
2119
3183
847
492
5269
1782
1204
3429
6937
1305
2622
1238
4192
7065
1856
25666
2724
5154
12898
1396
1190
3870
2857
881
1680
1366
2424
2101
2875
1838
2137
1098
1247
2164
0
0
0
744
8992
15916
864
1074
1242
2613
633
5181
4449
8275
634
644
13993
5230
149
1012
937
502
119
103
8144
4591
831
1701
5340
3494
2655
16459
30655
1939
3778
906
5257
1576
8190
10712
1433
8583
2363
3637
3369
1908
12836
6103
1626
26212
3329
6334
3747
5269
2874
1812
2293
24899
650
3146
10732
1159
3305
2867
658
6193
4806
2353
9248
1952
796
1044
516
554
1424
643
1096
9693
1412
696
3767
528
926
790
977
480
861
887
1049
405
4410
411
2999
1095
595
1211
2866
1747
1310
2262
1544
1224
7619
2352
2766
1279
8084
2367
11580
827
2227
1557
3674
4196
2485
2307
3325
1903
4003
4487
1132
1817
1906
8131
951
1614
961
1775
3095
1549
11078
2364
2757
2675
502
1758
1358
1092
1526
2569
2383
905
1769
1299
14744
1588
1522
34713
1212
14903
16963
2083
3094
1396
1242
987
16830
4892
757
1566
2604
2775
503
610
1648
744
8992
15916
0
0
0
1054
2412
315
12790
1414
2866
3052
1639
1346
4025
1594
3839
4382
441
35892
3252
4660
1974
6125
3248
3322
5011
1175
8439
3364
13645
2306
2869
8433
2443
2787
6131
4987
5485
8132
6167
1586
4818
2202
1217
2388
3549
4100
1203
2044
3505
864
3207
984
527
412
1678
4963
741
1111
1353
1867
39347
1091
918
23489
447
821
4520
1233
5077
377
2963
518
512
1586
1116
1716
1576
870
989
709
1023
1012
2876
1274
1652
257
211
2192
510
1480
344
1327
1316
1398
1330
1397
2673
3097
3045
1239
3163
1470
9471
1862
1529
2172
2918
2065
2862
891
651
1963
6987
1974
7785
1966
2711
1129
1845
993
11066
1692
39374
2274
7079
2309
7241
1804
1339
4562
3555
1608
12432
367
2090
1108
1391
1761
975
2262
1389
22736
4080
1912
4413
2316
2328
2178
1090
771
4094
1136
1266
610
2044
1076
4513
963
624
3805
6194
4235
864
1074
1242
1054
2412
315
0
0
0
636
156
171
4400
9565
4536
1673
2379
9839
1794
68510
1035
2168
1981
4913
1828
1755
2872
1103
1635
878
3280
6151
7756
9326
5900
1411
6095
4490
2006
1894
5041
3641
3979
3801
1477
3522
2374
5127
4700
4244
2478
1759
678
1225
1075
1716
2443
3235
1261
1895
1085
2305
968
854
2188
7240
1612
2807
1192
3393
981
1104
781
3109
7588
1018
1977
1242
2205
2149
1887
1372
21752
1206
1294
894
2363
730
959
910
921
4007
1266
1503
490
602
571
2641
968
2144
9770
2208
3363
1465
966
3080
1629
3142
1110
2095
1974
25764
4298
1261
3042
40392
2807
2188
3847
4633
6814
1684
30026
1396
8251
1105
7236
2968
1614
5992
1546
1770
1648
3963
4343
1635
4915
3365
1162
2392
3694
674
990
886
1820
17108
4312
4082
20808
5828
898
890
760
4532
584
22653
1848
3714
3556
2983
1559
2620
3450
864
4839
2613
633
5181
12790
1414
2866
636
156
171
0
0
0
12033
2769
7156
7467
2017
1837
1548
7562
4199
1538
832
873
4824
3315
7911
10869
39695
1518
12928
1647
18669
8051
6074
3070
4941
15903
6219
2533
10137
2933
6294
797
1601
4472
5228
4911
3084
2477
7334
14126
4270
1577
12031
9173
2775
3709
6357
1485
2582
3648
1366
7469
375
5507
1453
988
3184
784
3064
3586
2808
4397
2731
8471
4346
1331
3584
1584
782
5194
3612
59839
1957
2474
1112
3264
716
1791
1743
64390
5540
21449
2712
997
1626
1035
1917
1993
4880
1855
1581
1321
2319
957
415
650
1640
667
1049
6698
912
578
1326
11954
1517
1505
2768
963
1886
391
858
2123
1069
1312
1280
1332
937
1286
1357
1472
824
711
5614
1023
1669
1126
10195
1328
553
589
610
2626
1336
4050
1785
1132
9693
16674
2407
631
14614
3565
6203
5610
2082
2642
3735
8570
41664
2681
3995
3548
5584
4449
8275
634
3052
1639
1346
4400
9565
4536
12033
2769
7156
0
0
0
2241
693
5028
3359
3269
4110
3568
2240
1319
2923
885
1422
2014
2676
1368
1448
1846
2864
1186
696
1720
3593
522
2391
2855
644
10174
849
1050
1970
5142
7176
1004
6516
73749
1644
1705
2909
1439
3319
40868
5669
12815
5399
4647
1222
2043
1352
15252
6526
8846
1239
2906
4210
1953
1655
1483
2749
1960
1130
2440
44458
620
2270
1194
5291
748
1315
3708
2116
11329
23253
2127
8845
1882
1720
2426
25142
3370
2718
1221
1092
11695
1408
4893
2081
8260
983
1730
815
3245
1434
5565
1070
4119
1048
1914
1731
3881
1913
1948
508
2671
1061
3593
1179
3702
1398
1137
1647
1509
943
2743
11045
6388
16510
10606
965
669
509
1961
1913
358
8961
956
1250
5281
6717
2279
22589
1246
5401
1681
909
1523
4102
1210
1033
5109
3122
41348
15703
1237
805
3828
10820
609
4528
2550
3131
644
13993
5230
4025
1594
3839
1673
2379
9839
7467
2017
1837
2241
693
5028
0
0
0
1039
843
1051
1011
1880
1002
261
176
164
576
809
401
1454
1151
1465
3839
11804
12959
9333
1185
497
1406
933
2694
2128
515
6733
2074
2295
41434
3393
5957
1932
1963
5927
40207
1010
978
2336
11491
5404
27118
2053
1674
764
1161
7101
2287
914
1563
1180
2182
3116
2808
591
1086
2347
952
8635
4294
1545
1345
4591
967
1714
7884
5199
7908
19923
723
512
3413
495
2331
1408
6067
1495
1139
618
2674
6540
10185
1025
985
3660
1307
388
12251
7558
1623
511
967
691
8218
1328
1161
4781
24958
11869
1434
1133
596
1857
3191
4734
3127
1329
2760
1553
10420
21255
1130
1360
2449
1477
6309
1910
1418
2563
4826
5683
2133
8213
1682
1768
984
1469
1436
4839
18937
1157
990
1338
6591
6896
1607
3853
1755
1049
10655
3107
1613
905
17332
2140
1891
555
149
1012
937
4382
441
35892
1794
68510
1035
1548
7562
4199
3359
3269
4110
1039
843
1051
0
0
0
482
313
506
5020
801
1372
241
720
325
2356
5019
1832
20707
32189
1565
2643
9272
2427
15888
2819
16615
4999
40694
16922
4616
10073
10153
3417
3521
1730
4030
14103
1961
14212
1682
5778
4755
2982
2788
723
1171
1418
565
591
888
1026
1986
1788
606
2869
664
3906
5307
7919
613
22355
743
1744
1242
452
951
2913
7349
1230
2213
5661
1156
666
25225
642
1139
1066
884
324
1003
1057
660
717
724
132
2372
4649
4842
443
408
34108
1429
1504
1790
27437
934
851
782
956
765
410
12594
3426
2721
976
679
33524
750
2189
3161
3147
1757
5111
73434
1503
8569
2554
25011
1614
14132
3254
1357
4406
3380
2010
2122
1562
1249
1742
2033
1623
1197
791
5504
5381
638
2535
70548
1625
4450
3065
1533
42381
1338
7498
2855
1203
1199
2319
502
119
103
3252
4660
1974
2168
1981
4913
1538
832
873
3568
2240
1319
1011
1880
1002
482
313
506
0
0
0
702
3284
2157
1530
3922
563
6073
15307
1481
3256
1605
3011
8245
1912
6262
22206
11090
3819
1322
6636
7798
8671
29550
4231
14502
3860
4072
26655
3081
15116
1813
12097
1096
6292
21635
9984
731
2170
1698
321
1066
1943
1785
2139
10879
692
27177
721
895
25739
1994
1515
1395
1452
2010
4152
1084
3328
1809
1616
1058
2599
4433
1207
934
4039
2592
840
2035
1021
1912
2189
596
3557
876
1017
11527
1105
1342
527
1016
719
1727
1548
466
1333
1163
1275
3001
6600
591
1874
1460
4013
3687
1495
2514
3756
373
809
1528
644
730
4474
1115
1875
2630
779
2192
644
3055
13275
2726
2169
1546
2898
2547
1073
7919
1018
1622
626
1168
3317
1689
6656
1373
1106
2950
1422
8987
2632
3206
6404
6362
4496
7510
3794
1397
2965
688
8144
4591
831
6125
3248
3322
1828
1755
2872
4824
3315
7911
2923
885
1422
261
176
164
5020
801
1372
702
3284
2157
0
0
0
2395
5128
1157
6558
1114
2029
1201
1909
920
2932
679
3921
1817
2163
1518
1195
2033
2723
2446
6085
2086
4949
2463
6159
14859
3025
2154
3390
3283
19424
1756
16915
16092
6445
595
2923
1615
1508
844
2169
1583
1760
2441
851
2611
671
5952
815
2441
1463
2658
1659
3825
3189
2124
2083
933
8924
1767
1693
2291
941
1663
938
1718
2035
641
5771
11824
9699
1124
4903
808
752
233
1396
2004
471
1847
3128
1259
946
7745
363
1709
916
905
198
280
599
1336
424
1505
1601
1945
2061
1605
1728
3748
3300
22857
2889
4845
1024
3114
6130
4262
1347
1408
17623
2941
1094
5947
24183
1633
2870
1243
2136
1257
2227
1530
14847
1836
24686
2215
1291
5135
2077
1755
1283
1836
1962
4198
8363
6229
3372
12358
554
1701
5340
3494
5011
1175
8439
1103
1635
878
10869
39695
1518
2014
2676
1368
576
809
401
241
720
325
1530
3922
563
2395
5128
1157
0
0
0
4180
11019
3922
2861
3024
6912
1268
29091
1916
9467
9027
3131
1805
1806
1092
5771
3830
3692
64208
2236
1549
14939
8223
3039
14817
1805
10725
6887
5387
1525
1325
726
1557
4674
7315
2821
1904
7210
7487
5573
9124
881
2314
1365
2210
28094
2532
2128
1750
1778
7670
18025
1371
2038
11942
3030
2137
50819
914
2463
806
1995
2266
2297
16039
4049
2015
3139
2698
1932
1272
3470
8546
4363
2078
5927
4070
1180
1115
1065
2601
484
4752
1708
5980
4165
3277
1163
1542
2049
1408
852
652
3973
1350
23547
29575
2000
1011
314
541
17109
2753
8209
2533
1176
1541
3312
590
915
1151
1646
1601
675
3559
1710
700
832
2799
6456
4760
763
16710
1248
7962
1649
5651
2944
1422
1398
2209
2416
2309
4126
2870
2655
16459
30655
3364
13645
2306
3280
6151
7756
12928
1647
18669
1448
1846
2864
1454
1151
1465
2356
5019
1832
6073
15307
1481
6558
1114
2029
4180
11019
3922
0
0
0
672
936
626
1755
1391
1803
1133
225
654
4641
1198
1110
2018
981
1917
3726
19083
2823
5864
3239
6979
1735
3747
105472
19523
18729
2518
1337
1791
1863
5717
784
4273
998
3547
1132
6744
923
2515
2287
11424
1676
2046
913
1407
21568
1143
1201
2719
3059
1467
16225
1447
10781
2007
2214
1501
8926
6394
12954
20838
31866
973
4400
12643
4559
990
25643
2854
1731
2265
13191
1532
2777
4274
1513
1968
2264
15139
3098
3289
3495
1535
1835
1847
1117
732
821
3189
2242
1064
765
1389
1362
722
1570
535
332
909
1512
533
1225
453
2208
2047
1074
1070
21174
967
1622
1102
1262
1226
1897
8912
1469
3690
1358
2470
2407
2278
2539
504
13009
1823
913
1229
2225
1826
1272
1682
4757
1939
3778
906
2869
8433
2443
9326
5900
1411
8051
6074
3070
1186
696
1720
3839
11804
12959
20707
32189
1565
3256
1605
3011
1201
1909
920
2861
3024
6912
672
936
626
0
0
0
2478
666
357
3704
9796
1399
5154
626
748
7773
4055
3284
3728
12330
24471
2867
6032
11395
3540
60345
5072
1583
6529
2763
4662
2359
1260
14066
1193
511
994
6961
2330
6469
1323
1940
2526
2478
2025
918
12542
797
4008
1781
1424
2256
3245
29409
1085
1624
20467
3499
10514
6944
2612
1860
4191
2228
2355
1068
4374
1670
1350
3185
3106
789
5975
3433
4607
1327
1145
1589
1153
1733
3492
5464
3969
961
3250
4267
3316
2698
1504
436
722
4417
1436
607
11114
1488
2818
1387
821
783
2518
3053
1001
1995
2307
3068
1035
3565
2375
2017
935
1203
12757
1509
598
976
1484
1001
11023
2102
1455
8541
5628
6945
2090
8701
6428
2371
2156
1076
2332
2533
2341
7221
2775
5257
1576
8190
2787
6131
4987
6095
4490
2006
4941
15903
6219
3593
522
2391
9333
1185
497
2643
9272
2427
8245
1912
6262
2932
679
3921
1268
29091
1916
1755
1391
1803
2478
666
357
0
0
0
1458
1934
5033
1195
2261
1649
2044
4352
7543
696
1179
2298
9076
7505
2105
20807
16510
2816
3766
2214
1561
1155
1306
1006
804
462
830
2490
2121
8434
7090
5571
1148
2809
2791
15268
6325
1450
3656
3959
3726
5318
1402
1246
3498
4995
15617
7341
8963
7533
1369
3912
3382
3310
2897
3703
97261
892
4775
1805
8575
5501
4457
5841
20691
3549
2038
12728
3645
3692
49893
13531
3075
1613
767
1365
3156
2559
6200
1440
1524
1232
5343
990
2017
2817
3054
2520
1232
36774
1152
506
1901
18568
3327
8134
1397
1957
487
10054
779
2200
14886
16718
3543
745
3508
3804
362
2212
9872
2196
2964
1737
9029
707
873
4009
2983
1026
8500
2539
3815
2465
1131
2820
10712
1433
8583
5485
8132
6167
1894
5041
3641
2533
10137
2933
2855
644
10174
1406
933
2694
15888
2819
16615
22206
11090
3819
1817
2163
1518
9467
9027
3131
1133
225
654
3704
9796
1399
1458
1934
5033
0
0
0
456
777
803
795
3611
952
2607
905
1530
1122
1559
7874
2941
9566
1678
16558
9750
2550
6632
752
1376
1486
14680
3822
1776
1254
4017
2733
1772
1687
621
1060
684
11157
4503
2786
8233
2697
4373
2571
3361
4216
2937
3291
567
3720
12515
3827
1628
7805
1570
1461
2113
5192
3607
602
2703
1843
5726
2680
1451
2900
77019
17339
892
1632
19770
651
2112
9115
3475
979
1727
2086
2214
2482
3675
1172
1112
1317
381
1344
7994
1512
1019
1621
43693
1131
821
7650
2580
874
1487
2153
1169
388
3437
7532
2534
1871
2191
1966
998
2132
928
4039
3076
11900
1170
1766
6294
1773
28903
1283
2697
1252
1617
3601
10496
3771
2168
3634
1156
2363
3637
3369
1586
4818
2202
3979
3801
1477
6294
797
1601
849
1050
1970
2128
515
6733
4999
40694
16922
1322
6636
7798
1195
2033
2723
1805
1806
1092
4641
1198
1110
5154
626
748
1195
2261
1649
456
777
803
0
0
0
5329
2586
2313
1916
14879
2779
3206
1283
3602
22536
1962
2482
1638
7093
2958
3183
18841
3842
10141
22414
22989
8457
7514
743
6480
8325
9177
1100
1456
2048
977
1430
1884
1349
847
3250
13529
2003
717
2032
887
1963
5608
21264
3214
4867
3674
864
4094
1341
2437
2962
6000
4598
8813
9651
8333
1951
1180
8525
1143
6676
3548
3688
1112
43377
25408
44088
1934
5591
1833
10383
9032
2492
2581
2235
5800
2106
7304
1340
6127
5206
1383
9555
1987
4447
1329
3328
8707
2191
8688
1484
2993
5791
1758
4828
5251
2306
2201
1589
1044
881
2885
4091
2847
1271
6871
1359
3145
761
1360
5329
2345
2275
5552
3284
1150
9927
2352
749
1908
12836
6103
1217
2388
3549
3522
2374
5127
4472
5228
4911
5142
7176
1004
2074
2295
41434
4616
10073
10153
8671
29550
4231
2446
6085
2086
5771
3830
3692
2018
981
1917
7773
4055
3284
2044
4352
7543
795
3611
952
5329
2586
2313
0
0
0
3832
3564
467
1059
4716
1061
1987
5782
3474
1232
2582
6601
18524
1190
3547
1122
1235
555
1582
559
1191
1240
1815
630
1107
885
1217
657
12239
843
22958
9329
1726
4051
490
1616
1557
2043
1917
1318
2138
8655
1907
1083
2447
1708
3150
65332
1614
2447
8104
1040
3723
614
6937
18464
14381
2534
6283
1888
7490
4907
893
1256
1091
9689
1774
557
2681
924
1246
2106
2042
3513
1348
12047
1311
810
2087
635
1978
1767
965
1691
6669
2255
12452
2128
2184
1522
1045
1701
614
1216
781
695
1341
879
1504
1253
557
641
532
2151
566
1099
5295
890
1655
17938
284
1438
320
505
2743
1071
1321
1626
26212
3329
4100
1203
2044
4700
4244
2478
3084
2477
7334
6516
73749
1644
3393
5957
1932
3417
3521
1730
14502
3860
4072
4949
2463
6159
64208
2236
1549
3726
19083
2823
3728
12330
24471
696
1179
2298
2607
905
1530
1916
14879
2779
3832
3564
467
0
0
0
1684
2050
1653
8685
1573
1382
2046
949
7432
1778
2910
2598
3719
9525
8353
9149
3568
907
2831
1334
2234
2544
4865
1120
5450
2018
3220
1607
1754
2106
6556
1303
12591
2035
1436
1788
1426
2162
4610
833
2656
840
2480
992
4830
6616
1317
1146
1800
1697
7472
1809
2468
1103
5282
1128
1079
12861
3530
6680
8073
1422
6312
5421
1670
1863
7526
3397
6224
1916
7382
650
1237
2418
3521
1702
4250
1817
2501
2326
16704
6254
7903
4692
2864
26788
1764
2482
1572
5518
2541
2321
1707
1672
1050
1313
703
1165
1017
2461
1404
1593
2210
1725
711
2358
1300
3280
2108
1011
3521
935
17426
15399
6334
3747
5269
3505
864
3207
1759
678
1225
14126
4270
1577
1705
2909
1439
1963
5927
40207
4030
14103
1961
26655
3081
15116
14859
3025
2154
14939
8223
3039
5864
3239
6979
2867
6032
11395
9076
7505
2105
1122
1559
7874
3206
1283
3602
1059
4716
1061
1684
2050
1653
0
0
0
1377
1197
2724
624
1987
317
2111
5790
12042
2891
10212
1405
1159
11311
2796
1763
1189
1074
1116
438
1151
2883
3069
758
1872
4204
633
4094
9986
3427
792
790
8368
8995
975
3067
1971
1205
3080
4271
1982
1190
863
3094
985
7589
10405
5340
6804
3052
4787
1403
2408
3620
2779
1831
3929
1387
10053
1887
1484
4515
2823
2795
2681
2044
4804
2729
1061
3568
1670
6371
2829
1684
1282
2291
9061
2904
1468
1185
1905
28065
2177
1095
32355
2131
4669
2045
1686
1203
1280
2543
9142
40568
1314
620
4354
1123
1703
3844
891
1380
2388
1373
5502
12723
11046
1246
8149
1006
2165
2874
1812
2293
984
527
412
1075
1716
2443
12031
9173
2775
3319
40868
5669
1010
978
2336
14212
1682
5778
1813
12097
1096
3390
3283
19424
14817
1805
10725
1735
3747
105472
3540
60345
5072
20807
16510
2816
2941
9566
1678
22536
1962
2482
1987
5782
3474
8685
1573
1382
1377
1197
2724
0
0
0
474
713
196
7145
11026
2644
5961
3034
5106
1370
19767
1604
942
3384
1715
1650
2924
885
4476
1431
5134
934
7082
900
839
1422
480
4091
2406
3171
12907
3786
3747
3246
5047
1893
2644
608
4742
2676
1753
7336
7202
2940
19413
13633
22631
9624
7277
6166
3362
3294
10676
4812
22342
4072
3170
1113
5432
23775
3842
2110
1745
7349
6057
1612
1062
2302
2477
5170
1621
10550
36545
1769
1688
3830
644
3244
1003
6293
1898
4507
3714
4820
3826
4372
954
1898
3770
2396
7837
2349
1936
1515
838
1418
930
2379
12734
1397
4577
1949
839
2786
681
6456
2773
11757
24899
650
3146
1678
4963
741
3235
1261
1895
3709
6357
1485
12815
5399
4647
11491
5404
27118
4755
2982
2788
6292
21635
9984
1756
16915
16092
6887
5387
1525
19523
18729
2518
1583
6529
2763
3766
2214
1561
16558
9750
2550
1638
7093
2958
1232
2582
6601
2046
949
7432
624
1987
317
474
713
196
0
0
0
