C_ijk
0
0
0
70
285
330
121
80
29
209
249
227
320
178
517
211
70
146
146
507
722
257
2239
534
812
5046
753
1822
2425
973
6135
755
1657
437
914
778
148
111
278
1136
539
437
2445
1451
726
737
717
416
215
3640
448
1708
924
458
4154
384
379
569
368
195
572
1293
1483
362
222
1388
2499
660
156
7531
1116
1113
2205
814
574
1170
1273
1100
208
319
145
241
687
417
398
546
3184
825
679
212
1206
529
607
618
556
1473
1511
2674
203
671
928
492
672
485
6934
2661
1759
2701
1120
1543
1333
1798
961
2473
1457
1754
2603
1580
14923
1027
2144
5667
1255
637
8378
1063
619
1136
1376
528
1097
1671
993
765
1972
1396
80055
3428
955
1025
1810
1194
1077
1415
8306
11199
1918
860
829
4548
1978
3254
2088
1356
2288
648
5868
13050
13794
1021
1217
4300
2493
2837
809
70
285
330
0
0
0
17
17
23
87
464
5929
160
116
1352
481
155
343
167
230
622
1473
628
2473
1699
999
836
182
314
2618
294
1018
1905
605
459
863
183
754
387
1015
8348
1683
4446
1178
740
5207
542
576
293
558
309
2330
383
947
1475
669
1912
257
1268
766
1380
227
1797
1777
208
271
2746
867
2342
11730
1302
1940
2119
671
297
528
305
1364
1198
4449
63
1897
361
300
244
420
1640
243
531
248
810
2601
238
1100
430
723
752
562
2090
2179
936
461
297
1241
961
1671
2088
3190
1589
1237
1302
682
1820
2200
2538
918
1165
1439
1209
1408
690
12780
7978
1796
1237
1373
5366
1193
1147
1726
7327
692
1248
2597
1684
1844
4655
13282
1759
3341
2232
5899
902
1637
3350
1606
1996
18164
1501
1995
1820
20477
6698
2877
7450
1041
11721
9150
4086
2657
5272
3831
1589
5584
1734
121
80
29
17
17
23
0
0
0
471
1858
570
111
401
152
217
259
133
425
300
723
402
1619
1365
427
643
682
318
631
415
470
1016
1406
403
1569
377
594
400
577
920
359
3753
318
3094
923
1640
1799
2207
917
1010
328
190
288
1217
599
595
402
535
1892
925
7557
824
387
242
1687
890
393
798
169
1151
673
604
119
584
447
741
1237
287
457
268
177
1573
608
382
372
1863
343
2406
318
443
700
188
375
933
6647
817
453
295
800
1345
517
692
621
670
1481
7433
2301
5220
1325
1800
7075
685
1255
2093
936
2020
1711
1513
2301
3036
2753
4096
1884
1879
1690
1936
2066
1934
1621
1290
1893
3857
4832
1620
1307
1220
2184
5557
516
947
1828
5366
1428
3407
15275
2088
1957
7926
1400
2904
1722
3221
2600
712
2057
18742
3680
35430
1150
6435
1298
1233
2742
896
1007
209
249
227
87
464
5929
471
1858
570
0
0
0
162
398
278
201
448
631
472
311
116
5881
733
231
323
753
990
493
418
627
435
331
977
517
1316
748
1403
216
97
3522
647
607
288
2171
329
4174
3559
383
2784
1014
655
183
608
138
1376
712
1109
1030
349
247
570
1492
746
434
849
2863
1777
845
626
5040
1548
366
597
782
735
3361
1490
1144
547
535
368
575
456
706
300
234
496
617
1024
612
344
329
513
744
11606
884
639
489
500
3063
1080
18798
585
404
1736
9753
8112
1021
1697
1598
7303
2715
829
24376
7958
2220
517
2341
3055
2156
1250
1791
1802
1547
2128
4078
3791
726
3256
1020
1069
980
1112
999
1122
6237
686
16568
509
8995
2637
4667
1382
785
4390
1917
2402
4199
1225
5662
2065
1892
3947
692
611
1580
2522
5405
1841
1346
6738
3838
1837
69650
1645
320
178
517
160
116
1352
111
401
152
162
398
278
0
0
0
15
101
18
102
68
26
373
462
394
584
8473
312
624
6698
2048
3966
593
2522
1287
800
465
780
465
874
1880
1345
412
1017
2318
5521
800
15620
553
753
1469
2083
635
3142
789
1878
832
5953
1081
726
385
780
679
8590
199
901
859
1180
984
635
665
11306
316
402
391
1195
1653
1408
2574
379
780
161
1093
396
1421
4177
1206
1604
5331
588
531
129
212
170
451
2352
1329
773
8086
1581
495
553
1198
349
1863
695
2301
1997
1958
912
1721
1405
936
1689
638
1242
812
1224
4015
1546
2045
870
1663
1635
10583
11334
1956
527
2735
1342
8310
358
1463
739
2974
1032
14191
2928
870
787
1846
361
4730
10958
93863
1553
2347
8433
4196
7666
1829
2482
446
2779
1139
4595
7464
3884
16807
3555
3188
1281
1836
2240
7310
1593
211
70
146
481
155
343
217
259
133
201
448
631
15
101
18
0
0
0
80
306
45
320
2575
526
190
1273
433
226
2074
1204
1629
2308
1633
213
644
913
1534
468
387
351
445
750
365
1511
538
1598
491
1010
3381
1042
714
412
3421
539
623
667
1874
4677
447
2931
2170
1130
714
2494
310
341
546
259
434
2396
14597
3473
816
3445
658
616
11892
572
216
1061
307
1468
2081
1697
595
1249
181
503
858
436
100
586
8297
430
2479
3301
1427
1829
640
624
7478
1156
7984
5008
3161
1925
1115
2170
798
869
2076
2957
3258
688
1979
1153
4696
1324
1758
11672
4915
570
2588
1958
5801
541
2485
3210
830
12521
2347
1360
8294
4066
1647
2210
2447
1489
1501
5861
7489
5821
904
4347
614
3613
3533
8975
1584
5053
6036
22316
13063
1595
5069
1781
2076
4625
2671
2809
1374
9641
2458
17603
3336
146
507
722
167
230
622
425
300
723
472
311
116
102
68
26
80
306
45
0
0
0
457
1003
532
385
330
718
353
699
434
441
1169
1395
404
2407
339
405
147
318
999
347
296
282
342
1299
461
294
1059
1309
17533
1452
429
1709
5692
725
2795
1184
460
1274
1138
1078
1013
2458
786
1306
327
1862
652
622
3215
845
541
1322
2589
987
1808
7787
392
143
450
2175
516
1463
1812
1607
8045
4300
565
1725
717
946
774
715
1192
2660
996
1936
271
2659
588
2356
2525
1360
3604
281
2039
2222
1048
23937
942
3510
2593
1079
1252
39907
28504
1451
2154
8338
3939
1213
3965
1976
741
785
4476
12758
4124
2401
2493
1772
880
13182
2134
1197
1971
1605
1488
11383
1528
635
2010
11995
2030
1361
3058
1995
865
1870
14582
2769
2663
2673
3513
6062
906
2078
1058
1375
2541
15360
16342
13414
1574
3011
257
2239
534
1473
628
2473
402
1619
1365
5881
733
231
373
462
394
320
2575
526
457
1003
532
0
0
0
550
432
956
256
361
500
631
509
262
1087
627
1249
1004
3684
5381
13712
958
594
1941
1098
1009
1797
989
1359
6184
1493
806
1344
5958
968
778
37386
5449
849
904
10181
1333
2102
2393
2387
2585
6352
743
1214
7402
1654
3656
3167
7296
3151
1435
615
3581
437
466
728
1381
6060
8392
401
3670
1701
2626
26519
1323
736
671
667
2724
850
1665
624
331
6481
339
1391
693
1003
862
303
487
3414
597
536
607
402
2201
33168
1448
2100
1509
1106
1149
1471
1086
1731
3437
8653
4313
11924
790
5028
2928
1692
7658
2528
4991
1481
11923
5988
936
2005
1581
1981
26038
1711
806
530
6066
2176
5347
835
13623
1471
30338
4887
50929
772
1683
2061
1546
840
2187
1199
1364
825
11939
1087
4941
2472
3763
812
5046
753
1699
999
836
427
643
682
323
753
990
584
8473
312
190
1273
433
385
330
718
550
432
956
0
0
0
7086
800
281
1185
1091
350
1367
472
698
1131
640
1510
2117
1256
548
895
1105
575
10846
924
653
3116
1100
937
1249
2203
309
1035
2965
720
1273
2975
10382
10777
1925
1584
1402
359
2689
7629
2259
1725
1911
6478
1136
2751
812
335
2857
3531
941
716
1295
4287
837
1051
1469
2853
13419
870
10791
1995
833
321
1333
1769
2047
7571
2501
12905
431
593
6129
368
1377
231
877
359
2147
4433
2101
1534
462
4758
469
1726
794
1881
1749
12070
3564
730
2919
1007
5011
4529
14708
2614
3726
883
3010
2891
2481
4224
11773
987
15687
2804
1579
4916
6357
3147
1857
2419
3771
1222
3848
1094
8158
2108
3595
4065
1817
1665
2209
1231
935
1021
1116
1130
2151
1226
1254
18473
1099
1925
645
1760
1822
2425
973
182
314
2618
318
631
415
493
418
627
624
6698
2048
226
2074
1204
353
699
434
256
361
500
7086
800
281
0
0
0
99
89
576
282
376
1112
531
163
867
1214
332
510
5450
5091
508
627
2384
673
1254
1297
553
1408
8397
412
1645
566
899
1066
993
3707
510
948
2686
3665
335
985
958
2027
2488
3095
1947
1295
443
488
1237
755
458
788
2283
8306
1337
1124
778
2046
570
1748
557
265
1030
260
616
498
1224
3316
718
4411
2271
525
687
1120
700
3791
714
1077
988
589
2294
630
844
3417
1123
1936
5347
2681
1076
387
1106
37891
1751
11785
3170
11123
4102
1486
2795
2135
1816
904
704
1116
1217
2845
406
1236
638
44991
1592
1493
2607
1367
1689
2507
2453
1115
6411
22374
2071
6518
1992
2390
2056
5780
2225
1473
1195
1780
7556
3475
4871
3038
1636
5475
3345
1823
1532
6135
755
1657
294
1018
1905
470
1016
1406
435
331
977
3966
593
2522
1629
2308
1633
441
1169
1395
631
509
262
1185
1091
350
99
89
576
0
0
0
299
1866
156
478
1537
207
1504
1129
1415
2524
975
292
420
1670
2386
926
1914
1783
260
626
434
18436
1104
1024
833
543
1242
2886
1090
936
490
1951
1474
1535
1538
2489
699
629
814
516
2505
856
1109
678
992
1191
779
727
379
1249
2565
2261
2712
826
752
462
847
3633
1918
2023
2474
1193
771
5456
8689
1774
1272
2628
1277
866
2578
893
821
617
1013
742
923
984
984
780
7665
3375
2956
1449
2258
4186
1995
8275
1730
1573
1177
27889
538
2965
617
3831
19872
2661
725
6764
1413
7049
24818
8553
5449
1318
7222
2704
3297
5614
3258
14095
4690
2131
3641
13620
3179
6630
2497
1297
1362
1474
3226
944
555
842
2113
3388
1755
583
5272
1508
437
914
778
605
459
863
403
1569
377
517
1316
748
1287
800
465
213
644
913
404
2407
339
1087
627
1249
1367
472
698
282
376
1112
299
1866
156
0
0
0
410
6065
199
1574
546
2213
3816
627
1119
12314
1421
5167
1117
647
719
4910
825
414
4271
993
966
1352
4907
824
1248
1034
1416
2161
2308
1755
425
38061
1695
13347
6794
895
3635
14172
889
1183
9098
9156
1353
846
289
3563
1761
23201
4445
688
1979
544
1031
1332
1770
1146
502
1104
518
1211
268
1222
918
1019
311
2935
343
1412
1867
643
3413
2390
699
7719
793
542
479
2019
1090
584
619
4501
2586
1142
1084
6831
2860
1938
1143
836
334
2354
1201
49412
1291
1344
2066
2243
9947
3111
3029
5104
2980
9803
826
3079
2181
2156
20278
4246
3339
1741
39200
3971
1208
1292
2043
23961
2227
2641
1819
1632
4204
7108
8585
595
4198
6959
2489
148
111
278
183
754
387
594
400
577
1403
216
97
780
465
874
1534
468
387
405
147
318
1004
3684
5381
1131
640
1510
531
163
867
478
1537
207
410
6065
199
0
0
0
402
908
563
2635
391
449
263
1292
504
816
658
1366
160
122
258
447
808
418
1328
709
658
907
5128
870
186
2991
1040
500
1943
518
9642
807
3512
1140
1955
2834
314
358
1070
876
122
315
1336
1630
960
391
419
616
273
309
1486
475
822
610
9311
1562
991
666
1004
516
761
2353
8085
1436
699
654
1683
1249
12086
1361
1249
1279
2256
2123
2854
1875
3229
1324
5666
7707
3546
2323
974
3061
1350
2993
2403
697
798
515
1116
1532
1078
920
766
402
1354
2620
7438
1703
2531
1612
1477
1164
885
3935
8221
1638
39415
1156
4566
5965
9994
5934
6371
6518
875
988
8568
853
2967
5310
2047
10043
3137
11472
1136
539
437
1015
8348
1683
920
359
3753
3522
647
607
1880
1345
412
351
445
750
999
347
296
13712
958
594
2117
1256
548
1214
332
510
1504
1129
1415
1574
546
2213
402
908
563
0
0
0
317
617
782
674
1974
3025
1553
1487
445
996
2785
289
431
219
900
3329
250
841
2514
448
1257
792
2491
1878
5480
473
5332
14759
15341
613
1008
643
2996
1235
1479
1353
985
714
8582
831
2704
1240
1235
1251
572
19830
907
1073
763
722
1281
3166
661
1109
1005
1540
3329
2185
2565
729
1381
960
1068
2374
459
1250
3977
1038
2875
757
2831
1681
1257
2374
1185
52405
4247
1370
722
2110
585
12310
3698
5359
599
332
5298
12915
2477
857
1094
4467
578
1839
8337
2263
12525
1845
28902
17721
1846
928
2193
1626
2119
3096
762
1160
8682
4202
23671
1875
825
1800
2606
2558
41097
880
890
2941
7958
3963
5847
2445
1451
726
4446
1178
740
318
3094
923
288
2171
329
1017
2318
5521
365
1511
538
282
342
1299
1941
1098
1009
895
1105
575
5450
5091
508
2524
975
292
3816
627
1119
2635
391
449
317
617
782
0
0
0
667
1330
456
133
197
256
3592
2786
497
601
346
441
614
719
1524
445
272
919
572
5202
503
1866
386
1477
1185
2209
786
437
746
1461
1313
742
2470
19137
571
2061
2025
1778
992
1345
4108
935
946
1208
3589
833
466
559
6794
1028
1010
3346
1817
567
690
14929
968
1137
978
893
2342
1852
912
2029
2043
822
656
1691
4147
3724
2114
1381
3981
3123
3582
3022
1349
6182
814
3516
4298
402
1367
442
4079
17365
865
3723
575
2732
1735
5331
25241
5912
1335
3890
2481
21523
2645
2977
5052
1525
2895
36306
1567
6765
1612
807
3067
1281
5482
1090
1223
2023
784
46293
5905
5879
1187
1386
737
717
416
5207
542
576
1640
1799
2207
4174
3559
383
800
15620
553
1598
491
1010
461
294
1059
1797
989
1359
10846
924
653
627
2384
673
420
1670
2386
12314
1421
5167
263
1292
504
674
1974
3025
667
1330
456
0
0
0
253
963
1023
1725
175
1824
123
1052
56
308
269
405
656
375
750
909
643
1042
1555
1145
4697
1098
927
1767
2868
742
1756
535
612
5321
368
749
2895
1870
2199
727
448
866
1777
2230
392
743
872
791
863
3967
13601
976
4932
627
814
1163
2021
2504
735
5688
3233
413
3213
1147
3125
4493
4673
3131
1069
1835
1113
830
3191
622
507
1440
1874
1239
484
1019
857
983
8064
517
3594
538
219
5613
2251
833
2244
2798
654
1364
765
1262
1378
2218
11917
1883
1049
2798
5247
1408
2674
1008
2430
3062
4509
1126
6896
1716
11262
2648
3748
1860
19279
2587
12370
7273
2009
215
3640
448
293
558
309
917
1010
328
2784
1014
655
753
1469
2083
3381
1042
714
1309
17533
1452
6184
1493
806
3116
1100
937
1254
1297
553
926
1914
1783
1117
647
719
816
658
1366
1553
1487
445
133
197
256
253
963
1023
0
0
0
1740
316
408
130
354
67
1119
732
6830
940
872
1568
848
255
456
1303
3908
1850
478
948
892
653
1402
5881
555
296
666
455
2579
359
2493
31426
1104
1142
525
774
491
18373
1703
2152
5518
1351
11186
1352
729
1304
3892
970
3686
822
2698
1117
1151
761
729
427
1492
10444
3162
2048
729
36433
5763
2361
2395
11983
1256
5320
2121
5284
1568
2410
707
2649
2391
899
593
1366
6713
3532
559
2633
1255
3096
1488
22681
14247
1641
1422
1128
5805
1589
1307
7396
1761
8988
7907
3068
1183
1408
2306
4322
1817
19349
1622
1332
2639
7683
11134
2676
9720
6713
2672
5522
1708
924
458
2330
383
947
190
288
1217
183
608
138
635
3142
789
412
3421
539
429
1709
5692
1344
5958
968
1249
2203
309
1408
8397
412
260
626
434
4910
825
414
160
122
258
996
2785
289
3592
2786
497
1725
175
1824
1740
316
408
0
0
0
509
370
1007
319
318
1006
808
387
687
161
409
343
491
494
466
712
15322
639
462
808
1228
570
528
548
1390
536
717
2964
616
322
1528
333
2653
703
463
699
447
2277
799
1159
2965
1504
655
1676
810
9173
1239
1416
10640
20169
2050
1039
2643
529
3352
24456
1867
3730
1092
5575
1202
2111
7818
993
622
1574
4668
6154
719
2724
3193
2758
2451
9023
1860
10989
853
8493
5048
2844
1217
1629
1902
1445
1630
2211
5372
1148
15306
1211
10437
1775
9421
1036
1527
4842
1739
1907
3336
8052
1112
662
3701
2465
41990
17933
19626
1870
5639
3100
992
4154
384
379
1475
669
1912
599
595
402
1376
712
1109
1878
832
5953
623
667
1874
725
2795
1184
778
37386
5449
1035
2965
720
1645
566
899
18436
1104
1024
4271
993
966
447
808
418
431
219
900
601
346
441
123
1052
56
130
354
67
509
370
1007
0
0
0
795
217
299
639
1282
785
556
423
259
395
1135
5472
872
652
1726
639
1266
9249
401
985
6829
451
4312
389
1307
4868
1067
552
5519
466
343
972
450
1244
1831
6604
3339
1759
1818
2338
5531
15632
4730
631
15076
615
1727
547
1569
1648
1190
7118
18314
2273
2406
773
838
10099
2473
9572
508
8996
3169
8133
2066
590
3013
940
1102
2032
397
1192
2117
391
2057
384
737
754
1591
25787
4155
5183
2965
2803
17474
971
2286
98143
1837
1695
728
2014
3668
4308
2369
1734
958
1535
4007
4314
9213
3048
2183
1295
2487
837
3922
3329
569
368
195
257
1268
766
535
1892
925
1030
349
247
1081
726
385
4677
447
2931
460
1274
1138
849
904
10181
1273
2975
10382
1066
993
3707
833
543
1242
1352
4907
824
1328
709
658
3329
250
841
614
719
1524
308
269
405
1119
732
6830
319
318
1006
795
217
299
0
0
0
116
189
1138
150
73
1809
976
252
2795
737
1633
3264
267
144
817
126
152
257
1008
217
393
1686
453
751
1336
3330
891
239
1201
239
850
474
3222
2396
745
5298
683
1557
8519
810
2485
3217
2013
571
745
1070
1947
1492
2910
2145
15415
1515
3304
1827
6847
1758
1375
765
674
4000
3308
3286
1120
3452
3752
1817
3626
887
2127
1798
3312
4244
757
1396
1952
1851
812
728
2520
1364
700
695
936
2459
2100
1291
7518
1240
1593
25344
986
1636
6542
5563
2549
1331
1968
2568
1560
1747
5891
620
5583
2471
7804
572
1293
1483
1380
227
1797
7557
824
387
570
1492
746
780
679
8590
2170
1130
714
1078
1013
2458
1333
2102
2393
10777
1925
1584
510
948
2686
2886
1090
936
1248
1034
1416
907
5128
870
2514
448
1257
445
272
919
656
375
750
940
872
1568
808
387
687
639
1282
785
116
189
1138
0
0
0
423
320
228
456
333
504
320
3018
347
706
359
3218
691
7000
456
288
1522
820
13636
796
1423
1455
2137
619
272
268
2100
1296
569
1094
612
21722
3395
724
903
1055
1223
3026
614
3748
22863
2767
1047
2263
683
4776
2308
1410
2901
6745
5267
7063
2061
7017
1904
1148
506
1063
553
643
984
1129
3325
1440
6507
1065
826
3119
1341
981
701
2977
827
816
1236
655
1270
1243
350
940
12931
2711
1845
1967
1416
17038
3469
5780
2065
6656
1202
4877
3742
1399
39315
2138
2556
23493
1825
3267
1885
13379
362
222
1388
1777
208
271
242
1687
890
434
849
2863
199
901
859
2494
310
341
786
1306
327
2387
2585
6352
1402
359
2689
3665
335
985
490
1951
1474
2161
2308
1755
186
2991
1040
792
2491
1878
572
5202
503
909
643
1042
848
255
456
161
409
343
556
423
259
150
73
1809
423
320
228
0
0
0
852
450
600
2052
1174
1016
305
891
572
586
315
307
264
695
131
1722
1732
255
516
549
193
574
21894
1189
1306
539
1329
426
1025
598
1086
751
844
895
2069
1352
2195
4560
591
3465
1498
4600
2797
8444
1961
11043
1494
975
6574
2191
1594
1667
3464
872
2030
462
1262
1526
19543
15966
1944
1053
1298
1001
6510
11801
1587
843
4028
4716
6975
1023
612
1279
4824
1764
750
1021
1810
3670
3147
5262
1984
1637
2410
3015
6128
1278
2081
488
1040
13940
1511
24014
1357
7296
6010
2077
14965
2499
660
156
2746
867
2342
393
798
169
1777
845
626
1180
984
635
546
259
434
1862
652
622
743
1214
7402
7629
2259
1725
958
2027
2488
1535
1538
2489
425
38061
1695
500
1943
518
5480
473
5332
1866
386
1477
1555
1145
4697
1303
3908
1850
491
494
466
395
1135
5472
976
252
2795
456
333
504
852
450
600
0
0
0
178
456
3520
34
63
106
47
43
47
465
314
358
435
631
486
105
356
90
371
1328
212
657
2966
804
453
287
787
530
850
627
1220
6500
914
1093
4163
1143
5098
2014
1299
1635
36344
2047
1855
2596
1679
4063
1557
1468
808
971
2787
4324
8687
2501
5141
12064
1322
1804
20274
1069
2977
875
10967
1213
3398
4202
1183
1174
463
11011
1327
494
5480
2602
525
1621
2728
934
1502
29545
1342
5712
4793
764
1960
2951
1131
11019
2517
1939
1703
6227
13149
4286
4749
1482
7531
1116
1113
11730
1302
1940
1151
673
604
5040
1548
366
665
11306
316
2396
14597
3473
3215
845
541
1654
3656
3167
1911
6478
1136
3095
1947
1295
699
629
814
13347
6794
895
9642
807
3512
14759
15341
613
1185
2209
786
1098
927
1767
478
948
892
712
15322
639
872
652
1726
737
1633
3264
320
3018
347
2052
1174
1016
178
456
3520
0
0
0
399
339
295
1848
185
154
3299
995
688
803
450
11584
153
342
212
1092
1430
2274
1003
2926
742
8961
897
1126
812
2166
1274
938
1312
566
1041
684
1005
1908
9337
1639
2171
1607
8192
3396
2623
2798
3311
1173
1617
2902
7490
2945
1933
947
374
5615
2273
1932
4800
2557
16702
1114
560
1800
1656
2401
1507
608
1255
1142
8133
1315
960
7294
814
2241
1300
1039
5643
615
11913
1101
1578
1033
16484
3477
575
536
3709
3471
494
2434
1444
4273
3374
12986
1215
2205
814
574
2119
671
297
119
584
447
597
782
735
402
391
1195
816
3445
658
1322
2589
987
7296
3151
1435
2751
812
335
443
488
1237
516
2505
856
3635
14172
889
1140
1955
2834
1008
643
2996
437
746
1461
2868
742
1756
653
1402
5881
462
808
1228
639
1266
9249
267
144
817
706
359
3218
305
891
572
34
63
106
399
339
295
0
0
0
14
101
68
579
364
391
319
604
555
5050
123
3100
1109
200
979
175
15201
722
5037
2263
748
2845
7500
1045
679
2814
501
365
1563
397
1038
906
5772
2027
15697
1117
5165
1765
1749
5972
4109
4126
624
1941
2108
1410
1345
1139
2243
2453
2109
2429
8309
7185
1853
1955
519
488
1211
915
1662
1101
3177
389
2824
1559
903
4152
968
921
1470
1747
1763
1314
24309
2362
7147
719
5462
670
2311
1479
949
1100
3305
2404
13977
2341
4069
3375
1170
1273
1100
528
305
1364
741
1237
287
3361
1490
1144
1653
1408
2574
616
11892
572
1808
7787
392
615
3581
437
2857
3531
941
755
458
788
1109
678
992
1183
9098
9156
314
358
1070
1235
1479
1353
1313
742
2470
535
612
5321
555
296
666
570
528
548
401
985
6829
126
152
257
691
7000
456
586
315
307
47
43
47
1848
185
154
14
101
68
0
0
0
298
596
304
213
600
1059
152
458
586
735
175
407
568
524
1482
462
391
1565
448
723
1043
5274
2064
951
852
424
873
1764
4784
3588
1409
2528
4577
1776
3248
2150
2434
5995
1326
1267
7743
3986
1669
1820
1041
1354
2748
4506
4733
15498
1330
1281
2642
1437
1521
895
4744
1134
597
1842
1862
597
905
25715
3626
5015
997
901
1506
22394
1581
1135
1655
4907
7266
3397
552
1439
12676
4027
1793
33022
2034
8825
9989
898
3655
208
319
145
1198
4449
63
457
268
177
547
535
368
379
780
161
216
1061
307
143
450
2175
466
728
1381
716
1295
4287
2283
8306
1337
1191
779
727
1353
846
289
876
122
315
985
714
8582
19137
571
2061
368
749
2895
455
2579
359
1390
536
717
451
4312
389
1008
217
393
288
1522
820
264
695
131
465
314
358
3299
995
688
579
364
391
298
596
304
0
0
0
177
261
86
358
297
217
218
80
66
250
77
270
251
580
396
906
6902
3958
389
1797
461
1192
2550
167
1848
4895
4149
13159
1787
1193
27737
803
3581
5456
2233
14716
8152
3113
5067
390
5905
1211
3188
3242
1997
3484
1627
1233
18904
3532
2178
4664
841
1817
1790
337
2074
1134
20177
6286
1489
828
1552
2003
4511
1010
21465
1095
1688
1469
1362
7689
443
1099
424
4090
20984
5742
596
1390
3249
3373
3269
598
241
687
417
1897
361
300
1573
608
382
575
456
706
1093
396
1421
1468
2081
1697
516
1463
1812
6060
8392
401
837
1051
1469
1124
778
2046
379
1249
2565
3563
1761
23201
1336
1630
960
831
2704
1240
2025
1778
992
1870
2199
727
2493
31426
1104
2964
616
322
1307
4868
1067
1686
453
751
13636
796
1423
1722
1732
255
435
631
486
803
450
11584
319
604
555
213
600
1059
177
261
86
0
0
0
144
546
178
152
127
57
278
118
108
291
1143
1663
327
758
592
926
456
366
346
338
711
1259
10421
1629
58728
3845
486
808
1257
2309
2738
6693
22155
2650
6100
1486
1975
1114
2018
2365
2892
2593
3927
1315
3169
2960
1952
3165
2805
3599
14507
4704
2504
3649
1067
920
1442
6399
1534
3200
762
2804
1770
4158
2667
17990
872
3141
1153
848
428
634
5175
12976
10556
3763
1227
13053
1644
2818
749
398
546
3184
244
420
1640
372
1863
343
300
234
496
4177
1206
1604
595
1249
181
1607
8045
4300
3670
1701
2626
2853
13419
870
570
1748
557
2261
2712
826
4445
688
1979
391
419
616
1235
1251
572
1345
4108
935
448
866
1777
1142
525
774
1528
333
2653
552
5519
466
1336
3330
891
1455
2137
619
516
549
193
105
356
90
153
342
212
5050
123
3100
152
458
586
358
297
217
144
546
178
0
0
0
208
86
158
4046
4843
1529
1169
683
412
592
644
578
3215
1637
305
295
1257
322
891
8980
1871
1389
750
1753
3864
2124
574
2591
1664
667
487
2728
1335
1240
20002
2050
4633
1760
2666
1264
3819
1467
7166
2062
2074
4475
1800
2688
1548
2607
798
1877
389
478
873
7080
830
907
8346
5455
2612
931
679
26072
2096
1565
22796
1378
840
9205
25338
1435
4698
1705
2127
3332
2001
4301
825
679
212
243
531
248
2406
318
443
617
1024
612
5331
588
531
503
858
436
565
1725
717
26519
1323
736
10791
1995
833
265
1030
260
752
462
847
544
1031
1332
273
309
1486
19830
907
1073
946
1208
3589
2230
392
743
491
18373
1703
703
463
699
343
972
450
239
1201
239
272
268
2100
574
21894
1189
371
1328
212
1092
1430
2274
1109
200
979
735
175
407
218
80
66
152
127
57
208
86
158
0
0
0
590
361
3796
2444
802
1546
466
352
689
422
249
1311
1603
303
858
7333
1692
4896
1588
6539
16160
2297
1632
53442
3843
16809
1552
3809
1446
1107
1170
1268
1902
478
1388
1784
38808
401
984
1454
768
1191
1730
1910
2307
1603
1110
1697
813
3179
515
2516
5480
9991
5819
38409
1537
704
2823
1972
12738
1634
1198
1849
1185
27127
36624
1222
2882
1211
2117
1068
2118
35000
2058
1206
529
607
810
2601
238
700
188
375
344
329
513
129
212
170
100
586
8297
946
774
715
671
667
2724
321
1333
1769
616
498
1224
3633
1918
2023
1770
1146
502
475
822
610
763
722
1281
833
466
559
872
791
863
2152
5518
1351
447
2277
799
1244
1831
6604
850
474
3222
1296
569
1094
1306
539
1329
657
2966
804
1003
2926
742
175
15201
722
568
524
1482
250
77
270
278
118
108
4046
4843
1529
590
361
3796
0
0
0
235
1932
529
454
195
1599
262
670
597
3822
558
499
1466
964
875
1466
6401
1480
3758
1028
2148
4917
2170
12441
3492
2607
10188
5265
1488
6360
3968
1055
1424
772
787
1216
1052
10800
10166
1989
5419
9915
898
1303
764
3055
11527
1303
1179
6165
3192
3219
3047
6374
1904
1954
1547
425
680
4586
1782
1768
1009
7527
985
1347
772
1795
996
2946
949
500
618
556
1473
1100
430
723
933
6647
817
744
11606
884
451
2352
1329
430
2479
3301
1192
2660
996
850
1665
624
2047
7571
2501
3316
718
4411
2474
1193
771
1104
518
1211
9311
1562
991
3166
661
1109
6794
1028
1010
3967
13601
976
11186
1352
729
1159
2965
1504
3339
1759
1818
2396
745
5298
612
21722
3395
426
1025
598
453
287
787
8961
897
1126
5037
2263
748
462
391
1565
251
580
396
291
1143
1663
1169
683
412
2444
802
1546
235
1932
529
0
0
0
1342
1060
1298
72
698
836
81
114
287
1962
3440
1380
588
20444
410
1263
2258
1421
3782
1304
2596
1272
12182
7128
5678
6607
5660
1480
4665
6614
1659
5543
4938
2097
1691
5491
2723
5491
3931
1011
4411
3146
4270
2033
1696
33006
2163
1959
10585
1709
1022
2454
1105
1237
1379
1750
2465
207
253
621
675
3707
2316
2854
654
7258
3462
1758
3417
1511
2674
203
752
562
2090
453
295
800
639
489
500
773
8086
1581
1427
1829
640
1936
271
2659
331
6481
339
12905
431
593
2271
525
687
5456
8689
1774
268
1222
918
666
1004
516
1005
1540
3329
3346
1817
567
4932
627
814
1304
3892
970
655
1676
810
2338
5531
15632
683
1557
8519
724
903
1055
1086
751
844
530
850
627
812
2166
1274
2845
7500
1045
448
723
1043
906
6902
3958
327
758
592
592
644
578
466
352
689
454
195
1599
1342
1060
1298
0
0
0
365
203
1428
287
341
1418
13771
2171
2847
5672
15653
866
1325
1459
1194
1986
3167
5653
3737
3042
2391
750
8840
1906
1458
2791
1210
40787
26422
6515
1833
6177
672
5083
11828
4898
10371
1893
762
8941
3369
2055
3223
3390
3279
3250
36559
3724
1521
11340
7455
953
24024
3851
4339
962
1758
1784
4826
479
688
7806
777
12798
21925
588
671
928
492
2179
936
461
1345
517
692
3063
1080
18798
495
553
1198
624
7478
1156
588
2356
2525
1391
693
1003
6129
368
1377
1120
700
3791
1272
2628
1277
1019
311
2935
761
2353
8085
2185
2565
729
690
14929
968
1163
2021
2504
3686
822
2698
9173
1239
1416
4730
631
15076
810
2485
3217
1223
3026
614
895
2069
1352
1220
6500
914
938
1312
566
679
2814
501
5274
2064
951
389
1797
461
926
456
366
3215
1637
305
422
249
1311
262
670
597
72
698
836
365
203
1428
0
0
0
343
303
2637
3082
851
5692
1504
2128
13362
4499
1692
815
5220
1130
1841
3214
10943
15121
13563
2012
1669
2039
3134
4458
1341
1663
577
902
1895
6840
5348
1594
803
1037
2775
3554
2279
1819
6594
3050
2645
1595
2462
5882
1765
3249
1321
1626
749
500
3310
550
1065
371
942
579
1719
1659
1313
2139
8432
1013
1218
672
485
6934
297
1241
961
621
670
1481
585
404
1736
349
1863
695
7984
5008
3161
1360
3604
281
862
303
487
231
877
359
714
1077
988
866
2578
893
343
1412
1867
1436
699
654
1381
960
1068
1137
978
893
735
5688
3233
1117
1151
761
10640
20169
2050
615
1727
547
2013
571
745
3748
22863
2767
2195
4560
591
1093
4163
1143
1041
684
1005
365
1563
397
852
424
873
1192
2550
167
346
338
711
295
1257
322
1603
303
858
3822
558
499
81
114
287
287
341
1418
343
303
2637
0
0
0
2403
1179
25667
425
17083
1006
2618
5262
3208
5153
1889
1747
14135
25444
662
3296
2480
2155
2220
612
3444
3204
7757
1579
1436
16128
2205
16389
1791
3581
1108
1216
2117
2031
3773
1297
2787
2960
9690
3074
909
11760
1109
4267
1558
2088
11885
504
888
888
555
661
2710
995
581
922
2015
776
546
3499
2661
1759
2701
1671
2088
3190
7433
2301
5220
9753
8112
1021
2301
1997
1958
1925
1115
2170
2039
2222
1048
3414
597
536
2147
4433
2101
589
2294
630
821
617
1013
643
3413
2390
1683
1249
12086
2374
459
1250
2342
1852
912
413
3213
1147
729
427
1492
1039
2643
529
1569
1648
1190
1070
1947
1492
1047
2263
683
3465
1498
4600
5098
2014
1299
1908
9337
1639
1038
906
5772
1764
4784
3588
1848
4895
4149
1259
10421
1629
891
8980
1871
7333
1692
4896
1466
964
875
1962
3440
1380
13771
2171
2847
3082
851
5692
2403
1179
25667
0
0
0
1512
2082
3491
2107
5501
2774
880
3747
1793
10329
3892
1703
2367
1843
1953
420
168
892
144
114
102
2767
2177
1310
858
4701
911
3970
23778
4329
3943
2233
2429
3230
1509
3237
1743
69345
4145
5793
3028
2688
3888
6863
1971
3347
2233
2409
3648
3268
1031
857
1937
1210
2615
7822
1031
1120
1543
1333
1589
1237
1302
1325
1800
7075
1697
1598
7303
912
1721
1405
798
869
2076
23937
942
3510
607
402
2201
1534
462
4758
844
3417
1123
742
923
984
699
7719
793
1361
1249
1279
3977
1038
2875
2029
2043
822
3125
4493
4673
10444
3162
2048
3352
24456
1867
7118
18314
2273
2910
2145
15415
4776
2308
1410
2797
8444
1961
1635
36344
2047
2171
1607
8192
2027
15697
1117
1409
2528
4577
13159
1787
1193
58728
3845
486
1389
750
1753
1588
6539
16160
1466
6401
1480
588
20444
410
5672
15653
866
1504
2128
13362
425
17083
1006
1512
2082
3491
0
0
0
789
652
829
413
562
5571
4010
6005
1220
2032
21172
9706
723
2192
790
2260
1560
2248
19098
1869
4087
8234
1689
2035
4509
2228
6917
1828
4166
4964
2884
1726
25930
2269
3550
4874
14750
6493
8117
2450
1051
4889
1093
1577
2200
1581
2031
733
551
2943
605
195
20664
285
1798
961
2473
682
1820
2200
685
1255
2093
2715
829
24376
936
1689
638
2957
3258
688
2593
1079
1252
33168
1448
2100
469
1726
794
1936
5347
2681
984
780
7665
542
479
2019
2256
2123
2854
757
2831
1681
656
1691
4147
3131
1069
1835
729
36433
5763
3730
1092
5575
2406
773
838
1515
3304
1827
2901
6745
5267
11043
1494
975
1855
2596
1679
3396
2623
2798
5165
1765
1749
1776
3248
2150
27737
803
3581
808
1257
2309
3864
2124
574
2297
1632
53442
3758
1028
2148
1263
2258
1421
1325
1459
1194
4499
1692
815
2618
5262
3208
2107
5501
2774
789
652
829
0
0
0
536
243
2492
1742
2217
2314
2238
3570
944
2938
3285
2459
430
575
2007
1616
1940
2429
2006
774
18689
22526
13152
3887
5620
1753
2307
2157
4432
5169
17385
2191
3942
3590
4439
6757
5592
4604
1569
4661
872
7074
602
1980
1453
1030
1896
1497
4905
390
1328
1457
1754
2603
2538
918
1165
936
2020
1711
7958
2220
517
1242
812
1224
1979
1153
4696
39907
28504
1451
1509
1106
1149
1881
1749
12070
1076
387
1106
3375
2956
1449
1090
584
619
1875
3229
1324
1257
2374
1185
3724
2114
1381
1113
830
3191
2361
2395
11983
1202
2111
7818
10099
2473
9572
6847
1758
1375
7063
2061
7017
6574
2191
1594
4063
1557
1468
3311
1173
1617
5972
4109
4126
2434
5995
1326
5456
2233
14716
2738
6693
22155
2591
1664
667
3843
16809
1552
4917
2170
12441
3782
1304
2596
1986
3167
5653
5220
1130
1841
5153
1889
1747
880
3747
1793
413
562
5571
536
243
2492
0
0
0
3950
2883
1332
9156
5232
2818
1212
1932
9109
781
13705
14027
3357
8779
54703
6576
1351
1859
1453
1555
82698
2015
2960
3662
2392
2254
2162
807
2108
2646
2154
3702
8391
3717
6830
7203
2224
2536
5716
2845
1459
8656
838
14509
1637
420
4102
1380
1580
14923
1027
1439
1209
1408
1513
2301
3036
2341
3055
2156
4015
1546
2045
1324
1758
11672
2154
8338
3939
1471
1086
1731
3564
730
2919
37891
1751
11785
2258
4186
1995
4501
2586
1142
5666
7707
3546
52405
4247
1370
3981
3123
3582
622
507
1440
1256
5320
2121
993
622
1574
508
8996
3169
765
674
4000
1904
1148
506
1667
3464
872
808
971
2787
2902
7490
2945
624
1941
2108
1267
7743
3986
8152
3113
5067
2650
6100
1486
487
2728
1335
3809
1446
1107
3492
2607
10188
1272
12182
7128
3737
3042
2391
3214
10943
15121
14135
25444
662
10329
3892
1703
4010
6005
1220
1742
2217
2314
3950
2883
1332
0
0
0
507
1084
1931
1248
11971
31434
2822
3651
7342
3560
983
1591
5510
1918
1746
1047
597
16864
749
2366
301
1281
6575
3664
2922
1065
2015
1163
1425
443
10364
1599
5245
2051
3055
4181
7420
2714
23017
4614
5189
1826
3917
23991
2536
2144
5667
1255
690
12780
7978
2753
4096
1884
1250
1791
1802
870
1663
1635
4915
570
2588
1213
3965
1976
3437
8653
4313
1007
5011
4529
3170
11123
4102
8275
1730
1573
1084
6831
2860
2323
974
3061
722
2110
585
3022
1349
6182
1874
1239
484
5284
1568
2410
4668
6154
719
8133
2066
590
3308
3286
1120
1063
553
643
2030
462
1262
4324
8687
2501
1933
947
374
1410
1345
1139
1669
1820
1041
390
5905
1211
1975
1114
2018
1240
20002
2050
1170
1268
1902
5265
1488
6360
5678
6607
5660
750
8840
1906
13563
2012
1669
3296
2480
2155
2367
1843
1953
2032
21172
9706
2238
3570
944
9156
5232
2818
507
1084
1931
0
0
0
3091
3805
567
490
888
4589
266
1070
557
728
19735
716
2335
2714
1028
5732
3710
3801
4928
2361
1373
4574
1626
7472
2531
4781
2505
1589
15444
7462
2492
2332
2669
5271
19507
4172
1955
5698
2506
2999
3392
2203
637
8378
1063
1796
1237
1373
1879
1690
1936
1547
2128
4078
10583
11334
1956
1958
5801
541
741
785
4476
11924
790
5028
14708
2614
3726
1486
2795
2135
1177
27889
538
1938
1143
836
1350
2993
2403
12310
3698
5359
814
3516
4298
1019
857
983
707
2649
2391
2724
3193
2758
3013
940
1102
3452
3752
1817
984
1129
3325
1526
19543
15966
5141
12064
1322
5615
2273
1932
2243
2453
2109
1354
2748
4506
3188
3242
1997
2365
2892
2593
4633
1760
2666
478
1388
1784
3968
1055
1424
1480
4665
6614
1458
2791
1210
2039
3134
4458
2220
612
3444
420
168
892
723
2192
790
2938
3285
2459
1212
1932
9109
1248
11971
31434
3091
3805
567
0
0
0
399
781
534
2332
1360
4735
925
733
884
7607
10270
4247
3021
8399
4068
4117
1687
1562
13323
5061
4298
17728
2648
6403
5461
3390
6374
1773
5344
5680
2341
11258
5513
62948
4133
37373
3357
1116
2382
619
1136
1376
5366
1193
1147
2066
1934
1621
3791
726
3256
527
2735
1342
2485
3210
830
12758
4124
2401
2928
1692
7658
883
3010
2891
1816
904
704
2965
617
3831
334
2354
1201
697
798
515
599
332
5298
402
1367
442
8064
517
3594
899
593
1366
2451
9023
1860
2032
397
1192
3626
887
2127
1440
6507
1065
1944
1053
1298
1804
20274
1069
4800
2557
16702
2429
8309
7185
4733
15498
1330
3484
1627
1233
3927
1315
3169
1264
3819
1467
38808
401
984
772
787
1216
1659
5543
4938
40787
26422
6515
1341
1663
577
3204
7757
1579
144
114
102
2260
1560
2248
430
575
2007
781
13705
14027
2822
3651
7342
490
888
4589
399
781
534
0
0
0
1100
1655
1991
2276
1201
294
7849
3675
4780
4228
1636
4530
5169
2306
4764
3822
9308
6140
3934
2807
38607
3213
2515
3868
5504
1547
4562
13429
5740
7621
12434
1215
3612
6036
3627
8107
528
1097
1671
1726
7327
692
1290
1893
3857
1020
1069
980
8310
358
1463
12521
2347
1360
2493
1772
880
2528
4991
1481
2481
4224
11773
1116
1217
2845
19872
2661
725
49412
1291
1344
1116
1532
1078
12915
2477
857
4079
17365
865
538
219
5613
6713
3532
559
10989
853
8493
2117
391
2057
1798
3312
4244
826
3119
1341
1001
6510
11801
2977
875
10967
1114
560
1800
1853
1955
519
1281
2642
1437
18904
3532
2178
2960
1952
3165
7166
2062
2074
1454
768
1191
1052
10800
10166
2097
1691
5491
1833
6177
672
902
1895
6840
1436
16128
2205
2767
2177
1310
19098
1869
4087
1616
1940
2429
3357
8779
54703
3560
983
1591
266
1070
557
2332
1360
4735
1100
1655
1991
0
0
0
3561
1893
654
2327
3367
6596
6517
2400
580
7397
3053
2002
4872
5427
1272
7613
1648
2160
37571
4361
2370
1138
29266
3551
11572
2355
30129
1630
2192
3547
3384
5508
2840
993
765
1972
1248
2597
1684
4832
1620
1307
1112
999
1122
739
2974
1032
8294
4066
1647
13182
2134
1197
11923
5988
936
987
15687
2804
406
1236
638
6764
1413
7049
2066
2243
9947
920
766
402
1094
4467
578
3723
575
2732
2251
833
2244
2633
1255
3096
5048
2844
1217
384
737
754
757
1396
1952
981
701
2977
1587
843
4028
1213
3398
4202
1656
2401
1507
488
1211
915
1521
895
4744
4664
841
1817
2805
3599
14507
4475
1800
2688
1730
1910
2307
1989
5419
9915
2723
5491
3931
5083
11828
4898
5348
1594
803
16389
1791
3581
858
4701
911
8234
1689
2035
2006
774
18689
6576
1351
1859
5510
1918
1746
728
19735
716
925
733
884
2276
1201
294
3561
1893
654
0
0
0
2482
6530
884
1170
849
1532
16237
2235
2905
6462
3164
23188
1481
6699
20776
5727
1972
2536
2119
2893
1144
6743
10212
11838
4432
2502
29680
8065
2617
3064
1396
80055
3428
1844
4655
13282
1220
2184
5557
6237
686
16568
14191
2928
870
2210
2447
1489
1971
1605
1488
2005
1581
1981
1579
4916
6357
44991
1592
1493
24818
8553
5449
3111
3029
5104
1354
2620
7438
1839
8337
2263
1735
5331
25241
2798
654
1364
1488
22681
14247
1629
1902
1445
1591
25787
4155
1851
812
728
827
816
1236
4716
6975
1023
1183
1174
463
608
1255
1142
1662
1101
3177
1134
597
1842
1790
337
2074
4704
2504
3649
1548
2607
798
1603
1110
1697
898
1303
764
1011
4411
3146
10371
1893
762
1037
2775
3554
1108
1216
2117
3970
23778
4329
4509
2228
6917
22526
13152
3887
1453
1555
82698
1047
597
16864
2335
2714
1028
7607
10270
4247
7849
3675
4780
2327
3367
6596
2482
6530
884
0
0
0
1586
935
796
1056
1451
1520
417
278
612
2520
244
4893
1361
1674
8941
9485
3900
1315
1505
4343
3797
3236
1139
2041
1205
3218
6004
955
1025
1810
1759
3341
2232
516
947
1828
509
8995
2637
787
1846
361
1501
5861
7489
11383
1528
635
26038
1711
806
3147
1857
2419
2607
1367
1689
1318
7222
2704
2980
9803
826
1703
2531
1612
12525
1845
28902
5912
1335
3890
765
1262
1378
1641
1422
1128
1630
2211
5372
5183
2965
2803
2520
1364
700
655
1270
1243
612
1279
4824
11011
1327
494
8133
1315
960
389
2824
1559
1862
597
905
1134
20177
6286
1067
920
1442
1877
389
478
813
3179
515
3055
11527
1303
4270
2033
1696
8941
3369
2055
2279
1819
6594
2031
3773
1297
3943
2233
2429
1828
4166
4964
5620
1753
2307
2015
2960
3662
749
2366
301
5732
3710
3801
3021
8399
4068
4228
1636
4530
6517
2400
580
1170
849
1532
1586
935
796
0
0
0
1665
705
1256
1282
13990
682
265
745
137
2270
2793
1557
10380
1933
10801
7819
3974
1335
2111
3180
11457
1909
1083
12449
1194
1077
1415
5899
902
1637
5366
1428
3407
4667
1382
785
4730
10958
93863
5821
904
4347
2010
11995
2030
530
6066
2176
3771
1222
3848
2507
2453
1115
3297
5614
3258
3079
2181
2156
1477
1164
885
17721
1846
928
2481
21523
2645
2218
11917
1883
5805
1589
1307
1148
15306
1211
17474
971
2286
695
936
2459
350
940
12931
1764
750
1021
5480
2602
525
7294
814
2241
903
4152
968
25715
3626
5015
1489
828
1552
6399
1534
3200
873
7080
830
2516
5480
9991
1179
6165
3192
33006
2163
1959
3223
3390
3279
3050
2645
1595
2787
2960
9690
3230
1509
3237
2884
1726
25930
2157
4432
5169
2392
2254
2162
1281
6575
3664
4928
2361
1373
4117
1687
1562
5169
2306
4764
7397
3053
2002
16237
2235
2905
1056
1451
1520
1665
705
1256
0
0
0
2201
1988
1144
2133
2830
5543
1121
5979
6150
3672
2340
1291
1463
4569
2657
13179
4912
6949
4553
2718
10337
8306
11199
1918
3350
1606
1996
15275
2088
1957
4390
1917
2402
1553
2347
8433
614
3613
3533
1361
3058
1995
5347
835
13623
1094
8158
2108
6411
22374
2071
14095
4690
2131
20278
4246
3339
3935
8221
1638
2193
1626
2119
2977
5052
1525
1049
2798
5247
7396
1761
8988
10437
1775
9421
98143
1837
1695
2100
1291
7518
2711
1845
1967
1810
3670
3147
1621
2728
934
1300
1039
5643
921
1470
1747
997
901
1506
2003
4511
1010
762
2804
1770
907
8346
5455
5819
38409
1537
3219
3047
6374
10585
1709
1022
3250
36559
3724
2462
5882
1765
3074
909
11760
1743
69345
4145
2269
3550
4874
17385
2191
3942
807
2108
2646
2922
1065
2015
4574
1626
7472
13323
5061
4298
3822
9308
6140
4872
5427
1272
6462
3164
23188
417
278
612
1282
13990
682
2201
1988
1144
0
0
0
7326
1825
16533
1101
3266
734
1616
1583
514
3293
3373
8518
2325
6438
3975
4134
3406
2942
860
829
4548
18164
1501
1995
7926
1400
2904
4199
1225
5662
4196
7666
1829
8975
1584
5053
865
1870
14582
1471
30338
4887
3595
4065
1817
6518
1992
2390
3641
13620
3179
1741
39200
3971
39415
1156
4566
3096
762
1160
2895
36306
1567
1408
2674
1008
7907
3068
1183
1036
1527
4842
728
2014
3668
1240
1593
25344
1416
17038
3469
5262
1984
1637
1502
29545
1342
615
11913
1101
1763
1314
24309
22394
1581
1135
21465
1095
1688
4158
2667
17990
2612
931
679
704
2823
1972
1904
1954
1547
2454
1105
1237
1521
11340
7455
3249
1321
1626
1109
4267
1558
5793
3028
2688
14750
6493
8117
3590
4439
6757
2154
3702
8391
1163
1425
443
2531
4781
2505
17728
2648
6403
3934
2807
38607
7613
1648
2160
1481
6699
20776
2520
244
4893
265
745
137
2133
2830
5543
7326
1825
16533
0
0
0
18532
3553
1835
1437
19602
1685
4139
4246
3611
1603
5891
2042
2027
2245
5914
1978
3254
2088
1820
20477
6698
1722
3221
2600
2065
1892
3947
2482
446
2779
6036
22316
13063
2769
2663
2673
50929
772
1683
1665
2209
1231
2056
5780
2225
6630
2497
1297
1208
1292
2043
5965
9994
5934
8682
4202
23671
6765
1612
807
2430
3062
4509
1408
2306
4322
1739
1907
3336
4308
2369
1734
986
1636
6542
5780
2065
6656
2410
3015
6128
5712
4793
764
1578
1033
16484
2362
7147
719
1655
4907
7266
1469
1362
7689
872
3141
1153
26072
2096
1565
12738
1634
1198
425
680
4586
1379
1750
2465
953
24024
3851
749
500
3310
2088
11885
504
3888
6863
1971
2450
1051
4889
5592
4604
1569
3717
6830
7203
10364
1599
5245
1589
15444
7462
5461
3390
6374
3213
2515
3868
37571
4361
2370
5727
1972
2536
1361
1674
8941
2270
2793
1557
1121
5979
6150
1101
3266
734
18532
3553
1835
0
0
0
5767
568
6011
19115
1378
3106
2138
713
1692
967
5776
9346
1356
2288
648
2877
7450
1041
712
2057
18742
692
611
1580
1139
4595
7464
1595
5069
1781
3513
6062
906
2061
1546
840
935
1021
1116
1473
1195
1780
1362
1474
3226
23961
2227
2641
6371
6518
875
1875
825
1800
3067
1281
5482
1126
6896
1716
1817
19349
1622
8052
1112
662
958
1535
4007
5563
2549
1331
1202
4877
3742
1278
2081
488
1960
2951
1131
3477
575
536
5462
670
2311
3397
552
1439
443
1099
424
848
428
634
22796
1378
840
1849
1185
27127
1782
1768
1009
207
253
621
4339
962
1758
550
1065
371
888
888
555
3347
2233
2409
1093
1577
2200
4661
872
7074
2224
2536
5716
2051
3055
4181
2492
2332
2669
1773
5344
5680
5504
1547
4562
1138
29266
3551
2119
2893
1144
9485
3900
1315
10380
1933
10801
3672
2340
1291
1616
1583
514
1437
19602
1685
5767
568
6011
0
0
0
1488
794
1112
691
1337
7578
5897
1339
1691
5868
13050
13794
11721
9150
4086
3680
35430
1150
2522
5405
1841
3884
16807
3555
2076
4625
2671
2078
1058
1375
2187
1199
1364
1130
2151
1226
7556
3475
4871
944
555
842
1819
1632
4204
988
8568
853
2606
2558
41097
1090
1223
2023
11262
2648
3748
1332
2639
7683
3701
2465
41990
4314
9213
3048
1968
2568
1560
1399
39315
2138
1040
13940
1511
11019
2517
1939
3709
3471
494
1479
949
1100
12676
4027
1793
4090
20984
5742
5175
12976
10556
9205
25338
1435
36624
1222
2882
7527
985
1347
675
3707
2316
1784
4826
479
942
579
1719
661
2710
995
3648
3268
1031
1581
2031
733
602
1980
1453
2845
1459
8656
7420
2714
23017
5271
19507
4172
2341
11258
5513
13429
5740
7621
11572
2355
30129
6743
10212
11838
1505
4343
3797
7819
3974
1335
1463
4569
2657
3293
3373
8518
4139
4246
3611
19115
1378
3106
1488
794
1112
0
0
0
906
1563
157
1973
386
326
1021
1217
4300
2657
5272
3831
6435
1298
1233
1346
6738
3838
3188
1281
1836
2809
1374
9641
2541
15360
16342
825
11939
1087
1254
18473
1099
3038
1636
5475
2113
3388
1755
7108
8585
595
2967
5310
2047
880
890
2941
784
46293
5905
1860
19279
2587
11134
2676
9720
17933
19626
1870
2183
1295
2487
1747
5891
620
2556
23493
1825
24014
1357
7296
1703
6227
13149
2434
1444
4273
3305
2404
13977
33022
2034
8825
596
1390
3249
3763
1227
13053
4698
1705
2127
1211
2117
1068
772
1795
996
2854
654
7258
688
7806
777
1659
1313
2139
581
922
2015
857
1937
1210
551
2943
605
1030
1896
1497
838
14509
1637
4614
5189
1826
1955
5698
2506
62948
4133
37373
12434
1215
3612
1630
2192
3547
4432
2502
29680
3236
1139
2041
2111
3180
11457
13179
4912
6949
2325
6438
3975
1603
5891
2042
2138
713
1692
691
1337
7578
906
1563
157
0
0
0
182
1291
227
2493
2837
809
1589
5584
1734
2742
896
1007
1837
69650
1645
2240
7310
1593
2458
17603
3336
13414
1574
3011
4941
2472
3763
1925
645
1760
3345
1823
1532
583
5272
1508
4198
6959
2489
10043
3137
11472
7958
3963
5847
5879
1187
1386
12370
7273
2009
6713
2672
5522
5639
3100
992
837
3922
3329
5583
2471
7804
3267
1885
13379
6010
2077
14965
4286
4749
1482
3374
12986
1215
2341
4069
3375
9989
898
3655
3373
3269
598
1644
2818
749
3332
2001
4301
2118
35000
2058
2946
949
500
3462
1758
3417
12798
21925
588
8432
1013
1218
776
546
3499
2615
7822
1031
195
20664
285
4905
390
1328
420
4102
1380
3917
23991
2536
2999
3392
2203
3357
1116
2382
6036
3627
8107
3384
5508
2840
8065
2617
3064
1205
3218
6004
1909
1083
12449
4553
2718
10337
4134
3406
2942
2027
2245
5914
967
5776
9346
5897
1339
1691
1973
386
326
182
1291
227
0
0
0
