C_ijk
0
0
0
126
201
26
39
46
106
328
45
105
228
82
229
549
290
74
226
164
404
1524
742
420
1596
1874
1456
561
263
667
613
858
762
623
556
620
230
577
243
1624
858
2156
1535
323
1989
610
725
1124
334
290
417
257
388
432
1100
2789
1024
835
416
3604
2115
260
992
128
357
183
246
297
1150
5913
946
745
623
667
1270
300
1240
1198
99
1059
727
728
466
397
318
1042
4830
185
706
873
389
482
809
664
1034
276
379
372
1761
641
706
478
1381
347
1078
930
2247
674
1284
1550
507
1269
1286
1459
1416
10727
2720
951
1884
1180
3536
1343
2338
722
8169
1049
1559
1443
722
2710
2342
1148
14439
989
3008
1338
32914
1065
3106
5013
990
998
2131
1559
786
3519
31980
403
631
962
15991
2896
6067
2606
21811
2301
3095
3163
1305
484
2319
12493
2495
1413
2324
126
201
26
0
0
0
4
40
13
160
623
496
354
167
432
802
360
105
1067
397
229
833
1931
622
857
967
3979
575
2415
4997
1208
6975
535
1656
654
1897
260
315
808
480
1362
926
330
281
321
665
1652
845
1388
325
321
691
1159
705
825
571
4317
253
295
2001
1010
1998
2028
259
1080
330
513
1148
1335
475
770
1573
266
1126
461
1103
203
4006
144
636
55
2699
448
859
2226
417
421
1355
218
189
204
228
563
8075
828
287
5661
237
721
601
1600
409
865
1069
1288
2048
3760
6907
9649
603
1220
561
2201
2727
3432
3896
880
4908
4147
569
4093
2104
1932
872
1055
1429
1167
1189
905
461
2960
646
816
587
586
15861
26547
711
2583
21331
2506
886
5063
11001
3549
1528
1113
1119
1391
3428
2070
1697
1412
1215
1852
1005
8886
10055
1464
5593
1777
1795
1966
13014
1695
39
46
106
4
40
13
0
0
0
200
318
92
239
122
394
349
245
192
480
219
1161
277
695
618
874
653
534
1205
280
2153
7036
448
391
643
2199
1238
341
613
168
609
269
1230
611
1108
1009
924
3489
2481
10611
383
159
693
355
297
698
1951
606
660
548
705
377
2232
396
163
685
752
1690
1293
293
1479
8178
878
1332
408
238
10799
2380
830
67
279
103
122
1523
520
777
581
144
2458
348
197
1016
316
807
2951
458
320
403
995
760
613
2937
1006
254
859
139
866
8127
702
10333
2408
906
5206
846
738
1634
5714
1002
5237
503
5352
50781
740
1572
1416
12727
4934
741
3514
1801
4885
1528
1183
658
9629
1237
2901
5042
4333
1858
27337
2933
4223
3255
715
1519
1052
2056
1030
1261
2854
2489
1098
853
2182
1168
4991
16091
2080
2491
2489
2129
1566
906
1270
2535
328
45
105
160
623
496
200
318
92
0
0
0
1043
54
391
589
120
128
458
144
178
1679
2421
1695
820
482
590
1296
175
420
1940
338
223
231
485
3656
97
88
111
1043
4136
337
543
312
404
445
1567
1361
1673
691
5276
292
770
377
4766
489
1387
404
462
1562
413
556
778
1398
672
2380
530
230
1053
507
473
549
519
1843
1456
6678
391
1522
1076
301
417
617
1082
1985
1850
452
2020
768
2246
1244
94
656
119
1160
1137
658
482
1040
764
925
1060
956
2441
378
736
16227
2435
1590
1157
1307
4732
1651
3221
2790
4783
6804
706
911
3341
53928
4251
3907
4413
7883
1032
1200
3237
2265
1461
939
611
4109
1735
410
2135
942
11721
1384
797
3131
3766
3973
13502
6121
2377
6769
2094
1016
6306
4609
3664
884
1725
520
1088
5662
511
1521
1572
684
1654
2669
9053
6722
775
228
82
229
354
167
432
239
122
394
1043
54
391
0
0
0
123
19
71
381
42
163
495
474
257
468
581
1479
546
187
1532
541
394
301
475
762
236
1844
428
1133
7399
1150
835
947
1353
1005
966
9313
1116
9869
999
414
1623
2185
690
3548
1557
618
637
254
211
654
2041
960
672
525
379
2449
292
1125
1748
3031
2581
6458
432
1577
295
4091
1439
5125
228
1937
211
251
241
308
754
147
190
383
157
172
156
108
591
11989
1551
866
353
201
8512
603
977
482
405
718
3942
568
20599
3338
1135
846
3258
4897
767
12654
11473
9447
1090
1198
1844
847
1942
2173
1531
7112
2284
4038
767
1082
2176
2110
3037
1179
4313
2018
3743
6953
677
1297
7305
1714
3136
1743
1332
1202
2466
13186
2526
2745
3795
4040
1001
1072
1996
1523
6872
3260
873
2327
1462
1849
9574
9130
2580
15356
549
290
74
802
360
105
349
245
192
589
120
128
123
19
71
0
0
0
194
52
73
315
604
545
275
435
376
547
1509
922
337
488
183
1532
412
4769
148
128
365
278
667
898
11901
870
294
7475
293
1100
436
241
231
597
1177
187
357
655
1351
318
333
463
919
826
647
1323
436
296
3790
1677
1120
714
2925
1784
802
213
466
939
4156
327
1368
535
301
840
1834
273
354
3417
279
1359
943
1071
374
74
400
2243
2361
306
2180
1798
1080
7267
254
498
946
2445
780
399
337
675
2698
1342
1168
2742
826
601
551
2819
1040
882
2294
1041
1096
10510
1852
952
1113
66406
1590
945
695
17308
2306
2612
774
756
6389
2447
626
2654
1129
727
3109
2825
1580
2420
10705
8388
2461
15198
2495
6500
17820
613
2544
1439
5328
3716
1907
10346
2570
2030
1176
5268
2671
2140
5782
226
164
404
1067
397
229
480
219
1161
458
144
178
381
42
163
194
52
73
0
0
0
553
1199
635
225
310
630
227
858
215
1131
2499
166
4983
1991
484
1278
381
3404
2748
7303
600
268
217
346
827
950
1025
606
663
3740
690
824
353
2068
1054
6958
309
628
967
388
599
2723
162
817
128
1426
406
857
2042
798
755
411
152
194
406
1149
10261
589
251
188
5833
722
5375
3075
400
716
329
489
486
275
319
128
731
756
359
879
996
977
594
1713
1526
580
585
229
1532
4552
2033
1067
478
1518
1029
1039
1368
1769
3261
4188
4661
1316
876
2556
1921
1794
1506
3761
7370
7387
2357
4365
2117
905
2361
1979
5176
1648
1376
1758
4746
935
1778
1962
6305
2211
1254
9140
1080
1683
1584
2578
16220
1251
1276
538
2482
2139
844
978
1459
2746
557
2585
1385
1768
1274
1723
1524
742
420
833
1931
622
277
695
618
1679
2421
1695
495
474
257
315
604
545
553
1199
635
0
0
0
263
50
97
268
832
465
151
731
1182
434
213
831
1066
1268
410
545
836
497
2943
589
711
1119
908
862
1667
1593
2503
300
2568
3820
1577
1985
1227
846
624
2107
1174
319
13703
2595
3555
1091
493
855
1167
1242
1547
9257
2786
16105
1106
238
521
1513
1269
2250
576
919
383
410
619
476
1436
2014
685
386
1448
5249
1403
7921
1274
3421
844
571
1438
383
2818
721
796
536
1120
678
652
1588
452
908
1449
1123
948
2708
2596
983
478
6457
2755
1005
9329
6528
3445
7498
2504
1474
752
1380
1710
20759
2605
2199
2624
808
8521
1265
1294
3182
10797
682
3839
1989
1989
2842
3556
3886
2560
5350
1138
1671
1140
948
749
2051
1135
3570
6480
1784
9756
756
1670
10285
895
1475
3639
1596
1874
1456
857
967
3979
874
653
534
820
482
590
468
581
1479
275
435
376
225
310
630
263
50
97
0
0
0
408
362
2063
632
461
534
571
16048
542
8145
1114
1120
1337
3920
442
833
302
27625
824
2615
9845
407
13973
2742
895
1404
1003
1160
1117
632
6418
2414
1487
1333
874
5447
218
524
2300
1734
674
11967
3661
999
2073
1212
826
16682
1953
9667
941
14671
454
853
1110
1432
803
658
1520
1219
438
466
1553
4234
656
5031
1992
447
299
280
523
430
175
602
201
1889
430
203
1983
822
1504
351
1039
761
1270
7097
1003
496
5445
1164
1177
946
1733
5518
1805
13103
1143
17591
428
741
1263
1277
4181
2041
3233
944
7008
16249
5096
760
42521
1427
1778
8584
6976
1672
3456
4255
4970
12015
5897
14707
2757
872
3929
898
6680
11402
875
1643
5314
14755
4033
7323
956
1515
1140
3864
561
263
667
575
2415
4997
1205
280
2153
1296
175
420
546
187
1532
547
1509
922
227
858
215
268
832
465
408
362
2063
0
0
0
262
206
86
145
176
192
714
3392
321
1979
3496
2299
212
681
185
1081
522
901
407
960
1086
1980
1062
3243
3710
983
710
488
804
839
1126
1743
1074
1231
487
3185
970
863
495
3848
3043
2284
779
2770
1188
2022
363
3018
411
540
1372
673
417
889
1357
1289
1389
5247
1870
406
2008
1985
160
685
1308
576
1325
445
1535
840
10585
534
6836
287
1482
705
601
1119
490
490
490
2003
876
1552
612
11452
533
9836
1346
4721
1727
6913
2591
1675
1139
436
724
374
1473
1431
1404
619
449
1152
833
1520
1804
4183
7945
1332
1937
760
17818
8628
7362
2988
1492
2649
2564
2279
1193
1138
6778
2295
3996
828
1669
903
1141
1492
2007
4192
3232
391
4769
613
858
762
1208
6975
535
7036
448
391
1940
338
223
541
394
301
337
488
183
1131
2499
166
151
731
1182
632
461
534
262
206
86
0
0
0
173
117
80
382
554
1160
604
2784
430
526
550
113
3349
800
1868
401
874
573
851
3276
250
1035
642
917
2218
1084
756
2305
996
1566
2607
837
6323
1953
504
1615
1516
770
1466
1582
1506
1362
1725
3400
1265
5903
2344
582
4587
750
1559
669
6968
2909
1887
8872
943
756
2566
579
273
1198
768
6047
1339
3220
7175
543
3138
2127
674
1260
342
1022
2342
617
320
1558
2032
526
565
1457
2671
932
5359
4144
3756
6019
1874
2225
872
2433
2201
1879
578
6676
825
2174
949
1009
681
1407
3648
2356
7900
2391
3122
2152
2455
1507
1968
2678
4033
1562
7549
2251
8528
925
11347
13577
2550
2934
1514
2863
1321
2467
1234
4843
8756
2608
1858
2377
623
556
620
1656
654
1897
643
2199
1238
231
485
3656
475
762
236
1532
412
4769
4983
1991
484
434
213
831
571
16048
542
145
176
192
173
117
80
0
0
0
496
4944
1435
7075
902
511
310
521
909
815
1317
1617
2367
400
1092
2683
3503
11312
2686
888
2987
14704
503
7914
1020
22147
930
12103
723
1604
4575
1984
1586
2002
1680
873
1093
3489
839
1675
935
735
1202
1160
792
243
461
721
1340
16639
1362
857
5905
4381
402
1139
13261
931
3084
8272
3736
999
708
588
1233
1974
809
1088
718
341
805
749
1124
1710
674
1550
733
205
466
420
293
3835
16990
1847
6827
1566
1106
3562
604
343
1890
23222
1689
2910
786
410
981
1246
1042
4570
1780
6677
5497
3008
8279
2622
836
4586
9519
7271
1958
2901
1360
2246
715
8221
3106
683
2136
6798
3003
1490
935
10322
459
3237
3827
1484
3238
230
577
243
260
315
808
341
613
168
97
88
111
1844
428
1133
148
128
365
1278
381
3404
1066
1268
410
8145
1114
1120
714
3392
321
382
554
1160
496
4944
1435
0
0
0
169
700
434
247
99
554
2054
592
3205
1512
521
127
301
284
197
190
2210
946
7112
637
314
315
747
326
1352
394
337
898
1271
1182
648
949
1748
633
1802
1418
12679
821
1492
2941
2092
388
414
5018
525
307
631
955
399
199
4718
941
509
2572
1599
253
431
3375
2383
1105
1243
1537
2887
1041
4593
1348
1094
393
4019
7818
1619
1196
2585
669
2065
613
1473
698
806
698
6496
1136
827
1364
1058
3682
2720
2511
194
1468
35513
2126
1451
32951
343
1193
2864
9374
1995
30430
26442
1291
13302
1302
3361
9145
1279
991
2665
1362
1074
1442
1210
1943
2367
2623
5432
1358
4027
1566
12279
1921
1744
12581
32702
1595
1624
858
2156
480
1362
926
609
269
1230
1043
4136
337
7399
1150
835
278
667
898
2748
7303
600
545
836
497
1337
3920
442
1979
3496
2299
604
2784
430
7075
902
511
169
700
434
0
0
0
49
224
163
575
580
275
170
325
1110
1722
354
503
427
512
383
2511
6376
1150
278
3380
462
874
2930
498
911
1182
881
2298
2153
1082
1939
2611
1996
3025
10500
604
583
538
1077
2519
869
574
2449
353
1852
878
841
3020
5946
477
4042
1296
1255
2559
2270
1738
17806
411
11274
1937
973
611
6739
1639
887
326
3412
897
4554
5808
876
2399
2717
911
5315
9987
1802
5897
2130
671
1826
249
806
1275
517
1814
559
955
866
7515
4553
1316
875
796
16194
9378
2657
2558
10998
4045
1220
4429
2179
1719
3258
1093
1617
2718
973
1974
4291
4602
3143
4300
1202
9586
25850
2393
1653
2113
1955
2103
716
1535
323
1989
330
281
321
611
1108
1009
543
312
404
947
1353
1005
11901
870
294
268
217
346
2943
589
711
833
302
27625
212
681
185
526
550
113
310
521
909
247
99
554
49
224
163
0
0
0
385
260
859
705
276
242
410
285
430
635
4768
308
625
1192
392
1323
3573
2969
1022
729
661
859
1421
865
914
19334
4646
725
10048
5420
1563
1258
731
1304
402
1565
514
6099
1188
1937
475
1023
1906
1646
1010
3721
9865
420
757
1761
3439
1138
695
698
670
893
6140
1874
1284
3804
1556
1699
310
678
7129
1092
1477
925
885
16227
2492
2784
1738
4031
4391
3209
1725
7444
659
1258
1606
2201
579
405
1705
900
583
269
757
888
1167
3253
1931
1035
991
1682
7337
1989
3198
5066
2281
19663
1792
3099
4504
3747
10476
2958
3780
1444
1252
1204
2581
1884
13789
16444
4480
7962
2064
5887
610
725
1124
665
1652
845
924
3489
2481
445
1567
1361
966
9313
1116
7475
293
1100
827
950
1025
1119
908
862
824
2615
9845
1081
522
901
3349
800
1868
815
1317
1617
2054
592
3205
575
580
275
385
260
859
0
0
0
271
2275
1103
171
344
253
255
147
393
315
164
1108
538
539
627
240
1957
14001
873
4036
550
283
9240
718
4233
619
737
1723
856
393
817
762
1040
1067
951
3198
1196
6053
407
2447
5879
1494
846
2022
1848
3017
368
1345
1788
3674
2200
624
608
3578
538
1062
1516
10585
848
1714
4272
1383
1553
1238
10470
1322
1274
1843
2238
1903
692
2627
1378
236
901
1714
1008
2056
3379
835
8989
337
10201
912
5270
313
1306
4266
903
1895
3516
2114
2715
654
10434
738
25710
2893
1838
683
2451
15035
6362
2077
9493
1599
13288
1395
1963
1560
2071
3045
5753
818
4534
10411
1695
334
290
417
1388
325
321
10611
383
159
1673
691
5276
9869
999
414
436
241
231
606
663
3740
1667
1593
2503
407
13973
2742
407
960
1086
401
874
573
2367
400
1092
1512
521
127
170
325
1110
705
276
242
271
2275
1103
0
0
0
176
465
909
130
2184
85
423
433
232
1509
1124
630
731
740
580
327
628
452
2578
953
883
2780
1397
679
306
666
3684
1151
12182
577
450
1485
1442
965
542
739
307
492
978
1241
16840
1002
2063
886
2194
2144
25614
2447
887
14895
1699
769
1896
1242
5811
702
3470
3886
3122
2523
2544
893
1132
15692
1530
999
1643
2811
556
954
1195
2768
1366
1284
1860
898
358
1320
460
2567
817
500
1050
235
3930
837
15196
2695
19987
1924
2677
1337
2755
3850
1001
5969
1799
2685
4634
2500
7629
4257
6995
1731
936
1877
5294
1997
13411
7461
5049
1789
13483
2432
257
388
432
691
1159
705
693
355
297
292
770
377
1623
2185
690
597
1177
187
690
824
353
300
2568
3820
895
1404
1003
1980
1062
3243
851
3276
250
2683
3503
11312
301
284
197
1722
354
503
410
285
430
171
344
253
176
465
909
0
0
0
498
154
545
169
141
623
384
594
1202
2117
725
1205
2594
3086
510
1293
1387
3808
684
2933
1525
1018
970
654
854
508
469
638
1447
1136
1205
4872
2120
1680
622
1296
1100
3786
546
472
716
452
2960
2629
983
528
2253
1219
11644
715
4529
598
758
1772
2886
8302
4046
1312
1105
20375
544
2158
1631
1194
885
2011
5232
889
2032
477
17305
2141
808
1157
715
1089
878
1236
1148
440
276
8712
1654
2832
897
2367
1295
3582
794
1548
4927
10315
770
3065
1467
1076
1990
2477
6641
7589
1459
795
2147
1520
1186
4710
1037
2084
849
7826
3003
1100
2789
1024
825
571
4317
698
1951
606
4766
489
1387
3548
1557
618
357
655
1351
2068
1054
6958
1577
1985
1227
1160
1117
632
3710
983
710
1035
642
917
2686
888
2987
190
2210
946
427
512
383
635
4768
308
255
147
393
130
2184
85
498
154
545
0
0
0
322
1262
3382
906
215
459
883
458
462
609
534
798
3418
9269
520
1348
1061
678
2278
2000
558
435
616
7070
541
1154
471
2508
451
5581
5032
760
612
583
943
3740
942
1256
2319
1893
1307
3409
2496
24074
9969
536
781
5201
734
1249
1786
1231
645
1071
1910
3557
1998
15848
6366
4093
1667
866
997
1130
552
741
1780
2966
1899
683
856
1209
2899
280
1043
5660
622
747
4333
2727
2829
2055
2367
644
2122
1423
2751
6363
2838
4640
768
927
873
6451
1019
1765
5882
2484
2022
2186
14026
3805
3397
660
2177
2142
8738
7894
835
416
3604
253
295
2001
660
548
705
404
462
1562
637
254
211
318
333
463
309
628
967
846
624
2107
6418
2414
1487
488
804
839
2218
1084
756
14704
503
7914
7112
637
314
2511
6376
1150
625
1192
392
315
164
1108
423
433
232
169
141
623
322
1262
3382
0
0
0
353
195
204
65
191
112
176
239
457
2465
743
415
316
212
605
5085
235
215
262
4089
183
1374
719
181
336
243
402
459
1159
1413
1139
1075
1620
385
1444
573
707
4865
780
637
562
2218
11381
817
998
867
600
1537
11642
913
1679
8554
4844
1057
10468
3838
4391
2964
1525
595
1077
1333
2838
14212
2731
2428
1737
2591
1405
1329
1155
532
469
6478
27462
1481
1343
1677
1489
686
2103
1431
2347
1764
7969
889
2620
10407
8706
701
1975
1211
784
706
1577
662
10880
1334
1731
1825
764
4139
2174
1328
878
2115
260
992
1010
1998
2028
377
2232
396
413
556
778
654
2041
960
919
826
647
388
599
2723
1174
319
13703
1333
874
5447
1126
1743
1074
2305
996
1566
1020
22147
930
315
747
326
278
3380
462
1323
3573
2969
538
539
627
1509
1124
630
384
594
1202
906
215
459
353
195
204
0
0
0
567
294
1648
329
590
879
3087
790
231
283
6017
206
264
16658
371
675
4180
503
858
1814
1023
320
150
3051
1026
316
931
340
329
2315
837
9005
695
2601
584
1432
793
1616
1320
1396
953
909
8291
588
1279
789
1982
548
1361
1383
1673
4277
1208
4964
2604
374
2159
1532
517
2314
1361
1756
458
23505
810
693
2314
627
620
8656
1387
728
3796
349
2187
1332
1024
3807
376
4128
1225
2567
441
1261
1525
2546
1182
2721
2843
3907
1349
1026
11514
615
8632
617
5557
8647
2067
2994
2654
1620
128
357
183
259
1080
330
163
685
752
1398
672
2380
672
525
379
1323
436
296
162
817
128
2595
3555
1091
218
524
2300
1231
487
3185
2607
837
6323
12103
723
1604
1352
394
337
874
2930
498
1022
729
661
240
1957
14001
731
740
580
2117
725
1205
883
458
462
65
191
112
567
294
1648
0
0
0
200
463
312
267
691
815
970
327
542
256
390
202
1617
1272
495
486
908
2675
505
208
711
418
460
150
1012
386
1257
4876
775
1008
4589
571
6112
900
2750
1186
518
1072
920
1754
579
1849
668
4781
3325
1676
2908
2417
2132
12949
3304
1096
6891
2418
2629
4732
1134
4387
1949
1119
1905
648
929
561
606
16396
5656
562
1025
2028
474
1391
385
1157
2861
1282
1233
24608
2926
1528
8515
1278
3555
5735
2813
6013
3220
1801
2641
2849
2431
1517
1706
4120
4511
6667
4724
1441
2546
246
297
1150
513
1148
1335
1690
1293
293
530
230
1053
2449
292
1125
3790
1677
1120
1426
406
857
493
855
1167
1734
674
11967
970
863
495
1953
504
1615
4575
1984
1586
898
1271
1182
911
1182
881
859
1421
865
873
4036
550
327
628
452
2594
3086
510
609
534
798
176
239
457
329
590
879
200
463
312
0
0
0
197
992
504
74
71
66
226
40
358
1854
650
364
260
973
303
183
814
1522
877
856
368
5940
2387
484
5160
1147
3189
1793
2271
1177
1447
1093
795
679
594
560
1972
1139
645
846
2860
2186
462
60879
2080
2370
1106
3360
1472
2037
902
2653
719
4600
19686
6747
13213
6070
5067
1912
639
811
2713
1615
8696
1516
861
878
884
11997
2025
1004
757
2171
1231
1184
1313
1483
2621
9410
1759
2082
11376
732
7676
688
921
3430
1875
2642
2413
779
1765
2335
1052
1528
5913
946
745
475
770
1573
1479
8178
878
507
473
549
1748
3031
2581
714
2925
1784
2042
798
755
1242
1547
9257
3661
999
2073
3848
3043
2284
1516
770
1466
2002
1680
873
648
949
1748
2298
2153
1082
914
19334
4646
283
9240
718
2578
953
883
1293
1387
3808
3418
9269
520
2465
743
415
3087
790
231
267
691
815
197
992
504
0
0
0
256
204
213
515
454
170
956
581
452
1436
1524
3977
1393
751
176
133
279
3276
1235
5094
1492
1109
940
3864
424
2105
1466
914
460
348
647
197
608
3397
1364
1063
4215
1368
6707
2820
1626
1543
5176
3748
1112
3668
1079
2151
928
3048
1991
2980
2558
11700
2464
2455
1460
925
14032
372
1082
45978
1482
1088
3735
1751
260
13269
2243
2087
439
992
1565
1228
838
604
7820
396
16942
1716
3413
9317
537
1565
2058
2501
2486
3187
1826
2112
1312
2040
1495
623
667
1270
266
1126
461
1332
408
238
519
1843
1456
6458
432
1577
802
213
466
411
152
194
2786
16105
1106
1212
826
16682
779
2770
1188
1582
1506
1362
1093
3489
839
633
1802
1418
1939
2611
1996
725
10048
5420
4233
619
737
2780
1397
679
684
2933
1525
1348
1061
678
316
212
605
283
6017
206
970
327
542
74
71
66
256
204
213
0
0
0
27
1087
60
857
530
434
718
134
533
231
108
318
2009
833
166
290
461
353
16204
245
5250
532
1276
1585
365
1777
791
727
1293
276
1271
1434
11731
1703
2061
744
3605
1789
7989
27765
812
1683
345
2237
348
1511
11181
1052
3065
3113
8723
6170
6615
1488
228
2096
625
1709
2767
1688
1040
2465
1227
1165
189
2206
4230
2701
2680
1898
2271
3844
2450
2498
789
4451
1112
1438
2286
732
13200
395
8216
2238
4871
1201
2516
2174
29115
641
300
1240
1198
1103
203
4006
10799
2380
830
6678
391
1522
295
4091
1439
939
4156
327
406
1149
10261
238
521
1513
1953
9667
941
2022
363
3018
1725
3400
1265
1675
935
735
12679
821
1492
3025
10500
604
1563
1258
731
1723
856
393
306
666
3684
1018
970
654
2278
2000
558
5085
235
215
264
16658
371
256
390
202
226
40
358
515
454
170
27
1087
60
0
0
0
543
80
200
567
829
316
408
106
499
84
495
321
428
887
538
1203
407
528
549
2457
6069
677
1742
963
1582
473
1308
1184
3949
3601
5317
873
1355
1335
634
4091
2578
32941
4369
2773
624
1312
830
1061
1329
737
1211
1304
23170
2092
6993
1389
675
1528
5244
1585
9348
3170
1811
1111
589
2792
1539
685
1623
20853
4078
5466
1631
1032
2157
1694
10198
1715
31124
31026
1192
1563
1754
993
7819
3489
3879
23339
2804
1492
2090
99
1059
727
144
636
55
67
279
103
1076
301
417
5125
228
1937
1368
535
301
589
251
188
1269
2250
576
14671
454
853
411
540
1372
5903
2344
582
1202
1160
792
2941
2092
388
583
538
1077
1304
402
1565
817
762
1040
1151
12182
577
854
508
469
435
616
7070
262
4089
183
675
4180
503
1617
1272
495
1854
650
364
956
581
452
857
530
434
543
80
200
0
0
0
146
177
374
954
276
187
253
39
77
1232
921
189
300
459
1013
483
338
744
585
353
1983
666
273
187
5966
496
1638
1641
2452
10060
9221
810
13663
901
3756
3304
32573
2004
2403
1770
1581
2960
11137
1482
1651
3033
2057
8920
378
962
2421
1066
6397
1544
24514
11644
10070
1809
1475
531
922
2992
2823
1527
6747
1639
9431
2105
4809
1495
2339
1803
9285
568
3202
1770
2582
32490
3862
867
2497
792
1700
4677
728
466
397
2699
448
859
122
1523
520
617
1082
1985
211
251
241
840
1834
273
5833
722
5375
919
383
410
1110
1432
803
673
417
889
4587
750
1559
243
461
721
414
5018
525
2519
869
574
514
6099
1188
1067
951
3198
450
1485
1442
638
1447
1136
541
1154
471
1374
719
181
858
1814
1023
486
908
2675
260
973
303
1436
1524
3977
718
134
533
567
829
316
146
177
374
0
0
0
81
58
137
608
118
163
191
229
269
789
458
2004
2903
1057
7196
1285
1325
509
3222
350
1148
4745
3575
2617
2335
4135
1456
1033
1961
5035
1637
3765
1877
2338
6413
2479
24502
1752
1034
1837
677
1728
2335
5182
4004
11844
3472
1253
8079
2557
1509
1416
1252
1642
1942
2142
23942
1497
8861
14915
3373
4142
2391
3518
1944
1369
923
2224
542
2019
1122
500
652
3211
627
3297
562
2044
3178
19708
2155
318
1042
4830
2226
417
421
777
581
144
1850
452
2020
308
754
147
354
3417
279
3075
400
716
619
476
1436
658
1520
1219
1357
1289
1389
669
6968
2909
1340
16639
1362
307
631
955
2449
353
1852
1937
475
1023
1196
6053
407
965
542
739
1205
4872
2120
2508
451
5581
336
243
402
320
150
3051
505
208
711
183
814
1522
1393
751
176
231
108
318
408
106
499
954
276
187
81
58
137
0
0
0
192
78
69
357
271
336
380
1110
1206
3309
668
632
524
435
581
592
294
402
666
2465
15288
17952
2184
31356
782
567
1296
1040
6395
5798
5738
1042
1046
771
4887
997
2217
4333
851
2815
2608
1068
881
999
3098
3722
2978
3642
1870
3671
1092
1681
942
1233
31954
15845
1088
1865
1952
963
676
1569
2870
10252
2610
1827
1071
618
1331
4717
4751
901
9391
3160
782
3532
657
2800
185
706
873
1355
218
189
2458
348
197
768
2246
1244
190
383
157
1359
943
1071
329
489
486
2014
685
386
438
466
1553
5247
1870
406
1887
8872
943
857
5905
4381
399
199
4718
878
841
3020
1906
1646
1010
2447
5879
1494
307
492
978
1680
622
1296
5032
760
612
459
1159
1413
1026
316
931
418
460
150
877
856
368
133
279
3276
2009
833
166
84
495
321
253
39
77
608
118
163
192
78
69
0
0
0
360
612
126
469
1431
935
595
1126
906
304
686
664
497
972
858
1618
1015
7348
560
4986
2095
1854
2306
996
2628
1144
1672
2275
1867
754
2219
5382
766
5781
2589
1114
3848
798
4052
652
6796
2079
4286
5453
1009
641
1000
3362
651
19061
1386
594
3253
5049
1217
1318
1236
1225
2620
1739
2241
849
1558
4562
2383
2320
2216
5702
3884
1021
1302
3334
3944
840
8226
389
482
809
204
228
563
1016
316
807
94
656
119
172
156
108
374
74
400
275
319
128
1448
5249
1403
4234
656
5031
2008
1985
160
756
2566
579
402
1139
13261
941
509
2572
5946
477
4042
3721
9865
420
846
2022
1848
1241
16840
1002
1100
3786
546
583
943
3740
1139
1075
1620
340
329
2315
1012
386
1257
5940
2387
484
1235
5094
1492
290
461
353
428
887
538
1232
921
189
191
229
269
357
271
336
360
612
126
0
0
0
132
505
202
360
141
231
1099
656
330
350
338
882
1590
1517
1222
5170
6307
4652
16033
2022
2885
1561
4675
2398
18681
3759
5679
2855
1916
2579
1614
2523
5361
2884
1216
533
1083
31178
16901
2062
11944
3458
787
1890
5631
1820
3530
2453
1346
1580
1138
1298
670
911
2163
2598
697
488
1647
16279
3026
708
1344
1684
2048
2396
2856
2094
581
1679
3100
1351
664
1034
276
8075
828
287
2951
458
320
1160
1137
658
591
11989
1551
2243
2361
306
731
756
359
7921
1274
3421
1992
447
299
685
1308
576
273
1198
768
931
3084
8272
1599
253
431
1296
1255
2559
757
1761
3439
3017
368
1345
2063
886
2194
472
716
452
942
1256
2319
385
1444
573
837
9005
695
4876
775
1008
5160
1147
3189
1109
940
3864
16204
245
5250
1203
407
528
300
459
1013
789
458
2004
380
1110
1206
469
1431
935
132
505
202
0
0
0
93
1146
795
62
231
101
191
289
353
1417
37549
5038
420
1083
933
3469
2828
5741
1270
1330
1888
2495
2101
1462
1625
3822
5042
2320
1445
23537
1398
13994
2124
1366
1400
20370
2465
382
858
7075
784
1026
782
8162
3234
4089
14297
3661
1294
2090
3148
1984
16865
8870
528
2093
1626
748
797
433
1151
1041
676
1884
465
775
5808
1950
1841
379
372
1761
5661
237
721
403
995
760
482
1040
764
866
353
201
2180
1798
1080
879
996
977
844
571
1438
280
523
430
1325
445
1535
6047
1339
3220
3736
999
708
3375
2383
1105
2270
1738
17806
1138
695
698
1788
3674
2200
2144
25614
2447
2960
2629
983
1893
1307
3409
707
4865
780
2601
584
1432
4589
571
6112
1793
2271
1177
424
2105
1466
532
1276
1585
549
2457
6069
483
338
744
2903
1057
7196
3309
668
632
595
1126
906
360
141
231
93
1146
795
0
0
0
235
226
105
343
5049
329
2964
1775
1227
592
1479
531
7062
8166
2021
790
4144
2098
16326
1126
36098
13468
3099
19161
1520
1700
841
2425
9118
4539
758
24656
8199
8190
10652
1597
14529
3705
5568
3133
1527
749
1931
2657
5588
863
4199
706
17502
31695
10092
1050
1823
12434
793
409
810
575
5588
2325
17501
2461
1075
30721
1320
2331
641
706
478
601
1600
409
613
2937
1006
925
1060
956
8512
603
977
7267
254
498
594
1713
1526
383
2818
721
175
602
201
840
10585
534
7175
543
3138
588
1233
1974
1243
1537
2887
411
11274
1937
670
893
6140
624
608
3578
887
14895
1699
528
2253
1219
2496
24074
9969
637
562
2218
793
1616
1320
900
2750
1186
1447
1093
795
914
460
348
365
1777
791
677
1742
963
585
353
1983
1285
1325
509
524
435
581
304
686
664
1099
656
330
62
231
101
235
226
105
0
0
0
43
41
431
2570
5716
5873
709
848
1996
1924
3642
1243
24434
4781
2737
1555
6132
4076
8879
840
3672
1342
6762
1871
2220
2020
1060
2351
1326
1743
1903
24505
1296
3538
920
3947
3699
1089
2798
2596
1074
1564
1422
960
1897
17211
2145
3719
1880
1970
1278
1254
20425
242
1656
1018
4322
8240
698
9793
1695
1112
1128
1381
347
1078
865
1069
1288
254
859
139
2441
378
736
482
405
718
946
2445
780
580
585
229
796
536
1120
1889
430
203
6836
287
1482
2127
674
1260
809
1088
718
1041
4593
1348
973
611
6739
1874
1284
3804
538
1062
1516
769
1896
1242
11644
715
4529
536
781
5201
11381
817
998
1396
953
909
518
1072
920
679
594
560
647
197
608
727
1293
276
1582
473
1308
666
273
187
3222
350
1148
592
294
402
497
972
858
350
338
882
191
289
353
343
5049
329
43
41
431
0
0
0
4264
1810
1374
2518
8393
1245
3021
843
1983
5694
1114
1396
1691
3653
1585
2800
9350
1002
3431
3165
10633
1857
1525
2644
654
845
5239
2122
13939
787
2321
4036
1312
2482
1744
5575
1765
11631
1608
2642
1180
5381
2692
1339
1035
1037
1295
697
3875
550
507
3960
34957
443
888
10210
4948
14900
2267
1300
930
2247
674
2048
3760
6907
866
8127
702
16227
2435
1590
3942
568
20599
399
337
675
1532
4552
2033
678
652
1588
1983
822
1504
705
601
1119
342
1022
2342
341
805
749
1094
393
4019
1639
887
326
1556
1699
310
10585
848
1714
5811
702
3470
598
758
1772
734
1249
1786
867
600
1537
8291
588
1279
1754
579
1849
1972
1139
645
3397
1364
1063
1271
1434
11731
1184
3949
3601
5966
496
1638
4745
3575
2617
666
2465
15288
1618
1015
7348
1590
1517
1222
1417
37549
5038
2964
1775
1227
2570
5716
5873
4264
1810
1374
0
0
0
1738
4833
1406
2885
364
1477
1721
582
678
3604
6470
6124
2621
643
864
458
1307
635
50
1168
47
2711
1052
2646
172
412
753
3811
6893
13612
11001
2457
3699
14314
26406
1170
2610
8167
20397
1200
2624
1077
8619
4486
37212
1633
19620
3018
5032
1854
12227
3732
1986
1795
1496
1566
3111
1284
1550
507
9649
603
1220
10333
2408
906
1157
1307
4732
3338
1135
846
2698
1342
1168
1067
478
1518
452
908
1449
351
1039
761
490
490
490
617
320
1558
1124
1710
674
7818
1619
1196
3412
897
4554
678
7129
1092
4272
1383
1553
3886
3122
2523
2886
8302
4046
1231
645
1071
11642
913
1679
789
1982
548
668
4781
3325
846
2860
2186
4215
1368
6707
1703
2061
744
5317
873
1355
1641
2452
10060
2335
4135
1456
17952
2184
31356
560
4986
2095
5170
6307
4652
420
1083
933
592
1479
531
709
848
1996
2518
8393
1245
1738
4833
1406
0
0
0
750
545
517
777
886
1240
27593
5002
4635
2619
27870
5484
1195
2618
6541
1830
1886
931
1816
39163
1502
4840
3097
2361
3907
3271
1998
13843
17486
2137
33777
10635
11886
3058
24284
13970
1461
4415
1330
5083
1292
1879
25167
1493
4437
2218
1235
1676
845
995
416
1625
7885
8654
1269
1286
1459
561
2201
2727
5206
846
738
1651
3221
2790
3258
4897
767
2742
826
601
1029
1039
1368
1123
948
2708
1270
7097
1003
2003
876
1552
2032
526
565
1550
733
205
2585
669
2065
5808
876
2399
1477
925
885
1238
10470
1322
2544
893
1132
1312
1105
20375
1910
3557
1998
8554
4844
1057
1361
1383
1673
1676
2908
2417
462
60879
2080
2820
1626
1543
3605
1789
7989
1335
634
4091
9221
810
13663
1033
1961
5035
782
567
1296
1854
2306
996
16033
2022
2885
3469
2828
5741
7062
8166
2021
1924
3642
1243
3021
843
1983
2885
364
1477
750
545
517
0
0
0
3920
220
282
3468
1329
2538
1239
4332
2387
886
1127
1802
733
1044
1210
2967
2044
7350
5953
2026
2016
2858
2720
5215
29888
7183
9119
15485
1612
4833
2176
3671
2623
4868
794
5108
3202
50216
3398
4301
9642
6442
998
1976
4883
972
627
1310
1634
850
1088
1416
10727
2720
3432
3896
880
1634
5714
1002
4783
6804
706
12654
11473
9447
551
2819
1040
1769
3261
4188
2596
983
478
496
5445
1164
612
11452
533
1457
2671
932
466
420
293
613
1473
698
2717
911
5315
16227
2492
2784
1274
1843
2238
15692
1530
999
544
2158
1631
15848
6366
4093
10468
3838
4391
4277
1208
4964
2132
12949
3304
2370
1106
3360
5176
3748
1112
27765
812
1683
2578
32941
4369
901
3756
3304
1637
3765
1877
1040
6395
5798
2628
1144
1672
1561
4675
2398
1270
1330
1888
790
4144
2098
24434
4781
2737
5694
1114
1396
1721
582
678
777
886
1240
3920
220
282
0
0
0
1225
3225
6530
17582
1225
1300
653
6264
5494
1667
700
849
14228
2256
3412
939
18379
6956
2625
1809
2958
3433
25239
5916
9168
1020
5075
11045
1649
1428
5877
3153
5021
8911
1431
1617
1043
2072
1300
2679
3840
1715
3534
8936
1272
5827
2994
1484
951
1884
1180
4908
4147
569
5237
503
5352
911
3341
53928
1090
1198
1844
882
2294
1041
4661
1316
876
6457
2755
1005
1177
946
1733
9836
1346
4721
5359
4144
3756
3835
16990
1847
806
698
6496
9987
1802
5897
1738
4031
4391
1903
692
2627
1643
2811
556
1194
885
2011
1667
866
997
2964
1525
595
2604
374
2159
1096
6891
2418
1472
2037
902
3668
1079
2151
345
2237
348
2773
624
1312
32573
2004
2403
2338
6413
2479
5738
1042
1046
2275
1867
754
18681
3759
5679
2495
2101
1462
16326
1126
36098
1555
6132
4076
1691
3653
1585
3604
6470
6124
27593
5002
4635
3468
1329
2538
1225
3225
6530
0
0
0
307
1515
1081
10778
3366
13935
1443
1959
2246
1669
394
494
3989
7328
1875
2176
2081
823
272
127
337
221
629
880
4238
930
1686
1171
1139
1660
2126
2366
1734
2147
10668
910
9913
4953
2904
8950
882
1880
2152
3121
9462
3536
1343
2338
4093
2104
1932
50781
740
1572
4251
3907
4413
847
1942
2173
1096
10510
1852
2556
1921
1794
9329
6528
3445
5518
1805
13103
1727
6913
2591
6019
1874
2225
6827
1566
1106
1136
827
1364
2130
671
1826
3209
1725
7444
1378
236
901
954
1195
2768
5232
889
2032
1130
552
741
1077
1333
2838
1532
517
2314
2629
4732
1134
2653
719
4600
928
3048
1991
1511
11181
1052
830
1061
1329
1770
1581
2960
24502
1752
1034
771
4887
997
2219
5382
766
2855
1916
2579
1625
3822
5042
13468
3099
19161
8879
840
3672
2800
9350
1002
2621
643
864
2619
27870
5484
1239
4332
2387
17582
1225
1300
307
1515
1081
0
0
0
8379
1851
7604
1982
1527
1022
139
219
538
828
2050
772
5410
4432
17599
1732
2713
1027
1330
925
521
7750
2243
2090
710
2817
1024
3523
4438
3049
5267
1369
2223
3787
10330
2355
2345
2268
3111
2495
10736
1204
722
8169
1049
872
1055
1429
1416
12727
4934
7883
1032
1200
1531
7112
2284
952
1113
66406
1506
3761
7370
7498
2504
1474
1143
17591
428
1675
1139
436
872
2433
2201
3562
604
343
1058
3682
2720
249
806
1275
659
1258
1606
1714
1008
2056
1366
1284
1860
477
17305
2141
1780
2966
1899
14212
2731
2428
1361
1756
458
4387
1949
1119
19686
6747
13213
2980
2558
11700
3065
3113
8723
737
1211
1304
11137
1482
1651
1837
677
1728
2217
4333
851
5781
2589
1114
1614
2523
5361
2320
1445
23537
1520
1700
841
1342
6762
1871
3431
3165
10633
458
1307
635
1195
2618
6541
886
1127
1802
653
6264
5494
10778
3366
13935
8379
1851
7604
0
0
0
165
291
107
2746
846
2702
536
1668
457
12960
1975
5453
4210
3928
4385
2237
2401
1426
2869
4175
5176
1630
5713
2300
5241
2182
6712
2615
13868
17184
1644
1797
3109
3710
3617
78651
1960
2532
1568
1559
1443
722
1167
1189
905
741
3514
1801
3237
2265
1461
4038
767
1082
1590
945
695
7387
2357
4365
752
1380
1710
741
1263
1277
724
374
1473
1879
578
6676
1890
23222
1689
2511
194
1468
517
1814
559
2201
579
405
3379
835
8989
898
358
1320
808
1157
715
683
856
1209
1737
2591
1405
23505
810
693
1905
648
929
6070
5067
1912
2464
2455
1460
6170
6615
1488
23170
2092
6993
3033
2057
8920
2335
5182
4004
2815
2608
1068
3848
798
4052
2884
1216
533
1398
13994
2124
2425
9118
4539
2220
2020
1060
1857
1525
2644
50
1168
47
1830
1886
931
733
1044
1210
1667
700
849
1443
1959
2246
1982
1527
1022
165
291
107
0
0
0
474
1258
756
666
7108
534
10167
2501
2890
1620
2819
1037
1776
9112
10757
4982
55219
6327
1597
1684
3947
2219
17464
2254
1938
3485
4209
3157
4286
2560
4176
8355
3275
3473
10681
2907
2710
2342
1148
461
2960
646
4885
1528
1183
939
611
4109
2176
2110
3037
17308
2306
2612
2117
905
2361
20759
2605
2199
4181
2041
3233
1431
1404
619
825
2174
949
2910
786
410
35513
2126
1451
955
866
7515
1705
900
583
337
10201
912
460
2567
817
1089
878
1236
2899
280
1043
1329
1155
532
2314
627
620
561
606
16396
639
811
2713
925
14032
372
228
2096
625
1389
675
1528
378
962
2421
11844
3472
1253
881
999
3098
652
6796
2079
1083
31178
16901
1366
1400
20370
758
24656
8199
2351
1326
1743
654
845
5239
2711
1052
2646
1816
39163
1502
2967
2044
7350
14228
2256
3412
1669
394
494
139
219
538
2746
846
2702
474
1258
756
0
0
0
1427
598
540
1299
4327
1074
548
419
3633
1551
1528
383
885
4580
2872
586
2671
1878
1069
3907
1874
3296
2158
979
2084
874
6076
4929
10063
21443
5882
9655
2622
14439
989
3008
816
587
586
658
9629
1237
1735
410
2135
1179
4313
2018
774
756
6389
1979
5176
1648
2624
808
8521
944
7008
16249
449
1152
833
1009
681
1407
981
1246
1042
32951
343
1193
4553
1316
875
269
757
888
5270
313
1306
500
1050
235
1148
440
276
5660
622
747
469
6478
27462
8656
1387
728
5656
562
1025
1615
8696
1516
1082
45978
1482
1709
2767
1688
5244
1585
9348
1066
6397
1544
8079
2557
1509
3722
2978
3642
4286
5453
1009
2062
11944
3458
2465
382
858
8190
10652
1597
1903
24505
1296
2122
13939
787
172
412
753
4840
3097
2361
5953
2026
2016
939
18379
6956
3989
7328
1875
828
2050
772
536
1668
457
666
7108
534
1427
598
540
0
0
0
7239
5410
1977
951
28092
1224
1776
1212
3088
9136
19420
4309
3090
6726
3495
2393
9205
6446
6091
1181
1585
1541
19981
9408
5318
2673
2184
19529
3865
21898
1338
32914
1065
15861
26547
711
2901
5042
4333
942
11721
1384
3743
6953
677
2447
626
2654
1376
1758
4746
1265
1294
3182
5096
760
42521
1520
1804
4183
3648
2356
7900
4570
1780
6677
2864
9374
1995
796
16194
9378
1167
3253
1931
4266
903
1895
3930
837
15196
8712
1654
2832
4333
2727
2829
1481
1343
1677
3796
349
2187
2028
474
1391
861
878
884
1088
3735
1751
1040
2465
1227
3170
1811
1111
24514
11644
10070
1416
1252
1642
1870
3671
1092
641
1000
3362
787
1890
5631
7075
784
1026
14529
3705
5568
3538
920
3947
2321
4036
1312
3811
6893
13612
3907
3271
1998
2858
2720
5215
2625
1809
2958
2176
2081
823
5410
4432
17599
12960
1975
5453
10167
2501
2890
1299
4327
1074
7239
5410
1977
0
0
0
2276
912
980
3562
1132
1062
473
476
357
1232
1131
5230
3405
605
1823
1549
1600
2354
17455
9973
1030
7894
5679
1708
3747
3429
3243
3106
5013
990
2583
21331
2506
1858
27337
2933
797
3131
3766
1297
7305
1714
1129
727
3109
935
1778
1962
10797
682
3839
1427
1778
8584
7945
1332
1937
2391
3122
2152
5497
3008
8279
30430
26442
1291
2657
2558
10998
1035
991
1682
3516
2114
2715
2695
19987
1924
897
2367
1295
2055
2367
644
1489
686
2103
1332
1024
3807
385
1157
2861
11997
2025
1004
260
13269
2243
1165
189
2206
589
2792
1539
1809
1475
531
1942
2142
23942
1681
942
1233
651
19061
1386
1820
3530
2453
782
8162
3234
3133
1527
749
3699
1089
2798
2482
1744
5575
11001
2457
3699
13843
17486
2137
29888
7183
9119
3433
25239
5916
272
127
337
1732
2713
1027
4210
3928
4385
1620
2819
1037
548
419
3633
951
28092
1224
2276
912
980
0
0
0
1016
699
1150
668
908
7968
4957
6700
228
4570
2360
555
479
796
2828
1418
9601
1725
6236
32922
3293
27578
5617
3922
998
2131
1559
886
5063
11001
4223
3255
715
3973
13502
6121
3136
1743
1332
2825
1580
2420
6305
2211
1254
1989
1989
2842
6976
1672
3456
760
17818
8628
2455
1507
1968
2622
836
4586
13302
1302
3361
4045
1220
4429
7337
1989
3198
654
10434
738
2677
1337
2755
3582
794
1548
2122
1423
2751
1431
2347
1764
376
4128
1225
1282
1233
24608
757
2171
1231
2087
439
992
4230
2701
2680
685
1623
20853
922
2992
2823
1497
8861
14915
31954
15845
1088
594
3253
5049
1346
1580
1138
4089
14297
3661
1931
2657
5588
2596
1074
1564
1765
11631
1608
14314
26406
1170
33777
10635
11886
15485
1612
4833
9168
1020
5075
221
629
880
1330
925
521
2237
2401
1426
1776
9112
10757
1551
1528
383
1776
1212
3088
3562
1132
1062
1016
699
1150
0
0
0
1232
2335
2048
814
4112
640
3652
1651
4622
11542
41216
1430
4825
1847
4101
1823
3287
2527
8340
2951
3710
786
3519
31980
3549
1528
1113
1519
1052
2056
2377
6769
2094
1202
2466
13186
10705
8388
2461
9140
1080
1683
3556
3886
2560
4255
4970
12015
7362
2988
1492
2678
4033
1562
9519
7271
1958
9145
1279
991
2179
1719
3258
5066
2281
19663
25710
2893
1838
3850
1001
5969
4927
10315
770
6363
2838
4640
7969
889
2620
2567
441
1261
2926
1528
8515
1184
1313
1483
1565
1228
838
1898
2271
3844
4078
5466
1631
1527
6747
1639
3373
4142
2391
1865
1952
963
1217
1318
1236
1298
670
911
1294
2090
3148
863
4199
706
1422
960
1897
2642
1180
5381
2610
8167
20397
3058
24284
13970
2176
3671
2623
11045
1649
1428
4238
930
1686
7750
2243
2090
2869
4175
5176
4982
55219
6327
885
4580
2872
9136
19420
4309
473
476
357
668
908
7968
1232
2335
2048
0
0
0
1341
3192
18822
591
798
773
3169
2835
1214
1884
1343
6198
12277
8363
3920
3972
6411
16835
403
631
962
1119
1391
3428
1030
1261
2854
1016
6306
4609
2526
2745
3795
15198
2495
6500
1584
2578
16220
5350
1138
1671
5897
14707
2757
2649
2564
2279
7549
2251
8528
2901
1360
2246
2665
1362
1074
1093
1617
2718
1792
3099
4504
683
2451
15035
1799
2685
4634
3065
1467
1076
768
927
873
10407
8706
701
1525
2546
1182
1278
3555
5735
2621
9410
1759
604
7820
396
2450
2498
789
1032
2157
1694
9431
2105
4809
3518
1944
1369
676
1569
2870
1225
2620
1739
2163
2598
697
1984
16865
8870
17502
31695
10092
17211
2145
3719
2692
1339
1035
1200
2624
1077
1461
4415
1330
4868
794
5108
5877
3153
5021
1171
1139
1660
710
2817
1024
1630
5713
2300
1597
1684
3947
586
2671
1878
3090
6726
3495
1232
1131
5230
4957
6700
228
814
4112
640
1341
3192
18822
0
0
0
4825
4284
2973
4857
21739
88423
4066
1075
6151
2563
2372
1717
5657
11223
2514
15991
2896
6067
2070
1697
1412
2489
1098
853
3664
884
1725
4040
1001
1072
17820
613
2544
1251
1276
538
1140
948
749
872
3929
898
1193
1138
6778
925
11347
13577
715
8221
3106
1442
1210
1943
973
1974
4291
3747
10476
2958
6362
2077
9493
2500
7629
4257
1990
2477
6641
6451
1019
1765
1975
1211
784
2721
2843
3907
2813
6013
3220
2082
11376
732
16942
1716
3413
4451
1112
1438
10198
1715
31124
1495
2339
1803
923
2224
542
10252
2610
1827
2241
849
1558
488
1647
16279
528
2093
1626
1050
1823
12434
1880
1970
1278
1037
1295
697
8619
4486
37212
5083
1292
1879
3202
50216
3398
8911
1431
1617
2126
2366
1734
3523
4438
3049
5241
2182
6712
2219
17464
2254
1069
3907
1874
2393
9205
6446
3405
605
1823
4570
2360
555
3652
1651
4622
591
798
773
4825
4284
2973
0
0
0
2258
8320
655
3501
838
871
11044
3494
37956
1482
13552
3755
2606
21811
2301
1215
1852
1005
2182
1168
4991
520
1088
5662
1996
1523
6872
1439
5328
3716
2482
2139
844
2051
1135
3570
6680
11402
875
2295
3996
828
2550
2934
1514
683
2136
6798
2367
2623
5432
4602
3143
4300
3780
1444
1252
1599
13288
1395
6995
1731
936
7589
1459
795
5882
2484
2022
706
1577
662
1349
1026
11514
1801
2641
2849
7676
688
921
9317
537
1565
2286
732
13200
31026
1192
1563
9285
568
3202
2019
1122
500
1071
618
1331
4562
2383
2320
3026
708
1344
748
797
433
793
409
810
1254
20425
242
3875
550
507
1633
19620
3018
25167
1493
4437
4301
9642
6442
1043
2072
1300
2147
10668
910
5267
1369
2223
2615
13868
17184
1938
3485
4209
3296
2158
979
6091
1181
1585
1549
1600
2354
479
796
2828
11542
41216
1430
3169
2835
1214
4857
21739
88423
2258
8320
655
0
0
0
1779
3872
882
2252
4229
3013
1705
2446
1428
3095
3163
1305
8886
10055
1464
16091
2080
2491
511
1521
1572
3260
873
2327
1907
10346
2570
978
1459
2746
6480
1784
9756
1643
5314
14755
1669
903
1141
2863
1321
2467
3003
1490
935
1358
4027
1566
1202
9586
25850
1204
2581
1884
1963
1560
2071
1877
5294
1997
2147
1520
1186
2186
14026
3805
10880
1334
1731
615
8632
617
2431
1517
1706
3430
1875
2642
2058
2501
2486
395
8216
2238
1754
993
7819
1770
2582
32490
652
3211
627
4717
4751
901
2216
5702
3884
1684
2048
2396
1151
1041
676
575
5588
2325
1656
1018
4322
3960
34957
443
5032
1854
12227
2218
1235
1676
998
1976
4883
2679
3840
1715
9913
4953
2904
3787
10330
2355
1644
1797
3109
3157
4286
2560
2084
874
6076
1541
19981
9408
17455
9973
1030
1418
9601
1725
4825
1847
4101
1884
1343
6198
4066
1075
6151
3501
838
871
1779
3872
882
0
0
0
560
346
487
5330
1199
266
484
2319
12493
5593
1777
1795
2489
2129
1566
684
1654
2669
1462
1849
9574
2030
1176
5268
557
2585
1385
756
1670
10285
4033
7323
956
1492
2007
4192
1234
4843
8756
10322
459
3237
12279
1921
1744
2393
1653
2113
13789
16444
4480
3045
5753
818
13411
7461
5049
4710
1037
2084
3397
660
2177
1825
764
4139
5557
8647
2067
4120
4511
6667
2413
779
1765
3187
1826
2112
4871
1201
2516
3489
3879
23339
3862
867
2497
3297
562
2044
9391
3160
782
1021
1302
3334
2856
2094
581
1884
465
775
17501
2461
1075
8240
698
9793
888
10210
4948
3732
1986
1795
845
995
416
972
627
1310
3534
8936
1272
8950
882
1880
2345
2268
3111
3710
3617
78651
4176
8355
3275
4929
10063
21443
5318
2673
2184
7894
5679
1708
6236
32922
3293
1823
3287
2527
12277
8363
3920
2563
2372
1717
11044
3494
37956
2252
4229
3013
560
346
487
0
0
0
498
221
117
2495
1413
2324
1966
13014
1695
906
1270
2535
9053
6722
775
9130
2580
15356
2671
2140
5782
1768
1274
1723
895
1475
3639
1515
1140
3864
3232
391
4769
2608
1858
2377
3827
1484
3238
12581
32702
1595
1955
2103
716
7962
2064
5887
4534
10411
1695
1789
13483
2432
849
7826
3003
2142
8738
7894
2174
1328
878
2994
2654
1620
4724
1441
2546
2335
1052
1528
1312
2040
1495
2174
29115
641
2804
1492
2090
792
1700
4677
3178
19708
2155
3532
657
2800
3944
840
8226
1679
3100
1351
5808
1950
1841
30721
1320
2331
1695
1112
1128
14900
2267
1300
1496
1566
3111
1625
7885
8654
1634
850
1088
5827
2994
1484
2152
3121
9462
2495
10736
1204
1960
2532
1568
3473
10681
2907
5882
9655
2622
19529
3865
21898
3747
3429
3243
27578
5617
3922
8340
2951
3710
3972
6411
16835
5657
11223
2514
1482
13552
3755
1705
2446
1428
5330
1199
266
498
221
117
0
0
0
