C_ijk
0
0
0
166
31
27
26
45
76
78
38
62
475
444
89
171
369
254
129
1543
79
323
3063
811
974
734
565
1066
234
191
624
1275
1059
2828
716
754
169
488
662
1845
1019
1044
1437
278
356
555
1191
1745
924
331
376
152
140
1362
9191
1085
2335
947
1725
1500
433
434
414
499
686
296
396
303
611
492
2950
2035
1392
688
2768
601
3309
1167
231
230
619
455
716
1658
760
396
630
122
174
232
3505
224
1595
989
1012
923
746
470
1862
302
347
1318
1572
603
546
2569
18860
1129
890
2171
816
3971
3081
2003
1524
606
2028
2069
4357
626
12161
2969
1006
1102
4053
605
983
4333
633
1020
504
530
974
1392
3493
8887
2390
2161
5622
927
2169
2930
2776
7120
1738
2374
4377
18090
2259
7285
4275
1964
768
456
1933
1241
860
24725
2359
2273
9784
1845
4988
2266
3491
166
31
27
0
0
0
7
19
6
127
849
1086
694
182
660
115
240
444
2302
700
179
1313
197
156
710
376
936
1821
1509
1599
1208
1032
852
2883
589
388
360
3419
805
2079
2161
234
454
2364
2003
2262
1058
4226
1338
829
692
304
675
292
548
468
311
384
774
4997
2903
214
623
2117
221
250
393
2454
346
578
257
818
417
655
673
1524
4236
461
289
222
210
558
358
341
673
1313
789
320
393
335
1209
3004
264
1032
2914
1224
819
3801
1154
1606
4872
242
545
857
771
807
465
2471
1275
22022
564
2370
3505
13626
933
997
913
10079
2846
853
762
730
2497
1141
14353
5366
2709
12345
1571
1437
2050
848
2287
5897
1718
770
1066
3037
1083
12148
2000
1345
2603
19774
2247
658
495
6111
1951
2438
8419
2041
2879
6190
1149
52060
1853
759
1581
2734
9601
1283
16592
638
2217
26
45
76
7
19
6
0
0
0
164
977
482
1589
773
252
976
92
723
1228
1932
616
706
2129
259
1600
1782
2562
573
518
590
326
1306
2577
1470
2899
729
168
151
153
343
2957
1254
1987
3827
3427
994
315
2033
722
608
348
468
12193
389
601
444
573
1034
849
5041
490
596
864
12994
371
190
291
2582
429
426
2446
1514
1454
793
338
286
350
453
121
168
323
3390
1038
244
282
386
322
134
440
1319
197
247
535
914
1920
932
313
1654
1406
1312
15698
451
557
374
573
1035
980
8728
938
2910
8675
626
1263
1389
2031
869
3136
3669
1618
1332
7789
2164
3384
8933
1076
2881
563
4999
1613
999
504
21983
3860
19029
9524
1300
1304
3298
4663
657
1729
768
3953
8039
1279
818
653
773
1920
723
4250
2099
3474
1552
1400
2223
1077
2211
1975
4236
660
2202
2103
12100
846
78
38
62
127
849
1086
164
977
482
0
0
0
457
777
262
100
73
99
192
90
167
1084
653
4067
858
992
315
756
167
526
161
4674
3787
720
1133
758
716
259
127
390
415
1609
800
218
426
2886
5399
423
240
4207
487
2047
279
628
460
1039
995
492
246
296
706
668
682
179
927
163
1678
767
763
1352
7740
16458
813
480
696
1564
203
400
390
2120
574
377
425
338
552
289
240
221
1939
279
331
200
588
943
973
1132
394
556
4150
1181
737
5028
756
298
15146
771
13478
2136
1843
436
8368
972
1001
597
1728
12990
11201
650
2208
1726
2507
3395
1725
3201
637
5580
1612
2928
1323
725
5675
5754
1108
950
1306
1989
2946
8224
2008
4170
1344
5358
1583
15400
2080
1969
3056
967
1166
1160
20384
3562
3385
1430
369
4494
11345
1831
726
1233
6002
698
3067
44872
8928
475
444
89
694
182
660
1589
773
252
457
777
262
0
0
0
18
78
37
129
192
86
1980
288
283
139
412
1108
4857
349
1233
509
844
451
2875
522
455
8289
3476
175
2955
593
1306
298
752
236
913
4788
583
256
464
348
2280
1816
2824
272
10738
495
2977
279
296
387
363
1229
1324
392
210
199
5896
496
1547
6821
813
719
6192
815
516
704
780
107
304
538
400
444
318
412
2441
420
2567
663
3198
1606
1060
577
1001
9887
365
1188
4195
696
456
1133
1334
256
650
2010
1020
2597
2740
1797
1673
1916
1439
2301
941
2064
2191
957
7986
1027
1357
808
1718
990
3319
2162
1074
792
944
1279
439
677
2863
2759
872
1481
2601
28614
1649
1320
5836
1498
1257
9278
6048
2252
2939
1736
1346
1622
5532
1760
1161
2061
1110
432
841
969
5759
2055
2396
697
4063
1268
5132
7768
171
369
254
115
240
444
976
92
723
100
73
99
18
78
37
0
0
0
154
184
80
1236
1633
319
117
476
3978
199
299
504
505
340
541
23440
464
4898
299
590
991
490
2056
5187
365
1782
2428
2897
599
9488
693
2887
374
4176
3663
2560
5762
9298
588
987
864
262
823
3027
470
319
261
336
709
1050
492
1196
494
3590
429
424
476
1443
1298
4528
135
400
224
200
562
265
213
272
809
813
1108
480
287
365
354
326
866
13052
467
1980
816
2161
1418
1071
1720
813
556
27253
5848
505
902
501
6570
28722
722
8944
1482
850
19631
3800
6183
1306
3601
1241
28377
2200
1737
859
1483
3157
9774
1758
693
2116
841
1663
993
14375
2189
5983
2616
1488
4242
44657
1511
5187
2554
2736
1487
3676
3413
2304
1483
3897
1182
1040
18844
1390
1526
4253
1972
2333
2059
2958
6769
1420
3468
129
1543
79
2302
700
179
1228
1932
616
192
90
167
129
192
86
154
184
80
0
0
0
393
271
249
677
886
494
668
285
662
703
313
556
401
545
598
318
233
578
410
655
579
865
8367
628
4172
1119
554
761
532
1429
696
386
1029
3676
707
1302
1110
481
1368
1058
1371
5952
407
595
3833
2337
8292
8693
1063
782
1302
943
4436
838
945
705
921
904
467
230
1177
1248
1484
501
1201
321
941
2325
545
2028
1494
370
608
12087
1428
1128
5114
701
468
464
6623
3335
186
1286
1509
770
3821
5085
494
4568
832
2448
1337
1304
1183
1160
1015
2917
818
1249
697
6830
9527
1927
1916
2640
1800
2201
468
1293
1786
3329
866
798
1724
3780
1672
1261
1120
5287
900
8335
888
1557
2239
7901
5661
2018
1771
1405
2223
5768
2219
989
499
1472
8107
1037
3420
1762
835
4440
6002
1560
323
3063
811
1313
197
156
706
2129
259
1084
653
4067
1980
288
283
1236
1633
319
393
271
249
0
0
0
509
84
707
220
423
488
300
731
217
365
346
1937
409
3159
720
2455
13284
1025
2851
1510
21741
349
1199
511
1745
24361
896
1476
670
563
1690
18158
521
2607
4351
5569
4567
2048
1136
8118
2773
741
7817
775
10587
1127
2018
1566
1220
1526
1808
3168
914
747
344
714
1801
898
280
350
369
1237
8047
1970
394
5045
1181
574
2433
277
1325
394
231
1083
465
251
615
2630
1516
500
486
924
2832
949
3053
1158
912
15605
867
769
1186
538
970
1641
8919
16358
3294
1412
2075
3731
2019
894
4653
1286
841
1394
6442
8631
4049
1176
2536
1382
3365
1745
8921
7320
17875
3896
1781
14464
1773
12378
932
3526
3270
2420
7562
3331
14068
876
4957
1896
1379
760
4935
1575
841
1596
6711
5489
4110
974
734
565
710
376
936
1600
1782
2562
858
992
315
139
412
1108
117
476
3978
677
886
494
509
84
707
0
0
0
2445
1397
904
501
3310
1830
666
464
1223
1488
864
455
2128
969
19301
691
1529
352
798
3589
851
709
1977
1061
3823
588
903
3013
868
1462
1817
992
747
1597
1624
1993
1734
969
4828
1461
1027
1360
13863
1427
2049
2829
937
312
1614
30904
4900
430
3156
283
859
591
5379
1688
420
1047
325
1228
338
934
595
314
1573
3143
189
2885
638
1532
1231
436
917
539
5170
631
1162
1328
960
265
749
576
538
581
5940
1727
1585
3197
3588
1958
2047
1525
3554
1392
3098
2881
3596
1133
1164
1295
2778
1860
1368
813
1438
5290
5377
1160
3731
2358
1444
9480
1817
3946
1243
2424
4922
1378
1226
27971
7119
1654
971
1019
962
10219
2167
2183
794
1029
1184
1275
1555
597
27259
1391
1066
234
191
1821
1509
1599
573
518
590
756
167
526
4857
349
1233
199
299
504
668
285
662
220
423
488
2445
1397
904
0
0
0
103
130
1276
190
313
236
2920
424
300
953
3544
637
771
641
468
5510
1633
652
1921
1373
1235
1329
489
463
4872
1568
1354
563
993
1681
1662
978
616
569
1808
2195
3981
681
1949
2641
4505
1589
1042
611
1101
612
959
4691
895
1091
503
351
1361
2015
654
1079
1271
659
730
4001
1237
2550
915
353
1272
1026
376
344
2846
956
2667
910
995
303
393
1659
1642
737
3582
1135
950
1018
2318
890
1575
2420
805
4117
18743
3369
1249
5015
8193
1115
766
8856
1424
1038
830
1291
1182
2043
482
1245
901
854
3844
19171
1433
721
983
1599
2232
1092
2159
1665
7214
15123
2027
1325
3171
1650
4360
16552
1847
1085
2310
13843
912
3125
956
3803
2170
1864
5258
624
1275
1059
1208
1032
852
326
1306
2577
161
4674
3787
509
844
451
505
340
541
703
313
556
300
731
217
501
3310
1830
103
130
1276
0
0
0
166
56
335
516
806
244
284
5253
383
1399
528
1014
1986
784
846
788
520
3759
1706
2094
2619
1032
5390
2435
1461
10364
1615
1325
1497
1442
1028
2001
583
1311
7842
6258
3135
2521
9829
2007
730
925
2301
524
812
1012
482
488
2975
402
693
6995
665
2497
1689
2263
2707
512
443
317
830
1270
1932
915
2467
717
2841
1169
2489
723
1725
8794
1475
3914
1399
1371
2065
4986
3047
788
1339
798
622
796
1731
5019
5440
1181
3956
1056
2167
1457
3905
4477
722
2209
641
2305
628
649
6258
763
4034
5021
9163
1875
9677
3502
1509
1642
2573
9235
3823
2753
2092
6100
3187
1794
9387
54665
3104
1008
2474
1706
4046
475
4196
2310
1828
2915
8134
2267
2828
716
754
2883
589
388
1470
2899
729
720
1133
758
2875
522
455
23440
464
4898
401
545
598
365
346
1937
666
464
1223
190
313
236
166
56
335
0
0
0
544
684
3436
1320
368
1301
1002
1667
194
838
1952
757
422
764
1710
4940
1772
8634
332
1040
656
4733
3101
1534
1820
2261
1535
736
686
5123
865
3416
4923
3800
3600
2170
910
1106
536
4128
1034
7608
1044
2885
792
832
3317
3574
504
1498
5171
966
2680
655
743
3369
1049
1932
1969
891
2123
329
770
525
1254
1285
1746
607
495
628
20810
1328
1096
359
24547
8942
274
518
2585
1984
455
39027
23225
1903
1282
7574
2181
14155
951
950
664
434
2056
598
1954
4736
2046
2694
1437
52449
2897
1575
16329
1909
3632
1608
3318
2796
7278
10850
4030
2915
2000
4889
3526
3615
873
25357
1223
2096
6439
1235
2234
690
2905
740
1959
1914
1974
169
488
662
360
3419
805
168
151
153
716
259
127
8289
3476
175
299
590
991
318
233
578
409
3159
720
1488
864
455
2920
424
300
516
806
244
544
684
3436
0
0
0
1910
1074
690
536
755
171
819
983
488
239
793
197
322
166
151
278
333
364
342
1308
547
378
756
533
361
616
310
706
542
404
3445
1452
513
718
231
1174
615
279
462
8668
328
2930
369
684
869
591
329
914
4181
814
1625
1475
652
1335
736
1977
1092
1909
1161
2742
780
764
2732
903
1300
4101
498
921
1798
3298
1427
1605
1692
1697
843
31663
4099
3399
2695
8834
5317
3218
1859
23819
8402
1312
691
2631
1763
1028
1395
1795
3097
2467
1741
1485
3417
14818
2412
8718
470
4860
1562
1062
2568
2480
4618
4928
13250
1019
2701
12390
2387
4837
1765
2576
1857
1024
3954
1561
2313
4162
1661
44265
1543
2332
1845
1019
1044
2079
2161
234
343
2957
1254
390
415
1609
2955
593
1306
490
2056
5187
410
655
579
2455
13284
1025
2128
969
19301
953
3544
637
284
5253
383
1320
368
1301
1910
1074
690
0
0
0
387
61
298
740
467
895
1585
907
755
262
496
1062
1944
491
2280
854
1009
2853
5383
713
753
487
555
1192
3700
7117
558
466
1909
3006
1072
4420
1250
1396
1552
354
8041
769
1136
931
752
1087
867
809
764
1723
2110
676
824
479
2338
641
703
4584
15708
3276
945
3366
1038
22110
671
1041
20628
1328
774
5412
2797
6093
1687
15491
695
1585
2355
8583
2932
1968
3446
1503
2002
4092
18611
584
1058
442
333
6725
1361
1641
637
1928
1502
1091
1112
2453
2083
2536
10118
2252
4167
1267
9798
2160
2829
18366
4553
2571
1473
13593
1631
1974
1152
1783
2490
1905
10985
3899
27013
5778
1179
37363
1442
3303
3194
1437
278
356
454
2364
2003
1987
3827
3427
800
218
426
298
752
236
365
1782
2428
865
8367
628
2851
1510
21741
691
1529
352
771
641
468
1399
528
1014
1002
1667
194
536
755
171
387
61
298
0
0
0
313
770
3954
184
154
790
106
511
113
754
228
213
1376
680
335
2460
1426
603
716
959
1597
622
444
1179
3223
3992
1105
558
479
419
906
784
2353
2371
416
913
2633
3048
591
945
6589
12172
7441
1726
2217
401
943
663
674
535
5055
42641
1074
3213
3656
426
2183
1397
4895
1369
474
3575
1679
10096
3484
4783
1709
3013
1573
1645
2154
550
1899
5430
866
696
1678
1554
1694
3825
1164
874
673
8125
639
3502
657
593
528
10737
807
2041
1400
598
1452
16553
1746
1518
8107
2602
2241
2763
1871
2304
9922
1498
1225
6683
888
597
1160
2659
3473
11600
5367
5484
6869
5458
897
39508
555
1191
1745
2262
1058
4226
994
315
2033
2886
5399
423
913
4788
583
2897
599
9488
4172
1119
554
349
1199
511
798
3589
851
5510
1633
652
1986
784
846
838
1952
757
819
983
488
740
467
895
313
770
3954
0
0
0
304
181
149
114
276
5108
738
183
233
601
417
568
411
1007
311
2294
526
513
727
612
2887
1388
4045
1188
1748
1001
6923
1008
9252
5376
644
800
1282
9874
1770
2005
10471
3258
3681
700
2010
708
3372
1002
1276
752
871
1603
3890
1556
6273
1612
2357
1217
2183
970
2651
371
1079
801
1873
1278
4674
4563
18764
2199
2536
2515
7298
3520
5616
3529
313
1103
250
1406
2155
878
1177
2666
2302
540
1132
580
2737
2629
307
2487
1634
10996
3465
1508
762
1735
930
4743
1023
9353
1621
1364
2535
3541
1833
4909
2436
1754
3138
1065
864
2695
3907
4567
1586
2081
1295
2129
6265
924
331
376
1338
829
692
722
608
348
240
4207
487
256
464
348
693
2887
374
761
532
1429
1745
24361
896
709
1977
1061
1921
1373
1235
788
520
3759
422
764
1710
239
793
197
1585
907
755
184
154
790
304
181
149
0
0
0
181
6396
271
235
106
967
662
608
321
551
335
7170
1115
189
660
1356
538
438
1033
2134
3374
1820
259
847
4911
1077
867
952
517
8676
971
1829
647
688
2126
1792
931
530
930
1573
1990
1165
1373
4113
624
2060
612
2099
898
1890
16381
3976
6923
4607
28264
1206
2414
61351
584
16270
1459
909
10386
10288
1278
8723
1493
558
1328
1103
397
4499
15038
3104
1025
3620
439
765
2337
2713
625
1146
421
389
897
1024
3180
5096
11413
3431
5507
10334
1405
21603
1458
1832
5024
3072
2110
4656
1467
4474
1312
5817
1830
4166
5901
19187
2950
6062
1389
1578
1869
3021
152
140
1362
304
675
292
468
12193
389
2047
279
628
2280
1816
2824
4176
3663
2560
696
386
1029
1476
670
563
3823
588
903
1329
489
463
1706
2094
2619
4940
1772
8634
322
166
151
262
496
1062
106
511
113
114
276
5108
181
6396
271
0
0
0
241
3228
540
5591
1314
2465
401
519
1555
107
1415
433
1089
324
2742
991
807
9802
928
636
1339
473
455
437
3273
1825
715
1747
4618
454
782
339
541
1114
1254
1343
2043
4496
2720
825
50037
2167
2102
3038
2025
1074
8517
2240
2377
1514
2561
760
312
1957
1393
2498
2098
764
32105
648
869
900
2405
3560
13983
1759
4232
526
1246
810
965
1664
1486
1458
1927
781
2089
8483
2523
8020
443
69622
3489
3098
472
2328
2474
1993
2397
2200
1069
1549
3400
5038
5439
1258
1336
2587
1048
1067
1528
3184
2811
12241
8684
37450
4330
2719
2671
847
3688
9191
1085
2335
548
468
311
601
444
573
460
1039
995
272
10738
495
5762
9298
588
3676
707
1302
1690
18158
521
3013
868
1462
4872
1568
1354
1032
5390
2435
332
1040
656
278
333
364
1944
491
2280
754
228
213
738
183
233
235
106
967
241
3228
540
0
0
0
515
471
6086
459
793
1081
572
307
497
956
1195
672
23464
886
1434
10340
738
2460
403
2061
4303
1106
3809
648
1360
2780
1544
778
767
5583
11850
3965
1052
566
975
4262
10037
2058
7978
1445
14514
11140
20651
544
648
3928
2946
681
656
1368
897
2045
2913
2002
4316
6608
557
2545
962
4621
442
3455
1028
2279
1115
986
5592
1333
2376
624
1214
1082
1370
269
846
5750
1238
386
2127
2293
2701
7255
9046
1446
964
3414
1414
11805
6906
2184
929
2308
1247
7266
7970
3530
783
1704
1844
2795
1695
13635
1968
5863
1467
1908
1450
2290
947
1725
1500
384
774
4997
1034
849
5041
492
246
296
2977
279
296
987
864
262
1110
481
1368
2607
4351
5569
1817
992
747
563
993
1681
1461
10364
1615
4733
3101
1534
342
1308
547
854
1009
2853
1376
680
335
601
417
568
662
608
321
5591
1314
2465
515
471
6086
0
0
0
247
229
238
111
52
331
511
487
531
616
1754
1272
368
393
1278
2737
1477
1429
618
306
534
452
167
364
609
277
531
397
938
341
2659
1877
1978
1741
587
1596
812
1000
1391
7164
754
2329
24197
2330
1206
616
1130
2530
1798
2175
3287
16359
9408
1240
626
13291
2524
2045
2053
3135
659
961
2304
945
2322
1539
1044
12140
439
1418
693
676
20780
3939
34456
1337
1844
2796
747
949
783
1479
1890
3853
1495
1735
1340
11417
1370
3562
1879
2394
2099
10813
1248
7955
3992
1640
31396
9892
3266
806
1935
3971
8174
433
434
414
2903
214
623
490
596
864
706
668
682
387
363
1229
823
3027
470
1058
1371
5952
4567
2048
1136
1597
1624
1993
1662
978
616
1325
1497
1442
1820
2261
1535
378
756
533
5383
713
753
2460
1426
603
411
1007
311
551
335
7170
401
519
1555
459
793
1081
247
229
238
0
0
0
322
1972
1970
334
249
1763
257
740
434
6182
422
292
377
645
2576
512
4232
416
1068
2261
1985
1718
702
255
783
1129
359
772
6146
670
847
1617
963
2343
1013
1330
2873
1163
2429
1076
716
3283
5628
1908
3016
11175
1349
1303
3262
929
4968
15935
3102
865
621
655
221
933
2074
1789
1056
624
772
2320
758
2902
706
5205
331
2419
1235
9305
2446
3488
2482
362
993
803
2876
2619
573
1354
7078
1677
1599
1350
6512
1947
2121
13181
882
563
1534
2714
3064
2209
20898
8322
2510
6173
3341
34108
499
686
296
2117
221
250
12994
371
190
179
927
163
1324
392
210
319
261
336
407
595
3833
8118
2773
741
1734
969
4828
569
1808
2195
1028
2001
583
736
686
5123
361
616
310
487
555
1192
716
959
1597
2294
526
513
1115
189
660
107
1415
433
572
307
497
111
52
331
322
1972
1970
0
0
0
929
920
1500
1543
315
1456
282
273
274
301
644
712
1456
360
291
910
1022
976
1314
221
195
825
367
341
645
780
990
4041
1060
3145
996
1254
2778
582
836
753
695
1391
491
1106
644
946
1215
1549
781
2245
1649
5068
1681
1543
2137
1788
7672
921
3204
5986
1080
1071
1075
1319
1911
4008
2665
715
2224
2097
2647
1945
1781
648
809
583
414
5187
6361
15898
30754
6518
1097
1807
1352
1317
1847
4184
2500
2843
2308
1113
1800
934
2502
8254
854
1270
1888
3244
2021
2004
2791
396
303
611
393
2454
346
291
2582
429
1678
767
763
199
5896
496
709
1050
492
2337
8292
8693
7817
775
10587
1461
1027
1360
3981
681
1949
1311
7842
6258
865
3416
4923
706
542
404
3700
7117
558
622
444
1179
727
612
2887
1356
538
438
1089
324
2742
956
1195
672
511
487
531
334
249
1763
929
920
1500
0
0
0
5082
222
218
451
88
74
58
168
31
555
364
3979
520
297
168
5863
493
3543
503
220
465
3388
252
306
717
1320
1397
725
1031
980
769
847
8907
791
1209
876
1490
2895
928
9886
4220
2276
2058
1875
3958
10200
3204
2749
1428
1435
3477
1221
1396
1255
1991
6778
1467
6510
6714
16526
966
918
4438
9426
2413
10646
6111
3386
438
37955
1130
1968
1014
1678
5072
2088
1208
7851
2524
1385
1710
1443
1410
1095
2704
1109
663
22500
2253
1871
2803
3991
2143
953
2078
7121
492
2950
2035
578
257
818
426
2446
1514
1352
7740
16458
1547
6821
813
1196
494
3590
1063
782
1302
1127
2018
1566
13863
1427
2049
2641
4505
1589
3135
2521
9829
3800
3600
2170
3445
1452
513
466
1909
3006
3223
3992
1105
1388
4045
1188
1033
2134
3374
991
807
9802
23464
886
1434
616
1754
1272
257
740
434
1543
315
1456
5082
222
218
0
0
0
260
13979
294
318
429
8662
499
718
1693
269
449
284
398
327
1697
2130
1233
786
704
511
2362
1267
942
1018
914
1036
2984
920
5688
538
856
1586
907
1073
2253
3303
7115
1648
10351
2362
2949
656
5318
5654
5352
490
1389
5414
5379
3112
1614
766
1670
8667
2236
2486
2303
1139
714
3991
3100
8124
895
891
839
463
1494
1551
898
1943
5110
22086
627
1106
25436
854
1051
502
5845
3153
1351
13529
1698
1632
2818
2171
2097
9436
2375
687
2617
11330
2251
1392
688
2768
417
655
673
1454
793
338
813
480
696
719
6192
815
429
424
476
943
4436
838
1220
1526
1808
2829
937
312
1042
611
1101
2007
730
925
910
1106
536
718
231
1174
1072
4420
1250
558
479
419
1748
1001
6923
1820
259
847
928
636
1339
10340
738
2460
368
393
1278
6182
422
292
282
273
274
451
88
74
260
13979
294
0
0
0
121
265
24
127
268
477
215
662
1064
270
582
262
202
351
536
307
452
1814
773
1031
450
1844
252
4636
13605
1260
3158
2050
346
1461
1854
1165
20133
1602
1212
489
610
3435
2052
2776
2278
1934
1218
558
654
2606
2015
1631
3740
1603
4095
4286
791
5584
6283
1478
527
3098
5438
2036
1985
720
491
691
13755
2798
3472
663
9699
12488
1661
1028
8153
953
930
6474
1371
418
491
1381
531
2124
15253
4034
3428
1069
38388
1707
1974
4594
601
3309
1167
1524
4236
461
286
350
453
1564
203
400
516
704
780
1443
1298
4528
945
705
921
3168
914
747
1614
30904
4900
612
959
4691
2301
524
812
4128
1034
7608
615
279
462
1396
1552
354
906
784
2353
1008
9252
5376
4911
1077
867
473
455
437
403
2061
4303
2737
1477
1429
377
645
2576
301
644
712
58
168
31
318
429
8662
121
265
24
0
0
0
2626
1186
1394
180
576
279
192
283
871
344
4669
1639
499
472
1020
1019
1072
1991
799
617
6452
1306
457
746
531
547
357
2999
1898
3824
5159
1622
1226
3541
2912
9240
574
12983
2490
1551
1691
771
1745
790
1423
6883
1382
1337
1711
15879
21531
801
11493
2731
8968
2307
1000
2313
1306
4399
2321
673
985
1429
810
618
1035
803
8771
795
2430
569
10101
449
2234
1734
504
1762
1596
2281
1630
1943
1068
5908
6967
9866
643
231
230
619
289
222
210
121
168
323
390
2120
574
107
304
538
135
400
224
904
467
230
344
714
1801
430
3156
283
895
1091
503
1012
482
488
1044
2885
792
8668
328
2930
8041
769
1136
2371
416
913
644
800
1282
952
517
8676
3273
1825
715
1106
3809
648
618
306
534
512
4232
416
1456
360
291
555
364
3979
499
718
1693
127
268
477
2626
1186
1394
0
0
0
221
184
114
152
85
1605
140
142
508
327
483
1081
384
596
542
4118
431
1111
352
2149
336
1226
2829
422
5208
2612
1186
1248
1098
1981
1003
938
4492
1347
2008
1471
1262
4013
654
962
1978
1558
7198
3032
9589
935
1376
1215
2463
1207
6944
4855
727
9603
933
5702
780
1415
564
2318
2823
1325
2994
10091
2727
1016
2417
1426
1037
6249
1715
2751
1796
3233
770
1915
14628
797
7130
966
6598
5838
6093
1500
455
716
1658
558
358
341
3390
1038
244
377
425
338
400
444
318
200
562
265
1177
1248
1484
898
280
350
859
591
5379
351
1361
2015
2975
402
693
832
3317
3574
369
684
869
931
752
1087
2633
3048
591
9874
1770
2005
971
1829
647
1747
4618
454
1360
2780
1544
452
167
364
1068
2261
1985
910
1022
976
520
297
168
269
449
284
215
662
1064
180
576
279
221
184
114
0
0
0
70
53
62
334
118
197
173
158
457
3873
15962
1618
5190
443
951
2012
6073
3753
566
1505
419
1163
1872
8104
1885
2207
631
920
562
1157
1852
1880
1643
7689
1334
7254
2137
1439
9172
11635
4417
2036
1853
1374
1794
30102
1873
1360
978
1529
4820
1261
3705
36039
613
2211
719
1369
1204
10875
1543
1153
886
1852
3618
611
984
932
1923
2216
1534
10846
1600
1651
9906
6078
1081
7212
2318
2983
2361
760
396
630
673
1313
789
282
386
322
552
289
240
412
2441
420
213
272
809
501
1201
321
369
1237
8047
1688
420
1047
654
1079
1271
6995
665
2497
504
1498
5171
591
329
914
867
809
764
945
6589
12172
10471
3258
3681
688
2126
1792
782
339
541
778
767
5583
609
277
531
1718
702
255
1314
221
195
5863
493
3543
398
327
1697
270
582
262
192
283
871
152
85
1605
70
53
62
0
0
0
76
90
213
746
251
737
888
350
1151
300
1442
615
870
702
3635
522
268
381
1117
1992
5447
1729
7101
10722
11047
4167
6987
7910
3228
3371
4287
1168
1163
3823
1276
2588
3574
3804
10428
2731
2290
47975
2442
603
5548
2452
1932
841
583
1356
1902
626
1220
2203
3967
1951
6366
762
2398
471
738
2885
2423
1965
1313
5158
1139
719
900
4295
1083
1689
757
2414
7568
3035
2355
10265
122
174
232
320
393
335
134
440
1319
221
1939
279
2567
663
3198
813
1108
480
941
2325
545
1970
394
5045
325
1228
338
659
730
4001
1689
2263
2707
966
2680
655
4181
814
1625
1723
2110
676
7441
1726
2217
700
2010
708
931
530
930
1114
1254
1343
11850
3965
1052
397
938
341
783
1129
359
825
367
341
503
220
465
2130
1233
786
202
351
536
344
4669
1639
140
142
508
334
118
197
76
90
213
0
0
0
107
1810
267
628
643
1514
246
6755
568
1134
675
943
380
1920
471
1213
1549
3475
832
1730
913
810
15074
997
8990
835
1755
1141
13037
624
5230
1455
815
1078
919
802
13676
2196
1449
2957
2029
773
43703
471
1192
2216
414
5678
2767
2487
2332
2242
2001
1569
5210
1128
2103
3142
4626
1695
2837
3675
1156
2145
1008
1077
7651
4559
9506
1792
2990
2942
1633
725
59927
3505
224
1595
1209
3004
264
197
247
535
331
200
588
1606
1060
577
287
365
354
2028
1494
370
1181
574
2433
934
595
314
1237
2550
915
512
443
317
743
3369
1049
1475
652
1335
824
479
2338
401
943
663
3372
1002
1276
1573
1990
1165
2043
4496
2720
566
975
4262
2659
1877
1978
772
6146
670
645
780
990
3388
252
306
704
511
2362
307
452
1814
499
472
1020
327
483
1081
173
158
457
746
251
737
107
1810
267
0
0
0
820
3856
549
792
10413
307
2407
283
3403
392
2082
571
2466
1798
2468
912
704
885
1510
5749
14919
1075
712
1985
3773
5517
1217
2878
3155
18063
1846
1078
902
14491
1309
10726
2268
1416
3211
3369
4825
1026
2169
1267
2857
1419
768
1646
3135
2134
1611
2174
3211
28083
5394
3891
4210
6895
1218
13730
291
1185
1391
1115
9267
1675
3216
870
487
2347
1528
3473
989
1012
923
1032
2914
1224
914
1920
932
943
973
1132
1001
9887
365
326
866
13052
608
12087
1428
277
1325
394
1573
3143
189
353
1272
1026
830
1270
1932
1932
1969
891
736
1977
1092
641
703
4584
674
535
5055
752
871
1603
1373
4113
624
825
50037
2167
10037
2058
7978
1741
587
1596
847
1617
963
4041
1060
3145
717
1320
1397
1267
942
1018
773
1031
450
1019
1072
1991
384
596
542
3873
15962
1618
888
350
1151
628
643
1514
820
3856
549
0
0
0
130
1440
247
47
141
44
366
240
105
2803
2314
747
890
2879
762
2384
1872
4870
1689
1053
1695
2857
646
3348
3083
944
2296
6636
1836
6003
1590
1316
5114
2793
3364
2241
2533
2566
2663
2531
1335
2983
8193
1986
5066
2064
9251
1900
2173
2718
5053
5318
2637
5559
1673
2152
1120
1047
1712
596
1326
1237
7524
18662
2290
7367
2412
767
861
746
470
1862
819
3801
1154
313
1654
1406
394
556
4150
1188
4195
696
467
1980
816
1128
5114
701
231
1083
465
2885
638
1532
376
344
2846
915
2467
717
2123
329
770
1909
1161
2742
15708
3276
945
42641
1074
3213
3890
1556
6273
2060
612
2099
2102
3038
2025
1445
14514
11140
812
1000
1391
2343
1013
1330
996
1254
2778
725
1031
980
914
1036
2984
1844
252
4636
799
617
6452
4118
431
1111
5190
443
951
300
1442
615
246
6755
568
792
10413
307
130
1440
247
0
0
0
134
157
388
113
451
152
7676
2183
30460
8960
665
365
2792
1208
556
5268
1400
1618
2613
4459
7410
924
5230
2649
1972
1384
1102
2278
1693
1757
1792
879
2819
3171
2366
5240
556
1501
1373
1532
1141
453
17833
2143
5423
2083
11296
2347
25424
2270
1364
1339
1024
5069
858
499
1027
2309
1664
2457
3262
8121
10068
1747
2350
1138
302
347
1318
1606
4872
242
1312
15698
451
1181
737
5028
456
1133
1334
2161
1418
1071
468
464
6623
251
615
2630
1231
436
917
956
2667
910
2841
1169
2489
525
1254
1285
780
764
2732
3366
1038
22110
3656
426
2183
1612
2357
1217
898
1890
16381
1074
8517
2240
20651
544
648
7164
754
2329
2873
1163
2429
582
836
753
769
847
8907
920
5688
538
13605
1260
3158
1306
457
746
352
2149
336
2012
6073
3753
870
702
3635
1134
675
943
2407
283
3403
47
141
44
134
157
388
0
0
0
5380
143
707
4928
4249
3512
419
959
1440
2146
1404
8533
1274
1653
2834
1190
1294
2262
2053
11641
1728
1379
13300
11530
2838
8405
3874
1952
1814
5174
1553
4204
1706
406
2123
1132
1310
4669
904
1928
2994
2518
11420
1881
720
3477
3126
6975
876
17237
545
844
445
1418
495
1098
1881
1445
518
1482
494
1069
962
1572
603
546
545
857
771
557
374
573
756
298
15146
256
650
2010
1720
813
556
3335
186
1286
1516
500
486
539
5170
631
995
303
393
723
1725
8794
1746
607
495
903
1300
4101
671
1041
20628
1397
4895
1369
2183
970
2651
3976
6923
4607
2377
1514
2561
3928
2946
681
24197
2330
1206
1076
716
3283
695
1391
491
791
1209
876
856
1586
907
2050
346
1461
531
547
357
1226
2829
422
566
1505
419
522
268
381
380
1920
471
392
2082
571
366
240
105
113
451
152
5380
143
707
0
0
0
4102
772
1874
976
508
18343
652
740
1066
1167
4479
1543
13049
1011
16437
10440
2950
3241
5502
2221
866
1513
13771
5027
9912
4066
650
2756
900
3072
2195
661
3953
1316
3168
3643
2907
6266
5142
1144
5727
10370
3261
10469
1499
8066
992
7576
1792
4054
16056
894
7103
610
728
1484
11874
1550
2170
5801
2569
18860
1129
807
465
2471
1035
980
8728
771
13478
2136
1020
2597
2740
27253
5848
505
1509
770
3821
924
2832
949
1162
1328
960
1659
1642
737
1475
3914
1399
628
20810
1328
498
921
1798
1328
774
5412
474
3575
1679
371
1079
801
28264
1206
2414
760
312
1957
656
1368
897
616
1130
2530
5628
1908
3016
1106
644
946
1490
2895
928
1073
2253
3303
1854
1165
20133
2999
1898
3824
5208
2612
1186
1163
1872
8104
1117
1992
5447
1213
1549
3475
2466
1798
2468
2803
2314
747
7676
2183
30460
4928
4249
3512
4102
772
1874
0
0
0
1326
4869
2824
1357
6125
3783
320
1347
1570
2916
6511
2945
4258
2401
3411
431
266
840
203
1058
535
1919
1766
3112
2159
1386
622
37634
1837
1714
8287
1677
3536
2498
2529
4833
10750
4734
17477
1400
2511
1086
2313
3374
3846
3326
13973
9859
11113
6770
2037
1580
2505
3028
1697
11614
2363
890
2171
816
1275
22022
564
938
2910
8675
1843
436
8368
1797
1673
1916
902
501
6570
5085
494
4568
3053
1158
912
265
749
576
3582
1135
950
1371
2065
4986
1096
359
24547
3298
1427
1605
2797
6093
1687
10096
3484
4783
1873
1278
4674
61351
584
16270
1393
2498
2098
2045
2913
2002
1798
2175
3287
11175
1349
1303
1215
1549
781
9886
4220
2276
7115
1648
10351
1602
1212
489
5159
1622
1226
1248
1098
1981
1885
2207
631
1729
7101
10722
832
1730
913
912
704
885
890
2879
762
8960
665
365
419
959
1440
976
508
18343
1326
4869
2824
0
0
0
1054
1093
5720
896
558
2873
3014
1812
11950
8512
5186
1143
2383
1177
3302
2562
2200
17923
3238
2196
5807
4644
1236
3487
3360
1022
4690
1673
10404
2621
2758
6711
2883
9917
4537
14352
1700
1313
5410
16290
1565
917
5358
3419
3589
10387
1411
1625
386
565
751
1490
283
798
3971
3081
2003
2370
3505
13626
626
1263
1389
972
1001
597
1439
2301
941
28722
722
8944
832
2448
1337
15605
867
769
538
581
5940
1018
2318
890
3047
788
1339
8942
274
518
1692
1697
843
15491
695
1585
1709
3013
1573
4563
18764
2199
1459
909
10386
764
32105
648
4316
6608
557
16359
9408
1240
3262
929
4968
2245
1649
5068
2058
1875
3958
2362
2949
656
610
3435
2052
3541
2912
9240
1003
938
4492
920
562
1157
11047
4167
6987
810
15074
997
1510
5749
14919
2384
1872
4870
2792
1208
556
2146
1404
8533
652
740
1066
1357
6125
3783
1054
1093
5720
0
0
0
668
57
580
937
2291
11090
4951
3537
2406
1206
4286
1006
1151
1347
754
19107
7547
5823
1273
1550
3504
1897
4234
1585
2572
3379
2125
3849
4055
6766
1804
4460
17863
28500
1433
4677
1738
4722
1515
3899
4249
1079
898
1163
1259
1508
2410
7229
5049
2095
1029
1524
606
2028
933
997
913
2031
869
3136
1728
12990
11201
2064
2191
957
1482
850
19631
1304
1183
1160
1186
538
970
1727
1585
3197
1575
2420
805
798
622
796
2585
1984
455
31663
4099
3399
2355
8583
2932
1645
2154
550
2536
2515
7298
10288
1278
8723
869
900
2405
2545
962
4621
626
13291
2524
15935
3102
865
1681
1543
2137
10200
3204
2749
5318
5654
5352
2776
2278
1934
574
12983
2490
1347
2008
1471
1852
1880
1643
7910
3228
3371
8990
835
1755
1075
712
1985
1689
1053
1695
5268
1400
1618
1274
1653
2834
1167
4479
1543
320
1347
1570
896
558
2873
668
57
580
0
0
0
11089
13505
2406
7146
3908
1154
51556
2661
1063
943
1044
3851
3920
71649
14083
21025
9399
3456
3338
3052
4254
6699
1254
4786
3918
4672
42363
2878
3112
3591
3535
5478
40428
8860
1765
1920
3150
2385
7764
1332
1728
1620
2054
1698
2891
960
2378
1773
2069
4357
626
10079
2846
853
3669
1618
1332
650
2208
1726
7986
1027
1357
3800
6183
1306
1015
2917
818
1641
8919
16358
3588
1958
2047
4117
18743
3369
1731
5019
5440
39027
23225
1903
2695
8834
5317
1968
3446
1503
1899
5430
866
3520
5616
3529
1493
558
1328
3560
13983
1759
442
3455
1028
2045
2053
3135
621
655
221
1788
7672
921
1428
1435
3477
490
1389
5414
1218
558
654
1551
1691
771
1262
4013
654
7689
1334
7254
4287
1168
1163
1141
13037
624
3773
5517
1217
2857
646
3348
2613
4459
7410
1190
1294
2262
13049
1011
16437
2916
6511
2945
3014
1812
11950
937
2291
11090
11089
13505
2406
0
0
0
670
866
2431
1869
1199
29516
19549
1026
1696
4257
437
296
1791
1490
1317
1642
455
1445
641
992
2088
109
384
543
1402
11925
1982
527
246
520
6477
1316
3462
1882
2734
2515
3750
3463
3241
2774
22693
2082
5016
2930
34218
12161
2969
1006
762
730
2497
7789
2164
3384
2507
3395
1725
808
1718
990
3601
1241
28377
1249
697
6830
3294
1412
2075
1525
3554
1392
1249
5015
8193
1181
3956
1056
1282
7574
2181
3218
1859
23819
2002
4092
18611
696
1678
1554
313
1103
250
1103
397
4499
4232
526
1246
2279
1115
986
659
961
2304
933
2074
1789
3204
5986
1080
1221
1396
1255
5379
3112
1614
2606
2015
1631
1745
790
1423
962
1978
1558
2137
1439
9172
3823
1276
2588
5230
1455
815
2878
3155
18063
3083
944
2296
924
5230
2649
2053
11641
1728
10440
2950
3241
4258
2401
3411
8512
5186
1143
4951
3537
2406
7146
3908
1154
670
866
2431
0
0
0
5118
1049
5693
664
3131
1123
159
163
108
2151
1174
388
1163
1496
1009
1828
1559
872
3994
16273
534
5045
8211
2075
765
1819
5200
2942
35159
4668
5371
4076
9434
2268
2277
2775
3084
7421
2120
3908
2900
5062
1102
4053
605
1141
14353
5366
8933
1076
2881
3201
637
5580
3319
2162
1074
2200
1737
859
9527
1927
1916
3731
2019
894
3098
2881
3596
1115
766
8856
2167
1457
3905
14155
951
950
8402
1312
691
584
1058
442
1694
3825
1164
1406
2155
878
15038
3104
1025
810
965
1664
5592
1333
2376
945
2322
1539
1056
624
772
1071
1075
1319
1991
6778
1467
766
1670
8667
3740
1603
4095
6883
1382
1337
7198
3032
9589
11635
4417
2036
3574
3804
10428
1078
919
802
1846
1078
902
6636
1836
6003
1972
1384
1102
1379
13300
11530
5502
2221
866
431
266
840
2383
1177
3302
1206
4286
1006
51556
2661
1063
1869
1199
29516
5118
1049
5693
0
0
0
1837
192
427
1572
3570
623
4465
913
999
7522
5846
5409
1793
1532
8625
2169
2247
1077
13470
1754
2949
17942
809
26810
3203
3752
3449
3354
3566
3198
43895
9580
4375
1498
9301
1133
2145
2581
5148
983
4333
633
2709
12345
1571
563
4999
1613
1612
2928
1323
792
944
1279
1483
3157
9774
2640
1800
2201
4653
1286
841
1133
1164
1295
1424
1038
830
4477
722
2209
664
434
2056
2631
1763
1028
333
6725
1361
874
673
8125
1177
2666
2302
3620
439
765
1486
1458
1927
624
1214
1082
1044
12140
439
2320
758
2902
1911
4008
2665
6510
6714
16526
2236
2486
2303
4286
791
5584
1711
15879
21531
935
1376
1215
1853
1374
1794
2731
2290
47975
13676
2196
1449
14491
1309
10726
1590
1316
5114
2278
1693
1757
2838
8405
3874
1513
13771
5027
203
1058
535
2562
2200
17923
1151
1347
754
943
1044
3851
19549
1026
1696
664
3131
1123
1837
192
427
0
0
0
596
2155
3497
587
1033
766
9877
2368
2499
1353
5153
2506
5907
4408
7139
2235
9667
7063
62359
1714
3309
13473
2988
11260
1048
4803
2659
8229
5192
1604
15057
4998
2085
3009
1693
1504
1020
504
530
1437
2050
848
999
504
21983
725
5675
5754
439
677
2863
1758
693
2116
468
1293
1786
1394
6442
8631
2778
1860
1368
1291
1182
2043
641
2305
628
598
1954
4736
1395
1795
3097
1641
637
1928
639
3502
657
540
1132
580
2337
2713
625
781
2089
8483
1370
269
846
1418
693
676
706
5205
331
715
2224
2097
966
918
4438
1139
714
3991
6283
1478
527
801
11493
2731
2463
1207
6944
30102
1873
1360
2442
603
5548
2957
2029
773
2268
1416
3211
2793
3364
2241
1792
879
2819
1952
1814
5174
9912
4066
650
1919
1766
3112
3238
2196
5807
19107
7547
5823
3920
71649
14083
4257
437
296
159
163
108
1572
3570
623
596
2155
3497
0
0
0
388
1334
1412
888
2271
3864
817
1843
1017
735
1812
986
1537
4572
1715
2096
2074
780
7500
21736
2947
2662
46554
5643
10872
6553
2106
874
12931
7693
100057
14830
2654
974
1392
3493
2287
5897
1718
3860
19029
9524
1108
950
1306
2759
872
1481
841
1663
993
3329
866
798
4049
1176
2536
813
1438
5290
482
1245
901
649
6258
763
2046
2694
1437
2467
1741
1485
1502
1091
1112
593
528
10737
2737
2629
307
1146
421
389
2523
8020
443
5750
1238
386
20780
3939
34456
2419
1235
9305
2647
1945
1781
9426
2413
10646
3100
8124
895
3098
5438
2036
8968
2307
1000
4855
727
9603
978
1529
4820
2452
1932
841
43703
471
1192
3369
4825
1026
2533
2566
2663
3171
2366
5240
1553
4204
1706
2756
900
3072
2159
1386
622
4644
1236
3487
1273
1550
3504
21025
9399
3456
1791
1490
1317
2151
1174
388
4465
913
999
587
1033
766
388
1334
1412
0
0
0
18449
7716
4750
6617
11013
3316
3414
1998
3369
1688
2622
2668
2546
1849
1182
1639
1807
1684
3163
1504
7428
12734
2993
7644
3164
22329
4230
21084
6037
1952
8887
2390
2161
770
1066
3037
1300
1304
3298
1989
2946
8224
2601
28614
1649
14375
2189
5983
1724
3780
1672
1382
3365
1745
5377
1160
3731
854
3844
19171
4034
5021
9163
52449
2897
1575
3417
14818
2412
2453
2083
2536
807
2041
1400
2487
1634
10996
897
1024
3180
69622
3489
3098
2127
2293
2701
1337
1844
2796
2446
3488
2482
648
809
583
6111
3386
438
891
839
463
1985
720
491
2313
1306
4399
933
5702
780
1261
3705
36039
583
1356
1902
2216
414
5678
2169
1267
2857
2531
1335
2983
556
1501
1373
406
2123
1132
2195
661
3953
37634
1837
1714
3360
1022
4690
1897
4234
1585
3338
3052
4254
1642
455
1445
1163
1496
1009
7522
5846
5409
9877
2368
2499
888
2271
3864
18449
7716
4750
0
0
0
689
424
12274
1306
19872
1275
1658
267
7680
360
601
532
13376
4353
3287
5095
1910
945
1320
2279
14334
34977
1727
6132
1179
19346
5957
5622
927
2169
1083
12148
2000
4663
657
1729
2008
4170
1344
1320
5836
1498
2616
1488
4242
1261
1120
5287
8921
7320
17875
2358
1444
9480
1433
721
983
1875
9677
3502
16329
1909
3632
8718
470
4860
10118
2252
4167
598
1452
16553
3465
1508
762
5096
11413
3431
472
2328
2474
7255
9046
1446
747
949
783
362
993
803
414
5187
6361
37955
1130
1968
1494
1551
898
691
13755
2798
2321
673
985
1415
564
2318
613
2211
719
626
1220
2203
2767
2487
2332
1419
768
1646
8193
1986
5066
1532
1141
453
1310
4669
904
1316
3168
3643
8287
1677
3536
1673
10404
2621
2572
3379
2125
6699
1254
4786
641
992
2088
1828
1559
872
1793
1532
8625
1353
5153
2506
817
1843
1017
6617
11013
3316
689
424
12274
0
0
0
1209
479
1183
793
4510
11328
392
183
653
7901
2748
2200
23816
1067
958
2003
4568
1321
2324
3651
3128
4070
3350
8489
2930
2776
7120
1345
2603
19774
768
3953
8039
5358
1583
15400
1257
9278
6048
44657
1511
5187
900
8335
888
3896
1781
14464
1817
3946
1243
1599
2232
1092
1509
1642
2573
1608
3318
2796
1562
1062
2568
1267
9798
2160
1746
1518
8107
1735
930
4743
5507
10334
1405
1993
2397
2200
964
3414
1414
1479
1890
3853
2876
2619
573
15898
30754
6518
1014
1678
5072
1943
5110
22086
3472
663
9699
1429
810
618
2823
1325
2994
1369
1204
10875
3967
1951
6366
2242
2001
1569
3135
2134
1611
2064
9251
1900
17833
2143
5423
1928
2994
2518
2907
6266
5142
2498
2529
4833
2758
6711
2883
3849
4055
6766
3918
4672
42363
109
384
543
3994
16273
534
2169
2247
1077
5907
4408
7139
735
1812
986
3414
1998
3369
1306
19872
1275
1209
479
1183
0
0
0
1752
13432
6710
479
682
517
2164
53031
5541
6413
3117
1912
1854
5094
7858
2616
2704
3163
9801
1587
2403
1738
2374
4377
2247
658
495
1279
818
653
2080
1969
3056
2252
2939
1736
2554
2736
1487
1557
2239
7901
1773
12378
932
2424
4922
1378
2159
1665
7214
9235
3823
2753
7278
10850
4030
2480
4618
4928
2829
18366
4553
2602
2241
2763
1023
9353
1621
21603
1458
1832
1069
1549
3400
11805
6906
2184
1495
1735
1340
1354
7078
1677
1097
1807
1352
2088
1208
7851
627
1106
25436
12488
1661
1028
1035
803
8771
10091
2727
1016
1543
1153
886
762
2398
471
5210
1128
2103
2174
3211
28083
2173
2718
5053
2083
11296
2347
11420
1881
720
1144
5727
10370
10750
4734
17477
9917
4537
14352
1804
4460
17863
2878
3112
3591
1402
11925
1982
5045
8211
2075
13470
1754
2949
2235
9667
7063
1537
4572
1715
1688
2622
2668
1658
267
7680
793
4510
11328
1752
13432
6710
0
0
0
881
1108
9010
8663
432
6490
805
998
509
1833
1243
1140
7798
1592
1771
2414
2382
7168
18090
2259
7285
6111
1951
2438
773
1920
723
967
1166
1160
1346
1622
5532
3676
3413
2304
5661
2018
1771
3526
3270
2420
1226
27971
7119
15123
2027
1325
2092
6100
3187
2915
2000
4889
13250
1019
2701
2571
1473
13593
1871
2304
9922
1364
2535
3541
5024
3072
2110
5038
5439
1258
929
2308
1247
11417
1370
3562
1599
1350
6512
1317
1847
4184
2524
1385
1710
854
1051
502
8153
953
930
795
2430
569
2417
1426
1037
1852
3618
611
738
2885
2423
3142
4626
1695
5394
3891
4210
5318
2637
5559
25424
2270
1364
3477
3126
6975
3261
10469
1499
1400
2511
1086
1700
1313
5410
28500
1433
4677
3535
5478
40428
527
246
520
765
1819
5200
17942
809
26810
62359
1714
3309
2096
2074
780
2546
1849
1182
360
601
532
392
183
653
479
682
517
881
1108
9010
0
0
0
8090
7113
10199
1359
2130
10499
2462
1157
16578
4137
3313
2145
7414
5216
26979
4275
1964
768
8419
2041
2879
4250
2099
3474
20384
3562
3385
1760
1161
2061
1483
3897
1182
1405
2223
5768
7562
3331
14068
1654
971
1019
3171
1650
4360
1794
9387
54665
3526
3615
873
12390
2387
4837
1631
1974
1152
1498
1225
6683
1833
4909
2436
4656
1467
4474
1336
2587
1048
7266
7970
3530
1879
2394
2099
1947
2121
13181
2500
2843
2308
1443
1410
1095
5845
3153
1351
6474
1371
418
10101
449
2234
6249
1715
2751
984
932
1923
1965
1313
5158
2837
3675
1156
6895
1218
13730
1673
2152
1120
1339
1024
5069
876
17237
545
8066
992
7576
2313
3374
3846
16290
1565
917
1738
4722
1515
8860
1765
1920
6477
1316
3462
2942
35159
4668
3203
3752
3449
13473
2988
11260
7500
21736
2947
1639
1807
1684
13376
4353
3287
7901
2748
2200
2164
53031
5541
8663
432
6490
8090
7113
10199
0
0
0
694
1519
1027
1468
1478
2597
1992
1653
14310
804
1625
2208
456
1933
1241
6190
1149
52060
1552
1400
2223
1430
369
4494
1110
432
841
1040
18844
1390
2219
989
499
876
4957
1896
962
10219
2167
16552
1847
1085
3104
1008
2474
25357
1223
2096
1765
2576
1857
1783
2490
1905
888
597
1160
1754
3138
1065
1312
5817
1830
1067
1528
3184
783
1704
1844
10813
1248
7955
882
563
1534
1113
1800
934
2704
1109
663
13529
1698
1632
491
1381
531
1734
504
1762
1796
3233
770
2216
1534
10846
1139
719
900
2145
1008
1077
291
1185
1391
1047
1712
596
858
499
1027
844
445
1418
1792
4054
16056
3326
13973
9859
5358
3419
3589
3899
4249
1079
3150
2385
7764
1882
2734
2515
5371
4076
9434
3354
3566
3198
1048
4803
2659
2662
46554
5643
3163
1504
7428
5095
1910
945
23816
1067
958
6413
3117
1912
805
998
509
1359
2130
10499
694
1519
1027
0
0
0
968
3569
2697
1938
3709
523
2619
1148
5790
860
24725
2359
1853
759
1581
1077
2211
1975
11345
1831
726
969
5759
2055
1526
4253
1972
1472
8107
1037
1379
760
4935
2183
794
1029
2310
13843
912
1706
4046
475
6439
1235
2234
1024
3954
1561
10985
3899
27013
2659
3473
11600
864
2695
3907
4166
5901
19187
2811
12241
8684
2795
1695
13635
3992
1640
31396
2714
3064
2209
2502
8254
854
22500
2253
1871
2818
2171
2097
2124
15253
4034
1596
2281
1630
1915
14628
797
1600
1651
9906
4295
1083
1689
7651
4559
9506
1115
9267
1675
1326
1237
7524
2309
1664
2457
495
1098
1881
894
7103
610
11113
6770
2037
10387
1411
1625
898
1163
1259
1332
1728
1620
3750
3463
3241
2268
2277
2775
43895
9580
4375
8229
5192
1604
10872
6553
2106
12734
2993
7644
1320
2279
14334
2003
4568
1321
1854
5094
7858
1833
1243
1140
2462
1157
16578
1468
1478
2597
968
3569
2697
0
0
0
510
719
415
421
377
308
2273
9784
1845
2734
9601
1283
4236
660
2202
1233
6002
698
2396
697
4063
2333
2059
2958
3420
1762
835
1575
841
1596
1184
1275
1555
3125
956
3803
4196
2310
1828
690
2905
740
2313
4162
1661
5778
1179
37363
5367
5484
6869
4567
1586
2081
2950
6062
1389
37450
4330
2719
1968
5863
1467
9892
3266
806
20898
8322
2510
1270
1888
3244
2803
3991
2143
9436
2375
687
3428
1069
38388
1943
1068
5908
7130
966
6598
6078
1081
7212
757
2414
7568
1792
2990
2942
3216
870
487
18662
2290
7367
3262
8121
10068
1445
518
1482
728
1484
11874
1580
2505
3028
386
565
751
1508
2410
7229
2054
1698
2891
2774
22693
2082
3084
7421
2120
1498
9301
1133
15057
4998
2085
874
12931
7693
3164
22329
4230
34977
1727
6132
2324
3651
3128
2616
2704
3163
7798
1592
1771
4137
3313
2145
1992
1653
14310
1938
3709
523
510
719
415
0
0
0
314
1105
233
4988
2266
3491
16592
638
2217
2103
12100
846
3067
44872
8928
1268
5132
7768
6769
1420
3468
4440
6002
1560
6711
5489
4110
597
27259
1391
2170
1864
5258
2915
8134
2267
1959
1914
1974
44265
1543
2332
1442
3303
3194
5458
897
39508
1295
2129
6265
1578
1869
3021
2671
847
3688
1908
1450
2290
1935
3971
8174
6173
3341
34108
2021
2004
2791
953
2078
7121
2617
11330
2251
1707
1974
4594
6967
9866
643
5838
6093
1500
2318
2983
2361
3035
2355
10265
1633
725
59927
2347
1528
3473
2412
767
861
1747
2350
1138
494
1069
962
1550
2170
5801
1697
11614
2363
1490
283
798
5049
2095
1029
960
2378
1773
5016
2930
34218
3908
2900
5062
2145
2581
5148
3009
1693
1504
100057
14830
2654
21084
6037
1952
1179
19346
5957
4070
3350
8489
9801
1587
2403
2414
2382
7168
7414
5216
26979
804
1625
2208
2619
1148
5790
421
377
308
314
1105
233
0
0
0
