C_ijk
0
0
0
89
74
42
106
114
59
355
38
146
134
139
144
785
200
96
477
141
183
449
286
1200
6048
713
2795
406
10647
171
1303
224
5751
502
1074
20978
126
2123
234
865
2150
2960
819
189
512
3060
1300
492
8960
267
503
173
504
423
1544
421
351
244
533
611
2427
662
487
1044
1363
320
670
5112
902
590
1693
7975
216
1892
4545
786
436
432
157
394
222
557
224
369
695
381
366
1676
193
401
230
326
264
805
1760
1339
536
894
1307
2150
774
1147
470
758
397
941
1056
4124
2954
3637
1359
1636
684
1458
675
1343
2397
7733
500
1663
9839
1675
895
932
11489
557
3010
1006
740
750
1454
881
970
2745
2561
570
22592
5662
4586
3425
607
1273
3365
9488
1512
1686
4686
1467
654
10356
792
4185
3548
1350
1015
967
591
12280
8922
1423
25695
1242
3287
1375
2192
89
74
42
0
0
0
13
7
19
555
152
355
134
194
282
341
229
146
404
173
788
1293
5053
401
281
323
1414
605
390
1000
2242
965
627
704
855
744
421
949
257
1804
4488
366
570
818
1154
905
585
1011
789
1024
417
1308
401
145
256
1088
490
958
336
487
605
261
468
386
221
727
912
589
1068
1019
5521
1211
1312
968
1220
923
1597
2451
94
861
605
200
263
637
620
331
288
251
699
766
214
610
102
2697
1185
635
595
3280
469
2197
2794
613
1651
858
896
1167
1190
4392
1053
2330
969
1576
1491
4632
1072
1693
5139
3667
758
3331
1650
681
893
1790
3259
1629
876
1664
3988
877
1042
918
389
4512
985
1443
3128
831
3518
2324
2331
1399
3879
3386
629
914
1268
2052
1716
801
1455
1112
4888
1574
2277
2451
943
7122
2166
11908
1952
1393
2387
39346
2993
106
114
59
13
7
19
0
0
0
73
127
324
515
146
71
119
299
1075
283
100
180
5501
1395
365
1276
1139
1023
447
760
1328
3220
8821
5529
2153
355
649
64
412
1239
489
347
832
2740
778
398
303
615
303
400
2793
1134
1630
351
406
961
566
266
1060
309
163
415
232
604
413
693
350
272
6628
1138
653
921
390
780
981
279
580
1567
583
325
256
308
604
633
980
344
125
2198
1239
557
428
3702
309
874
604
479
669
3250
305
692
943
548
2489
339
296
657
615
1651
13241
1120
1312
2201
4245
1884
1123
1331
1688
2155
10587
1409
10623
1890
1859
1225
25260
10244
2541
1571
1049
8169
615
1381
1169
512
1847
1468
11192
838
4495
613
2035
1687
2822
7194
3647
1977
3149
1740
568
3453
1326
3701
10464
26731
1482
1919
4802
3042
717
3183
540
6430
1461
13611
6198
1245
355
38
146
555
152
355
73
127
324
0
0
0
88
360
186
110
402
1269
128
96
127
733
1223
1190
252
1663
307
3679
1341
1164
912
412
360
4167
758
346
230
183
2122
353
200
257
688
2985
395
474
1753
511
188
621
619
258
441
407
792
1449
1719
460
886
820
2832
443
617
660
480
360
2287
265
942
660
1186
609
5999
1358
704
2059
475
571
394
446
365
448
2265
522
542
1307
1520
460
769
3709
172
511
453
13848
989
2097
2201
536
845
5715
916
417
1161
434
1026
17689
1223
2820
1390
2701
7308
2130
521
2422
13675
1443
2119
1552
3579
4242
5062
1519
2824
1711
770
950
9950
4933
919
622
2188
1297
2115
663
1508
1413
1604
2210
727
1262
1462
3682
1730
1093
31396
1310
1497
847
3268
1607
1461
5527
3727
6574
738
4838
1459
2305
2972
1573
3199
843
6326
2198
51800
134
139
144
134
194
282
515
146
71
88
360
186
0
0
0
33
20
11
91
107
45
325
1891
501
1942
314
676
823
864
636
632
549
504
1019
1439
907
492
452
1218
428
702
645
920
351
378
4755
627
1409
390
435
427
1312
708
971
2119
492
952
3824
1884
1112
1459
690
1989
834
545
1521
2699
317
537
258
278
2009
1582
18129
261
738
765
410
503
162
6979
881
695
321
603
434
1576
1440
1628
1007
256
4611
100
4705
865
889
765
1568
713
625
12581
690
495
307
245
2610
9358
1228
439
5643
2354
1834
7751
664
913
3668
1123
2011
983
989
984
514
2353
4578
4440
916
2074
441
1387
12049
25682
1229
4233
737
2138
856
2531
5853
1256
574
2405
5045
13214
3719
7927
2568
2346
1640
1638
4167
3083
20766
13229
3780
6814
652
4189
1109
2138
1913
656
1213
1265
2226
1041
785
200
96
341
229
146
119
299
1075
110
402
1269
33
20
11
0
0
0
104
212
97
1598
849
504
330
389
836
2918
1240
490
1021
654
9097
4415
696
381
200
3254
291
367
818
242
839
469
1664
1839
2067
22641
725
2181
559
4824
160
510
1509
910
816
393
1246
634
3578
2179
694
1229
1451
500
923
249
272
528
674
531
1115
746
1090
761
1464
554
237
90
521
166
313
1162
1832
2140
594
450
3268
232
454
264
392
3276
1089
7903
1162
805
427
780
822
977
206
705
3227
1259
1121
3145
715
965
5118
3092
601
1231
680
2005
2262
1207
6574
1257
2079
1144
1687
2542
1678
2600
783
1848
15367
932
588
1954
669
6840
448
2139
7189
2067
2636
2507
4416
2678
10288
1468
6113
1905
2222
10523
3964
1872
1646
4093
2591
5705
2253
1560
1233
1872
5885
655
3145
4319
1648
2857
2962
477
141
183
404
173
788
283
100
180
128
96
127
91
107
45
104
212
97
0
0
0
577
777
987
513
803
249
1237
6176
355
428
403
999
481
1379
2445
406
484
304
272
1311
5942
3281
310
1379
726
3922
4031
662
488
3131
741
466
387
246
1134
2391
601
485
2948
407
442
4517
732
2490
738
683
1884
1542
374
2047
629
3072
715
2000
1233
998
783
432
252
346
1175
1581
4242
351
625
740
5339
389
738
272
821
426
1253
2095
16763
1491
1027
3272
910
1103
511
658
276
438
2577
429
4762
2620
2245
543
895
20738
1424
3109
710
13762
1622
3187
2533
766
6514
6664
42106
1223
1421
1251
1383
2567
1468
14879
12981
4317
4182
14572
1606
3869
1661
1588
9637
4065
1730
7098
2375
16410
1801
4687
8342
5534
2902
1521
15642
1540
605
1077
1711
4542
1887
1944
1035
9066
1801
984
1364
13057
449
286
1200
1293
5053
401
5501
1395
365
733
1223
1190
325
1891
501
1598
849
504
577
777
987
0
0
0
80
145
1949
386
209
2167
624
649
159
2693
767
669
320
1121
2414
1119
752
1631
416
2442
1639
2887
1534
1540
5682
10157
1695
1306
421
682
2614
3112
542
9792
577
3550
1000
2383
489
2711
2118
738
2258
274
455
1357
706
2207
3649
730
1507
1226
958
1222
1382
742
600
333
476
885
331
465
2128
583
609
291
293
242
819
654
414
1104
731
812
1133
1158
212
1505
491
502
5450
1476
5225
607
569
4256
352
693
519
294
990
320
1243
916
2699
3670
1465
1575
5002
510
2497
605
618
2151
1477
2953
2886
1897
1064
983
591
8836
22470
1897
1742
1016
4019
3941
2771
2814
1368
1256
1003
22841
2196
3538
2944
2279
3069
5656
6717
2187
2067
2022
1837
6903
1427
941
2336
880
1118
6048
713
2795
281
323
1414
1276
1139
1023
252
1663
307
1942
314
676
330
389
836
513
803
249
80
145
1949
0
0
0
713
735
3404
383
780
255
236
472
8606
1050
1395
326
3726
944
679
2036
551
1318
605
7246
1207
1096
4875
3031
942
4452
3067
949
1782
2050
8891
800
1477
4907
1162
953
11218
1551
933
2571
469
758
672
4712
549
972
8046
798
1635
2055
765
1410
2383
405
550
1099
392
558
1547
2343
765
690
1368
547
1262
4495
640
1561
2191
1247
147
955
912
150
1110
1618
1247
1511
1721
14479
9346
1464
1165
4004
1153
400
1086
467
4618
865
1646
1306
2128
4725
7231
1496
1514
1422
1005
22510
9784
1829
1227
1262
5381
3446
2032
2516
4785
4167
2981
1955
2146
2932
11209
966
5091
3076
9667
2061
5284
2005
5655
2239
2631
7520
9234
5362
15874
27941
2411
2423
328
1726
2664
5467
1675
777
406
10647
171
605
390
1000
447
760
1328
3679
1341
1164
823
864
636
2918
1240
490
1237
6176
355
386
209
2167
713
735
3404
0
0
0
180
328
1788
401
248
434
1182
174
130
609
567
494
828
240
1273
810
1443
873
462
446
927
964
338
1302
517
1347
978
568
8647
657
17236
17847
1115
527
1437
2422
1286
1529
757
2493
851
1408
7066
544
2886
2433
860
10244
4508
1372
497
17829
1939
878
2158
517
6021
1496
264
3709
787
2217
4599
985
937
564
4925
554
668
1112
1224
4654
2871
811
3885
939
580
1344
1125
1243
933
1830
969
1915
2610
2683
2222
1048
1982
1522
2725
2311
5159
958
1036
14383
1276
5559
5577
3331
3290
705
5946
1139
826
1783
6808
1829
6445
10083
3309
5113
3760
998
17892
2983
5465
8258
39000
1270
10509
1339
5009
2137
3923
939
2641
1520
1019
1172
11111
2424
3547
8905
21792
1303
224
5751
2242
965
627
3220
8821
5529
912
412
360
632
549
504
1021
654
9097
428
403
999
624
649
159
383
780
255
180
328
1788
0
0
0
77
256
140
648
308
2619
444
535
1334
804
470
190
5211
622
431
511
1692
6623
426
360
1056
968
850
490
1384
1736
842
693
19582
1582
943
21428
2866
977
519
2806
1730
781
847
2763
1572
722
724
2527
3975
536
989
1516
542
2266
434
1185
5638
1230
1473
2031
4449
846
850
547
2738
915
780
1256
412
416
1350
1968
803
1297
803
14306
5083
3656
1294
1342
13476
1099
4617
803
591
705
675
1015
1904
3002
1157
2963
17039
1469
642
3562
2937
1219
914
814
2460
1344
1026
1584
1334
442
3454
1191
2586
2212
2680
1889
7722
1952
66578
7639
4282
3982
8942
1890
5915
1728
18878
15411
11645
2164
8105
15085
1570
1998
1334
34076
38732
1732
23333
2403
502
1074
20978
704
855
744
2153
355
649
4167
758
346
1019
1439
907
4415
696
381
481
1379
2445
2693
767
669
236
472
8606
401
248
434
77
256
140
0
0
0
1514
670
1060
443
448
1113
756
382
1118
4464
6209
1651
1065
497
971
525
1733
983
3097
2406
3682
1541
873
645
1105
1296
8257
393
686
875
1479
1446
17369
914
8935
1612
11099
791
500
2702
3702
2868
709
735
13089
674
696
4452
1197
904
927
720
557
613
5729
605
2823
983
964
11163
1466
3001
2823
8395
12650
3449
5180
8490
531
830
1089
365
743
1182
1201
977
1513
541
4742
1397
943
1018
1012
4713
1426
1446
6562
812
2685
4333
1020
783
1908
1596
10529
3429
17094
5165
906
1261
1453
2371
5154
8358
663
3044
2806
9141
8318
1305
2367
12471
6050
1469
1293
3973
1247
1207
2608
861
1523
8904
1346
1258
2589
9350
1342
1605
2109
126
2123
234
421
949
257
64
412
1239
230
183
2122
492
452
1218
200
3254
291
406
484
304
320
1121
2414
1050
1395
326
1182
174
130
648
308
2619
1514
670
1060
0
0
0
1456
379
240
537
121
228
616
305
457
87
442
392
114
255
343
416
406
453
482
235
302
305
985
1105
431
427
774
1838
736
2365
8245
1859
1426
408
678
1952
609
527
2177
727
750
703
575
5072
1497
1263
892
332
369
978
749
216
198
401
2411
580
11880
7826
660
1342
1545
15353
4857
604
284
565
1727
772
1713
2094
2277
3357
2238
1987
2624
4916
5355
2637
449
1235
3176
1097
1113
2984
774
3386
1013
1604
2400
871
2360
797
1265
353
3005
3968
3751
1477
1553
1291
937
759
4042
9789
3043
3783
5223
7429
26369
3465
4934
6652
1960
1861
4294
1049
834
1598
1837
1458
1478
4654
1948
1624
3202
2014
865
2150
2960
1804
4488
366
489
347
832
353
200
257
428
702
645
367
818
242
272
1311
5942
1119
752
1631
3726
944
679
609
567
494
444
535
1334
443
448
1113
1456
379
240
0
0
0
217
165
722
887
587
1402
334
290
8527
611
546
334
748
515
385
1025
472
858
1482
572
919
648
1118
7877
2586
2133
894
2782
6229
13928
1059
1300
2470
1984
655
1084
896
6828
1034
1354
1053
475
947
1787
1745
637
636
409
633
12373
5160
6542
2887
1077
951
1640
2232
3104
1351
1129
2666
374
1188
355
1710
1156
1641
15087
3177
740
12443
443
1908
1316
534
1396
1475
1488
7007
13311
1218
428
3516
489
699
1004
1246
2183
626
1948
1943
15866
220
1245
1419
6286
3828
3367
11376
1982
2140
3610
20574
26787
28944
938
4937
4979
2138
1024
5201
711
2703
3721
3647
2490
1291
2344
10169
1200
10774
3619
2252
819
189
512
570
818
1154
2740
778
398
688
2985
395
920
351
378
839
469
1664
3281
310
1379
416
2442
1639
2036
551
1318
828
240
1273
804
470
190
756
382
1118
537
121
228
217
165
722
0
0
0
791
3267
649
175
303
723
167
493
1379
2864
2150
1925
1432
2040
838
1426
455
3996
1335
765
1721
427
711
868
842
5280
7985
2757
961
311
844
885
741
534
2782
471
1038
962
1169
742
3697
929
1265
204
1694
398
6037
1222
11436
3731
2147
880
3656
1715
1336
1887
1546
1175
819
769
1369
6865
400
2651
961
3188
567
3706
5580
9137
2450
3070
987
668
3182
6155
914
1756
5757
1266
751
467
4414
1466
1084
653
1211
1063
1166
614
2698
2528
1547
4198
1528
1441
3721
1807
6108
856
55726
2558
1514
1277
3873
1565
4025
1591
3773
1837
2811
7726
1125
10656
3119
4164
4455
25050
3714
2877
3060
1300
492
905
585
1011
303
615
303
474
1753
511
4755
627
1409
1839
2067
22641
726
3922
4031
2887
1534
1540
605
7246
1207
810
1443
873
5211
622
431
4464
6209
1651
616
305
457
887
587
1402
791
3267
649
0
0
0
399
535
610
1051
561
382
43
87
110
15594
463
2716
653
539
418
776
190
577
460
2029
4197
319
3143
8767
3038
821
432
616
1143
510
537
2453
482
3032
2573
2860
588
1888
1339
2462
501
1906
1223
2814
1053
1081
1945
1720
3408
1885
46596
29428
863
956
480
1969
1813
1042
1994
899
10310
1812
15452
3352
26080
5552
2156
44007
1260
1128
1534
962
1294
915
262
1575
7970
870
1522
602
1776
378
869
549
1008
975
1219
3261
4232
22109
6612
5840
3789
8106
2015
2349
2842
3143
2287
786
24257
1454
2125
2319
4014
922
5093
1712
2599
2387
4363
28214
10574
4653
3655
1603
7641
8960
267
503
789
1024
417
400
2793
1134
188
621
619
390
435
427
725
2181
559
662
488
3131
5682
10157
1695
1096
4875
3031
462
446
927
511
1692
6623
1065
497
971
87
442
392
334
290
8527
175
303
723
399
535
610
0
0
0
263
1400
762
90
49
95
954
457
288
479
875
484
586
3712
796
2576
3259
971
1429
2919
749
647
1001
3681
564
1719
860
232
5730
618
1106
1256
735
1834
833
9944
1010
334
1230
1099
857
955
1329
571
2724
1509
1136
3220
2072
2794
2749
706
2990
19612
2568
2364
876
2006
16698
6498
1066
1112
882
1228
11014
2338
7919
3536
774
4998
505
1839
3319
13186
9072
997
14306
782
269
983
755
550
927
566
2989
2799
2075
4572
2225
2043
6076
2665
6141
1026
15373
24442
543
17578
1572
2797
3203
3178
900
7419
2862
25335
1899
17708
1181
1248
3511
2899
2833
2114
173
504
423
1308
401
145
1630
351
406
258
441
407
1312
708
971
4824
160
510
741
466
387
1306
421
682
942
4452
3067
964
338
1302
426
360
1056
525
1733
983
114
255
343
611
546
334
167
493
1379
1051
561
382
263
1400
762
0
0
0
1131
244
795
1732
331
896
1153
204
261
454
284
717
1294
689
657
1588
3232
2791
778
438
1104
790
322
699
976
597
545
381
4676
284
461
1517
1440
673
415
2224
2600
4600
1508
1317
1353
991
932
1052
18851
1272
17871
779
1000
3619
2246
985
17711
4649
1044
23102
2198
3517
5274
5441
985
2581
3098
725
5591
643
945
1356
1130
768
1277
3186
877
1810
726
4380
1003
1325
1884
343
1063
1053
13169
1552
1310
1231
5869
2593
2560
10736
894
3136
8995
1663
3756
1158
5983
1033
4660
1778
2372
1374
2375
5363
8088
4020
962
2509
7585
23656
10117
1544
421
351
256
1088
490
961
566
266
792
1449
1719
2119
492
952
1509
910
816
246
1134
2391
2614
3112
542
949
1782
2050
517
1347
978
968
850
490
3097
2406
3682
416
406
453
748
515
385
2864
2150
1925
43
87
110
90
49
95
1131
244
795
0
0
0
1305
818
695
771
348
199
192
413
1609
1672
273
1259
1555
2653
1311
1667
2812
4732
903
689
2635
991
1092
596
1098
1209
1089
1450
1245
661
611
1189
492
4262
868
1396
633
1143
566
3667
1973
967
6908
2113
3317
3206
3453
1322
6244
1002
1986
6718
4528
1563
3360
637
1464
18069
1579
1242
999
5428
1340
1135
961
3204
1201
2895
4289
3665
885
1337
756
805
672
4793
1134
571
1185
666
2477
2119
2122
760
3227
2802
757
3013
690
2741
1093
2932
1618
2116
4449
3284
2782
1184
1389
7406
2431
715
1513
13860
16360
3808
815
3648
244
533
611
958
336
487
1060
309
163
460
886
820
3824
1884
1112
393
1246
634
601
485
2948
9792
577
3550
8891
800
1477
568
8647
657
1384
1736
842
1541
873
645
482
235
302
1025
472
858
1432
2040
838
15594
463
2716
954
457
288
1732
331
896
1305
818
695
0
0
0
379
889
379
126
202
275
208
743
3289
191
2222
2390
374
627
563
403
214
321
331
396
827
354
343
2398
228
872
1793
379
376
1170
1556
521
4097
6311
1623
309
678
1522
3393
955
1031
19141
1826
718
1833
2309
5326
6887
2288
1899
630
28288
549
3429
6129
718
1133
15628
584
9029
1299
745
3989
937
8287
6137
524
1346
819
592
554
1031
4314
1246
932
2219
1506
10377
1767
552
863
2167
674
2044
937
2674
4798
1084
3219
4830
1515
4545
2948
1126
797
1082
1784
1747
2738
6611
2768
1423
7733
3754
4855
2427
662
487
605
261
468
415
232
604
2832
443
617
1459
690
1989
3578
2179
694
407
442
4517
1000
2383
489
4907
1162
953
17236
17847
1115
693
19582
1582
1105
1296
8257
305
985
1105
1482
572
919
1426
455
3996
653
539
418
479
875
484
1153
204
261
771
348
199
379
889
379
0
0
0
401
240
506
1193
269
1108
949
1134
709
386
404
4532
218
1809
8106
395
1747
1090
448
410
392
1395
824
729
486
1180
316
1432
703
2271
4024
3252
1787
1657
971
1599
8567
15136
2640
17911
3530
1876
1060
890
2156
3715
10950
1117
5574
2413
1569
2138
1165
6860
1882
811
2750
5395
209
873
835
2831
1608
812
6716
1197
688
2475
1113
1598
995
955
3919
4038
1558
1681
693
324
843
695
3183
1651
6404
1119
8943
1706
1331
1352
1226
1813
1866
12496
879
2155
2729
1423
12592
2444
2347
11910
2159
1917
1044
1363
320
386
221
727
413
693
350
660
480
360
834
545
1521
1229
1451
500
732
2490
738
2711
2118
738
11218
1551
933
527
1437
2422
943
21428
2866
393
686
875
431
427
774
648
1118
7877
1335
765
1721
776
190
577
586
3712
796
454
284
717
192
413
1609
126
202
275
401
240
506
0
0
0
1080
1788
1219
921
549
1513
347
709
172
842
1073
3685
3693
320
161
271
554
1393
333
4629
278
765
1957
852
322
408
782
435
1707
8395
968
2547
23574
5676
882
312
1236
1062
2497
841
1327
1476
1011
3079
24181
6560
1850
1324
957
2145
756
733
3336
2288
2565
2162
1268
657
8820
1633
4112
493
909
1829
431
1089
695
1134
1932
912
1542
2919
1742
1196
2458
1349
6152
10326
2244
3127
1751
10998
2195
677
7119
1276
5157
3389
21670
2246
4459
1207
2796
4284
4620
3244
1368
1584
1085
670
5112
902
912
589
1068
272
6628
1138
2287
265
942
2699
317
537
923
249
272
683
1884
1542
2258
274
455
2571
469
758
1286
1529
757
977
519
2806
1479
1446
17369
1838
736
2365
2586
2133
894
427
711
868
460
2029
4197
2576
3259
971
1294
689
657
1672
273
1259
208
743
3289
1193
269
1108
1080
1788
1219
0
0
0
1975
851
511
241
33
32
59
35
207
645
276
4197
478
539
145
177
507
712
271
113
288
447
140
8179
1702
1078
3340
29831
387
1131
1098
309
3295
744
2009
391
32319
11284
2265
3295
1080
3288
1584
30233
1409
2967
2880
1070
1184
1891
1707
20473
1175
24816
1167
2754
2551
895
3036
7456
1576
1035
1108
1008
1862
1489
1213
568
4320
1790
818
4554
829
5365
1451
998
1629
2553
907
16481
6099
2006
1738
9009
819
7614
1494
3569
9300
1123
3114
10598
713
2015
3458
3818
590
1693
7975
1019
5521
1211
653
921
390
660
1186
609
258
278
2009
528
674
531
374
2047
629
1357
706
2207
672
4712
549
2493
851
1408
1730
781
847
914
8935
1612
8245
1859
1426
2782
6229
13928
842
5280
7985
319
3143
8767
1429
2919
749
1588
3232
2791
1555
2653
1311
191
2222
2390
949
1134
709
921
549
1513
1975
851
511
0
0
0
152
2304
1696
421
971
169
321
692
2178
388
3004
1254
4725
826
2587
808
734
828
685
437
1166
2224
720
2004
4676
1890
518
344
628
2275
262
1355
1112
1525
1883
4974
1579
917
1506
1465
1526
3818
2417
2640
3109
3916
4864
586
507
774
1126
6008
880
4346
786
2529
1949
6195
974
1266
2606
18957
960
1128
629
706
19708
8939
472
2590
338
4089
2173
1094
933
672
1517
687
1804
622
6207
1461
890
4764
1422
5862
5556
4268
962
1593
9116
2280
1417
216
1892
4545
1312
968
1220
780
981
279
5999
1358
704
1582
18129
261
1115
746
1090
3072
715
2000
3649
730
1507
972
8046
798
7066
544
2886
2763
1572
722
11099
791
500
408
678
1952
1059
1300
2470
2757
961
311
3038
821
432
647
1001
3681
778
438
1104
1667
2812
4732
374
627
563
386
404
4532
347
709
172
241
33
32
152
2304
1696
0
0
0
236
79
76
276
6536
451
474
1040
1332
157
734
587
235
85
269
378
633
805
1443
844
772
1611
1178
1709
1532
464
557
439
651
1524
1041
4209
1959
3501
7602
2369
2353
3364
4592
4349
5975
2314
1319
745
6790
1527
15487
1153
11428
7114
767
9328
926
2448
802
1229
523
887
1558
1729
5690
902
3032
5714
2024
545
2276
1263
3880
7594
4140
1485
2269
3253
2697
1159
4930
867
1042
796
1460
1929
1232
1831
2417
13036
1565
12674
4039
2537
786
436
432
923
1597
2451
580
1567
583
2059
475
571
738
765
410
761
1464
554
1233
998
783
1226
958
1222
1635
2055
765
2433
860
10244
724
2527
3975
2702
3702
2868
609
527
2177
1984
655
1084
844
885
741
616
1143
510
564
1719
860
790
322
699
903
689
2635
403
214
321
218
1809
8106
842
1073
3685
59
35
207
421
971
169
236
79
76
0
0
0
226
151
183
386
573
2223
129
96
310
213
272
153
303
1085
448
2669
803
9606
2294
7037
3218
2303
1860
707
3270
858
638
1443
1275
2127
946
1733
6315
5326
1967
1398
815
6975
13554
16762
3645
533
1952
4872
2493
4462
37596
4805
1856
2414
7818
3219
3578
1526
830
3652
3162
465
6602
2476
3493
525
300
8215
16163
1239
725
10642
1740
1554
1094
1032
7463
970
2208
7104
1326
1667
5244
1398
10870
5781
4820
2117
10486
6863
2461
157
394
222
94
861
605
325
256
308
394
446
365
503
162
6979
237
90
521
432
252
346
1382
742
600
1410
2383
405
4508
1372
497
536
989
1516
709
735
13089
727
750
703
896
6828
1034
534
2782
471
537
2453
482
232
5730
618
976
597
545
991
1092
596
331
396
827
395
1747
1090
3693
320
161
645
276
4197
321
692
2178
276
6536
451
226
151
183
0
0
0
1149
399
232
1132
1291
312
432
84
125
337
360
298
3085
421
683
6951
913
12699
3460
600
289
470
3308
220
2114
1123
1212
14387
908
5926
1686
2324
669
2773
1363
1261
3009
898
1182
2039
4778
2798
1388
2625
1258
1266
1704
16831
3542
3957
2137
896
1523
2778
10131
5324
683
503
7737
4337
1008
869
8896
1368
1359
2286
5209
1137
6022
3354
1321
2991
743
1487
534
907
1452
884
4951
8754
961
1173
905
4223
557
224
369
200
263
637
604
633
980
448
2265
522
881
695
321
166
313
1162
1175
1581
4242
333
476
885
550
1099
392
17829
1939
878
542
2266
434
674
696
4452
575
5072
1497
1354
1053
475
1038
962
1169
3032
2573
2860
1106
1256
735
381
4676
284
1098
1209
1089
354
343
2398
448
410
392
271
554
1393
478
539
145
388
3004
1254
474
1040
1332
386
573
2223
1149
399
232
0
0
0
48
71
46
376
60
799
89
205
188
2971
324
1329
786
791
1058
281
289
2049
763
218
733
2533
2769
836
18209
2093
2136
521
2408
2555
3056
29313
1343
972
835
1332
5961
5545
2641
1818
1003
979
14013
24850
1181
1095
2004
1075
2707
1134
3704
1674
1058
2087
7648
2835
928
2030
4060
4690
1106
2115
1971
1355
4805
2269
568
4628
1267
1369
1278
4860
1232
11469
795
1141
1030
2120
1624
1768
619
695
381
366
620
331
288
344
125
2198
542
1307
1520
603
434
1576
1832
2140
594
351
625
740
331
465
2128
558
1547
2343
2158
517
6021
1185
5638
1230
1197
904
927
1263
892
332
947
1787
1745
742
3697
929
588
1888
1339
1834
833
9944
461
1517
1440
1450
1245
661
228
872
1793
1395
824
729
333
4629
278
177
507
712
4725
826
2587
157
734
587
129
96
310
1132
1291
312
48
71
46
0
0
0
43
207
141
239
1014
1032
905
2222
1919
331
3360
1479
1530
1608
784
318
571
207
3320
2098
7131
1587
2695
4938
3321
2054
14270
1997
7191
4786
803
3498
2436
986
963
762
18401
2814
1956
3091
6962
2486
2777
8164
637
1809
24192
731
3232
1907
505
1596
751
1127
1979
2052
4559
2465
1704
6083
2196
559
1136
622
5652
4325
2354
611
1432
2888
1087
2541
2177
2414
3037
53241
3526
1980
1676
193
401
251
699
766
1239
557
428
460
769
3709
1440
1628
1007
450
3268
232
5339
389
738
583
609
291
765
690
1368
1496
264
3709
1473
2031
4449
720
557
613
369
978
749
637
636
409
1265
204
1694
2462
501
1906
1010
334
1230
673
415
2224
611
1189
492
379
376
1170
486
1180
316
765
1957
852
271
113
288
808
734
828
235
85
269
213
272
153
432
84
125
376
60
799
43
207
141
0
0
0
151
1229
906
2225
323
1030
424
3436
1590
11014
1009
641
675
334
508
1008
4035
1748
1351
889
1425
19608
1670
3220
3295
8057
6014
994
1521
400
2182
2752
2432
1822
1779
5259
1015
1675
3234
597
893
2104
1058
1858
2884
826
2576
2093
756
886
1247
590
685
4285
1469
742
527
3444
8558
604
1826
3859
2330
519
769
808
1477
2521
4319
1575
11981
14110
1808
1294
2889
230
326
264
214
610
102
3702
309
874
172
511
453
256
4611
100
454
264
392
272
821
426
293
242
819
547
1262
4495
787
2217
4599
846
850
547
5729
605
2823
216
198
401
633
12373
5160
398
6037
1222
1223
2814
1053
1099
857
955
2600
4600
1508
4262
868
1396
1556
521
4097
1432
703
2271
322
408
782
447
140
8179
685
437
1166
378
633
805
303
1085
448
337
360
298
89
205
188
239
1014
1032
151
1229
906
0
0
0
344
152
531
1660
947
227
335
1810
160
527
233
345
1446
1661
1188
631
1014
20359
1341
1203
1328
953
2216
50750
9870
510
1528
4706
1697
2369
4830
909
4119
3692
3663
6368
1997
2222
477
36498
15247
8753
1165
5236
1864
1678
579
3260
3342
6541
2837
3856
1555
1288
3193
37141
26838
690
2224
4343
969
1053
6058
34361
1519
6298
907
3044
929
2030
3278
1493
805
1760
1339
2697
1185
635
604
479
669
13848
989
2097
4705
865
889
3276
1089
7903
1253
2095
16763
654
414
1104
640
1561
2191
985
937
564
2738
915
780
983
964
11163
2411
580
11880
6542
2887
1077
11436
3731
2147
1081
1945
1720
1329
571
2724
1317
1353
991
633
1143
566
6311
1623
309
4024
3252
1787
435
1707
8395
1702
1078
3340
2224
720
2004
1443
844
772
2669
803
9606
3085
421
683
2971
324
1329
905
2222
1919
2225
323
1030
344
152
531
0
0
0
85
337
368
40
44
51
70
282
270
3667
2675
1539
3102
859
1294
1353
14661
2416
4506
1419
2293
7001
12274
8306
5233
3187
3458
1271
2949
5739
804
4196
853
2863
866
1965
2482
5821
1211
4633
3512
585
2773
14118
2191
6165
2175
9068
1266
2066
1156
17263
3921
2502
694
2002
1905
545
651
299
6261
1389
1496
452
3848
436
1095
1972
12521
536
894
1307
595
3280
469
3250
305
692
2201
536
845
765
1568
713
1162
805
427
1491
1027
3272
731
812
1133
1247
147
955
4925
554
668
1256
412
416
1466
3001
2823
7826
660
1342
951
1640
2232
880
3656
1715
3408
1885
46596
1509
1136
3220
932
1052
18851
3667
1973
967
678
1522
3393
1657
971
1599
968
2547
23574
29831
387
1131
4676
1890
518
1611
1178
1709
2294
7037
3218
6951
913
12699
786
791
1058
331
3360
1479
424
3436
1590
1660
947
227
85
337
368
0
0
0
703
319
369
164
473
223
1946
4950
1460
436
1584
5060
2592
1169
1847
1611
2319
4347
10983
2978
4723
1741
1710
12269
8828
2852
5978
2222
9563
2746
2951
1443
661
2207
8076
4771
1628
4062
2722
8370
9679
1787
1915
1430
6587
8272
3765
3735
726
3888
18222
901
3564
14285
1837
975
20930
767
1248
1003
2463
533
5139
3654
1248
8273
2150
774
1147
2197
2794
613
943
548
2489
5715
916
417
625
12581
690
780
822
977
910
1103
511
1158
212
1505
912
150
1110
1112
1224
4654
1350
1968
803
8395
12650
3449
1545
15353
4857
3104
1351
1129
1336
1887
1546
29428
863
956
2072
2794
2749
1272
17871
779
6908
2113
3317
955
1031
19141
8567
15136
2640
5676
882
312
1098
309
3295
344
628
2275
1532
464
557
2303
1860
707
3460
600
289
281
289
2049
1530
1608
784
11014
1009
641
335
1810
160
40
44
51
703
319
369
0
0
0
718
111
187
1608
1929
1375
820
673
5382
697
2259
1082
30248
6938
1333
3212
3030
3110
4567
20049
8190
2632
28084
2904
9331
2709
3156
15128
1765
7387
4944
2813
1989
2042
2930
1448
3292
1299
10581
2869
992
825
1693
757
1184
25793
1360
2063
21086
1341
8721
2675
1648
2322
688
931
676
2255
1057
10902
1674
1365
1228
470
758
397
1651
858
896
339
296
657
1161
434
1026
495
307
245
206
705
3227
658
276
438
491
502
5450
1618
1247
1511
2871
811
3885
1297
803
14306
5180
8490
531
604
284
565
2666
374
1188
1175
819
769
480
1969
1813
706
2990
19612
1000
3619
2246
3206
3453
1322
1826
718
1833
17911
3530
1876
1236
1062
2497
744
2009
391
262
1355
1112
439
651
1524
3270
858
638
470
3308
220
763
218
733
318
571
207
675
334
508
527
233
345
70
282
270
164
473
223
718
111
187
0
0
0
10811
780
3257
975
1011
1410
14929
2150
1030
19848
2164
4249
7317
15984
5986
11818
2823
1843
756
1659
2902
544
19843
1211
922
1974
2266
1862
1961
2825
467
1620
5415
1519
880
3120
7302
1441
6716
2802
2238
1300
1476
8200
4459
838
2698
5230
575
2140
1575
3142
1200
514
474
3406
7230
68815
2062
614
941
1056
4124
1167
1190
4392
615
1651
13241
17689
1223
2820
2610
9358
1228
1259
1121
3145
2577
429
4762
1476
5225
607
1721
14479
9346
939
580
1344
5083
3656
1294
830
1089
365
1727
772
1713
355
1710
1156
1369
6865
400
1042
1994
899
2568
2364
876
985
17711
4649
6244
1002
1986
2309
5326
6887
1060
890
2156
841
1327
1476
32319
11284
2265
1525
1883
4974
1041
4209
1959
1443
1275
2127
2114
1123
1212
2533
2769
836
3320
2098
7131
1008
4035
1748
1446
1661
1188
3667
2675
1539
1946
4950
1460
1608
1929
1375
10811
780
3257
0
0
0
1031
1210
2690
1808
3927
1401
4824
2507
721
1140
5397
7830
36753
2639
2023
708
427
804
437
343
152
2474
1890
5636
3859
1042
790
7263
34181
1832
1153
2110
12357
5001
6771
2768
4878
4532
5915
3762
3171
53154
2931
15481
11409
2833
2061
1322
1124
9459
6231
2750
2346
18709
2182
2786
1483
2954
3637
1359
1053
2330
969
1120
1312
2201
1390
2701
7308
439
5643
2354
715
965
5118
2620
2245
543
569
4256
352
1464
1165
4004
1125
1243
933
1342
13476
1099
743
1182
1201
2094
2277
3357
1641
15087
3177
2651
961
3188
10310
1812
15452
2006
16698
6498
1044
23102
2198
6718
4528
1563
2288
1899
630
3715
10950
1117
1011
3079
24181
3295
1080
3288
1579
917
1506
3501
7602
2369
946
1733
6315
14387
908
5926
18209
2093
2136
1587
2695
4938
1351
889
1425
631
1014
20359
3102
859
1294
436
1584
5060
820
673
5382
975
1011
1410
1031
1210
2690
0
0
0
5717
258
3359
2945
1284
789
1927
2403
6128
7995
22113
3203
7568
993
14651
15164
16767
2599
6715
8014
3076
1355
1142
25869
7533
1240
30115
21579
1053
909
43751
22463
1947
2982
4339
7520
936
1196
2538
17301
2250
1452
1602
3617
569
2157
699
10844
526
809
549
312
1095
1164
1636
684
1458
1576
1491
4632
4245
1884
1123
2130
521
2422
1834
7751
664
3092
601
1231
895
20738
1424
693
519
294
1153
400
1086
1830
969
1915
4617
803
591
977
1513
541
2238
1987
2624
740
12443
443
567
3706
5580
3352
26080
5552
1066
1112
882
3517
5274
5441
3360
637
1464
28288
549
3429
5574
2413
1569
6560
1850
1324
1584
30233
1409
1465
1526
3818
2353
3364
4592
5326
1967
1398
1686
2324
669
521
2408
2555
3321
2054
14270
19608
1670
3220
1341
1203
1328
1353
14661
2416
2592
1169
1847
697
2259
1082
14929
2150
1030
1808
3927
1401
5717
258
3359
0
0
0
181
906
110
3009
1531
2306
2514
1372
1225
3929
10753
4249
3167
959
1972
1554
950
1906
2377
11036
2490
5910
2492
880
1981
2110
1804
12610
4625
13228
3111
3106
3728
2621
7242
15441
2982
2364
1427
5479
1753
2915
697
1507
1163
2503
1632
1452
2184
8331
3375
675
1343
2397
1072
1693
5139
1331
1688
2155
13675
1443
2119
913
3668
1123
680
2005
2262
3109
710
13762
990
320
1243
467
4618
865
2610
2683
2222
705
675
1015
4742
1397
943
4916
5355
2637
1908
1316
534
9137
2450
3070
2156
44007
1260
1228
11014
2338
985
2581
3098
18069
1579
1242
6129
718
1133
2138
1165
6860
957
2145
756
2967
2880
1070
2417
2640
3109
4349
5975
2314
815
6975
13554
2773
1363
1261
3056
29313
1343
1997
7191
4786
3295
8057
6014
953
2216
50750
4506
1419
2293
1611
2319
4347
30248
6938
1333
19848
2164
4249
4824
2507
721
2945
1284
789
181
906
110
0
0
0
4318
9473
1289
4096
5270
2059
1011
2547
12518
1079
2395
5874
3053
3134
4523
2882
1163
2122
3508
25913
19899
13973
5146
2671
1364
2220
3613
5967
2726
1569
1036
4680
133963
1435
7324
1640
5043
2206
4103
1904
2095
4080
2073
13988
1165
3348
4944
9301
7733
500
1663
3667
758
3331
10587
1409
10623
1552
3579
4242
2011
983
989
1207
6574
1257
1622
3187
2533
916
2699
3670
1646
1306
2128
1048
1982
1522
1904
3002
1157
1018
1012
4713
449
1235
3176
1396
1475
1488
987
668
3182
1128
1534
962
7919
3536
774
725
5591
643
999
5428
1340
15628
584
9029
1882
811
2750
733
3336
2288
1184
1891
1707
3916
4864
586
1319
745
6790
16762
3645
533
3009
898
1182
972
835
1332
803
3498
2436
994
1521
400
9870
510
1528
7001
12274
8306
10983
2978
4723
3212
3030
3110
7317
15984
5986
1140
5397
7830
1927
2403
6128
3009
1531
2306
4318
9473
1289
0
0
0
1069
920
746
978
931
4336
5020
2012
1088
443
1557
625
19018
1112
5890
1047
20417
2457
397
448
339
435
147
251
890
1157
3135
7793
473
625
3387
913
727
1204
3039
2224
2120
2267
3676
107523
2674
2765
1327
2420
5473
9839
1675
895
1650
681
893
1890
1859
1225
5062
1519
2824
984
514
2353
2079
1144
1687
766
6514
6664
1465
1575
5002
4725
7231
1496
2725
2311
5159
2963
17039
1469
1426
1446
6562
1097
1113
2984
7007
13311
1218
6155
914
1756
1294
915
262
4998
505
1839
945
1356
1130
1135
961
3204
1299
745
3989
5395
209
873
2565
2162
1268
20473
1175
24816
507
774
1126
1527
15487
1153
1952
4872
2493
2039
4778
2798
5961
5545
2641
986
963
762
2182
2752
2432
4706
1697
2369
5233
3187
3458
1741
1710
12269
4567
20049
8190
11818
2823
1843
36753
2639
2023
7995
22113
3203
2514
1372
1225
4096
5270
2059
1069
920
746
0
0
0
1373
1095
3724
784
2019
1416
106
1448
245
7757
854
1212
1482
1138
2311
7010
1747
815
514
7397
6341
1659
1296
2682
2052
2040
5626
4181
4704
6980
4742
9351
4602
16698
2450
8144
3860
4962
1956
10545
17305
2029
932
11489
557
1790
3259
1629
25260
10244
2541
1711
770
950
4578
4440
916
2542
1678
2600
42106
1223
1421
510
2497
605
1514
1422
1005
958
1036
14383
642
3562
2937
812
2685
4333
774
3386
1013
428
3516
489
5757
1266
751
1575
7970
870
3319
13186
9072
768
1277
3186
1201
2895
4289
937
8287
6137
835
2831
1608
657
8820
1633
1167
2754
2551
6008
880
4346
11428
7114
767
4462
37596
4805
1388
2625
1258
1818
1003
979
18401
2814
1956
1822
1779
5259
4830
909
4119
1271
2949
5739
8828
2852
5978
2632
28084
2904
756
1659
2902
708
427
804
7568
993
14651
3929
10753
4249
1011
2547
12518
978
931
4336
1373
1095
3724
0
0
0
177
301
167
1189
624
1894
584
1863
1038
6483
5773
5818
2933
1052
35524
3160
2544
2657
1518
2119
7527
3440
4328
13744
3297
2072
7942
3553
1222
9087
1990
11275
3615
9423
6450
2895
5233
11232
4519
3010
1006
740
876
1664
3988
1571
1049
8169
9950
4933
919
2074
441
1387
783
1848
15367
1251
1383
2567
618
2151
1477
22510
9784
1829
1276
5559
5577
1219
914
814
1020
783
1908
1604
2400
871
699
1004
1246
467
4414
1466
1522
602
1776
997
14306
782
877
1810
726
3665
885
1337
524
1346
819
812
6716
1197
4112
493
909
895
3036
7456
786
2529
1949
9328
926
2448
1856
2414
7818
1266
1704
16831
14013
24850
1181
3091
6962
2486
1015
1675
3234
3692
3663
6368
804
4196
853
2222
9563
2746
9331
2709
3156
544
19843
1211
437
343
152
15164
16767
2599
3167
959
1972
1079
2395
5874
5020
2012
1088
784
2019
1416
177
301
167
0
0
0
2801
1718
1403
1910
10474
955
5358
13670
5948
1590
3164
1310
3581
2743
5662
1853
10480
1159
10722
1978
1384
3784
2379
3477
6249
17383
7086
7059
5415
1765
5465
7535
2504
7119
2665
99629
750
1454
881
877
1042
918
615
1381
1169
622
2188
1297
12049
25682
1229
932
588
1954
1468
14879
12981
2953
2886
1897
1227
1262
5381
3331
3290
705
2460
1344
1026
1596
10529
3429
2360
797
1265
2183
626
1948
1084
653
1211
378
869
549
269
983
755
4380
1003
1325
756
805
672
592
554
1031
688
2475
1113
1829
431
1089
1576
1035
1108
6195
974
1266
802
1229
523
3219
3578
1526
3542
3957
2137
1095
2004
1075
2777
8164
637
597
893
2104
1997
2222
477
2863
866
1965
2951
1443
661
15128
1765
7387
922
1974
2266
2474
1890
5636
6715
8014
3076
1554
950
1906
3053
3134
4523
443
1557
625
106
1448
245
1189
624
1894
2801
1718
1403
0
0
0
6155
4092
778
3388
3809
2754
1537
1667
548
1605
379
610
1939
3863
3426
3704
1023
2155
2219
9277
1510
3963
5917
3177
1982
2255
2408
8931
8241
3596
1925
4863
10707
970
2745
2561
389
4512
985
512
1847
1468
2115
663
1508
4233
737
2138
669
6840
448
4317
4182
14572
1064
983
591
3446
2032
2516
5946
1139
826
1584
1334
442
17094
5165
906
353
3005
3968
1943
15866
220
1063
1166
614
1008
975
1219
550
927
566
1884
343
1063
4793
1134
571
4314
1246
932
1598
995
955
695
1134
1932
1008
1862
1489
2606
18957
960
887
1558
1729
830
3652
3162
896
1523
2778
2707
1134
3704
1809
24192
731
1058
1858
2884
36498
15247
8753
2482
5821
1211
2207
8076
4771
4944
2813
1989
1862
1961
2825
3859
1042
790
1355
1142
25869
2377
11036
2490
2882
1163
2122
19018
1112
5890
7757
854
1212
584
1863
1038
1910
10474
955
6155
4092
778
0
0
0
6413
1293
2797
14987
2072
1175
1987
2912
1240
8859
2003
49075
2829
2507
835
4409
1905
7513
3393
3007
1261
3668
2005
2795
2275
2913
2688
1938
6396
2237
570
22592
5662
1443
3128
831
11192
838
4495
1413
1604
2210
856
2531
5853
2139
7189
2067
1606
3869
1661
8836
22470
1897
4785
4167
2981
1783
6808
1829
3454
1191
2586
1261
1453
2371
3751
1477
1553
1245
1419
6286
2698
2528
1547
3261
4232
22109
2989
2799
2075
1053
13169
1552
1185
666
2477
2219
1506
10377
3919
4038
1558
912
1542
2919
1213
568
4320
1128
629
706
5690
902
3032
465
6602
2476
10131
5324
683
1674
1058
2087
3232
1907
505
826
2576
2093
1165
5236
1864
4633
3512
585
1628
4062
2722
2042
2930
1448
467
1620
5415
7263
34181
1832
7533
1240
30115
5910
2492
880
3508
25913
19899
1047
20417
2457
1482
1138
2311
6483
5773
5818
5358
13670
5948
3388
3809
2754
6413
1293
2797
0
0
0
1367
1398
4191
1223
1033
2750
479
7462
907
329
3086
1277
1386
4878
1145
706
4214
635
1101
24784
1296
11426
3566
17524
3062
2730
2501
4586
3425
607
3518
2324
2331
613
2035
1687
727
1262
1462
1256
574
2405
2636
2507
4416
1588
9637
4065
1742
1016
4019
1955
2146
2932
6445
10083
3309
2212
2680
1889
5154
8358
663
1291
937
759
3828
3367
11376
4198
1528
1441
6612
5840
3789
4572
2225
2043
1310
1231
5869
2119
2122
760
1767
552
863
1681
693
324
1742
1196
2458
1790
818
4554
19708
8939
472
5714
2024
545
3493
525
300
503
7737
4337
7648
2835
928
1596
751
1127
756
886
1247
1678
579
3260
2773
14118
2191
8370
9679
1787
3292
1299
10581
1519
880
3120
1153
2110
12357
21579
1053
909
1981
2110
1804
13973
5146
2671
397
448
339
7010
1747
815
2933
1052
35524
1590
3164
1310
1537
1667
548
14987
2072
1175
1367
1398
4191
0
0
0
645
2043
1457
1981
468
566
344
606
310
14244
1166
1289
1890
21135
1488
2063
7727
5967
2003
4462
10491
25523
3278
3342
1273
3365
9488
1399
3879
3386
2822
7194
3647
3682
1730
1093
5045
13214
3719
2678
10288
1468
1730
7098
2375
3941
2771
2814
11209
966
5091
5113
3760
998
7722
1952
66578
3044
2806
9141
4042
9789
3043
1982
2140
3610
3721
1807
6108
8106
2015
2349
6076
2665
6141
2593
2560
10736
3227
2802
757
2167
674
2044
843
695
3183
1349
6152
10326
829
5365
1451
2590
338
4089
2276
1263
3880
8215
16163
1239
1008
869
8896
2030
4060
4690
1979
2052
4559
590
685
4285
3342
6541
2837
6165
2175
9068
1915
1430
6587
2869
992
825
7302
1441
6716
5001
6771
2768
43751
22463
1947
12610
4625
13228
1364
2220
3613
435
147
251
514
7397
6341
3160
2544
2657
3581
2743
5662
1605
379
610
1987
2912
1240
1223
1033
2750
645
2043
1457
0
0
0
10843
7398
12496
656
413
883
6513
1381
2080
1539
24211
4146
1939
7255
4054
10760
28405
2772
3704
4376
1478
1512
1686
4686
629
914
1268
1977
3149
1740
31396
1310
1497
7927
2568
2346
6113
1905
2222
16410
1801
4687
1368
1256
1003
3076
9667
2061
17892
2983
5465
7639
4282
3982
8318
1305
2367
3783
5223
7429
20574
26787
28944
856
55726
2558
2842
3143
2287
1026
15373
24442
894
3136
8995
3013
690
2741
937
2674
4798
1651
6404
1119
2244
3127
1751
998
1629
2553
2173
1094
933
7594
4140
1485
725
10642
1740
1368
1359
2286
1106
2115
1971
2465
1704
6083
1469
742
527
3856
1555
1288
1266
2066
1156
8272
3765
3735
1693
757
1184
2802
2238
1300
4878
4532
5915
2982
4339
7520
3111
3106
3728
5967
2726
1569
890
1157
3135
1659
1296
2682
1518
2119
7527
1853
10480
1159
1939
3863
3426
8859
2003
49075
479
7462
907
1981
468
566
10843
7398
12496
0
0
0
2556
1550
904
409
1254
1903
2817
822
1399
7124
5769
1554
2603
2174
6452
1306
4024
56074
1467
654
10356
2052
1716
801
568
3453
1326
847
3268
1607
1640
1638
4167
10523
3964
1872
8342
5534
2902
22841
2196
3538
5284
2005
5655
8258
39000
1270
8942
1890
5915
12471
6050
1469
26369
3465
4934
938
4937
4979
1514
1277
3873
786
24257
1454
543
17578
1572
1663
3756
1158
1093
2932
1618
1084
3219
4830
8943
1706
1331
10998
2195
677
907
16481
6099
672
1517
687
2269
3253
2697
1554
1094
1032
5209
1137
6022
1355
4805
2269
2196
559
1136
3444
8558
604
3193
37141
26838
17263
3921
2502
726
3888
18222
25793
1360
2063
1476
8200
4459
3762
3171
53154
936
1196
2538
2621
7242
15441
1036
4680
133963
7793
473
625
2052
2040
5626
3440
4328
13744
10722
1978
1384
3704
1023
2155
2829
2507
835
329
3086
1277
344
606
310
656
413
883
2556
1550
904
0
0
0
772
4041
2006
1949
11806
5467
3149
12456
3227
2571
31303
12675
2070
3146
5865
792
4185
3548
1455
1112
4888
3701
10464
26731
1461
5527
3727
3083
20766
13229
1646
4093
2591
1521
15642
1540
2944
2279
3069
2239
2631
7520
10509
1339
5009
1728
18878
15411
1293
3973
1247
6652
1960
1861
2138
1024
5201
1565
4025
1591
2125
2319
4014
2797
3203
3178
5983
1033
4660
2116
4449
3284
1515
4545
2948
1352
1226
1813
7119
1276
5157
2006
1738
9009
1804
622
6207
1159
4930
867
7463
970
2208
3354
1321
2991
568
4628
1267
622
5652
4325
1826
3859
2330
690
2224
4343
694
2002
1905
901
3564
14285
21086
1341
8721
838
2698
5230
2931
15481
11409
17301
2250
1452
2982
2364
1427
1435
7324
1640
3387
913
727
4181
4704
6980
3297
2072
7942
3784
2379
3477
2219
9277
1510
4409
1905
7513
1386
4878
1145
14244
1166
1289
6513
1381
2080
409
1254
1903
772
4041
2006
0
0
0
563
507
534
1307
2005
4699
1365
1224
6342
1414
6905
5923
1350
1015
967
1574
2277
2451
1482
1919
4802
6574
738
4838
3780
6814
652
5705
2253
1560
605
1077
1711
5656
6717
2187
9234
5362
15874
2137
3923
939
11645
2164
8105
1207
2608
861
4294
1049
834
711
2703
3721
3773
1837
2811
922
5093
1712
900
7419
2862
1778
2372
1374
2782
1184
1389
1126
797
1082
1866
12496
879
3389
21670
2246
819
7614
1494
1461
890
4764
1042
796
1460
7104
1326
1667
743
1487
534
1369
1278
4860
2354
611
1432
519
769
808
969
1053
6058
545
651
299
1837
975
20930
2675
1648
2322
575
2140
1575
2833
2061
1322
1602
3617
569
5479
1753
2915
5043
2206
4103
1204
3039
2224
4742
9351
4602
3553
1222
9087
6249
17383
7086
3963
5917
3177
3393
3007
1261
706
4214
635
1890
21135
1488
1539
24211
4146
2817
822
1399
1949
11806
5467
563
507
534
0
0
0
1175
9381
9964
1044
2822
901
2235
1138
1072
591
12280
8922
943
7122
2166
3042
717
3183
1459
2305
2972
4189
1109
2138
1233
1872
5885
4542
1887
1944
2067
2022
1837
27941
2411
2423
2641
1520
1019
15085
1570
1998
1523
8904
1346
1598
1837
1458
3647
2490
1291
7726
1125
10656
2599
2387
4363
25335
1899
17708
2375
5363
8088
7406
2431
715
1784
1747
2738
2155
2729
1423
4459
1207
2796
3569
9300
1123
1422
5862
5556
1929
1232
1831
5244
1398
10870
907
1452
884
1232
11469
795
2888
1087
2541
1477
2521
4319
34361
1519
6298
6261
1389
1496
767
1248
1003
688
931
676
3142
1200
514
1124
9459
6231
2157
699
10844
697
1507
1163
1904
2095
4080
2120
2267
3676
16698
2450
8144
1990
11275
3615
7059
5415
1765
1982
2255
2408
3668
2005
2795
1101
24784
1296
2063
7727
5967
1939
7255
4054
7124
5769
1554
3149
12456
3227
1307
2005
4699
1175
9381
9964
0
0
0
1540
1014
553
503
357
1902
1423
25695
1242
11908
1952
1393
540
6430
1461
1573
3199
843
1913
656
1213
655
3145
4319
1035
9066
1801
6903
1427
941
328
1726
2664
1172
11111
2424
1334
34076
38732
1258
2589
9350
1478
4654
1948
2344
10169
1200
3119
4164
4455
28214
10574
4653
1181
1248
3511
4020
962
2509
1513
13860
16360
6611
2768
1423
12592
2444
2347
4284
4620
3244
3114
10598
713
4268
962
1593
2417
13036
1565
5781
4820
2117
4951
8754
961
1141
1030
2120
2177
2414
3037
1575
11981
14110
907
3044
929
452
3848
436
2463
533
5139
2255
1057
10902
474
3406
7230
2750
2346
18709
526
809
549
2503
1632
1452
2073
13988
1165
107523
2674
2765
3860
4962
1956
9423
6450
2895
5465
7535
2504
8931
8241
3596
2275
2913
2688
11426
3566
17524
2003
4462
10491
10760
28405
2772
2603
2174
6452
2571
31303
12675
1365
1224
6342
1044
2822
901
1540
1014
553
0
0
0
260
252
395
3287
1375
2192
2387
39346
2993
13611
6198
1245
6326
2198
51800
1265
2226
1041
1648
2857
2962
984
1364
13057
2336
880
1118
5467
1675
777
3547
8905
21792
1732
23333
2403
1342
1605
2109
1624
3202
2014
10774
3619
2252
25050
3714
2877
3655
1603
7641
2899
2833
2114
7585
23656
10117
3808
815
3648
7733
3754
4855
11910
2159
1917
1368
1584
1085
2015
3458
3818
9116
2280
1417
12674
4039
2537
10486
6863
2461
1173
905
4223
1624
1768
619
53241
3526
1980
1808
1294
2889
2030
3278
1493
1095
1972
12521
3654
1248
8273
1674
1365
1228
68815
2062
614
2182
2786
1483
312
1095
1164
2184
8331
3375
3348
4944
9301
1327
2420
5473
10545
17305
2029
5233
11232
4519
7119
2665
99629
1925
4863
10707
1938
6396
2237
3062
2730
2501
25523
3278
3342
3704
4376
1478
1306
4024
56074
2070
3146
5865
1414
6905
5923
2235
1138
1072
503
357
1902
260
252
395
0
0
0
