C_ijk
0
0
0
56
104
2148
36
66
564
123
86
630
1907
445
142
157
547
86
1032
813
148
447
750
519
526
8753
542
750
338
276
762
2399
760
2879
1445
966
10928
364
282
483
714
819
561
197
7006
4467
6328
1685
484
628
6107
704
307
242
519
5118
1052
278
347
1558
356
8823
985
272
462
541
2038
633
1109
1881
500
854
241
1324
630
1673
1010
267
249
105
5241
162
493
439
234
2787
359
181
219
3160
133
249
791
529
3762
376
1144
1052
316
438
630
775
8151
5834
422
883
1811
1570
1053
1468
10179
1285
1598
2614
3649
5721
5296
2122
3876
3630
2060
489
4358
871
1537
1413
515
2881
28470
1331
6521
2218
868
368
2400
1280
2341
7148
5225
970
1916
2603
1227
922
5368
2856
1133
1855
4017
3208
3231
3537
2226
827
899
2305
3357
3222
2010
28365
2632
2616
3744
3303
1846
56
104
2148
0
0
0
11
2
7
165
681
745
189
1027
314
195
452
788
260
137
561
1783
1111
1364
2352
647
2088
8289
763
1114
607
13529
384
629
603
988
200
284
2790
1764
875
514
2290
647
453
1203
2469
1782
1027
6955
1126
506
518
429
1418
508
2212
1081
218
4835
1108
13562
1189
93
542
5138
273
452
871
966
5332
682
2059
452
663
390
6980
1953
452
132
321
312
1005
658
526
133
228
116
1370
428
761
144
158
2606
1118
883
839
996
2617
10464
1415
716
263
1216
258
859
1071
4485
3054
968
11013
537
1046
1022
2607
1627
6772
1559
696
2258
2088
1084
1055
3029
2061
1431
2911
2234
2535
1018
650
2210
1350
2709
3258
1931
1475
10417
12199
1402
883
1266
1088
10487
3310
1121
1017
2755
1851
2206
2931
6303
2667
1119
563
1119
3519
5724
3708
21773
1527
500
1289
1236
1718
36
66
564
11
2
7
0
0
0
134
434
1278
414
4087
193
141
177
503
397
187
151
720
11734
485
956
1092
3549
645
261
644
1171
478
10623
927
735
858
136
382
562
282
1466
5245
195
14881
539
745
13161
609
541
384
627
293
192
508
696
1655
572
750
346
3351
5221
1062
715
138
206
610
6849
208
202
509
323
459
235
560
320
961
495
2614
324
1568
282
340
1315
305
580
261
1181
1078
388
162
268
332
603
761
1351
4788
283
804
429
937
342
2029
6632
859
780
1687
1466
2563
1032
2338
4348
2190
1031
2610
14197
1123
1509
1946
1350
4195
1071
40222
2008
808
903
2805
27211
1072
5767
1749
4153
1284
1021
1361
1654
2710
14068
14155
2113
4803
1415
1247
3275
499
2084
832
2715
690
3916
15616
1356
597
3236
1490
5571
898
2941
3581
1367
1061
2216
1637
1810
613
1497
123
86
630
165
681
745
134
434
1278
0
0
0
352
206
64
151
132
244
953
125
392
1193
281
336
325
2826
3028
2295
456
249
635
1041
446
603
2388
2764
110
212
479
466
783
1820
279
5237
3249
770
797
365
931
1174
1260
271
652
334
3075
550
6225
471
1754
572
1155
345
2358
227
443
2097
523
511
1523
1160
2993
2686
13852
287
17458
995
320
2262
488
207
440
458
330
693
1929
573
632
148
1299
1739
239
4531
432
7444
5672
483
936
704
2422
1864
1906
953
962
1105
585
1043
1688
698
1323
868
1569
12749
2627
1606
2244
870
6960
2151
1883
3795
3720
15098
648
2679
588
2380
6223
7561
2661
1594
1288
1827
1747
1250
950
5679
1377
7260
1336
1740
1996
2640
1855
2098
12293
1944
1024
1569
18555
2844
1697
13057
3656
1648
1433
12772
5559
1719
3344
2294
1060
6694
930
3254
2345
1907
445
142
189
1027
314
414
4087
193
352
206
64
0
0
0
32
27
34
33
29
266
405
884
184
326
460
4561
1566
866
745
234
551
2502
1051
803
1486
521
228
455
1099
1604
1527
1481
802
3345
752
779
1543
4559
521
1436
637
398
684
811
1239
1020
474
1730
961
421
475
1084
926
307
384
599
9224
880
847
2075
6053
761
1227
316
4221
899
501
170
261
128
354
226
1003
505
901
457
337
221
4513
2376
374
428
1120
571
8654
1681
2111
805
987
1463
614
1625
500
416
6016
526
1585
737
1130
503
868
1312
828
984
9116
1443
812
857
7615
1145
3056
1567
961
1217
4151
3005
1179
34042
942
2225
4118
467
3008
1480
875
2948
4257
2898
880
2010
6612
1664
2914
4882
4985
9942
15835
8798
2368
1819
3635
2716
2744
730
913
6060
1863
1052
1179
1472
1598
983
3829
2145
157
547
86
195
452
788
141
177
503
151
132
244
32
27
34
0
0
0
131
109
304
1145
200
903
1844
597
2108
1645
20062
879
5904
389
679
2334
607
749
257
1636
1107
1352
1140
610
411
1973
585
2774
2141
318
4281
1805
743
357
1356
651
659
476
698
6081
352
495
1318
457
7774
1255
152
661
492
1173
9764
1148
1206
694
3154
804
365
1158
139
346
469
4297
269
399
1265
745
926
1905
419
456
331
3333
398
207
731
2073
237
501
836
849
1165
605
851
2551
169
386
205
770
1601
1161
615
7925
986
1576
657
772
1821
1300
2007
4650
2633
7085
737
20533
1149
1171
1902
1953
1401
520
1291
1747
1690
2121
911
5557
1261
1805
2338
5903
1065
6366
2997
1234
2327
2635
2711
506
2432
1169
1103
8830
2112
6468
1756
2257
535
2596
1505
1800
1860
1024
6562
11494
45186
1379
2917
1032
813
148
260
137
561
397
187
151
953
125
392
33
29
266
131
109
304
0
0
0
144
381
305
1526
385
873
725
430
295
408
347
264
1409
823
528
1264
5616
356
434
1018
20315
521
580
2062
480
657
4881
549
296
1144
513
1228
386
7353
1857
1079
713
548
507
583
2455
4177
484
326
3525
519
1398
3089
555
2206
839
1393
1262
2488
3400
796
478
1100
176
579
686
284
358
722
582
418
241
306
612
281
1382
265
7554
965
1345
2531
211
12042
866
498
450
632
967
538
1608
3851
21991
1612
4284
9420
1041
1534
2620
1017
508
914
5266
3008
2573
1922
1003
1523
2012
847
1426
2017
6323
1172
2066
1692
1268
3641
12398
654
1053
2626
3660
2095
1275
1221
3117
985
3238
1186
3353
20097
2404
1815
981
5527
993
11324
1188
1539
2697
675
1293
2911
2045
1679
2385
842
1986
3063
447
750
519
1783
1111
1364
720
11734
485
1193
281
336
405
884
184
1145
200
903
144
381
305
0
0
0
122
361
173
838
166
208
375
533
484
484
3646
1406
8797
1847
835
557
861
1975
494
1602
241
3754
950
22925
1529
642
1446
1887
2316
1602
1106
2407
6117
2641
10375
447
6045
657
711
1627
359
415
1831
543
409
755
2878
3100
777
1646
762
569
2312
4335
695
694
1100
810
320
327
965
2247
4146
5329
587
621
1886
276
291
297
1352
760
1186
1315
530
2125
1307
1027
7872
6938
11444
6234
1731
1910
1334
12058
1513
1213
695
1457
1240
778
2371
2225
1147
3786
1267
4723
10970
6524
6183
6419
1899
11265
2259
6741
2254
2171
2686
2208
7775
1580
732
2495
4212
1938
2418
1972
1861
20130
34971
4201
2001
2656
2400
6942
1197
3625
1320
606
613
1502
2311
1294
3807
1301
3813
1000
3326
1644
1679
526
8753
542
2352
647
2088
956
1092
3549
325
2826
3028
326
460
4561
1844
597
2108
1526
385
873
122
361
173
0
0
0
2328
335
414
423
552
285
9471
539
3183
813
261
509
3792
2140
1787
1206
314
4647
1766
2061
2404
15658
1487
6194
19239
4150
1180
3886
2386
6114
748
1693
1052
2699
2435
1101
742
2226
2660
804
662
3630
703
2333
1007
1725
1078
1729
648
483
1188
493
685
375
868
603
4665
346
1494
1374
683
1338
924
613
326
3575
780
3325
3833
300
581
703
1088
1021
543
274
594
1336
17626
1444
1495
1803
8879
485
509
949
720
1601
813
764
18691
1772
4012
30718
4368
3872
24017
6767
1386
894
1199
5607
6673
33443
2127
4041
867
5009
7924
1463
7684
924
2235
3226
2213
4582
13778
1267
2973
1912
784
3524
10368
1418
2594
2958
1118
1409
390
808
5285
983
2291
1630
1892
2249
1366
2261
750
338
276
8289
763
1114
645
261
644
2295
456
249
1566
866
745
1645
20062
879
725
430
295
838
166
208
2328
335
414
0
0
0
400
131
411
203
242
921
1338
305
1669
314
3685
801
1140
662
798
3159
408
746
912
6147
2563
5744
664
302
519
8138
693
691
449
754
7269
1815
3148
273
905
1404
4014
1151
8789
1659
888
22770
598
2142
822
664
16718
2686
979
1233
563
638
913
2628
2255
1729
21520
675
1958
1128
8106
649
374
2819
1286
1130
682
858
1311
14290
1783
2173
461
400
1056
2203
4555
909
2295
1565
520
804
660
2171
1130
1880
6477
1528
3778
1936
3620
3351
7477
10573
1213
3706
791
453
965
4641
3937
1486
1288
881
1096
1983
1883
1479
12657
10697
3300
1489
2650
3768
3148
3398
5286
2018
3613
1230
2513
1922
2514
555
1769
1125
5006
14406
1265
1693
1413
1883
38213
13927
2755
762
2399
760
607
13529
384
1171
478
10623
635
1041
446
234
551
2502
5904
389
679
408
347
264
375
533
484
423
552
285
400
131
411
0
0
0
201
215
196
652
297
882
345
777
875
605
1036
10860
5994
691
1826
2455
942
388
650
978
794
19803
2357
1263
4673
741
1641
1116
4122
3333
514
426
1967
1908
953
2367
1523
1238
1279
5942
532
1095
1366
1206
4227
553
502
6565
2302
258
2426
1565
250
1856
747
1070
1198
3934
468
1510
5137
1174
926
912
354
844
3020
4570
3993
890
2694
9991
2011
1895
5713
1091
1069
2106
416
752
1488
1004
749
515
1888
2248
4183
2700
1035
1358
1250
778
1054
370
789
2691
4297
5205
4153
2257
661
635
1977
1121
3039
1531
5200
2038
11920
2266
4771
16828
2686
1907
3430
2918
6792
1592
1855
1199
3025
793
1723
3792
4205
1153
1895
11128
36521
21343
2827
6228
2879
1445
966
629
603
988
927
735
858
603
2388
2764
1051
803
1486
2334
607
749
1409
823
528
484
3646
1406
9471
539
3183
203
242
921
201
215
196
0
0
0
409
1206
1714
6297
285
1281
1000
238
637
1474
759
760
4683
475
613
649
2583
5638
869
513
495
1606
821
1593
1213
3206
2205
1489
701
4022
2161
2171
589
1089
2643
865
11864
2607
2616
23406
1457
2405
2377
14065
2131
970
3237
737
1568
995
863
548
1760
493
1031
1329
1332
614
1062
1326
1854
2494
770
916
5780
4714
851
8560
3350
1366
807
285
4170
1161
864
20201
834
566
7772
2056
8641
9858
2962
5333
2135
1467
3046
4732
6961
906
574
575
437
28643
2013
4333
3319
2296
17535
5260
4959
3059
2184
1218
2121
3685
8601
1439
14215
2627
31837
2380
2612
2067
30819
4266
2243
782
2217
2120
2255
1633
1051
1200
4102
8503
6879
2075
1716
10928
364
282
200
284
2790
136
382
562
110
212
479
521
228
455
257
1636
1107
1264
5616
356
8797
1847
835
813
261
509
1338
305
1669
652
297
882
409
1206
1714
0
0
0
251
577
498
378
555
272
9943
181
598
1025
368
158
271
236
597
2644
548
824
222
1480
359
1018
1919
19974
522
279
1076
3449
1834
2149
579
745
761
430
756
8729
838
1005
1022
1239
462
1624
12569
434
671
1173
707
911
3765
398
318
672
1234
2356
4882
1660
744
4364
779
2027
1889
6664
1039
288
1355
554
1098
900
4439
6414
1396
11246
977
7325
2151
803
1209
1246
2709
1202
1996
818
953
1909
2455
2607
483
1411
1223
588
1171
435
1898
291
1328
997
1151
1345
4586
5680
904
1388
1789
2435
1188
2677
1716
834
4770
807
9645
2197
1346
14608
899
2971
2381
1820
2638
1561
2156
8407
2256
8151
7048
646
483
714
819
1764
875
514
282
1466
5245
466
783
1820
1099
1604
1527
1352
1140
610
434
1018
20315
557
861
1975
3792
2140
1787
314
3685
801
345
777
875
6297
285
1281
251
577
498
0
0
0
63
1986
61
939
995
13742
595
382
481
1402
687
529
767
573
549
624
340
769
1663
801
888
626
328
6281
526
3326
601
642
1359
807
1364
3979
5226
6070
2660
644
3734
438
2971
1654
4903
1759
1002
1796
814
7229
2552
1756
1192
1461
600
748
10084
904
1240
2781
1518
2328
923
5622
1242
2803
6176
1352
1132
2809
1312
1702
1147
818
2150
2270
3033
724
991
819
2427
2712
1818
909
1002
1016
2845
1310
3417
790
1707
1022
866
1415
615
390
560
1892
3406
3946
2928
3570
5813
8700
1895
822
3706
2840
2975
1753
1013
1226
53750
20464
3605
1738
2385
1147
1375
2109
899
2646
1996
13731
12713
956
5086
561
197
7006
2290
647
453
195
14881
539
279
5237
3249
1481
802
3345
411
1973
585
521
580
2062
494
1602
241
1206
314
4647
1140
662
798
605
1036
10860
1000
238
637
378
555
272
63
1986
61
0
0
0
704
1021
642
266
1695
494
123
239
1514
2762
2599
2680
768
264
869
3035
1677
895
368
6769
465
834
1158
689
2208
1077
2452
817
1705
1310
1333
1318
19379
2246
776
822
1783
3051
1082
2385
909
661
657
1297
468
497
1338
803
1115
1370
1755
1035
540
3290
1095
947
2879
1214
2304
3158
1784
1554
5558
1127
1699
1512
6924
4405
1167
1766
457
2119
2723
6969
14287
425
3313
461
5604
506
445
1581
1149
694
2220
702
707
4819
1050
594
2554
2519
6256
6187
3120
865
1069
6276
1234
10293
9830
22542
2202
13046
4845
7329
6185
28657
1591
4942
7024
4388
3420
5956
5978
1034
1740
1126
1668
1584
4467
6328
1685
1203
2469
1782
745
13161
609
770
797
365
752
779
1543
2774
2141
318
480
657
4881
3754
950
22925
1766
2061
2404
3159
408
746
5994
691
1826
1474
759
760
9943
181
598
939
995
13742
704
1021
642
0
0
0
570
101
800
1007
375
1446
134
64
129
2362
1041
1861
1108
384
193
308
324
317
1084
2730
414
397
2092
457
3884
333
1113
867
2235
3105
947
1380
441
789
11024
681
1066
1626
1629
1015
1349
559
532
1454
2298
6968
1982
979
2447
691
1700
9702
2999
538
7698
3031
1019
2717
1741
414
1801
1688
5843
1593
2069
1207
1298
1055
1577
1614
956
512
7566
4441
365
6125
2434
10581
2182
530
1308
603
726
771
424
1406
2961
1939
2436
2257
1593
1705
1237
3317
2569
1424
7494
4234
2748
781
830
3996
2568
1667
5128
1599
786
1812
5819
9396
2064
6261
4045
1701
16384
2509
8311
484
628
6107
1027
6955
1126
541
384
627
931
1174
1260
4559
521
1436
4281
1805
743
549
296
1144
1529
642
1446
15658
1487
6194
912
6147
2563
2455
942
388
4683
475
613
1025
368
158
595
382
481
266
1695
494
570
101
800
0
0
0
542
227
177
1121
468
136
1261
685
790
2079
313
196
377
221
1535
1505
1294
1489
1114
1546
950
1707
560
541
809
943
788
306
972
1053
1356
5924
1517
1841
642
386
1023
1127
7277
5178
610
566
2033
534
1352
2756
1114
2208
1827
16690
1936
1114
1830
1951
1373
1352
580
7678
1717
7744
2093
8532
1235
2656
2577
13855
685
410
4060
10037
246
1758
1526
831
1119
630
487
37343
610
906
7284
2829
1073
1366
984
2242
568
9404
9889
1921
1386
1273
1334
1318
3423
1834
1170
2723
3098
19750
1638
8610
1535
1729
30008
2182
1549
2031
3753
5932
5118
9473
2190
1932
704
307
242
506
518
429
293
192
508
271
652
334
637
398
684
357
1356
651
513
1228
386
1887
2316
1602
19239
4150
1180
5744
664
302
650
978
794
649
2583
5638
271
236
597
1402
687
529
123
239
1514
1007
375
1446
542
227
177
0
0
0
234
353
333
240
608
147
427
404
2134
3643
368
1278
2797
239
708
352
804
1824
429
528
8733
1029
541
1207
835
2921
234
1272
3050
2780
1148
959
381
383
1493
2095
4158
1549
767
1613
3969
2475
634
1307
32297
448
2038
29337
1342
1323
988
6236
713
539
3896
1671
946
2451
816
3089
1952
788
3543
1042
4719
2635
2445
876
1557
14522
810
3154
844
2445
779
3603
4220
1152
536
1485
2478
1496
4867
1629
1832
10337
792
1208
1588
1884
8789
1760
900
3675
3174
1511
1906
3340
2292
1883
3137
1081
15797
3115
2539
3032
1416
30058
1230
1438
12907
519
5118
1052
1418
508
2212
696
1655
572
3075
550
6225
811
1239
1020
659
476
698
7353
1857
1079
1106
2407
6117
3886
2386
6114
519
8138
693
19803
2357
1263
869
513
495
2644
548
824
767
573
549
2762
2599
2680
134
64
129
1121
468
136
234
353
333
0
0
0
883
1557
609
915
329
1258
275
316
13185
5118
432
1196
1796
414
9456
308
1164
1085
814
348
404
811
816
489
910
256
4616
329
1349
1156
1143
513
559
2074
2109
1593
687
1836
1089
762
789
7161
941
1218
1440
1620
2414
1169
4835
888
1219
2410
1313
917
847
4920
1353
2631
9075
1058
1003
548
9373
1542
3314
1428
1585
2445
5237
1009
4015
1144
488
374
396
495
986
1252
16247
1310
1363
7651
1872
491
1266
3541
2398
2726
878
9416
6238
1819
1760
2173
11386
2006
2314
638
1698
1286
5236
11956
6566
2260
12138
9291
1319
22939
278
347
1558
1081
218
4835
750
346
3351
471
1754
572
474
1730
961
6081
352
495
713
548
507
2641
10375
447
748
1693
1052
691
449
754
4673
741
1641
1606
821
1593
222
1480
359
624
340
769
768
264
869
2362
1041
1861
1261
685
790
240
608
147
883
1557
609
0
0
0
399
116
253
99
902
178
285
342
508
276
2465
426
388
1766
333
320
4547
560
1733
352
748
8454
408
666
184
822
755
621
445
591
414
2002
253
1300
740
476
963
793
713
733
1203
1646
3703
2273
477
732
2374
5854
3598
1481
1247
1726
6527
2361
805
5314
3632
792
2046
1709
1301
1066
778
2317
1667
2156
937
26733
2340
2408
712
1402
702
4167
1113
1353
1174
2248
7006
781
4891
825
3725
3232
1176
1174
7271
3196
4490
3338
6317
1969
2100
1733
5059
2069
22358
4209
1341
18386
5149
2005
3025
3401
2401
356
8823
985
1108
13562
1189
5221
1062
715
1155
345
2358
421
475
1084
1318
457
7774
583
2455
4177
6045
657
711
2699
2435
1101
7269
1815
3148
1116
4122
3333
1213
3206
2205
1018
1919
19974
1663
801
888
3035
1677
895
1108
384
193
2079
313
196
427
404
2134
915
329
1258
399
116
253
0
0
0
827
445
286
593
207
1238
1193
344
271
817
744
1107
515
128
469
521
718
706
6188
1682
876
1440
544
738
633
921
491
581
398
405
1106
620
1538
3408
1576
1561
472
3460
1969
25353
1078
1829
4141
8414
10234
6156
12328
574
1405
1986
20145
707
2486
3705
1275
2335
749
1912
908
1196
3176
2366
1302
3730
1001
1300
2036
16445
836
626
2062
18785
746
1588
13140
580
1285
5741
1000
621
1616
4131
2569
3169
9465
1271
572
14640
630
1985
875
8939
13887
9378
14979
1856
1795
4991
1851
2045
2150
556
272
462
541
93
542
5138
138
206
610
227
443
2097
926
307
384
1255
152
661
484
326
3525
1627
359
415
742
2226
2660
273
905
1404
514
426
1967
1489
701
4022
522
279
1076
626
328
6281
368
6769
465
308
324
317
377
221
1535
3643
368
1278
275
316
13185
99
902
178
827
445
286
0
0
0
1533
604
295
978
8973
466
1079
231
384
1447
202
535
828
488
449
2270
5744
165
705
279
388
529
441
223
253
1483
725
2230
2781
784
1322
1787
2136
847
659
375
662
2424
751
922
8485
1431
1097
6546
1595
2210
1321
1668
2474
1596
8089
533
437
857
1106
4426
1308
1000
818
8897
1278
1463
26428
7972
1600
2979
2695
454
642
1526
1436
4842
5747
584
4419
804
1238
694
2491
4937
6133
1544
1801
646
1998
2882
6995
779
7393
2109
3705
9422
658
1721
3366
8295
613
1241
2020
2038
633
1109
273
452
871
6849
208
202
523
511
1523
599
9224
880
492
1173
9764
519
1398
3089
1831
543
409
804
662
3630
4014
1151
8789
1908
953
2367
2161
2171
589
3449
1834
2149
526
3326
601
834
1158
689
1084
2730
414
1505
1294
1489
2797
239
708
5118
432
1196
285
342
508
593
207
1238
1533
604
295
0
0
0
1740
1839
325
36
55
282
56
53
133
204
448
7990
483
1058
1396
842
231
151
384
346
606
1411
2283
463
1910
761
3543
3246
8265
849
523
3315
2085
678
4179
1700
1937
3809
19627
1093
3283
1309
1952
5758
1644
1606
5247
708
434
409
9010
1223
2111
1088
15249
1829
4535
3345
1752
545
2003
1699
1091
1758
9603
996
618
1835
980
4621
751
1805
9871
995
5498
1629
3298
973
1912
908
11198
2079
7093
1236
1545
2909
683
2644
4889
1475
3138
16890
5722
2059
8379
2716
1881
500
854
966
5332
682
509
323
459
1160
2993
2686
847
2075
6053
1148
1206
694
555
2206
839
755
2878
3100
703
2333
1007
1659
888
22770
1523
1238
1279
1089
2643
865
579
745
761
642
1359
807
2208
1077
2452
397
2092
457
1114
1546
950
352
804
1824
1796
414
9456
276
2465
426
1193
344
271
978
8973
466
1740
1839
325
0
0
0
300
375
346
1255
815
329
1140
305
474
3004
292
1115
571
1658
185
3228
1452
646
1047
1087
578
595
923
1835
940
2268
3078
2287
2685
786
1108
2007
338
47657
3828
19418
1805
1384
10165
852
1896
2437
4689
2557
9836
2470
737
1957
1254
1447
2732
5378
18222
7414
645
3584
3070
1333
370
1364
469
1051
8510
5845
1824
582
3056
823
1487
1411
2933
4988
4022
1475
728
1748
1208
5476
3145
7059
1949
2616
2536
574
1994
3467
1341
2656
2216
1640
2107
3251
3654
241
1324
630
2059
452
663
235
560
320
13852
287
17458
761
1227
316
3154
804
365
1393
1262
2488
777
1646
762
1725
1078
1729
598
2142
822
5942
532
1095
11864
2607
2616
430
756
8729
1364
3979
5226
817
1705
1310
3884
333
1113
1707
560
541
429
528
8733
308
1164
1085
388
1766
333
817
744
1107
1079
231
384
36
55
282
300
375
346
0
0
0
159
70
57
524
490
773
301
524
648
851
199
112
9599
180
1573
286
868
182
923
1891
216
3437
1687
739
488
765
1608
3160
599
5869
7815
846
3099
8115
52375
965
3310
1476
2425
2228
1215
6500
1618
1047
1459
2141
1507
2511
2202
4627
12587
4911
2324
1934
1317
768
848
2897
1670
5388
861
1038
1187
749
1072
1121
1265
827
812
2363
4585
1125
1038
1901
856
5046
3560
8545
6603
4991
1156
1191
2800
2574
1320
18906
1653
14097
2776
2079
1673
1010
267
390
6980
1953
961
495
2614
995
320
2262
4221
899
501
1158
139
346
3400
796
478
569
2312
4335
648
483
1188
664
16718
2686
1366
1206
4227
23406
1457
2405
838
1005
1022
6070
2660
644
1333
1318
19379
867
2235
3105
809
943
788
1029
541
1207
814
348
404
320
4547
560
515
128
469
1447
202
535
56
53
133
1255
815
329
159
70
57
0
0
0
511
427
3961
215
1715
796
396
206
3989
78
2901
377
511
799
1069
605
3800
973
933
854
30837
944
3102
663
444
755
8784
1309
985
845
3819
3798
1218
1470
1205
1331
1393
1537
2823
1805
227
1697
3676
1800
1068
1149
4258
9942
859
1801
1516
814
1739
826
1292
1036
1981
897
5266
1035
901
217
623
3775
1273
2090
1267
2228
2444
936
2013
3564
1615
1493
3415
12730
923
3819
2772
11093
1245
767
2194
1292
2344
10631
51401
249
105
5241
452
132
321
324
1568
282
488
207
440
170
261
128
469
4297
269
1100
176
579
695
694
1100
493
685
375
979
1233
563
553
502
6565
2377
14065
2131
1239
462
1624
3734
438
2971
2246
776
822
947
1380
441
306
972
1053
835
2921
234
811
816
489
1733
352
748
521
718
706
828
488
449
204
448
7990
1140
305
474
524
490
773
511
427
3961
0
0
0
455
310
99
5544
155
246
104
80
46
2091
327
265
4059
3115
791
358
547
620
589
558
3113
2107
679
353
2217
1286
539
1357
2032
1553
3987
8213
2467
15143
1280
2713
10158
1866
1453
3225
6300
10959
1230
1947
7869
1908
7070
1855
3003
1442
2135
1045
1184
738
1724
627
1033
9982
931
1311
29944
3386
2585
6048
1785
4590
2281
1334
2273
1967
1026
3573
717
1029
4508
8688
1336
1276
4465
1198
27964
41826
1378
2187
162
493
439
312
1005
658
340
1315
305
458
330
693
354
226
1003
399
1265
745
686
284
358
810
320
327
868
603
4665
638
913
2628
2302
258
2426
970
3237
737
12569
434
671
1654
4903
1759
1783
3051
1082
789
11024
681
1356
5924
1517
1272
3050
2780
910
256
4616
8454
408
666
6188
1682
876
2270
5744
165
483
1058
1396
3004
292
1115
301
524
648
215
1715
796
455
310
99
0
0
0
82
110
34
54
267
234
206
113
1358
745
298
1334
748
4001
1771
657
260
684
358
3742
355
2624
1491
2247
863
2493
892
675
822
2924
11805
40580
860
929
2349
2583
1975
603
10146
3229
4854
7342
4670
1924
3933
2984
1010
1522
3109
2242
1871
1374
3007
1284
732
1102
1594
29986
2080
1450
1023
2584
3504
3852
901
1425
27155
5092
1571
1156
894
3677
38843
4744
8061
1397
2024
1490
1795
1490
6013
234
2787
359
526
133
228
580
261
1181
1929
573
632
505
901
457
926
1905
419
722
582
418
965
2247
4146
346
1494
1374
2255
1729
21520
1565
250
1856
1568
995
863
1173
707
911
1002
1796
814
2385
909
661
1066
1626
1629
1841
642
386
1148
959
381
329
1349
1156
184
822
755
1440
544
738
705
279
388
842
231
151
571
1658
185
851
199
112
396
206
3989
5544
155
246
82
110
34
0
0
0
123
136
649
266
271
372
781
775
744
9155
5862
727
1310
604
886
2554
1152
344
1899
3144
1641
2147
653
2886
1956
1403
1671
3629
2244
8656
3878
1806
4668
2008
1299
1940
1281
2123
26698
1819
4931
1688
1654
1493
2474
1008
5168
2819
695
1094
4944
2727
1101
2286
1165
2019
2400
1217
1486
2743
1391
1444
1275
1055
1607
1932
826
3781
1318
5784
3104
1610
1110
1302
10267
2688
1204
1579
181
219
3160
116
1370
428
1078
388
162
148
1299
1739
337
221
4513
456
331
3333
241
306
612
5329
587
621
683
1338
924
675
1958
1128
747
1070
1198
548
1760
493
3765
398
318
7229
2552
1756
657
1297
468
1015
1349
559
1023
1127
7277
383
1493
2095
1143
513
559
621
445
591
633
921
491
529
441
223
384
346
606
3228
1452
646
9599
180
1573
78
2901
377
104
80
46
54
267
234
123
136
649
0
0
0
598
422
831
312
154
1967
2899
457
431
349
170
1131
914
273
2875
978
2731
1285
2437
2158
17534
3231
2002
1063
3302
1669
13264
1219
1894
1070
6710
845
605
8223
5342
1691
1816
2706
1509
1655
2180
8687
1002
488
5525
1847
2949
3536
1393
1479
1563
12903
2313
18352
942
2502
795
1117
1464
12804
1123
855
1311
1101
16408
1068
7703
3362
1837
2642
5844
6133
1241
7156
1451
133
249
791
761
144
158
268
332
603
239
4531
432
2376
374
428
398
207
731
281
1382
265
1886
276
291
613
326
3575
8106
649
374
3934
468
1510
1031
1329
1332
672
1234
2356
1192
1461
600
497
1338
803
532
1454
2298
5178
610
566
4158
1549
767
2074
2109
1593
414
2002
253
581
398
405
253
1483
725
1411
2283
463
1047
1087
578
286
868
182
511
799
1069
2091
327
265
206
113
1358
266
271
372
598
422
831
0
0
0
275
228
873
227
1415
319
432
223
2035
2055
1130
353
15966
3337
576
3188
1587
9181
827
1420
3636
14994
3212
1238
647
1636
541
1039
887
2031
7129
2003
859
5555
641
1321
2624
1080
2713
999
2884
2863
1652
14937
2344
932
1276
2016
2224
1433
3083
4686
837
1636
27839
24225
3992
1155
844
1633
610
760
2852
1217
2098
1154
803
2042
1401
2456
1317
1377
529
3762
376
2606
1118
883
761
1351
4788
7444
5672
483
1120
571
8654
2073
237
501
7554
965
1345
297
1352
760
780
3325
3833
2819
1286
1130
5137
1174
926
614
1062
1326
4882
1660
744
748
10084
904
1115
1370
1755
6968
1982
979
2033
534
1352
1613
3969
2475
687
1836
1089
1300
740
476
1106
620
1538
2230
2781
784
1910
761
3543
595
923
1835
923
1891
216
605
3800
973
4059
3115
791
745
298
1334
781
775
744
312
154
1967
275
228
873
0
0
0
92
174
1174
23
38
75
1468
590
276
2110
5807
4945
3601
1588
845
4126
3323
1233
1952
2528
826
8303
3706
3594
867
3350
1671
3533
2118
1987
1357
6421
2731
2624
2394
34050
3243
7153
10397
736
1867
2082
1695
1727
1662
4128
2914
2358
12431
1253
7901
4993
9194
3942
1598
2836
1647
655
144
452
2518
1964
15987
1674
2044
983
527
1233
1076
1144
1052
316
839
996
2617
283
804
429
936
704
2422
1681
2111
805
836
849
1165
2531
211
12042
1186
1315
530
300
581
703
682
858
1311
912
354
844
1854
2494
770
4364
779
2027
1240
2781
1518
1035
540
3290
2447
691
1700
2756
1114
2208
634
1307
32297
762
789
7161
963
793
713
3408
1576
1561
1322
1787
2136
3246
8265
849
940
2268
3078
3437
1687
739
933
854
30837
358
547
620
748
4001
1771
9155
5862
727
2899
457
431
227
1415
319
92
174
1174
0
0
0
168
136
1032
399
251
255
5579
1047
1403
1174
2159
418
1658
999
1916
861
1555
1314
1059
1567
3042
3589
1632
2701
638
3470
9247
5039
1902
1471
4668
9710
3539
11223
3236
8028
1077
3551
849
3074
2917
90796
1865
3083
1794
50183
5433
6488
1033
1710
885
2096
1653
1194
417
427
2851
1238
1227
1669
954
20464
943
712
517
13054
438
630
775
10464
1415
716
937
342
2029
1864
1906
953
987
1463
614
605
851
2551
866
498
450
2125
1307
1027
1088
1021
543
14290
1783
2173
3020
4570
3993
916
5780
4714
1889
6664
1039
2328
923
5622
1095
947
2879
9702
2999
538
1827
16690
1936
448
2038
29337
941
1218
1440
733
1203
1646
472
3460
1969
847
659
375
523
3315
2085
2287
2685
786
488
765
1608
944
3102
663
589
558
3113
657
260
684
1310
604
886
349
170
1131
432
223
2035
23
38
75
168
136
1032
0
0
0
477
440
319
2942
2292
3804
1114
696
14440
1603
4909
7709
2775
3538
1912
4472
3606
28759
2484
1868
2772
1643
15158
19062
4253
11334
2934
1192
1831
1914
3454
1750
2209
878
1180
2124
1496
7547
1209
30723
2500
902
1002
2473
1913
4376
2915
2532
910
2029
1399
2764
5449
1866
1559
2033
15485
2025
639
820
1608
19263
1792
8151
5834
422
263
1216
258
6632
859
780
962
1105
585
1625
500
416
169
386
205
632
967
538
7872
6938
11444
274
594
1336
461
400
1056
890
2694
9991
851
8560
3350
288
1355
554
1242
2803
6176
1214
2304
3158
7698
3031
1019
1114
1830
1951
1342
1323
988
1620
2414
1169
3703
2273
477
25353
1078
1829
662
2424
751
678
4179
1700
1108
2007
338
3160
599
5869
444
755
8784
2107
679
353
358
3742
355
2554
1152
344
914
273
2875
2055
1130
353
1468
590
276
399
251
255
477
440
319
0
0
0
1452
14839
1230
756
1026
1648
8732
1450
7311
605
2306
2027
4825
1426
1291
1549
1577
14649
1827
4104
4636
4405
2333
1438
659
2115
1591
7153
1670
8075
2355
1511
770
1045
1605
2593
1746
5613
2864
3583
5480
1431
31250
1075
963
3290
7117
809
1657
465
577
1182
11192
11824
14173
2767
515
2146
4695
1197
883
1811
1570
859
1071
4485
1687
1466
2563
1043
1688
698
6016
526
1585
770
1601
1161
1608
3851
21991
6234
1731
1910
17626
1444
1495
2203
4555
909
2011
1895
5713
1366
807
285
1098
900
4439
1352
1132
2809
1784
1554
5558
2717
1741
414
1373
1352
580
6236
713
539
4835
888
1219
732
2374
5854
4141
8414
10234
922
8485
1431
1937
3809
19627
47657
3828
19418
7815
846
3099
1309
985
845
2217
1286
539
2624
1491
2247
1899
3144
1641
978
2731
1285
15966
3337
576
2110
5807
4945
5579
1047
1403
2942
2292
3804
1452
14839
1230
0
0
0
3222
7154
2458
22199
902
1517
1047
1891
1388
3935
1322
2038
2532
2323
673
403
1282
6519
625
536
576
6612
1264
7991
569
1336
2172
8428
3218
4731
5830
1155
8168
3901
10151
7352
1919
5584
5688
1860
2622
1777
4694
2009
3841
1195
2283
1437
3052
2408
7954
6715
9167
4115
2391
1671
7691
1053
1468
10179
3054
968
11013
1032
2338
4348
1323
868
1569
737
1130
503
615
7925
986
1612
4284
9420
1334
12058
1513
1803
8879
485
2295
1565
520
1091
1069
2106
4170
1161
864
6414
1396
11246
1312
1702
1147
1127
1699
1512
1801
1688
5843
7678
1717
7744
3896
1671
946
2410
1313
917
3598
1481
1247
6156
12328
574
1097
6546
1595
1093
3283
1309
1805
1384
10165
8115
52375
965
3819
3798
1218
1357
2032
1553
863
2493
892
2147
653
2886
2437
2158
17534
3188
1587
9181
3601
1588
845
1174
2159
418
1114
696
14440
756
1026
1648
3222
7154
2458
0
0
0
747
454
2637
408
1422
27824
3716
2192
2158
3240
8569
1578
1314
22601
1924
2489
1880
1365
2426
1555
2919
1319
3562
10789
5994
3033
2061
7449
3547
3031
2390
8700
2469
2371
1146
5734
3239
6391
7466
2112
12935
1733
1541
1350
710
2362
1368
2657
264
399
250
1857
828
2685
1285
1598
2614
537
1046
1022
2190
1031
2610
12749
2627
1606
868
1312
828
1576
657
772
1041
1534
2620
1213
695
1457
509
949
720
804
660
2171
416
752
1488
20201
834
566
977
7325
2151
818
2150
2270
6924
4405
1167
1593
2069
1207
2093
8532
1235
2451
816
3089
847
4920
1353
1726
6527
2361
1405
1986
20145
2210
1321
1668
1952
5758
1644
852
1896
2437
3310
1476
2425
1470
1205
1331
3987
8213
2467
675
822
2924
1956
1403
1671
3231
2002
1063
827
1420
3636
4126
3323
1233
1658
999
1916
1603
4909
7709
8732
1450
7311
22199
902
1517
747
454
2637
0
0
0
112
135
216
7569
3234
6052
33110
1796
1912
3438
2458
782
3542
752
498
1701
5177
878
5889
1547
1479
3127
15156
3894
3182
3333
2823
4275
4624
1910
16964
32788
2794
2977
5089
1704
2728
3341
31227
10755
2075
3078
756
1016
2264
2769
3299
980
649
365
11766
3649
5721
5296
2607
1627
6772
14197
1123
1509
2244
870
6960
984
9116
1443
1821
1300
2007
1017
508
914
1240
778
2371
1601
813
764
1130
1880
6477
1004
749
515
7772
2056
8641
803
1209
1246
3033
724
991
1766
457
2119
1298
1055
1577
2656
2577
13855
1952
788
3543
2631
9075
1058
805
5314
3632
707
2486
3705
2474
1596
8089
1606
5247
708
4689
2557
9836
2228
1215
6500
1393
1537
2823
15143
1280
2713
11805
40580
860
3629
2244
8656
3302
1669
13264
14994
3212
1238
1952
2528
826
861
1555
1314
2775
3538
1912
605
2306
2027
1047
1891
1388
408
1422
27824
112
135
216
0
0
0
2380
1147
2994
2225
3707
2522
10483
21198
3051
740
1231
1093
5881
2966
4141
3593
615
14040
2177
3534
7951
7390
2319
3796
2330
7924
3666
2762
6918
4424
37292
4120
5051
2026
20163
6730
2743
29605
11122
3960
3075
1451
1901
6015
3928
1599
566
1023
2122
3876
3630
1559
696
2258
1946
1350
4195
2151
1883
3795
812
857
7615
4650
2633
7085
5266
3008
2573
2225
1147
3786
18691
1772
4012
1528
3778
1936
1888
2248
4183
9858
2962
5333
2709
1202
1996
819
2427
2712
2723
6969
14287
1614
956
512
685
410
4060
1042
4719
2635
1003
548
9373
792
2046
1709
1275
2335
749
533
437
857
434
409
9010
2470
737
1957
1618
1047
1459
1805
227
1697
10158
1866
1453
929
2349
2583
3878
1806
4668
1219
1894
1070
647
1636
541
8303
3706
3594
1059
1567
3042
4472
3606
28759
4825
1426
1291
3935
1322
2038
3716
2192
2158
7569
3234
6052
2380
1147
2994
0
0
0
504
12637
5669
10895
19784
1952
3309
14315
3814
812
2060
741
11184
10515
11662
1708
821
2307
328
274
685
558
1213
150
2698
8327
3425
1137
259
2845
1118
14368
1388
854
1182
2354
7917
12454
2807
10811
2335
10991
9869
2225
6674
2060
489
4358
2088
1084
1055
1071
40222
2008
3720
15098
648
1145
3056
1567
737
20533
1149
1922
1003
1523
1267
4723
10970
30718
4368
3872
3620
3351
7477
2700
1035
1358
2135
1467
3046
818
953
1909
1818
909
1002
425
3313
461
7566
4441
365
10037
246
1758
2445
876
1557
1542
3314
1428
1301
1066
778
1912
908
1196
1106
4426
1308
1223
2111
1088
1254
1447
2732
2141
1507
2511
3676
1800
1068
3225
6300
10959
1975
603
10146
2008
1299
1940
6710
845
605
1039
887
2031
867
3350
1671
3589
1632
2701
2484
1868
2772
1549
1577
14649
2532
2323
673
3240
8569
1578
33110
1796
1912
2225
3707
2522
504
12637
5669
0
0
0
18600
2446
6465
771
3907
2561
766
111
342
1364
2695
1067
1752
3564
39948
1528
1083
5776
3011
1527
833
820
9497
1964
2485
670
516
5479
2908
3373
2315
4583
1787
5513
9420
4394
37848
2540
12369
5308
18574
5542
871
1537
1413
3029
2061
1431
808
903
2805
2679
588
2380
961
1217
4151
1171
1902
1953
2012
847
1426
6524
6183
6419
24017
6767
1386
10573
1213
3706
1250
778
1054
4732
6961
906
2455
2607
483
1016
2845
1310
5604
506
445
6125
2434
10581
1526
831
1119
14522
810
3154
1585
2445
5237
2317
1667
2156
3176
2366
1302
1000
818
8897
15249
1829
4535
5378
18222
7414
2202
4627
12587
1149
4258
9942
1230
1947
7869
3229
4854
7342
1281
2123
26698
8223
5342
1691
7129
2003
859
3533
2118
1987
638
3470
9247
1643
15158
19062
1827
4104
4636
403
1282
6519
1314
22601
1924
3438
2458
782
10483
21198
3051
10895
19784
1952
18600
2446
6465
0
0
0
251
405
1472
658
15538
1570
713
302
1032
2123
15964
2710
5999
2384
1454
1090
2219
74982
1511
2704
1755
2702
5470
12732
1635
19698
2356
32575
1866
6346
10924
6861
3108
3117
1785
19457
28490
3685
3239
515
2881
28470
2911
2234
2535
27211
1072
5767
6223
7561
2661
3005
1179
34042
1401
520
1291
2017
6323
1172
1899
11265
2259
894
1199
5607
791
453
965
370
789
2691
574
575
437
1411
1223
588
3417
790
1707
1581
1149
694
2182
530
1308
630
487
37343
844
2445
779
1009
4015
1144
937
26733
2340
3730
1001
1300
1278
1463
26428
3345
1752
545
645
3584
3070
4911
2324
1934
859
1801
1516
1908
7070
1855
4670
1924
3933
1819
4931
1688
1816
2706
1509
5555
641
1321
1357
6421
2731
5039
1902
1471
4253
11334
2934
4405
2333
1438
625
536
576
2489
1880
1365
3542
752
498
740
1231
1093
3309
14315
3814
771
3907
2561
251
405
1472
0
0
0
1104
2516
2036
979
792
1354
3126
1797
10427
1678
1493
3022
7950
5060
6001
1590
7676
2052
5146
2708
10283
4646
2056
10600
2484
12414
13269
2901
6134
16836
5300
10062
2898
13445
16364
3192
1331
6521
2218
1018
650
2210
1749
4153
1284
1594
1288
1827
942
2225
4118
1747
1690
2121
2066
1692
1268
6741
2254
2171
6673
33443
2127
4641
3937
1486
4297
5205
4153
28643
2013
4333
1171
435
1898
1022
866
1415
2220
702
707
603
726
771
610
906
7284
3603
4220
1152
488
374
396
2408
712
1402
2036
16445
836
7972
1600
2979
2003
1699
1091
1333
370
1364
1317
768
848
814
1739
826
3003
1442
2135
2984
1010
1522
1654
1493
2474
1655
2180
8687
2624
1080
2713
2624
2394
34050
4668
9710
3539
1192
1831
1914
659
2115
1591
6612
1264
7991
2426
1555
2919
1701
5177
878
5881
2966
4141
812
2060
741
766
111
342
658
15538
1570
1104
2516
2036
0
0
0
740
1036
869
4572
2351
2249
314
1228
1031
1107
587
3673
59332
2930
2242
2671
1158
691
16595
3027
23733
2038
26975
2182
2268
3460
27102
998
7021
5111
5791
2876
1118
868
368
2400
1350
2709
3258
1021
1361
1654
1747
1250
950
467
3008
1480
911
5557
1261
3641
12398
654
2686
2208
7775
4041
867
5009
1288
881
1096
2257
661
635
3319
2296
17535
291
1328
997
615
390
560
4819
1050
594
424
1406
2961
2829
1073
1366
536
1485
2478
495
986
1252
702
4167
1113
626
2062
18785
2695
454
642
1758
9603
996
469
1051
8510
2897
1670
5388
1292
1036
1981
1045
1184
738
3109
2242
1871
1008
5168
2819
1002
488
5525
999
2884
2863
3243
7153
10397
11223
3236
8028
3454
1750
2209
7153
1670
8075
569
1336
2172
1319
3562
10789
5889
1547
1479
3593
615
14040
11184
10515
11662
1364
2695
1067
713
302
1032
979
792
1354
740
1036
869
0
0
0
1476
3862
2036
3091
489
917
3730
11100
1029
2286
3998
2080
1621
4694
4297
8558
18369
17026
41422
1924
3917
1760
1194
2485
1231
3021
2300
2740
7570
4404
1280
2341
7148
1931
1475
10417
2710
14068
14155
5679
1377
7260
875
2948
4257
1805
2338
5903
1053
2626
3660
1580
732
2495
7924
1463
7684
1983
1883
1479
1977
1121
3039
5260
4959
3059
1151
1345
4586
1892
3406
3946
2554
2519
6256
1939
2436
2257
984
2242
568
1496
4867
1629
16247
1310
1363
1353
1174
2248
746
1588
13140
1526
1436
4842
618
1835
980
5845
1824
582
861
1038
1187
897
5266
1035
1724
627
1033
1374
3007
1284
695
1094
4944
1847
2949
3536
1652
14937
2344
736
1867
2082
1077
3551
849
878
1180
2124
2355
1511
770
8428
3218
4731
5994
3033
2061
3127
15156
3894
2177
3534
7951
1708
821
2307
1752
3564
39948
2123
15964
2710
3126
1797
10427
4572
2351
2249
1476
3862
2036
0
0
0
791
1059
4256
4762
329
758
1478
451
2083
1306
1631
1725
801
2269
4578
924
1493
1320
1912
2979
1305
31615
5740
1284
1859
2973
4706
5225
970
1916
12199
1402
883
2113
4803
1415
1336
1740
1996
2898
880
2010
1065
6366
2997
2095
1275
1221
4212
1938
2418
924
2235
3226
12657
10697
3300
1531
5200
2038
2184
1218
2121
5680
904
1388
2928
3570
5813
6187
3120
865
1593
1705
1237
9404
9889
1921
1832
10337
792
7651
1872
491
7006
781
4891
580
1285
5741
5747
584
4419
4621
751
1805
3056
823
1487
749
1072
1121
901
217
623
9982
931
1311
732
1102
1594
2727
1101
2286
1393
1479
1563
932
1276
2016
1695
1727
1662
3074
2917
90796
1496
7547
1209
1045
1605
2593
5830
1155
8168
7449
3547
3031
3182
3333
2823
7390
2319
3796
328
274
685
1528
1083
5776
5999
2384
1454
1678
1493
3022
314
1228
1031
3091
489
917
791
1059
4256
0
0
0
492
800
766
1075
1040
6717
623
146
423
6080
1296
3047
10133
1950
1865
9127
19142
4329
1884
2532
1806
3274
40968
3176
2603
1227
922
1266
1088
10487
1247
3275
499
2640
1855
2098
6612
1664
2914
1234
2327
2635
3117
985
3238
1972
1861
20130
2213
4582
13778
1489
2650
3768
11920
2266
4771
3685
8601
1439
1789
2435
1188
8700
1895
822
1069
6276
1234
3317
2569
1424
1386
1273
1334
1208
1588
1884
1266
3541
2398
825
3725
3232
1000
621
1616
804
1238
694
9871
995
5498
1411
2933
4988
1265
827
812
3775
1273
2090
29944
3386
2585
29986
2080
1450
1165
2019
2400
12903
2313
18352
2224
1433
3083
4128
2914
2358
1865
3083
1794
30723
2500
902
1746
5613
2864
3901
10151
7352
2390
8700
2469
4275
4624
1910
2330
7924
3666
558
1213
150
3011
1527
833
1090
2219
74982
7950
5060
6001
1107
587
3673
3730
11100
1029
4762
329
758
492
800
766
0
0
0
5413
1775
3042
706
651
710
7931
4801
1699
4357
58717
2065
7296
2677
7733
1420
27823
1508
1917
3594
6659
5368
2856
1133
3310
1121
1017
2084
832
2715
12293
1944
1024
4882
4985
9942
2711
506
2432
1186
3353
20097
34971
4201
2001
1267
2973
1912
3148
3398
5286
16828
2686
1907
14215
2627
31837
2677
1716
834
3706
2840
2975
10293
9830
22542
7494
4234
2748
1318
3423
1834
8789
1760
900
2726
878
9416
1176
1174
7271
4131
2569
3169
2491
4937
6133
1629
3298
973
4022
1475
728
2363
4585
1125
1267
2228
2444
6048
1785
4590
1023
2584
3504
1217
1486
2743
942
2502
795
4686
837
1636
12431
1253
7901
50183
5433
6488
1002
2473
1913
3583
5480
1431
1919
5584
5688
2371
1146
5734
16964
32788
2794
2762
6918
4424
2698
8327
3425
820
9497
1964
1511
2704
1755
1590
7676
2052
59332
2930
2242
2286
3998
2080
1478
451
2083
1075
1040
6717
5413
1775
3042
0
0
0
2632
1748
576
5853
513
594
2357
967
2354
3850
12772
6653
1853
2780
1874
5818
3823
1764
1855
4017
3208
2755
1851
2206
690
3916
15616
1569
18555
2844
15835
8798
2368
1169
1103
8830
2404
1815
981
2656
2400
6942
784
3524
10368
2018
3613
1230
3430
2918
6792
2380
2612
2067
4770
807
9645
1753
1013
1226
2202
13046
4845
781
830
3996
1170
2723
3098
3675
3174
1511
6238
1819
1760
3196
4490
3338
9465
1271
572
1544
1801
646
1912
908
11198
1748
1208
5476
1038
1901
856
936
2013
3564
2281
1334
2273
3852
901
1425
1391
1444
1275
1117
1464
12804
27839
24225
3992
4993
9194
3942
1033
1710
885
4376
2915
2532
31250
1075
963
1860
2622
1777
3239
6391
7466
2977
5089
1704
37292
4120
5051
1137
259
2845
2485
670
516
2702
5470
12732
5146
2708
10283
2671
1158
691
1621
4694
4297
1306
1631
1725
623
146
423
706
651
710
2632
1748
576
0
0
0
892
949
992
3934
22725
8864
30143
1981
1339
7666
1660
3326
7154
4296
4088
3231
3537
2226
2931
6303
2667
1356
597
3236
1697
13057
3656
1819
3635
2716
2112
6468
1756
5527
993
11324
1197
3625
1320
1418
2594
2958
2513
1922
2514
1592
1855
1199
30819
4266
2243
2197
1346
14608
53750
20464
3605
7329
6185
28657
2568
1667
5128
19750
1638
8610
1906
3340
2292
2173
11386
2006
6317
1969
2100
14640
630
1985
1998
2882
6995
2079
7093
1236
3145
7059
1949
5046
3560
8545
1615
1493
3415
1967
1026
3573
27155
5092
1571
1055
1607
1932
1123
855
1311
1155
844
1633
1598
2836
1647
2096
1653
1194
910
2029
1399
3290
7117
809
4694
2009
3841
2112
12935
1733
2728
3341
31227
2026
20163
6730
1118
14368
1388
5479
2908
3373
1635
19698
2356
4646
2056
10600
16595
3027
23733
8558
18369
17026
801
2269
4578
6080
1296
3047
7931
4801
1699
5853
513
594
892
949
992
0
0
0
1621
860
1018
2304
996
663
8056
2260
4718
2498
1494
10116
827
899
2305
1119
563
1119
1490
5571
898
1648
1433
12772
2744
730
913
2257
535
2596
1188
1539
2697
606
613
1502
1118
1409
390
555
1769
1125
3025
793
1723
782
2217
2120
899
2971
2381
1738
2385
1147
1591
4942
7024
1599
786
1812
1535
1729
30008
1883
3137
1081
2314
638
1698
1733
5059
2069
875
8939
13887
779
7393
2109
1545
2909
683
2616
2536
574
6603
4991
1156
12730
923
3819
717
1029
4508
1156
894
3677
826
3781
1318
1101
16408
1068
610
760
2852
655
144
452
417
427
2851
2764
5449
1866
1657
465
577
1195
2283
1437
1541
1350
710
10755
2075
3078
2743
29605
11122
854
1182
2354
2315
4583
1787
32575
1866
6346
2484
12414
13269
2038
26975
2182
41422
1924
3917
924
1493
1320
10133
1950
1865
4357
58717
2065
2357
967
2354
3934
22725
8864
1621
860
1018
0
0
0
3338
1424
1702
2207
864
2308
1481
2044
646
3357
3222
2010
3519
5724
3708
2941
3581
1367
5559
1719
3344
6060
1863
1052
1505
1800
1860
675
1293
2911
2311
1294
3807
808
5285
983
5006
14406
1265
3792
4205
1153
2255
1633
1051
1820
2638
1561
1375
2109
899
4388
3420
5956
5819
9396
2064
2182
1549
2031
15797
3115
2539
1286
5236
11956
22358
4209
1341
9378
14979
1856
3705
9422
658
2644
4889
1475
1994
3467
1341
1191
2800
2574
2772
11093
1245
8688
1336
1276
38843
4744
8061
5784
3104
1610
7703
3362
1837
1217
2098
1154
2518
1964
15987
1238
1227
1669
1559
2033
15485
1182
11192
11824
3052
2408
7954
2362
1368
2657
756
1016
2264
3960
3075
1451
7917
12454
2807
5513
9420
4394
10924
6861
3108
2901
6134
16836
2268
3460
27102
1760
1194
2485
1912
2979
1305
9127
19142
4329
7296
2677
7733
3850
12772
6653
30143
1981
1339
2304
996
663
3338
1424
1702
0
0
0
651
1708
1769
334
299
254
28365
2632
2616
21773
1527
500
1061
2216
1637
2294
1060
6694
1179
1472
1598
1024
6562
11494
2045
1679
2385
1301
3813
1000
2291
1630
1892
1693
1413
1883
1895
11128
36521
1200
4102
8503
2156
8407
2256
2646
1996
13731
5978
1034
1740
6261
4045
1701
3753
5932
5118
3032
1416
30058
6566
2260
12138
18386
5149
2005
1795
4991
1851
1721
3366
8295
3138
16890
5722
2656
2216
1640
1320
18906
1653
767
2194
1292
4465
1198
27964
1397
2024
1490
1110
1302
10267
2642
5844
6133
803
2042
1401
1674
2044
983
954
20464
943
2025
639
820
14173
2767
515
6715
9167
4115
264
399
250
2769
3299
980
1901
6015
3928
10811
2335
10991
37848
2540
12369
3117
1785
19457
5300
10062
2898
998
7021
5111
1231
3021
2300
31615
5740
1284
1884
2532
1806
1420
27823
1508
1853
2780
1874
7666
1660
3326
8056
2260
4718
2207
864
2308
651
1708
1769
0
0
0
2101
207
342
3744
3303
1846
1289
1236
1718
1810
613
1497
930
3254
2345
983
3829
2145
45186
1379
2917
842
1986
3063
3326
1644
1679
2249
1366
2261
38213
13927
2755
21343
2827
6228
6879
2075
1716
8151
7048
646
12713
956
5086
1126
1668
1584
16384
2509
8311
9473
2190
1932
1230
1438
12907
9291
1319
22939
3025
3401
2401
2045
2150
556
613
1241
2020
2059
8379
2716
2107
3251
3654
14097
2776
2079
2344
10631
51401
41826
1378
2187
1795
1490
6013
2688
1204
1579
1241
7156
1451
2456
1317
1377
527
1233
1076
712
517
13054
1608
19263
1792
2146
4695
1197
2391
1671
7691
1857
828
2685
649
365
11766
1599
566
1023
9869
2225
6674
5308
18574
5542
28490
3685
3239
13445
16364
3192
5791
2876
1118
2740
7570
4404
1859
2973
4706
3274
40968
3176
1917
3594
6659
5818
3823
1764
7154
4296
4088
2498
1494
10116
1481
2044
646
334
299
254
2101
207
342
0
0
0
