C_ijk
0
0
0
39
138
26
91
86
84
253
76
661
2051
188
149
907
155
540
251
338
262
451
1017
4382
987
305
8030
661
782
504
1655
439
865
1013
914
644
627
123
137
648
689
1781
793
571
11838
1177
2096
720
503
206
276
885
364
154
2382
2107
1176
307
652
484
740
2586
1002
689
348
135
1676
14139
346
7268
3747
3097
390
1458
869
716
1367
999
2511
1954
406
2617
362
1146
802
775
677
325
484
553
1806
774
217
6396
1229
908
9628
291
608
963
1376
497
661
323
5469
3784
6236
2207
5526
4320
2688
6715
1517
2985
1078
1049
7492
1303
2066
2012
10999
3233
594
857
1609
884
7176
1945
6298
956
878
7643
445
1741
933
7074
645
1118
10491
3985
686
775
1138
4424
1358
7117
2352
18242
6800
1241
1596
6323
17076
1723
5255
1052
6490
1485
579
3789
688
11358
2123
1442
2908
39
138
26
0
0
0
54
10
15
194
1219
203
158
461
106
199
491
606
370
2388
415
350
919
525
8895
681
3640
188
529
276
2995
374
1942
691
775
2179
285
911
909
539
1209
421
300
369
1680
1907
1581
3045
2006
208
523
411
1029
4135
1114
1027
1616
1115
438
2657
1051
1463
852
191
540
913
200
405
886
578
547
649
926
1412
677
615
1836
3624
2455
165
199
354
332
484
503
766
1562
358
360
343
1772
421
833
2499
768
338
576
447
683
985
1368
347
2145
397
2400
908
4146
876
443
1741
1713
1866
7824
937
2504
5561
5137
2382
6471
7302
25515
2878
1678
3774
2612
1019
1478
2985
1309
2123
3345
436
2467
1110
20168
8224
759
2235
2325
873
1296
4017
1761
6160
1274
3003
1985
49821
1822
2386
1369
1977
1887
1421
3794
2118
3185
1494
1318
1092
3420
2158
2062
4912
1144
91
86
84
54
10
15
0
0
0
129
71
846
196
188
3643
291
409
623
170
360
293
830
700
377
3735
1132
1333
1550
1151
825
411
520
950
712
1068
640
350
131
591
2091
719
480
2456
735
1753
1011
775
1677
446
1010
686
509
129
236
367
171
1289
538
339
1749
317
6750
988
234
262
212
5677
1364
1068
568
328
2686
157
177
316
1412
422
188
166
358
189
697
770
208
114
260
358
362
711
163
193
1688
848
2334
1069
2454
786
397
2391
2932
682
2295
1041
313
677
18690
1038
1293
1325
1377
10008
2368
4423
2238
6610
904
5891
1460
904
2344
2877
2324
1606
31798
1063
1550
1844
678
720
929
1109
3975
1754
16595
1046
1420
6075
1751
519
466
2078
5890
1042
2009
6717
2993
1638
1679
3055
1814
26849
2128
11184
610
2037
2644
3133
684
2345
5515
3264
1613
3961
1307
1674
253
76
661
194
1219
203
129
71
846
0
0
0
89
1203
230
162
246
152
217
118
305
501
715
570
469
330
735
569
2628
441
317
342
499
728
5084
9742
156
134
59
237
928
664
547
21291
3976
1849
2664
1033
853
565
252
1087
400
144
288
661
1086
303
968
416
1405
17262
649
1261
282
886
222
948
1116
1548
678
5450
397
753
474
489
1462
1744
238
388
1969
363
889
595
1284
4324
308
1889
1123
361
1682
251
811
3165
1118
516
4451
2370
4564
1103
340
724
2488
4039
585
1870
3976
1539
1537
2459
3499
2416
1406
836
1179
4917
810
1376
3894
1063
3040
683
1016
1118
2707
7227
1688
975
1296
1069
2022
1358
16325
4362
3182
1191
2778
19274
4475
1396
1396
3740
19791
9656
1570
8044
15036
4780
18506
628
1676
3551
15188
12752
1309
1288
3263
5680
1758
5696
2890
8173
2404
3768
11578
2051
188
149
158
461
106
196
188
3643
89
1203
230
0
0
0
27
36
45
53
87
134
210
123
131
472
252
12947
255
656
903
996
345
452
2735
1085
355
378
246
782
567
3620
928
303
630
579
17424
1091
1405
393
836
6822
2513
4154
860
1012
2846
837
1380
5834
2275
1084
2065
3605
419
455
450
685
870
634
2472
2665
429
253
652
877
1964
370
1246
503
223
2920
294
1237
118
476
1563
765
462
125
183
282
308
306
1785
173
2231
4122
6557
278
693
1712
627
1535
859
522
4239
991
1269
9933
1014
2062
2684
4059
4245
4640
1002
7091
1050
6048
4733
899
1933
1564
4820
6689
7407
962
709
20712
698
3972
16938
2303
884
4646
1363
1594
2879
1116
1284
10811
22923
4355
5029
966
5210
2719
2713
6095
1125
7746
1684
3313
1854
3041
1795
5781
593
2522
1160
2951
6145
2909
4316
6413
907
155
540
199
491
606
291
409
623
162
246
152
27
36
45
0
0
0
69
93
23
769
3523
288
205
1966
229
845
490
1275
510
502
1779
711
5116
436
117
5084
238
403
10435
803
310
814
1018
344
1012
4248
1546
612
1453
2635
980
1674
812
635
1068
414
3200
1060
724
1227
518
805
2530
1638
791
422
1683
2605
11364
6252
284
1480
4874
853
1302
595
209
124
179
1367
462
7352
898
2154
420
264
264
195
184
391
252
1793
601
2062
1194
832
498
950
2579
3597
304
3360
427
2278
1399
2450
7971
603
668
2181
2549
1215
5208
1790
2120
2042
1406
2924
1145
3327
2031
9387
6070
2550
1936
12814
736
2840
22680
3094
4142
1416
449
4167
1713
720
1209
2075
982
4080
1615
2301
3876
888
16665
2073
1517
2641
584
2770
2003
2772
2868
1558
1454
404
16425
1001
1792
2190
1675
22619
1382
251
338
262
370
2388
415
170
360
293
217
118
305
53
87
134
69
93
23
0
0
0
105
161
187
634
359
999
462
548
1078
185
555
1059
12634
3850
314
510
346
129
591
1294
678
6544
1019
2595
627
5990
495
1412
1402
826
2980
1201
2138
1658
1348
834
482
2334
407
876
335
1506
447
318
861
608
366
1394
1220
6059
20475
1707
849
986
708
205
1629
646
175
537
392
3993
618
507
1056
852
272
467
287
1624
462
202
1368
586
1259
925
527
1720
1520
1530
1341
1592
542
293
2700
3396
977
4495
1156
1672
2262
2454
1647
1653
1033
2926
1090
2258
3018
2990
2815
2154
1253
736
3618
42039
10336
1197
1806
1065
3324
5229
3052
749
3535
5134
1435
2975
2175
881
2307
1194
5570
2464
1279
1565
1623
1677
6008
2734
1406
3298
1082
7272
770
3231
1308
1103
1625
1119
6496
11882
531
1715
451
1017
4382
350
919
525
830
700
377
501
715
570
210
123
131
769
3523
288
105
161
187
0
0
0
88
82
172
2005
794
498
503
955
836
604
1852
390
255
482
533
1211
2254
1062
799
1631
1232
722
5257
903
479
9813
257
245
1476
433
2559
1705
1639
1979
1064
3051
4317
539
5995
1155
2366
2418
1949
3275
5779
1769
2266
1007
633
14894
1319
1228
1088
2013
974
1028
671
1055
2581
4810
1288
2419
495
1051
940
552
942
205
604
759
841
1831
225
821
980
957
618
403
513
1241
1024
3950
907
1169
492
7435
672
1585
4012
6444
1172
753
2109
2873
34951
1296
43938
1046
6715
5089
9385
898
2044
2070
5777
956
2575
1204
6302
2361
1723
3516
812
10800
1706
909
1970
2372
1771
7761
4211
5168
5880
2223
1886
1344
2129
1469
6625
2231
7609
662
3094
1892
6529
2060
16820
1923
8796
2016
4382
987
305
8030
8895
681
3640
3735
1132
1333
469
330
735
472
252
12947
205
1966
229
634
359
999
88
82
172
0
0
0
370
270
1758
598
395
327
2563
1157
524
928
1124
596
672
400
455
461
963
932
4669
1649
23627
2371
4345
792
817
2264
16362
30092
577
876
2972
2284
406
18874
1043
4105
807
247
660
1274
1331
2106
1696
2159
1217
393
6899
5336
594
901
2341
588
15904
1278
413
273
8265
430
1286
2033
558
1216
888
549
484
5483
3303
528
768
657
821
418
315
1212
463
431
762
554
661
16845
1734
5753
351
530
494
1782
1585
1514
1393
1012
2934
3868
1742
1349
1265
1958
1198
1466
2326
4592
13000
894
3042
6078
1514
2113
1690
1081
4636
2000
2058
6679
2064
20682
1302
2691
3466
3273
2325
7121
1119
1055
1921
3403
7473
2089
1111
823
1149
971
1489
1118
857
12381
6024
8117
2297
2090
661
782
504
188
529
276
1550
1151
825
569
2628
441
255
656
903
845
490
1275
462
548
1078
2005
794
498
370
270
1758
0
0
0
176
304
101
400
231
290
702
352
198
421
1620
529
1531
1149
2674
2261
3531
1802
1241
344
531
291
1218
212
438
704
378
379
1979
544
521
1836
599
10251
1228
1372
1058
978
673
392
2116
6587
531
768
10721
7554
1134
3507
1158
3534
207
748
1552
2337
3352
7695
6919
7075
1262
588
312
517
721
1024
1277
1841
541
757
836
1190
1410
14375
516
223
497
955
6517
1113
479
1405
2714
1047
280
617
992
54525
1080
699
5111
1071
6933
24709
3353
1442
724
745
888
770
1668
1351
3171
1806
15457
1636
471
1822
4910
13555
913
648
3947
748
2259
1664
10141
1590
5755
8693
16280
1509
14016
1017
4920
10245
10385
1673
2027
22093
8173
1106
1479
3771
1051
18318
4301
1655
439
865
2995
374
1942
411
520
950
317
342
499
996
345
452
510
502
1779
185
555
1059
503
955
836
598
395
327
176
304
101
0
0
0
461
200
137
270
6746
2226
621
3601
417
210
371
954
3948
1373
1415
494
3151
1287
1597
318
604
987
1358
1792
876
9468
570
2181
3090
1043
465
11804
2269
484
920
2083
1068
1007
1702
5942
327
3115
851
817
1370
313
1793
1796
758
3532
713
2929
681
18923
29418
3552
2608
356
478
2305
14576
3328
879
381
2300
1006
1217
747
1763
397
5163
1612
2603
2928
528
2132
683
470
1660
1035
8770
823
564
1143
22615
6909
1892
1051
1393
10161
362
1330
3559
713
1397
857
6837
1333
5404
1180
2413
9430
11508
11494
2002
871
6509
2333
2266
4352
7044
2380
3014
3358
3972
1919
1684
1771
21068
2072
1355
611
4076
4522
1981
2066
2195
7401
1123
2805
1997
523
1013
914
644
691
775
2179
712
1068
640
728
5084
9742
2735
1085
355
711
5116
436
12634
3850
314
604
1852
390
2563
1157
524
400
231
290
461
200
137
0
0
0
505
891
704
813
1631
3038
731
736
408
1468
931
1641
6151
1834
5546
1005
3482
310
858
6372
2645
8502
1304
3161
615
2893
1097
1349
1271
1091
2949
1751
5619
2507
6970
7091
2348
1047
1267
8985
13465
1598
499
2420
3722
962
436
1970
2897
7455
4358
939
1308
5307
1272
1279
834
300
2992
871
1233
569
799
32022
785
724
380
4128
18499
16288
6045
868
963
3720
884
658
1483
856
812
571
504
3284
5501
4335
3889
10101
3290
4132
945
1519
322
5316
4577
1993
45984
7579
1193
4025
1169
2462
15400
4089
1419
841
93037
5115
1805
4676
3689
2835
4082
2128
9363
8176
6929
3527
34592
2251
5574
510
4551
2734
4433
11923
1544
628
2131
4103
1524
627
123
137
285
911
909
350
131
591
156
134
59
378
246
782
117
5084
238
510
346
129
255
482
533
928
1124
596
702
352
198
270
6746
2226
505
891
704
0
0
0
961
215
363
750
512
681
2602
344
5425
590
2005
160
193
262
203
3197
655
1958
850
409
827
2385
960
516
232
502
522
2204
547
2799
3566
709
1606
552
4622
641
12318
7548
459
147
736
446
673
638
447
1216
623
513
1208
9014
10446
331
4316
958
1058
4381
3614
7823
3627
549
1122
1939
1410
636
679
624
2651
2055
29080
1203
4073
10157
827
1962
1304
935
1264
1001
1488
1137
9880
553
1014
6386
584
6867
21500
1134
1532
6697
1293
877
1147
1222
6758
447
1228
1622
15041
1473
3409
2545
2124
1541
2633
832
3093
5716
2201
2123
25724
1862
2897
4688
3682
1462
3916
825
2123
4808
723
2394
7394
1330
11071
14808
648
689
1781
539
1209
421
2091
719
480
237
928
664
567
3620
928
403
10435
803
591
1294
678
1211
2254
1062
672
400
455
421
1620
529
621
3601
417
813
1631
3038
961
215
363
0
0
0
139
1074
78
1232
376
1740
374
304
2650
945
767
1881
578
3718
416
812
2859
9621
877
311
682
3415
1174
1196
697
4859
511
4129
719
15074
525
938
675
991
1362
1389
372
425
4038
3328
1390
829
539
672
2897
1637
2127
3618
1025
771
1062
11577
3997
1134
691
3892
1370
1284
674
3296
1590
802
2562
9323
975
635
4588
5909
5196
9027
1845
1211
1256
1005
1554
1689
5264
1374
3021
1332
1262
1258
12170
17724
325
2037
676
1786
1510
1122
689
743
1106
2001
18147
2089
9554
3056
1375
11667
2737
695
1595
1490
2198
2450
2126
2911
4921
719
4685
1078
1299
7909
4121
2539
1961
1895
1524
2471
997
2944
2533
793
571
11838
300
369
1680
2456
735
1753
547
21291
3976
303
630
579
310
814
1018
6544
1019
2595
799
1631
1232
461
963
932
1531
1149
2674
210
371
954
731
736
408
750
512
681
139
1074
78
0
0
0
1628
700
1075
1254
734
553
773
560
121
1965
679
1846
420
767
3046
608
582
359
9796
757
825
5230
659
3066
2102
1205
8682
4038
1096
827
1531
4689
634
1534
1249
760
629
2483
1461
1256
9288
1176
898
1015
408
4496
1569
268
3231
2370
1158
1014
1269
935
1360
4707
31358
639
1416
588
646
1028
1003
5644
850
2143
439
1323
512
745
4206
1137
1469
1854
4230
2504
428
856
1728
2642
941
4568
712
235
723
2009
3611
896
4760
598
28577
7979
6403
1788
526
967
1753
1089
1172
2117
2138
2597
1203
7246
1834
2095
20242
6864
1941
10531
3298
7651
7890
8096
7118
2578
1437
11325
3666
3135
1177
2096
720
1907
1581
3045
1011
775
1677
1849
2664
1033
17424
1091
1405
344
1012
4248
627
5990
495
722
5257
903
4669
1649
23627
2261
3531
1802
3948
1373
1415
1468
931
1641
2602
344
5425
1232
376
1740
1628
700
1075
0
0
0
1251
451
3976
692
1942
167
141
120
119
685
283
285
429
18293
470
120
316
865
746
3290
689
2075
28520
15501
18013
677
289
1641
3340
546
3936
557
1460
1480
1608
4224
977
1714
5150
1247
1292
1476
1294
534
1311
1614
4192
1329
1331
3504
1383
926
3486
3076
1220
2491
1364
4101
1851
766
5664
6124
1264
1730
1389
956
2356
7541
2498
1050
2831
2444
5037
1357
498
1020
1357
881
3151
2233
754
2210
18077
743
379
480
661
605
1457
7887
2212
1424
950
9207
1606
956
47793
11989
2023
6040
10742
898
16704
2384
22458
1408
2638
4946
21746
10412
2447
1982
1977
3399
3562
3979
3749
503
206
276
2006
208
523
446
1010
686
853
565
252
393
836
6822
1546
612
1453
1412
1402
826
479
9813
257
2371
4345
792
1241
344
531
494
3151
1287
6151
1834
5546
590
2005
160
374
304
2650
1254
734
553
1251
451
3976
0
0
0
814
103
922
636
37
197
833
675
879
385
455
700
818
1254
314
4781
11348
609
749
1074
7748
385
720
771
1317
1257
536
3551
1869
732
991
2977
3508
696
854
987
1301
570
3312
13997
7865
4529
547
6539
992
4355
1103
794
2057
3642
3553
1076
2309
609
564
1063
549
2711
1235
56431
663
1488
1429
660
8032
1345
785
3769
4408
6471
3974
1890
1868
3371
602
2500
2619
945
1564
753
1562
1244
463
10038
3238
3163
7253
1324
2343
1023
996
4787
7336
2254
3285
2339
2077
829
6022
8183
3542
6887
18916
944
30232
9223
1074
1109
1366
2957
1680
1646
3001
2097
885
364
154
411
1029
4135
509
129
236
1087
400
144
2513
4154
860
2635
980
1674
2980
1201
2138
245
1476
433
817
2264
16362
291
1218
212
1597
318
604
1005
3482
310
193
262
203
945
767
1881
773
560
121
692
1942
167
814
103
922
0
0
0
114
293
1387
254
415
1179
1692
451
1808
214
152
1384
1263
714
836
516
1911
1229
805
1573
1444
270
559
337
1967
200
1004
1546
1669
1908
1390
848
1363
2310
7945
546
391
989
263
758
1620
424
1655
1239
1567
1013
3484
1140
438
686
719
3714
1919
539
10911
1665
2014
14476
1131
872
24965
1931
705
2914
5467
547
10125
2220
1548
8519
3421
2606
2050
2435
1251
1354
1392
700
1189
538
282
6097
18104
2262
16872
914
1694
1606
15593
3265
10151
4487
2773
525
2265
735
14486
1136
2418
4429
1585
2250
45441
3852
5195
1263
1931
1933
1300
14489
1228
2382
2107
1176
1114
1027
1616
367
171
1289
288
661
1086
1012
2846
837
812
635
1068
1658
1348
834
2559
1705
1639
30092
577
876
438
704
378
987
1358
1792
858
6372
2645
3197
655
1958
578
3718
416
1965
679
1846
141
120
119
636
37
197
114
293
1387
0
0
0
960
755
572
1124
2154
141
435
276
736
1312
797
3187
2277
1782
1614
743
4206
1408
3230
2035
5247
2423
636
880
961
895
10153
1914
349
1630
1117
21903
1252
691
2663
679
1042
2758
787
5302
439
705
16440
9087
1651
583
599
1086
518
1292
505
927
20640
14390
9944
2235
2042
3549
1135
1181
5358
883
2047
1568
2473
1165
5239
3640
1087
514
750
19548
782
3021
248
19314
2394
632
8204
26930
3505
1028
1338
1994
1875
1329
2686
9691
1976
7021
4240
2484
1660
1583
5739
5789
4072
713
1000
767
5659
5003
2548
2039
1347
5313
4852
1362
307
652
484
1115
438
2657
538
339
1749
303
968
416
1380
5834
2275
414
3200
1060
482
2334
407
1979
1064
3051
2972
2284
406
379
1979
544
876
9468
570
8502
1304
3161
850
409
827
812
2859
9621
420
767
3046
685
283
285
833
675
879
254
415
1179
960
755
572
0
0
0
95
342
487
197
122
215
891
250
3097
826
10687
877
231
533
3424
189
1261
463
410
6081
699
3484
847
960
1635
462
625
869
400
515
6651
3715
261
1547
3707
3305
1395
670
1014
1503
955
384
1159
1603
529
856
9187
1603
2117
1215
2858
571
1375
3126
1445
1095
4329
17034
5354
1513
808
1745
566
4220
4609
1884
573
1933
6816
10592
4075
1321
5513
801
612
4314
2350
1218
822
549
3639
21920
3970
4454
3043
2556
2134
555
752
1709
3112
1330
19543
5780
13270
810
50999
3133
975
4271
2525
9546
3309
13196
1821
740
2586
1002
1051
1463
852
317
6750
988
1405
17262
649
1084
2065
3605
724
1227
518
876
335
1506
4317
539
5995
18874
1043
4105
521
1836
599
2181
3090
1043
615
2893
1097
2385
960
516
877
311
682
608
582
359
429
18293
470
385
455
700
1692
451
1808
1124
2154
141
95
342
487
0
0
0
730
768
321
372
1701
810
269
528
523
853
324
1011
513
535
428
5593
312
420
175
7138
1712
611
5672
881
413
2927
1255
1886
1641
1457
9236
4228
825
28912
2300
1329
9397
2059
398
1638
7126
529
6212
2523
5862
2298
8884
3376
2547
2003
5423
2112
2011
4740
7477
1687
1780
869
1660
696
15357
966
5169
5870
1062
2691
1773
3178
1504
2262
3944
704
2125
2452
2164
874
635
931
530
718
10846
1997
7413
2613
8451
1265
715
1662
1379
993
1942
35995
1771
3324
2333
2459
4869
12610
14734
9104
11610
1719
689
348
135
191
540
913
234
262
212
1261
282
886
419
455
450
805
2530
1638
447
318
861
1155
2366
2418
807
247
660
10251
1228
1372
465
11804
2269
1349
1271
1091
232
502
522
3415
1174
1196
9796
757
825
120
316
865
818
1254
314
214
152
1384
435
276
736
197
122
215
730
768
321
0
0
0
219
10250
405
900
468
1599
213
3488
465
1065
424
1666
666
305
163
343
688
632
270
2222
314
1483
3347
519
6598
7255
1138
754
1062
977
2957
1005
550
5211
297
1205
626
349
353
1676
686
2938
16454
3450
1459
5055
14079
2442
10219
1566
2797
701
1274
856
852
1353
1109
32366
1449
1439
1244
930
666
1081
2008
490
824
792
1272
2097
4784
6709
3256
3459
547
2513
18927
1880
1335
1489
663
11338
2668
1574
50487
7862
2796
4535
2472
855
3594
5796
6798
5424
8027
2359
3787
2352
15841
1676
14139
346
200
405
886
5677
1364
1068
222
948
1116
685
870
634
791
422
1683
608
366
1394
1949
3275
5779
1274
1331
2106
1058
978
673
484
920
2083
2949
1751
5619
2204
547
2799
697
4859
511
5230
659
3066
746
3290
689
4781
11348
609
1263
714
836
1312
797
3187
891
250
3097
372
1701
810
219
10250
405
0
0
0
120
2200
432
38
53
123
46
85
46
2266
685
907
443
386
310
305
257
574
650
808
1334
482
1830
728
5279
1155
846
5659
1704
665
701
632
736
315
915
897
9625
12803
1297
3098
7965
2903
1178
1657
2886
2171
4542
3692
1884
1250
3376
1428
1140
3827
9232
919
1423
2203
611
3287
963
1090
2625
2188
7936
4113
2786
576
1534
1708
21245
335
762
2980
1961
2730
2791
1572
351
708
949
3932
2230
693
3209
1109
3223
1440
7739
4698
17971
3051
28465
3874
2320
5263
7268
3747
3097
578
547
649
568
328
2686
1548
678
5450
2472
2665
429
2605
11364
6252
1220
6059
20475
1769
2266
1007
1696
2159
1217
392
2116
6587
1068
1007
1702
2507
6970
7091
3566
709
1606
4129
719
15074
2102
1205
8682
2075
28520
15501
749
1074
7748
516
1911
1229
2277
1782
1614
826
10687
877
269
528
523
900
468
1599
120
2200
432
0
0
0
391
170
1070
152
206
1126
788
9757
528
693
1256
1079
531
531
1706
872
549
574
9777
2900
563
8092
522
2735
618
1778
11173
1191
2281
1316
387
410
1469
19493
1875
1839
4449
1778
1656
7120
8358
16904
8500
1779
2774
970
1144
1253
2222
2019
5170
2870
1674
1660
1062
1375
2492
5975
835
2097
7919
19508
983
270
1430
964
841
720
290
3594
34869
622
887
1568
626
675
605
707
2036
1471
2004
1002
1056
970
27134
1844
19277
3357
3490
7471
46698
6082
2812
390
1458
869
926
1412
677
157
177
316
397
753
474
253
652
877
284
1480
4874
1707
849
986
633
14894
1319
393
6899
5336
531
768
10721
5942
327
3115
2348
1047
1267
552
4622
641
525
938
675
4038
1096
827
18013
677
289
385
720
771
805
1573
1444
743
4206
1408
231
533
3424
853
324
1011
213
3488
465
38
53
123
391
170
1070
0
0
0
86
32
115
332
317
542
387
162
161
240
694
240
127
215
108
1133
2250
1427
440
457
933
5213
1908
5639
731
875
455
278
2544
5383
3663
2001
2171
893
16138
2495
8219
1418
3292
5098
781
886
1600
1286
1265
654
2507
814
3072
5816
1243
2333
3819
1100
856
32078
974
1920
1141
585
883
1333
292
618
1935
1018
2787
1597
653
839
26466
9792
1211
628
1603
1657
2271
1307
555
1646
5717
1411
4612
799
1101
3360
32733
51596
1120
2819
716
1367
999
615
1836
3624
1412
422
188
489
1462
1744
1964
370
1246
853
1302
595
708
205
1629
1228
1088
2013
594
901
2341
7554
1134
3507
851
817
1370
8985
13465
1598
12318
7548
459
991
1362
1389
1531
4689
634
1641
3340
546
1317
1257
536
270
559
337
3230
2035
5247
189
1261
463
513
535
428
1065
424
1666
46
85
46
152
206
1126
86
32
115
0
0
0
269
923
705
352
834
531
244
4461
208
1160
407
2452
310
699
1437
649
5149
752
1115
4474
2719
1792
13460
2121
2339
1247
551
7266
7593
2093
15804
6566
2816
1303
2758
8853
20321
19194
7681
762
1050
2187
1086
1109
711
2935
2081
1241
1969
1037
1349
368
2744
767
1795
3082
13699
477
3052
1355
762
1358
2527
2013
1191
1268
1877
2044
1245
1474
970
1099
3586
1537
4371
976
1578
39092
1393
3997
3441
2223
8607
1435
43829
5050
1626
2511
1954
406
2455
165
199
166
358
189
238
388
1969
503
223
2920
209
124
179
646
175
537
974
1028
671
588
15904
1278
1158
3534
207
313
1793
1796
499
2420
3722
147
736
446
372
425
4038
1534
1249
760
3936
557
1460
3551
1869
732
1967
200
1004
2423
636
880
410
6081
699
5593
312
420
666
305
163
2266
685
907
788
9757
528
332
317
542
269
923
705
0
0
0
67
141
226
627
967
482
211
1581
218
790
244
367
542
611
902
747
952
492
518
732
642
786
392
410
11289
2417
1454
1038
4963
4126
1194
47355
1752
775
2143
1551
1984
5235
3039
6772
2000
3318
623
22275
2616
1179
843
1267
5816
5896
683
955
16577
16379
2638
1145
5790
3081
3855
1272
1718
11378
1011
1210
512
802
8513
985
1592
21350
2158
1848
1700
1062
2139
6780
2738
1867
6606
2211
1575
25498
3224
1686
2617
362
1146
354
332
484
697
770
208
363
889
595
294
1237
118
1367
462
7352
392
3993
618
1055
2581
4810
413
273
8265
748
1552
2337
758
3532
713
962
436
1970
673
638
447
3328
1390
829
629
2483
1461
1480
1608
4224
991
2977
3508
1546
1669
1908
961
895
10153
3484
847
960
175
7138
1712
343
688
632
443
386
310
693
1256
1079
387
162
161
352
834
531
67
141
226
0
0
0
27
69
102
37
121
198
283
1680
157
699
642
1782
1493
647
5251
454
811
1169
339
2457
861
1036
1730
6086
32447
51901
3058
3793
1442
3024
5584
2810
4504
2353
1269
1723
2531
773
3997
1800
3436
2459
1196
804
1217
3118
31316
1861
3385
3742
888
20668
1971
2480
1011
1631
9722
3054
3935
1870
696
827
6035
3355
19073
10650
2046
2532
742
2230
654
1034
1117
1027
2657
8434
1293
926
1042
1321
6592
802
775
677
503
766
1562
114
260
358
1284
4324
308
476
1563
765
898
2154
420
507
1056
852
1288
2419
495
430
1286
2033
3352
7695
6919
2929
681
18923
2897
7455
4358
1216
623
513
539
672
2897
1256
9288
1176
977
1714
5150
696
854
987
1390
848
1363
1914
349
1630
1635
462
625
611
5672
881
270
2222
314
305
257
574
531
531
1706
240
694
240
244
4461
208
627
967
482
27
69
102
0
0
0
83
559
169
174
6756
325
399
1119
1011
23030
5530
333
1196
1137
704
1625
359
779
3337
2608
2697
1676
1018
2075
4657
2679
908
7502
7810
1054
2272
690
3165
3443
1421
28591
5738
4518
3015
2850
14818
1385
2277
1415
1609
10015
35130
3527
4597
1307
893
7302
7756
17188
35905
4314
2065
1744
6433
10592
3154
6350
1544
668
1415
1588
984
1187
1267
4768
2043
1035
2723
2063
10653
6310
7690
1278
325
484
553
358
360
343
362
711
163
1889
1123
361
462
125
183
264
264
195
272
467
287
1051
940
552
558
1216
888
7075
1262
588
29418
3552
2608
939
1308
5307
1208
9014
10446
1637
2127
3618
898
1015
408
1247
1292
1476
1301
570
3312
2310
7945
546
1117
21903
1252
869
400
515
413
2927
1255
1483
3347
519
650
808
1334
872
549
574
127
215
108
1160
407
2452
211
1581
218
37
121
198
83
559
169
0
0
0
1123
657
229
2114
972
7904
385
383
754
678
792
217
1084
788
361
5471
757
1312
4238
798
1934
1767
722
2298
1609
1341
1856
3420
1726
439
3747
812
995
3368
1196
2662
12669
1678
829
678
1158
5996
761
1717
4475
4627
48376
11150
1420
1214
981
1413
1621
3355
3095
9219
1752
20459
2589
3056
3341
2396
3088
2623
654
1146
2391
1289
10546
5984
2577
811
1495
1892
1190
1806
774
217
1772
421
833
193
1688
848
1682
251
811
282
308
306
184
391
252
1624
462
202
942
205
604
549
484
5483
312
517
721
356
478
2305
1272
1279
834
331
4316
958
1025
771
1062
4496
1569
268
1294
534
1311
13997
7865
4529
391
989
263
691
2663
679
6651
3715
261
1886
1641
1457
6598
7255
1138
482
1830
728
9777
2900
563
1133
2250
1427
310
699
1437
790
244
367
283
1680
157
174
6756
325
1123
657
229
0
0
0
515
242
167
582
531
248
206
182
412
261
686
1023
5868
1560
4289
501
600
547
5238
3616
1529
916
1532
712
20614
1920
9685
6779
841
1193
7340
643
2277
1164
2454
3945
1353
3278
6599
3511
1383
3321
1436
3502
3823
4186
1930
2584
1551
8232
2157
3041
16348
2098
1529
1944
1463
1783
694
1816
2250
746
2351
1381
14925
1436
6599
1147
7684
1557
2083
1526
6396
1229
908
2499
768
338
2334
1069
2454
3165
1118
516
1785
173
2231
1793
601
2062
1368
586
1259
759
841
1831
3303
528
768
1024
1277
1841
14576
3328
879
300
2992
871
1058
4381
3614
11577
3997
1134
3231
2370
1158
1614
4192
1329
547
6539
992
758
1620
424
1042
2758
787
1547
3707
3305
9236
4228
825
754
1062
977
5279
1155
846
8092
522
2735
440
457
933
649
5149
752
542
611
902
699
642
1782
399
1119
1011
2114
972
7904
515
242
167
0
0
0
334
116
499
74
451
183
227
123
405
1170
5529
3693
1355
899
1878
525
6305
2447
1894
992
1339
1197
47846
6421
26957
2538
3733
1934
2215
4850
1464
5673
1841
8711
1987
5473
702
1807
2552
590
1355
2326
2138
5198
3772
25233
2611
7170
767
4014
990
28542
7502
1399
5605
1037
1935
1150
939
493
677
2897
2921
5330
980
555
1044
1764
697
9628
291
608
576
447
683
786
397
2391
4451
2370
4564
4122
6557
278
1194
832
498
925
527
1720
225
821
980
657
821
418
541
757
836
381
2300
1006
1233
569
799
7823
3627
549
691
3892
1370
1014
1269
935
1331
3504
1383
4355
1103
794
1655
1239
1567
5302
439
705
1395
670
1014
28912
2300
1329
2957
1005
550
5659
1704
665
618
1778
11173
5213
1908
5639
1115
4474
2719
747
952
492
1493
647
5251
23030
5530
333
385
383
754
582
531
248
334
116
499
0
0
0
147
225
98
1236
111
726
15971
3692
2592
2078
1224
5832
2329
405
1208
1771
877
660
935
1692
6805
17481
7851
38381
1617
3474
16632
1241
34043
13710
1030
1651
974
692
2197
17740
1753
2015
1626
4357
1475
5186
2397
2614
2260
3476
1951
2532
973
5831
1436
8876
1018
5288
344
3147
2637
1545
3562
4458
994
733
772
1606
995
18281
963
1376
497
985
1368
347
2932
682
2295
1103
340
724
693
1712
627
950
2579
3597
1520
1530
1341
957
618
403
315
1212
463
1190
1410
14375
1217
747
1763
32022
785
724
1122
1939
1410
1284
674
3296
1360
4707
31358
926
3486
3076
2057
3642
3553
1013
3484
1140
16440
9087
1651
1503
955
384
9397
2059
398
5211
297
1205
701
632
736
1191
2281
1316
731
875
455
1792
13460
2121
518
732
642
454
811
1169
1196
1137
704
678
792
217
206
182
412
74
451
183
147
225
98
0
0
0
138
117
461
2770
1467
40390
2249
2393
3015
12807
2730
954
1379
18619
2523
3716
2599
5145
6106
2246
1252
1706
4550
841
22140
5435
819
3792
2361
2869
667
1708
1252
755
1441
862
878
1012
1469
21970
5652
2276
8941
6868
3185
1157
2105
3411
1308
2712
492
11944
777
1310
902
586
2007
4753
3903
4795
1413
2093
1573
661
323
5469
2145
397
2400
1041
313
677
2488
4039
585
1535
859
522
304
3360
427
1592
542
293
513
1241
1024
431
762
554
516
223
497
397
5163
1612
380
4128
18499
636
679
624
1590
802
2562
639
1416
588
1220
2491
1364
1076
2309
609
438
686
719
583
599
1086
1159
1603
529
1638
7126
529
626
349
353
315
915
897
387
410
1469
278
2544
5383
2339
1247
551
786
392
410
339
2457
861
1625
359
779
1084
788
361
261
686
1023
227
123
405
1236
111
726
138
117
461
0
0
0
3621
1164
11129
6248
1308
943
2715
1645
2042
2452
710
5805
1216
2536
31967
1261
2329
6178
12360
8369
2051
1862
3071
1064
763
2150
1957
8036
9211
1884
4679
2441
5027
5438
1683
2290
4448
1987
55438
6353
1291
1262
4009
1445
1047
848
1569
2445
1869
6496
461
746
1080
947
650
1325
1246
2170
7222
2286
3784
6236
2207
908
4146
876
18690
1038
1293
1870
3976
1539
4239
991
1269
2278
1399
2450
2700
3396
977
3950
907
1169
661
16845
1734
955
6517
1113
2603
2928
528
16288
6045
868
2651
2055
29080
9323
975
635
646
1028
1003
4101
1851
766
564
1063
549
3714
1919
539
518
1292
505
856
9187
1603
6212
2523
5862
1676
686
2938
9625
12803
1297
19493
1875
1839
3663
2001
2171
7266
7593
2093
11289
2417
1454
1036
1730
6086
3337
2608
2697
5471
757
1312
5868
1560
4289
1170
5529
3693
15971
3692
2592
2770
1467
40390
3621
1164
11129
0
0
0
2400
2462
1272
636
5994
1256
1081
810
1837
6257
1518
2845
1621
2314
2000
630
429
872
2041
93
845
2057
552
10658
700
1345
807
10864
3650
4060
3761
3500
10337
3878
1631
39762
1530
9307
3453
6435
3969
13470
4773
3040
43995
1855
6359
35920
61249
1589
11744
33710
8372
2628
7657
2940
4042
5526
4320
2688
443
1741
1713
1325
1377
10008
1537
2459
3499
9933
1014
2062
7971
603
668
4495
1156
1672
492
7435
672
5753
351
530
479
1405
2714
2132
683
470
963
3720
884
1203
4073
10157
4588
5909
5196
5644
850
2143
5664
6124
1264
2711
1235
56431
10911
1665
2014
927
20640
14390
2117
1215
2858
2298
8884
3376
16454
3450
1459
3098
7965
2903
4449
1778
1656
893
16138
2495
15804
6566
2816
1038
4963
4126
32447
51901
3058
1676
1018
2075
4238
798
1934
501
600
547
1355
899
1878
2078
1224
5832
2249
2393
3015
6248
1308
943
2400
2462
1272
0
0
0
1967
808
721
9314
2366
501
11668
3737
4210
5957
2591
1813
32756
9779
8837
1531
1984
1256
4680
7754
21391
3396
4740
1230
5162
5278
3165
933
2325
2465
3730
5557
13176
8489
8985
2338
6053
4237
1101
677
7925
1632
1722
588
4463
2521
1254
923
511
464
863
191
1541
724
6715
1517
2985
1866
7824
937
2368
4423
2238
2416
1406
836
2684
4059
4245
2181
2549
1215
2262
2454
1647
1585
4012
6444
494
1782
1585
1047
280
617
1660
1035
8770
658
1483
856
827
1962
1304
9027
1845
1211
439
1323
512
1730
1389
956
663
1488
1429
14476
1131
872
9944
2235
2042
571
1375
3126
2547
2003
5423
5055
14079
2442
1178
1657
2886
7120
8358
16904
8219
1418
3292
1303
2758
8853
1194
47355
1752
3793
1442
3024
4657
2679
908
1767
722
2298
5238
3616
1529
525
6305
2447
2329
405
1208
12807
2730
954
2715
1645
2042
636
5994
1256
1967
808
721
0
0
0
1729
393
308
5823
10206
6857
10504
3485
16086
1246
1672
2537
563
1831
873
1018
10713
3013
1685
1194
42388
60838
20864
12232
2218
7121
30709
5314
2196
1720
5510
34682
1580
3209
6367
9452
4633
1016
10438
21210
3567
969
19493
938
2240
2141
6916
1314
3832
1198
1016
1078
1049
7492
2504
5561
5137
6610
904
5891
1179
4917
810
4640
1002
7091
5208
1790
2120
1653
1033
2926
1172
753
2109
1514
1393
1012
992
54525
1080
823
564
1143
812
571
504
935
1264
1001
1256
1005
1554
745
4206
1137
2356
7541
2498
660
8032
1345
24965
1931
705
3549
1135
1181
1445
1095
4329
2112
2011
4740
10219
1566
2797
2171
4542
3692
8500
1779
2774
5098
781
886
20321
19194
7681
775
2143
1551
5584
2810
4504
7502
7810
1054
1609
1341
1856
916
1532
712
1894
992
1339
1771
877
660
1379
18619
2523
2452
710
5805
1081
810
1837
9314
2366
501
1729
393
308
0
0
0
4500
2954
8130
1497
12207
2791
1843
8676
1641
2924
1081
1463
2519
6160
7379
1076
1765
10549
3111
3691
1326
5610
24768
3117
3984
4453
3098
2327
20036
2814
1794
2514
15831
1791
3169
1967
1923
1213
2351
1850
4695
1491
1729
2995
4628
8187
1604
2431
1303
2066
2012
2382
6471
7302
1460
904
2344
1376
3894
1063
1050
6048
4733
2042
1406
2924
1090
2258
3018
2873
34951
1296
2934
3868
1742
699
5111
1071
22615
6909
1892
3284
5501
4335
1488
1137
9880
1689
5264
1374
1469
1854
4230
1050
2831
2444
785
3769
4408
2914
5467
547
5358
883
2047
17034
5354
1513
7477
1687
1780
701
1274
856
1884
1250
3376
970
1144
1253
1600
1286
1265
762
1050
2187
1984
5235
3039
2353
1269
1723
2272
690
3165
3420
1726
439
20614
1920
9685
1197
47846
6421
935
1692
6805
3716
2599
5145
1216
2536
31967
6257
1518
2845
11668
3737
4210
5823
10206
6857
4500
2954
8130
0
0
0
3937
1211
303
1034
3628
4480
2596
1616
1845
1536
521
678
3023
1635
3452
667
681
2007
2230
4233
481
436
352
154
2464
1026
4025
604
2148
195
6726
5256
2381
2490
11706
1317
3017
5230
2625
3537
2646
4522
2554
3596
6459
10999
3233
594
25515
2878
1678
2877
2324
1606
3040
683
1016
899
1933
1564
1145
3327
2031
2990
2815
2154
43938
1046
6715
1349
1265
1958
6933
24709
3353
1051
1393
10161
3889
10101
3290
553
1014
6386
3021
1332
1262
2504
428
856
5037
1357
498
6471
3974
1890
10125
2220
1548
1568
2473
1165
808
1745
566
869
1660
696
852
1353
1109
1428
1140
3827
2222
2019
5170
654
2507
814
1086
1109
711
6772
2000
3318
2531
773
3997
3443
1421
28591
3747
812
995
6779
841
1193
26957
2538
3733
17481
7851
38381
6106
2246
1252
1261
2329
6178
1621
2314
2000
5957
2591
1813
10504
3485
16086
1497
12207
2791
3937
1211
303
0
0
0
1494
2814
794
3583
1358
756
2350
192
475
686
891
539
3706
2625
8730
2161
1125
1670
896
2585
2989
26902
4788
1614
1704
2316
1623
3517
1638
10013
52005
12333
4431
5761
3448
4787
7776
9523
1985
2877
2016
1860
857
1609
884
3774
2612
1019
31798
1063
1550
1118
2707
7227
4820
6689
7407
9387
6070
2550
1253
736
3618
5089
9385
898
1198
1466
2326
1442
724
745
362
1330
3559
4132
945
1519
584
6867
21500
1258
12170
17724
1728
2642
941
1020
1357
881
1868
3371
602
8519
3421
2606
5239
3640
1087
4220
4609
1884
15357
966
5169
32366
1449
1439
9232
919
1423
2870
1674
1660
3072
5816
1243
2935
2081
1241
623
22275
2616
1800
3436
2459
5738
4518
3015
3368
1196
2662
7340
643
2277
1934
2215
4850
1617
3474
16632
1706
4550
841
12360
8369
2051
630
429
872
32756
9779
8837
1246
1672
2537
1843
8676
1641
1034
3628
4480
1494
2814
794
0
0
0
784
590
198
720
3306
4633
542
222
589
1657
2723
8542
3015
5666
1142
2593
5191
1523
3628
5197
4757
5037
2326
8100
5537
1877
5968
4353
1313
4670
26480
13628
33289
2292
4218
3630
2399
2330
13154
7176
1945
6298
1478
2985
1309
1844
678
720
1688
975
1296
962
709
20712
1936
12814
736
42039
10336
1197
2044
2070
5777
4592
13000
894
888
770
1668
713
1397
857
322
5316
4577
1134
1532
6697
325
2037
676
4568
712
235
3151
2233
754
2500
2619
945
2050
2435
1251
514
750
19548
573
1933
6816
5870
1062
2691
1244
930
666
2203
611
3287
1062
1375
2492
2333
3819
1100
1969
1037
1349
1179
843
1267
1196
804
1217
2850
14818
1385
12669
1678
829
1164
2454
3945
1464
5673
1841
1241
34043
13710
22140
5435
819
1862
3071
1064
2041
93
845
1531
1984
1256
563
1831
873
2924
1081
1463
2596
1616
1845
3583
1358
756
784
590
198
0
0
0
16262
2686
1356
541
5877
591
1715
3467
2343
2892
1777
6873
3780
2085
9045
2954
4105
1769
1111
21555
2720
1449
2510
5373
5951
1708
4886
1342
2963
1822
982
971
4396
2897
1634
1687
956
878
7643
2123
3345
436
929
1109
3975
1069
2022
1358
698
3972
16938
2840
22680
3094
1806
1065
3324
956
2575
1204
3042
6078
1514
1351
3171
1806
6837
1333
5404
1993
45984
7579
1293
877
1147
1786
1510
1122
723
2009
3611
2210
18077
743
1564
753
1562
1354
1392
700
782
3021
248
10592
4075
1321
1773
3178
1504
1081
2008
490
963
1090
2625
5975
835
2097
856
32078
974
368
2744
767
5816
5896
683
3118
31316
1861
2277
1415
1609
678
1158
5996
1353
3278
6599
8711
1987
5473
1030
1651
974
3792
2361
2869
763
2150
1957
2057
552
10658
4680
7754
21391
1018
10713
3013
2519
6160
7379
1536
521
678
2350
192
475
720
3306
4633
16262
2686
1356
0
0
0
4972
853
842
2215
3088
1833
2154
554
884
4692
943
740
1553
10173
1620
695
956
9840
9411
2937
4932
1168
5756
2092
2379
2979
7424
3671
6926
68634
2528
8203
8923
445
1741
933
2467
1110
20168
1754
16595
1046
16325
4362
3182
2303
884
4646
4142
1416
449
5229
3052
749
6302
2361
1723
2113
1690
1081
15457
1636
471
1180
2413
9430
1193
4025
1169
1222
6758
447
689
743
1106
896
4760
598
379
480
661
1244
463
10038
1189
538
282
19314
2394
632
5513
801
612
2262
3944
704
824
792
1272
2188
7936
4113
7919
19508
983
1920
1141
585
1795
3082
13699
955
16577
16379
3385
3742
888
10015
35130
3527
761
1717
4475
3511
1383
3321
702
1807
2552
692
2197
17740
667
1708
1252
8036
9211
1884
700
1345
807
3396
4740
1230
1685
1194
42388
1076
1765
10549
3023
1635
3452
686
891
539
542
222
589
541
5877
591
4972
853
842
0
0
0
3839
18615
5472
2643
2027
1874
8624
1817
8874
4817
22894
1405
1267
4950
5931
1292
2516
5806
1117
2886
2127
9358
19180
2414
3725
4915
3229
3984
20812
3892
7074
645
1118
8224
759
2235
1420
6075
1751
1191
2778
19274
1363
1594
2879
4167
1713
720
3535
5134
1435
3516
812
10800
4636
2000
2058
1822
4910
13555
11508
11494
2002
2462
15400
4089
1228
1622
15041
2001
18147
2089
28577
7979
6403
605
1457
7887
3238
3163
7253
6097
18104
2262
8204
26930
3505
4314
2350
1218
2125
2452
2164
2097
4784
6709
2786
576
1534
270
1430
964
883
1333
292
477
3052
1355
2638
1145
5790
20668
1971
2480
4597
1307
893
4627
48376
11150
1436
3502
3823
590
1355
2326
1753
2015
1626
755
1441
862
4679
2441
5027
10864
3650
4060
5162
5278
3165
60838
20864
12232
3111
3691
1326
667
681
2007
3706
2625
8730
1657
2723
8542
1715
3467
2343
2215
3088
1833
3839
18615
5472
0
0
0
1014
1425
4942
3256
2329
2084
797
265
136
1096
738
1045
4004
3142
583
7853
3357
2317
3502
3302
16642
5658
2878
14198
5265
9564
5491
10491
3985
686
2325
873
1296
519
466
2078
4475
1396
1396
1116
1284
10811
1209
2075
982
2975
2175
881
1706
909
1970
6679
2064
20682
913
648
3947
871
6509
2333
1419
841
93037
1473
3409
2545
9554
3056
1375
1788
526
967
2212
1424
950
1324
2343
1023
16872
914
1694
1028
1338
1994
822
549
3639
874
635
931
3256
3459
547
1708
21245
335
841
720
290
618
1935
1018
762
1358
2527
3081
3855
1272
1011
1631
9722
7302
7756
17188
1420
1214
981
4186
1930
2584
2138
5198
3772
4357
1475
5186
878
1012
1469
5438
1683
2290
3761
3500
10337
933
2325
2465
2218
7121
30709
5610
24768
3117
2230
4233
481
2161
1125
1670
3015
5666
1142
2892
1777
6873
2154
554
884
2643
2027
1874
1014
1425
4942
0
0
0
631
3583
895
3550
440
2264
1626
184
145
1990
1796
1325
4964
1459
3421
1511
38814
5483
4945
3940
3361
27065
8493
2841
775
1138
4424
4017
1761
6160
5890
1042
2009
3740
19791
9656
22923
4355
5029
4080
1615
2301
2307
1194
5570
2372
1771
7761
1302
2691
3466
748
2259
1664
2266
4352
7044
5115
1805
4676
2124
1541
2633
11667
2737
695
1753
1089
1172
9207
1606
956
996
4787
7336
1606
15593
3265
1875
1329
2686
21920
3970
4454
530
718
10846
2513
18927
1880
762
2980
1961
3594
34869
622
2787
1597
653
2013
1191
1268
1718
11378
1011
3054
3935
1870
35905
4314
2065
1413
1621
3355
1551
8232
2157
25233
2611
7170
2397
2614
2260
21970
5652
2276
4448
1987
55438
3878
1631
39762
3730
5557
13176
5314
2196
1720
3984
4453
3098
436
352
154
896
2585
2989
2593
5191
1523
3780
2085
9045
4692
943
740
8624
1817
8874
3256
2329
2084
631
3583
895
0
0
0
63523
2801
750
12800
559
2749
2683
4350
4350
2239
72839
4258
13087
9285
49982
2784
6230
3605
17603
7094
3605
1358
7117
2352
1274
3003
1985
6717
2993
1638
1570
8044
15036
966
5210
2719
3876
888
16665
2464
1279
1565
4211
5168
5880
3273
2325
7121
10141
1590
5755
2380
3014
3358
3689
2835
4082
832
3093
5716
1595
1490
2198
2117
2138
2597
47793
11989
2023
2254
3285
2339
10151
4487
2773
9691
1976
7021
3043
2556
2134
1997
7413
2613
1335
1489
663
2730
2791
1572
887
1568
626
839
26466
9792
1877
2044
1245
1210
512
802
696
827
6035
1744
6433
10592
3095
9219
1752
3041
16348
2098
767
4014
990
3476
1951
2532
8941
6868
3185
6353
1291
1262
1530
9307
3453
8489
8985
2338
5510
34682
1580
2327
20036
2814
2464
1026
4025
26902
4788
1614
3628
5197
4757
2954
4105
1769
1553
10173
1620
4817
22894
1405
797
265
136
3550
440
2264
63523
2801
750
0
0
0
595
1483
1474
1003
703
824
2650
2456
2249
5035
3055
3312
14527
7419
3631
2166
2973
3108
18242
6800
1241
49821
1822
2386
1679
3055
1814
4780
18506
628
2713
6095
1125
2073
1517
2641
1623
1677
6008
2223
1886
1344
1119
1055
1921
8693
16280
1509
3972
1919
1684
2128
9363
8176
2201
2123
25724
2450
2126
2911
1203
7246
1834
6040
10742
898
2077
829
6022
525
2265
735
4240
2484
1660
555
752
1709
8451
1265
715
11338
2668
1574
351
708
949
675
605
707
1211
628
1603
1474
970
1099
8513
985
1592
3355
19073
10650
3154
6350
1544
20459
2589
3056
1529
1944
1463
28542
7502
1399
973
5831
1436
1157
2105
3411
4009
1445
1047
6435
3969
13470
6053
4237
1101
3209
6367
9452
1794
2514
15831
604
2148
195
1704
2316
1623
5037
2326
8100
1111
21555
2720
695
956
9840
1267
4950
5931
1096
738
1045
1626
184
145
12800
559
2749
595
1483
1474
0
0
0
3697
690
4088
4383
4455
11987
9307
6902
5310
2441
1306
2879
1699
2867
2027
1596
6323
17076
1369
1977
1887
26849
2128
11184
1676
3551
15188
7746
1684
3313
584
2770
2003
2734
1406
3298
2129
1469
6625
3403
7473
2089
14016
1017
4920
1771
21068
2072
6929
3527
34592
1862
2897
4688
4921
719
4685
2095
20242
6864
16704
2384
22458
8183
3542
6887
14486
1136
2418
1583
5739
5789
3112
1330
19543
1662
1379
993
50487
7862
2796
3932
2230
693
2036
1471
2004
1657
2271
1307
3586
1537
4371
21350
2158
1848
2046
2532
742
668
1415
1588
3341
2396
3088
1783
694
1816
5605
1037
1935
8876
1018
5288
1308
2712
492
848
1569
2445
4773
3040
43995
677
7925
1632
4633
1016
10438
1791
3169
1967
6726
5256
2381
3517
1638
10013
5537
1877
5968
1449
2510
5373
9411
2937
4932
1292
2516
5806
4004
3142
583
1990
1796
1325
2683
4350
4350
1003
703
824
3697
690
4088
0
0
0
1017
612
295
6301
1801
7647
4199
870
2089
1899
2957
26360
1723
5255
1052
1421
3794
2118
610
2037
2644
12752
1309
1288
1854
3041
1795
2772
2868
1558
1082
7272
770
2231
7609
662
1111
823
1149
10245
10385
1673
1355
611
4076
2251
5574
510
3682
1462
3916
1078
1299
7909
1941
10531
3298
1408
2638
4946
18916
944
30232
4429
1585
2250
4072
713
1000
5780
13270
810
1942
35995
1771
4535
2472
855
3209
1109
3223
1002
1056
970
555
1646
5717
976
1578
39092
1700
1062
2139
2230
654
1034
984
1187
1267
2623
654
1146
2250
746
2351
1150
939
493
344
3147
2637
11944
777
1310
1869
6496
461
1855
6359
35920
1722
588
4463
21210
3567
969
1923
1213
2351
2490
11706
1317
52005
12333
4431
4353
1313
4670
5951
1708
4886
1168
5756
2092
1117
2886
2127
7853
3357
2317
4964
1459
3421
2239
72839
4258
2650
2456
2249
4383
4455
11987
1017
612
295
0
0
0
2218
1006
1453
1984
662
988
2184
1371
4775
6490
1485
579
3185
1494
1318
3133
684
2345
3263
5680
1758
5781
593
2522
1454
404
16425
3231
1308
1103
3094
1892
6529
971
1489
1118
2027
22093
8173
4522
1981
2066
4551
2734
4433
825
2123
4808
4121
2539
1961
7651
7890
8096
21746
10412
2447
9223
1074
1109
45441
3852
5195
767
5659
5003
50999
3133
975
3324
2333
2459
3594
5796
6798
1440
7739
4698
27134
1844
19277
1411
4612
799
1393
3997
3441
6780
2738
1867
1117
1027
2657
4768
2043
1035
2391
1289
10546
1381
14925
1436
677
2897
2921
1545
3562
4458
902
586
2007
746
1080
947
61249
1589
11744
2521
1254
923
19493
938
2240
1850
4695
1491
3017
5230
2625
5761
3448
4787
26480
13628
33289
1342
2963
1822
2379
2979
7424
9358
19180
2414
3502
3302
16642
1511
38814
5483
13087
9285
49982
5035
3055
3312
9307
6902
5310
6301
1801
7647
2218
1006
1453
0
0
0
721
527
547
1632
1168
465
3789
688
11358
1092
3420
2158
5515
3264
1613
5696
2890
8173
1160
2951
6145
1001
1792
2190
1625
1119
6496
2060
16820
1923
857
12381
6024
1106
1479
3771
2195
7401
1123
11923
1544
628
723
2394
7394
1895
1524
2471
7118
2578
1437
1982
1977
3399
1366
2957
1680
1263
1931
1933
2548
2039
1347
4271
2525
9546
4869
12610
14734
5424
8027
2359
17971
3051
28465
3357
3490
7471
1101
3360
32733
2223
8607
1435
6606
2211
1575
8434
1293
926
2723
2063
10653
5984
2577
811
6599
1147
7684
5330
980
555
994
733
772
4753
3903
4795
650
1325
1246
33710
8372
2628
511
464
863
2141
6916
1314
1729
2995
4628
3537
2646
4522
7776
9523
1985
2292
4218
3630
982
971
4396
3671
6926
68634
3725
4915
3229
5658
2878
14198
4945
3940
3361
2784
6230
3605
14527
7419
3631
2441
1306
2879
4199
870
2089
1984
662
988
721
527
547
0
0
0
254
99
268
2123
1442
2908
2062
4912
1144
3961
1307
1674
2404
3768
11578
2909
4316
6413
1675
22619
1382
11882
531
1715
8796
2016
4382
8117
2297
2090
1051
18318
4301
2805
1997
523
2131
4103
1524
1330
11071
14808
997
2944
2533
11325
3666
3135
3562
3979
3749
1646
3001
2097
1300
14489
1228
5313
4852
1362
3309
13196
1821
9104
11610
1719
3787
2352
15841
3874
2320
5263
46698
6082
2812
51596
1120
2819
43829
5050
1626
25498
3224
1686
1042
1321
6592
6310
7690
1278
1495
1892
1190
1557
2083
1526
1044
1764
697
1606
995
18281
1413
2093
1573
2170
7222
2286
7657
2940
4042
191
1541
724
3832
1198
1016
8187
1604
2431
2554
3596
6459
2877
2016
1860
2399
2330
13154
2897
1634
1687
2528
8203
8923
3984
20812
3892
5265
9564
5491
27065
8493
2841
17603
7094
3605
2166
2973
3108
1699
2867
2027
1899
2957
26360
2184
1371
4775
1632
1168
465
254
99
268
0
0
0
