C_ijk
0
0
0
91
51
244
600
92
376
86
90
514
120
360
90
2236
158
124
415
169
66
452
383
1823
1942
562
2166
2329
1215
911
450
265
752
2677
633
5419
303
251
819
657
2230
1334
384
361
830
219
644
642
1116
2355
409
382
4623
228
818
3499
2026
602
2116
1654
737
699
3769
1316
643
205
671
869
710
921
5334
1474
727
387
673
803
313
1062
245
149
315
323
699
168
322
1919
2201
232
325
670
256
1790
170
732
857
3143
848
3757
541
640
1246
19925
975
2236
392
4477
602
4018
1394
2277
5140
1943
15459
3202
1514
4503
26995
2918
26279
1106
2739
1863
799
3200
1875
581
1476
2951
1546
5408
5111
1663
2161
1307
4018
6392
1830
2270
4010
1670
12781
3474
1604
1269
2637
1025
4663
4115
3143
1148
12382
6606
5822
847
1336
7214
1651
4948
1234
3547
1477
5009
2522
2668
2720
91
51
244
0
0
0
40
7
12
192
149
181
298
226
6795
638
273
279
445
502
588
5712
1079
298
627
756
2471
1633
2307
8184
4740
428
1216
2931
422
2420
249
247
860
1697
1646
16543
357
8153
3227
1922
943
4684
3168
864
440
328
154
139
11864
868
352
806
395
277
1089
216
2683
577
1316
365
763
5054
1136
993
1260
1890
6702
424
587
1164
1465
3599
1164
170
243
789
450
718
737
2763
289
788
2158
495
196
1105
246
621
513
596
1483
2031
795
9852
1855
1012
734
492
280
875
19356
5144
2981
4739
2238
960
2355
1190
12546
3556
3025
764
882
4648
819
524
15959
1626
16263
4614
1612
4134
787
5163
1280
795
12346
1596
1534
1413
1048
5845
2148
6836
25257
1712
10067
1851
977
1771
2569
2271
2192
3513
2471
3321
2566
1174
5966
1409
1189
1451
1347
2625
1627
1273
19013
6326
4980
600
92
376
40
7
12
0
0
0
188
1247
93
148
345
1077
328
410
1133
5649
220
227
587
489
305
501
587
1686
1403
249
259
3379
856
576
905
1484
1331
1073
3254
70
692
589
797
670
845
1167
319
528
368
287
577
484
5995
6635
224
1281
394
2136
414
579
340
2716
279
829
176
576
334
346
381
440
354
560
11157
291
409
768
613
338
866
4592
247
462
428
391
1194
904
345
1283
763
457
1615
352
451
1442
495
732
1002
4237
369
5387
506
625
364
630
636
819
565
3269
3237
3036
1310
1063
4900
7939
1355
8242
2145
787
4263
1265
1987
28887
2818
4694
964
1508
1617
1270
2589
706
1434
1737
3087
2469
6305
1143
803
2011
1161
1381
1799
932
7579
921
1628
1207
3662
4932
4597
5656
1568
10452
2387
815
7415
1689
2581
1035
1457
1535
1456
696
4285
1479
1211
946
86
90
514
192
149
181
188
1247
93
0
0
0
958
238
293
301
89
163
150
143
180
377
812
6557
339
1925
574
456
773
551
852
691
4870
682
772
963
368
555
167
870
303
264
755
2088
680
1598
4601
2051
608
399
365
1481
592
1722
554
704
528
988
458
729
503
656
1355
1461
699
584
2240
1379
314
1227
1830
797
2884
2972
252
3180
357
4957
509
966
878
698
231
714
266
780
527
782
383
1287
363
495
149
1309
1046
852
752
3192
2160
1244
826
649
998
547
588
1177
11136
1350
1718
1425
6286
826
755
567
5292
671
1646
973
3520
3121
8367
4577
3205
1439
39629
791
11816
3590
1516
643
712
881
921
554
871
2820
22710
3385
1406
1625
3281
3101
20990
3806
3544
2226
12760
5521
1572
1589
29872
12863
4013
488
6788
1494
2254
3230
9955
2691
1552
3760
2420
70263
1634
120
360
90
298
226
6795
148
345
1077
958
238
293
0
0
0
245
66
53
156
151
127
285
509
565
433
328
385
236
170
225
282
448
2393
496
5058
1766
765
181
478
468
466
642
853
2030
964
1310
680
1492
547
978
719
249
480
1201
1333
1142
2526
448
275
1742
7945
5737
1474
330
12590
2857
608
5820
5844
992
525
2179
338
5671
590
947
559
14775
612
346
201
2357
466
128
503
3751
3986
327
279
320
4474
2529
891
917
1754
609
630
2039
2127
860
1895
623
2775
644
310
4756
1649
1622
1637
713
1580
672
2134
4807
870
3542
2486
2396
4545
1202
4458
567
1262
1671
4732
1161
1303
1265
2159
4278
6496
1346
8296
1028
1517
10165
706
8102
32819
1686
3380
1261
2359
3074
1241
2543
4032
1819
760
1493
2647
1083
1968
376
546
1166
2600
2675
2967
14855
6782
11149
1203
2519
7333
2236
158
124
638
273
279
328
410
1133
301
89
163
245
66
53
0
0
0
34
367
35
264
246
337
1028
222
645
258
263
284
384
2760
510
315
2744
632
532
342
728
1092
341
899
651
361
360
3977
3956
942
679
461
2816
560
947
906
784
1124
3121
892
1013
406
2172
1800
718
249
478
751
688
1863
2035
685
1101
2662
1903
671
1068
299
999
1277
218
10566
2464
515
548
409
385
4064
379
743
499
553
305
321
108
517
2186
528
385
684
569
1227
2304
708
1159
1113
282
903
4771
9776
1788
1148
4554
3861
672
4689
7854
2578
1327
1412
3865
2573
2051
3996
1593
2657
911
1141
4231
651
23922
614
1596
1262
2987
997
2041
4038
4005
1882
1576
2191
1075
3360
6365
3374
12695
1578
1376
537
2864
1961
1153
2050
1280
1279
3553
1042
1112
3327
2728
1156
2230
1411
986
2072
15697
415
169
66
445
502
588
5649
220
227
150
143
180
156
151
127
34
367
35
0
0
0
479
1335
1086
471
842
475
1203
366
700
3866
355
741
986
252
1159
2486
2583
1273
627
366
3284
1171
2039
506
709
1496
1776
655
1000
9386
683
492
591
4054
979
1398
662
595
4497
221
745
609
716
694
925
656
9288
2025
1987
3241
566
1959
2799
203
361
649
667
309
208
1371
531
138
2799
2689
1184
3148
10539
435
402
865
166
3262
526
4309
1502
1499
2717
979
714
440
1615
261
373
383
1433
548
27171
653
1680
621
3491
1439
3680
726
464
15261
2327
3392
48084
3490
1044
1518
6479
792
1297
3625
1207
1505
4054
922
952
1179
12690
1523
1447
1253
2353
3786
3145
752
2118
2876
1397
2715
2053
11904
13334
2343
507
5008
2870
5346
859
1623
8553
3243
1862
1427
1775
1865
7300
3599
6786
785
452
383
1823
5712
1079
298
587
489
305
377
812
6557
285
509
565
264
246
337
479
1335
1086
0
0
0
1450
133
134
236
484
547
472
1452
356
435
483
1540
637
341
1499
658
1076
7526
1032
427
1914
15546
1343
3922
6502
2112
2159
2314
359
616
846
24510
7978
381
3003
12785
857
2241
820
2467
848
1224
2822
980
22598
3362
14353
746
650
629
366
25315
3182
579
470
742
2962
837
425
566
480
975
510
481
803
1402
1419
543
5033
799
1339
4386
375
754
384
620
1818
246
359
962
1010
1468
1386
939
433
688
4217
338
12736
1629
2014
733
1722
2144
2162
1193
4022
3363
2856
417
908
4214
1195
1756
2905
1969
7731
1015
1622
1412
1889
4563
1648
4369
2610
1953
729
2878
1387
2102
7288
2299
1971
12708
2173
5759
3261
2698
1389
1053
795
2196
2188
51583
2133
904
1008
1436
5902
1724
8753
1942
562
2166
627
756
2471
501
587
1686
339
1925
574
433
328
385
1028
222
645
471
842
475
1450
133
134
0
0
0
1662
1192
4940
1129
496
1409
518
712
1120
803
917
410
630
4119
4248
1055
882
881
2273
1141
1170
3139
1117
1172
298
1261
5053
7299
4537
364
2202
362
38696
1210
3778
1215
622
1434
2169
1817
716
19433
1597
9797
1154
1748
1525
676
2875
4760
3567
588
219
1130
1099
615
675
1386
409
674
1145
293
367
409
340
9188
8321
1912
1643
225
221
174
1561
2397
1436
1518
3834
4277
1181
711
1213
263
1008
7298
1477
2760
839
2208
2566
6641
4367
3267
2793
1900
1763
6117
2301
12006
1563
635
493
1292
1164
2594
3739
647
3696
4842
1271
4080
838
2574
4329
2346
5148
3106
986
1175
629
4378
2936
4342
3844
3835
5674
1582
2200
1498
1146
489
836
3579
1561
1204
724
2019
1232
1177
2329
1215
911
1633
2307
8184
1403
249
259
456
773
551
236
170
225
258
263
284
1203
366
700
236
484
547
1662
1192
4940
0
0
0
54
144
179
110
589
209
612
1116
1421
155
167
492
357
477
654
559
1244
2071
5205
1132
1030
2097
1774
5376
1695
4374
952
2219
4245
461
999
2138
2513
1946
3484
422
1182
1125
824
10725
1459
4415
335
1889
13302
1240
1097
566
6082
3948
1224
643
675
1014
414
609
497
642
383
1627
2281
790
627
1223
3982
1616
525
1178
1068
988
644
995
1497
25890
1660
2947
1246
2537
2993
1873
1192
2217
470
1742
1418
247
5668
671
5584
6042
2860
6668
557
1511
1088
950
2984
958
2351
25312
12813
7202
788
1688
4811
3800
4065
5953
14926
16054
3744
2052
3611
49559
1957
2897
1623
2909
3163
2352
1332
2060
2254
1173
987
892
11868
7065
4007
1819
2057
2280
4038
1054
2534
450
265
752
4740
428
1216
3379
856
576
852
691
4870
282
448
2393
384
2760
510
3866
355
741
472
1452
356
1129
496
1409
54
144
179
0
0
0
115
110
144
213
749
1054
303
270
287
377
682
2078
1734
1175
474
740
758
569
2439
859
1644
1291
623
8285
3796
3762
667
6742
684
746
1529
16297
632
896
845
1048
2124
1705
5136
572
3233
2665
10354
768
1213
1370
952
1024
587
18578
707
305
1513
5163
635
1032
1080
799
1757
599
1490
1500
1421
1153
3343
2831
884
2059
9249
722
336
571
1950
444
718
430
1301
11021
1647
2369
2140
789
2661
1168
818
1216
1028
3463
868
2057
1514
1742
2362
2898
1210
1253
566
22294
678
765
947
2176
4502
1361
7195
2535
1361
2057
891
1296
10614
2413
10051
4077
2881
2277
14477
15632
8190
5310
937
2979
1369
3394
13753
1467
7885
3843
1186
1360
2835
645
2677
633
5419
2931
422
2420
905
1484
1331
682
772
963
496
5058
1766
315
2744
632
986
252
1159
435
483
1540
518
712
1120
110
589
209
115
110
144
0
0
0
805
731
1570
493
839
310
246
1070
609
808
1886
1000
1065
916
660
857
737
572
1223
1289
1636
2134
638
4424
978
2443
1656
2975
2697
464
2518
3256
14736
2896
1719
12254
518
3284
2299
1091
10763
1256
4095
905
1156
26613
351
359
1814
935
4417
450
1578
676
447
2469
1315
1431
1510
492
1762
1940
5829
652
1326
1216
950
1339
522
545
797
2512
3513
2185
2100
1330
651
897
1713
634
2328
1676
2603
1255
2070
1303
4623
1690
1860
1160
9098
688
1002
4745
2044
19889
693
9850
1761
1817
23772
4179
6274
716
1426
2566
3113
1652
17154
4143
7823
7364
1872
2008
2876
11164
3241
962
15141
609
3437
4461
5930
650
1054
1919
2499
5433
1096
303
251
819
249
247
860
1073
3254
70
368
555
167
765
181
478
532
342
728
2486
2583
1273
637
341
1499
803
917
410
612
1116
1421
213
749
1054
805
731
1570
0
0
0
346
218
405
949
449
448
257
4105
627
975
1257
1410
122
743
101
229
1671
275
732
6077
397
196
2121
2025
422
436
2937
601
300
1738
728
1955
792
2405
3735
989
4310
1566
590
1320
1048
234
293
1024
12573
1062
6083
607
363
634
1463
518
547
840
779
1153
1728
1003
366
314
1708
1690
1821
612
796
1649
1304
857
583
3944
907
21034
1085
3132
3523
1917
2872
1326
517
843
3234
1407
3432
1416
3076
1477
500
4221
4789
1010
718
3349
2259
870
912
446
1901
3011
2151
3280
28776
2958
8550
1312
12831
3228
28267
1912
2750
9007
1544
5060
6512
1029
2342
636
1574
1263
2689
3186
826
3010
8330
722
14647
1591
657
2230
1334
1697
1646
16543
692
589
797
870
303
264
468
466
642
1092
341
899
627
366
3284
658
1076
7526
630
4119
4248
155
167
492
303
270
287
493
839
310
346
218
405
0
0
0
75
191
213
270
1097
1531
540
1663
945
1792
954
781
521
407
1348
3770
1113
439
2649
429
716
1906
1594
1137
1203
3243
1375
1404
1447
2431
1102
998
968
1364
1079
1178
877
683
427
1038
1855
684
4525
1215
647
2801
2182
8255
1272
656
519
8719
3032
1134
2086
2486
7401
2188
2011
8979
825
504
1278
1878
1236
3947
1507
3462
4020
3805
1723
3331
885
1360
1434
3254
15857
2545
962
1895
400
1264
964
1496
826
972
4954
1879
1801
9783
1497
1451
906
7455
2736
17409
11835
1574
1873
3185
1237
8868
9030
4017
2586
2812
3601
1671
6612
2359
4870
2695
1326
1918
2192
2149
2488
11600
2698
6321
2470
1027
16063
384
361
830
357
8153
3227
670
845
1167
755
2088
680
853
2030
964
651
361
360
1171
2039
506
1032
427
1914
1055
882
881
357
477
654
377
682
2078
246
1070
609
949
449
448
75
191
213
0
0
0
1290
3449
683
1349
508
1563
392
995
590
319
1072
950
315
1598
911
955
2079
671
3449
635
349
1342
806
11952
1719
1261
3462
2806
953
1404
12918
492
759
393
1879
3729
438
478
1734
622
4790
6539
3001
646
3806
608
3704
1190
9889
458
2596
865
1848
786
24602
2724
896
1581
9495
1719
2547
1165
299
1017
15279
5519
2878
8475
4328
2274
9983
3160
1916
952
6666
3411
1395
2364
13335
683
931
867
516
807
1224
2563
671
1947
1554
823
2507
6702
4280
4822
721
3239
7891
7082
6190
5750
1642
4602
1120
2662
5072
1260
3938
1838
1230
3633
2179
2012
1807
4650
2076
6053
2759
1193
1733
5875
219
644
642
1922
943
4684
319
528
368
1598
4601
2051
1310
680
1492
3977
3956
942
709
1496
1776
15546
1343
3922
2273
1141
1170
559
1244
2071
1734
1175
474
808
1886
1000
257
4105
627
270
1097
1531
1290
3449
683
0
0
0
463
324
243
249
191
5295
81
161
256
435
866
1245
1159
5880
717
317
1428
625
878
969
486
961
2249
5192
536
1187
1548
1549
695
416
5148
270
827
1078
1148
1110
1168
1137
1463
5954
272
448
785
1043
771
1446
3679
1178
2046
1745
3433
3908
1516
955
1192
1903
2398
2990
1641
5563
1147
1037
2895
19309
3732
2535
4143
4650
853
1477
1608
3590
12179
695
523
2120
1833
11468
1862
689
1102
648
1927
1382
384
1625
736
1690
3819
7420
909
321
637
1190
2169
2600
1890
5001
1302
2855
2144
1243
1190
4045
2850
3511
1277
4555
1677
3731
3464
4956
4021
2190
1189
4206
4927
1116
2355
409
3168
864
440
287
577
484
608
399
365
547
978
719
679
461
2816
655
1000
9386
6502
2112
2159
3139
1117
1172
5205
1132
1030
740
758
569
1065
916
660
975
1257
1410
540
1663
945
1349
508
1563
463
324
243
0
0
0
138
97
453
122
255
244
521
799
4264
503
259
779
315
2752
2592
1500
297
871
1763
5986
1464
465
4148
693
772
2304
506
351
382
689
1385
1191
673
4827
722
45880
1071
838
1541
3105
1022
344
9631
896
3419
4632
6981
786
6874
820
2359
782
1400
422
1246
1734
1333
2031
4646
6351
2318
1124
1522
3870
10498
14121
2044
647
2347
888
1193
399
729
2182
1350
1943
1614
291
1112
517
1254
360
323
862
1596
2666
1720
439
862
1961
2846
1257
1753
785
1837
1712
1790
1106
952
2033
6332
1207
4454
5101
1390
1250
3979
2499
23349
2044
7415
1931
3969
13241
382
4623
228
328
154
139
5995
6635
224
1481
592
1722
249
480
1201
560
947
906
683
492
591
2314
359
616
298
1261
5053
2097
1774
5376
2439
859
1644
857
737
572
122
743
101
1792
954
781
392
995
590
249
191
5295
138
97
453
0
0
0
139
707
1216
174
220
750
1836
353
631
240
224
442
2973
480
195
1027
2980
784
450
785
521
2555
220
782
519
238
1322
3391
927
2105
874
604
1475
321
587
607
1150
220
385
2530
10312
1213
3869
1191
586
374
1045
1936
1034
1245
3154
4046
1778
1864
2063
738
22086
1155
879
1156
8623
4646
1066
1404
2993
739
10518
449
7304
2209
2369
3943
1879
7998
7946
1105
454
1181
1355
8101
474
30296
8380
10178
1520
4724
1547
5201
3429
607
1854
6133
5476
1043
3011
8236
1307
4607
1420
4377
6271
21555
6653
3497
3594
2703
2462
3760
7479
27589
1452
818
3499
2026
11864
868
352
1281
394
2136
554
704
528
1333
1142
2526
784
1124
3121
4054
979
1398
846
24510
7978
7299
4537
364
1695
4374
952
1291
623
8285
1223
1289
1636
229
1671
275
521
407
1348
319
1072
950
81
161
256
122
255
244
139
707
1216
0
0
0
612
2302
570
700
7605
313
2472
906
336
14016
789
922
8422
1151
2097
518
247
623
777
1137
2902
398
1247
551
4639
1997
505
543
1257
782
709
608
4190
2481
562
799
2977
5342
28216
7038
4016
876
3664
497
2642
953
706
5411
3032
3528
447
3037
1416
1492
1854
1689
25865
5300
1639
2618
1208
1764
1739
1185
623
1577
3121
474
1236
912
869
1147
295
3212
9371
1186
1399
310
1691
2614
3494
2067
1540
1068
1985
13181
1373
1290
1949
3136
1967
1578
1248
2547
17962
12262
12449
12952
570
8375
2987
2740
2288
2463
2137
2229
2356
2314
602
2116
1654
806
395
277
414
579
340
988
458
729
448
275
1742
892
1013
406
662
595
4497
381
3003
12785
2202
362
38696
2219
4245
461
3796
3762
667
2134
638
4424
732
6077
397
3770
1113
439
315
1598
911
435
866
1245
521
799
4264
174
220
750
612
2302
570
0
0
0
539
756
349
306
100
119
273
226
4734
1757
970
576
150
304
236
129
1110
469
1228
1465
1971
294
2938
857
708
361
584
524
464
1249
1168
2453
1041
911
825
1195
1273
316
7669
497
905
1424
788
902
609
815
4751
640
1436
689
3774
810
563
18301
5432
1847
461
1660
553
4160
1213
1080
1097
1680
781
6239
2679
4947
567
864
1315
7267
2342
638
736
13038
2199
5272
1678
1772
1989
1823
1538
1085
1671
6674
2290
2420
562
935
1316
5100
2006
1365
2038
5392
6042
1680
3873
5832
4670
3581
26742
2024
3560
737
699
3769
1089
216
2683
2716
279
829
503
656
1355
7945
5737
1474
2172
1800
718
221
745
609
857
2241
820
1210
3778
1215
999
2138
2513
6742
684
746
978
2443
1656
196
2121
2025
2649
429
716
955
2079
671
1159
5880
717
503
259
779
1836
353
631
700
7605
313
539
756
349
0
0
0
1127
190
322
699
307
793
1730
425
1143
708
419
374
2933
2024
410
983
800
1395
543
568
2184
5695
560
1069
1198
367
2844
691
3152
551
1293
899
2766
2107
1511
39106
951
2413
866
4040
4140
2524
972
1293
24053
9147
3585
825
1455
6110
13624
5167
846
1584
637
1648
1422
3299
786
1367
1786
3158
1334
3598
17122
2507
307
12791
972
803
563
1133
1151
14412
8554
926
772
578
33084
1659
905
1676
14695
1292
6012
1190
1094
12625
1216
902
21044
3709
2504
2867
1983
4341
36054
30206
1592
3518
2504
5612
1316
643
205
577
1316
365
176
576
334
1461
699
584
330
12590
2857
249
478
751
716
694
925
2467
848
1224
622
1434
2169
1946
3484
422
1529
16297
632
2975
2697
464
422
436
2937
1906
1594
1137
3449
635
349
317
1428
625
315
2752
2592
240
224
442
2472
906
336
306
100
119
1127
190
322
0
0
0
2421
661
376
249
727
286
292
1156
924
1945
119
557
377
293
407
1835
226
1612
407
1006
698
168
1011
503
1289
394
495
418
1043
1125
385
2384
2410
8080
1747
377
482
669
791
885
3903
1180
626
3711
1935
1708
2733
2204
1265
1973
8078
620
12647
1089
2012
2180
11974
3542
1144
2200
1767
825
1008
1224
1571
1498
1825
1361
1438
3168
27453
3064
7947
1604
6573
5987
13738
1114
615
858
16986
6931
2730
2521
2367
1658
1527
5084
8480
1017
1339
3980
5037
12874
1024
2512
1971
1069
2525
671
869
710
763
5054
1136
346
381
440
2240
1379
314
608
5820
5844
688
1863
2035
656
9288
2025
2822
980
22598
1817
716
19433
1182
1125
824
896
845
1048
2518
3256
14736
601
300
1738
1203
3243
1375
1342
806
11952
878
969
486
1500
297
871
2973
480
195
14016
789
922
273
226
4734
699
307
793
2421
661
376
0
0
0
174
1282
700
73
28
85
299
106
40
790
1453
5075
2081
257
911
266
455
677
343
2665
1047
354
442
2564
745
877
1655
724
1043
1721
2330
946
3821
556
1993
1044
6527
1951
953
5248
9603
1792
1239
3480
1013
751
7318
1284
2026
686
1018
1075
1051
4094
2698
4171
3519
3189
4858
1242
932
1384
14512
2636
12108
2332
1681
6757
668
1093
1301
585
14763
1132
2374
2302
1038
675
3235
12600
2204
3283
665
1262
2058
1258
3047
7564
2031
1810
8589
1711
2924
6024
11903
2994
921
5334
1474
993
1260
1890
354
560
11157
1227
1830
797
992
525
2179
685
1101
2662
1987
3241
566
3362
14353
746
1597
9797
1154
10725
1459
4415
2124
1705
5136
2896
1719
12254
728
1955
792
1404
1447
2431
1719
1261
3462
961
2249
5192
1763
5986
1464
1027
2980
784
8422
1151
2097
1757
970
576
1730
425
1143
249
727
286
174
1282
700
0
0
0
501
436
3505
315
341
731
1423
2881
389
1290
516
599
526
358
621
999
9416
12922
1226
1005
283
504
422
1763
2643
379
1211
982
5354
687
7651
6673
3354
2502
19196
7802
2313
2939
4571
2730
7335
3651
2538
4758
3829
2228
29708
1006
2297
4894
2365
1523
2314
1473
2173
1237
1197
1912
1234
4736
1066
1332
1170
314
984
3354
1780
1157
1764
2805
1772
1508
6196
1534
3309
2022
1889
453
9120
796
1280
3759
1767
3250
2299
680
1330
2069
2295
8570
3390
2576
676
727
387
673
6702
424
587
291
409
768
2884
2972
252
338
5671
590
1903
671
1068
1959
2799
203
650
629
366
1748
1525
676
335
1889
13302
572
3233
2665
518
3284
2299
2405
3735
989
1102
998
968
2806
953
1404
536
1187
1548
465
4148
693
450
785
521
518
247
623
150
304
236
708
419
374
292
1156
924
73
28
85
501
436
3505
0
0
0
71
132
120
312
254
174
193
593
489
620
477
320
182
707
391
587
162
544
888
2265
1878
1454
270
728
681
5866
266
408
3375
420
1009
1183
1599
1114
2460
21572
2070
4225
3064
4298
1123
4915
445
11571
2476
7238
1667
6141
4460
2599
1499
50960
1910
3288
1858
4705
4001
2191
1521
3643
1972
817
909
981
777
2152
3588
4575
21407
1282
5105
2504
2185
5885
463
1773
2547
2136
1941
572
4777
2023
3061
2082
19180
2167
3038
14137
3156
4942
803
313
1062
1164
1465
3599
613
338
866
3180
357
4957
947
559
14775
299
999
1277
361
649
667
25315
3182
579
2875
4760
3567
1240
1097
566
10354
768
1213
1091
10763
1256
4310
1566
590
1364
1079
1178
12918
492
759
1549
695
416
772
2304
506
2555
220
782
777
1137
2902
129
1110
469
2933
2024
410
1945
119
557
299
106
40
315
341
731
71
132
120
0
0
0
484
140
267
227
456
725
478
707
140
277
532
223
593
6379
2118
3520
1069
1008
2880
871
2351
340
1742
671
827
810
1711
4794
7654
898
1650
24424
1964
2261
3915
1285
2083
9413
4260
2084
991
468
2435
2919
1386
7284
1342
731
1807
2268
1781
1543
1838
957
1968
1919
4770
468
1483
1276
487
878
1070
7231
1631
1296
1823
700
5185
1702
1696
1547
1422
2200
1556
496
2149
3299
60083
7898
2976
757
34147
1488
2089
1311
2273
245
149
315
1164
170
243
4592
247
462
509
966
878
612
346
201
218
10566
2464
309
208
1371
470
742
2962
588
219
1130
6082
3948
1224
1370
952
1024
4095
905
1156
1320
1048
234
877
683
427
393
1879
3729
5148
270
827
351
382
689
519
238
1322
398
1247
551
1228
1465
1971
983
800
1395
377
293
407
790
1453
5075
1423
2881
389
312
254
174
484
140
267
0
0
0
203
472
130
182
269
232
156
75
208
397
306
2220
2288
1575
2039
301
743
269
1327
767
3771
438
272
147
742
463
5420
2851
8336
1924
1486
2042
1483
6321
1389
6422
689
860
1733
29347
2243
3803
3621
2375
1599
2921
25898
678
3396
540
2652
821
19498
1520
1385
2296
4283
935
830
813
7450
1188
1341
21309
1930
1195
635
2722
3219
2735
2817
935
1278
863
1158
2333
2310
1194
5008
1845
2091
795
3068
12347
323
699
168
789
450
718
428
391
1194
698
231
714
2357
466
128
515
548
409
531
138
2799
837
425
566
1099
615
675
643
675
1014
587
18578
707
26613
351
359
293
1024
12573
1038
1855
684
438
478
1734
1078
1148
1110
1385
1191
673
3391
927
2105
4639
1997
505
294
2938
857
543
568
2184
1835
226
1612
2081
257
911
1290
516
599
193
593
489
227
456
725
203
472
130
0
0
0
202
151
26
237
248
204
1211
416
366
1538
550
4828
744
551
3402
750
443
832
232
728
519
29892
3123
6798
1612
1738
1137
73845
2410
4002
2411
1408
2660
393
1198
3447
1349
2901
2381
1629
2218
931
4595
1948
609
2077
1376
2192
3313
1042
931
3628
2820
1417
800
1958
1269
32595
4358
6298
707
1261
9227
1314
4594
1443
1152
1980
2232
2657
1249
306
7351
2383
2620
1180
1352
2360
8276
3992
1568
322
1919
2201
737
2763
289
904
345
1283
266
780
527
503
3751
3986
385
4064
379
2689
1184
3148
480
975
510
1386
409
674
414
609
497
305
1513
5163
1814
935
4417
1062
6083
607
4525
1215
647
622
4790
6539
1168
1137
1463
4827
722
45880
874
604
1475
543
1257
782
708
361
584
5695
560
1069
407
1006
698
266
455
677
526
358
621
620
477
320
478
707
140
182
269
232
202
151
26
0
0
0
108
53
112
427
415
449
1963
906
1061
2467
3512
635
1349
771
904
906
1414
278
1761
40690
4114
2283
594
981
1943
2870
13198
4147
4055
1603
1705
8417
1166
9684
3104
2412
811
3996
1241
1720
1873
7989
5472
7041
7652
1218
2126
1266
1716
1567
9480
1344
2236
2967
2418
2501
2314
2255
1517
1032
1252
1404
2851
19018
1202
8795
271
577
774
4756
2479
4401
10102
3842
2594
2924
1091
1747
232
325
670
788
2158
495
763
457
1615
782
383
1287
327
279
320
743
499
553
10539
435
402
481
803
1402
1145
293
367
642
383
1627
635
1032
1080
450
1578
676
363
634
1463
2801
2182
8255
3001
646
3806
5954
272
448
1071
838
1541
321
587
607
709
608
4190
524
464
1249
1198
367
2844
168
1011
503
343
2665
1047
999
9416
12922
182
707
391
277
532
223
156
75
208
237
248
204
108
53
112
0
0
0
175
242
555
471
622
497
1431
294
2231
480
298
2109
661
169
335
794
15959
2062
2479
1286
6565
817
1523
2585
3860
2553
600
934
1448
2742
3965
1883
2923
12175
1128
5676
1031
4047
6082
7683
27669
1528
1105
35695
2018
7692
6482
1888
2194
1168
1123
960
3352
1201
9962
2485
1338
4691
1130
6393
5325
4724
669
9287
3809
2645
1697
12585
14874
1058
2861
3932
1515
1269
4539
256
1790
170
196
1105
246
352
451
1442
363
495
149
4474
2529
891
305
321
108
865
166
3262
1419
543
5033
409
340
9188
2281
790
627
799
1757
599
447
2469
1315
518
547
840
1272
656
519
608
3704
1190
785
1043
771
3105
1022
344
1150
220
385
2481
562
799
1168
2453
1041
691
3152
551
1289
394
495
354
442
2564
1226
1005
283
587
162
544
593
6379
2118
397
306
2220
1211
416
366
427
415
449
175
242
555
0
0
0
396
1854
4888
175
640
953
302
654
831
386
1034
2994
2944
494
29529
2328
3381
1270
5728
2491
1498
1086
13134
4275
15877
2488
918
68665
2055
1490
2393
1534
4913
1607
4902
2987
11120
33796
4814
10855
2377
1547
2501
47858
8491
1738
8142
1860
2677
2933
3663
826
1994
1178
2653
1533
3107
4327
694
3098
1409
1528
1537
15537
29860
994
772
1841
5855
4190
2357
2688
732
857
3143
621
513
596
495
732
1002
1309
1046
852
917
1754
609
517
2186
528
526
4309
1502
799
1339
4386
8321
1912
1643
1223
3982
1616
1490
1500
1421
1431
1510
492
779
1153
1728
8719
3032
1134
9889
458
2596
1446
3679
1178
9631
896
3419
2530
10312
1213
2977
5342
28216
911
825
1195
1293
899
2766
418
1043
1125
745
877
1655
504
422
1763
888
2265
1878
3520
1069
1008
2288
1575
2039
1538
550
4828
1963
906
1061
471
622
497
396
1854
4888
0
0
0
486
826
4154
36
71
36
84
150
2408
2896
2223
6432
1536
407
3242
6143
11329
1759
22258
1575
1441
2649
5278
3076
5035
3818
3591
4203
2976
5799
2264
1820
10562
1902
6239
1977
2305
5396
11613
2065
3075
24551
585
1174
2335
2310
1997
8016
849
2870
3072
1111
4649
4097
797
1403
527
619
416
672
680
891
403
2444
656
2131
25970
42080
3696
848
3757
541
1483
2031
795
4237
369
5387
752
3192
2160
630
2039
2127
385
684
569
1499
2717
979
375
754
384
225
221
174
525
1178
1068
1153
3343
2831
1762
1940
5829
1003
366
314
2086
2486
7401
865
1848
786
2046
1745
3433
4632
6981
786
3869
1191
586
7038
4016
876
1273
316
7669
2107
1511
39106
385
2384
2410
724
1043
1721
2643
379
1211
1454
270
728
2880
871
2351
301
743
269
744
551
3402
2467
3512
635
1431
294
2231
175
640
953
486
826
4154
0
0
0
403
212
589
843
197
760
1194
1523
1386
1065
2191
2426
841
2292
3074
1819
2338
2758
5144
5218
4551
2301
1899
8602
12848
1102
4626
15270
3308
928
1567
2240
6882
6135
3248
11465
485
690
5520
2978
17384
1366
2453
7465
15670
1686
1673
5585
1969
1593
2600
1480
2235
2959
731
579
526
966
3350
726
2725
829
5826
3348
1904
1800
640
1246
19925
9852
1855
1012
506
625
364
1244
826
649
860
1895
623
1227
2304
708
714
440
1615
620
1818
246
1561
2397
1436
988
644
995
884
2059
9249
652
1326
1216
1708
1690
1821
2188
2011
8979
24602
2724
896
3908
1516
955
6874
820
2359
374
1045
1936
3664
497
2642
497
905
1424
951
2413
866
8080
1747
377
2330
946
3821
982
5354
687
681
5866
266
340
1742
671
1327
767
3771
750
443
832
1349
771
904
480
298
2109
302
654
831
36
71
36
403
212
589
0
0
0
88
780
272
1357
886
2653
1497
1309
1172
858
781
2723
1411
1353
1203
8672
12749
1437
2630
1507
1862
1859
1004
2852
875
6254
2746
1953
2022
4164
2055
3469
1986
764
3988
3722
4191
1489
2824
5479
5141
2718
1338
937
2941
1456
1305
901
363
1017
1098
1122
422
975
1609
1571
1146
1137
2491
865
1173
6805
2014
975
2236
392
734
492
280
630
636
819
998
547
588
2775
644
310
1159
1113
282
261
373
383
359
962
1010
1518
3834
4277
1497
25890
1660
722
336
571
950
1339
522
612
796
1649
825
504
1278
1581
9495
1719
1192
1903
2398
782
1400
422
1034
1245
3154
953
706
5411
788
902
609
4040
4140
2524
482
669
791
556
1993
1044
7651
6673
3354
408
3375
420
827
810
1711
438
272
147
232
728
519
906
1414
278
661
169
335
386
1034
2994
84
150
2408
843
197
760
88
780
272
0
0
0
18427
6261
1925
2856
1920
722
2511
2196
2272
3923
10574
9745
2156
1558
4770
2385
3336
3807
3190
2021
1473
783
22575
1060
1387
3190
2748
3136
2091
2444
1682
1058
1919
4402
701
1226
3678
910
10308
4647
1195
835
1787
604
5916
1885
582
3697
938
16376
628
4641
8690
1048
789
5016
5335
925
6589
2274
4477
602
4018
875
19356
5144
565
3269
3237
1177
11136
1350
4756
1649
1622
903
4771
9776
1433
548
27171
1468
1386
939
1181
711
1213
2947
1246
2537
1950
444
718
545
797
2512
1304
857
583
1878
1236
3947
2547
1165
299
2990
1641
5563
1246
1734
1333
4046
1778
1864
3032
3528
447
815
4751
640
972
1293
24053
885
3903
1180
6527
1951
953
2502
19196
7802
1009
1183
1599
4794
7654
898
742
463
5420
29892
3123
6798
1761
40690
4114
794
15959
2062
2944
494
29529
2896
2223
6432
1194
1523
1386
1357
886
2653
18427
6261
1925
0
0
0
7587
7784
3244
1435
1691
16667
5362
3774
1662
4902
1765
2962
539
2761
17159
175
751
328
76
128
185
877
1279
921
524
2137
206
5121
2256
7591
84894
3127
8161
2570
1082
3280
59867
3824
1816
5287
3177
3838
3013
3806
1203
5713
2250
1480
35840
37769
18289
3670
10253
11269
18066
2710
2244
1394
2277
5140
2981
4739
2238
3036
1310
1063
1718
1425
6286
1637
713
1580
1788
1148
4554
653
1680
621
433
688
4217
263
1008
7298
2993
1873
1192
430
1301
11021
3513
2185
2100
3944
907
21034
1507
3462
4020
1017
15279
5519
1147
1037
2895
2031
4646
6351
2063
738
22086
3037
1416
1492
1436
689
3774
9147
3585
825
626
3711
1935
5248
9603
1792
2313
2939
4571
1114
2460
21572
1650
24424
1964
2851
8336
1924
1612
1738
1137
2283
594
981
2479
1286
6565
2328
3381
1270
1536
407
3242
1065
2191
2426
1497
1309
1172
2856
1920
722
7587
7784
3244
0
0
0
3207
928
3207
3174
2061
824
5601
3780
35237
2180
2326
2623
1651
2516
9468
2071
1924
2069
50879
4965
4115
2432
2023
1174
2100
1751
6729
9737
19221
7626
4005
3746
2814
50123
2259
936
20098
5177
3428
17855
7395
2470
2286
2211
952
602
2544
1772
500
1156
368
1042
534
749
1943
15459
3202
960
2355
1190
4900
7939
1355
826
755
567
672
2134
4807
3861
672
4689
3491
1439
3680
338
12736
1629
1477
2760
839
2217
470
1742
1647
2369
2140
1330
651
897
1085
3132
3523
3805
1723
3331
2878
8475
4328
19309
3732
2535
2318
1124
1522
1155
879
1156
1854
1689
25865
810
563
18301
1455
6110
13624
1708
2733
2204
1239
3480
1013
2730
7335
3651
2070
4225
3064
2261
3915
1285
1486
2042
1483
73845
2410
4002
1943
2870
13198
817
1523
2585
5728
2491
1498
6143
11329
1759
841
2292
3074
858
781
2723
2511
2196
2272
1435
1691
16667
3207
928
3207
0
0
0
158
105
160
3926
3302
1420
3255
1800
1562
654
3964
3041
26381
1440
2046
4995
4638
883
2959
1170
3903
7285
2276
6466
3083
2884
4761
1998
74806
3627
3496
12636
5247
4150
4893
24862
3563
9020
6177
5222
5410
1824
1395
3909
1179
1498
5988
1998
606
1171
2502
1514
4503
26995
12546
3556
3025
8242
2145
787
5292
671
1646
870
3542
2486
7854
2578
1327
726
464
15261
2014
733
1722
2208
2566
6641
1418
247
5668
789
2661
1168
1713
634
2328
1917
2872
1326
885
1360
1434
2274
9983
3160
4143
4650
853
3870
10498
14121
8623
4646
1066
5300
1639
2618
5432
1847
461
5167
846
1584
1265
1973
8078
751
7318
1284
2538
4758
3829
4298
1123
4915
2083
9413
4260
6321
1389
6422
2411
1408
2660
4147
4055
1603
3860
2553
600
1086
13134
4275
22258
1575
1441
1819
2338
2758
1411
1353
1203
3923
10574
9745
5362
3774
1662
3174
2061
824
158
105
160
0
0
0
8547
8061
4517
10482
2805
35632
4136
5047
4578
2329
3281
1365
8586
7636
1837
4063
5094
3422
4175
5103
5819
4966
1889
2678
2127
2134
4457
3117
11404
3359
3654
3037
1620
7471
4089
5242
1264
2312
24991
1471
1034
1634
666
1991
1573
983
6003
4629
2918
26279
1106
764
882
4648
4263
1265
1987
973
3520
3121
2396
4545
1202
1412
3865
2573
2327
3392
48084
2144
2162
1193
4367
3267
2793
671
5584
6042
818
1216
1028
1676
2603
1255
517
843
3234
3254
15857
2545
1916
952
6666
1477
1608
3590
2044
647
2347
1404
2993
739
1208
1764
1739
1660
553
4160
637
1648
1422
620
12647
1089
2026
686
1018
2228
29708
1006
445
11571
2476
2084
991
468
689
860
1733
393
1198
3447
1705
8417
1166
934
1448
2742
15877
2488
918
2649
5278
3076
5144
5218
4551
8672
12749
1437
2156
1558
4770
4902
1765
2962
5601
3780
35237
3926
3302
1420
8547
8061
4517
0
0
0
836
1712
5517
2584
4556
1721
6470
1939
4046
386
4291
4188
2593
42423
2234
9445
986
1065
281
1730
1028
203
410
214
1088
13591
843
309
1035
1420
2874
14376
1792
2263
1988
2094
997
6395
3835
1546
2767
1148
1199
1412
2552
2739
1863
799
819
524
15959
28887
2818
4694
8367
4577
3205
4458
567
1262
2051
3996
1593
3490
1044
1518
4022
3363
2856
1900
1763
6117
2860
6668
557
3463
868
2057
2070
1303
4623
1407
3432
1416
962
1895
400
3411
1395
2364
12179
695
523
888
1193
399
10518
449
7304
1185
623
1577
1213
1080
1097
3299
786
1367
2012
2180
11974
1075
1051
4094
2297
4894
2365
7238
1667
6141
2435
2919
1386
29347
2243
3803
1349
2901
2381
9684
3104
2412
3965
1883
2923
68665
2055
1490
5035
3818
3591
2301
1899
8602
2630
1507
1862
2385
3336
3807
539
2761
17159
2180
2326
2623
3255
1800
1562
10482
2805
35632
836
1712
5517
0
0
0
1053
3461
1530
1478
712
3096
640
4236
157
486
2689
529
8549
1632
1048
1288
17874
2127
1068
3928
522
1810
4504
1135
24441
3865
1004
3090
3981
3418
3861
3426
1454
5295
6106
14724
30501
14279
4608
10417
24077
1836
3200
1875
581
1626
16263
4614
964
1508
1617
1439
39629
791
1671
4732
1161
2657
911
1141
6479
792
1297
417
908
4214
2301
12006
1563
1511
1088
950
1514
1742
2362
1690
1860
1160
3076
1477
500
1264
964
1496
13335
683
931
2120
1833
11468
729
2182
1350
2209
2369
3943
3121
474
1236
1680
781
6239
1786
3158
1334
3542
1144
2200
2698
4171
3519
1523
2314
1473
4460
2599
1499
7284
1342
731
3621
2375
1599
1629
2218
931
811
3996
1241
12175
1128
5676
2393
1534
4913
4203
2976
5799
12848
1102
4626
1859
1004
2852
3190
2021
1473
175
751
328
1651
2516
9468
654
3964
3041
4136
5047
4578
2584
4556
1721
1053
3461
1530
0
0
0
308
2695
246
16303
1142
7906
1797
3987
2598
3183
2119
24553
2439
1881
9611
11237
3265
1488
6944
1935
4359
4783
3793
4250
3459
3457
3004
4125
18287
2593
4569
7100
2297
3257
5324
13386
2028
5477
5837
1476
2951
1546
1612
4134
787
1270
2589
706
11816
3590
1516
1303
1265
2159
4231
651
23922
3625
1207
1505
1195
1756
2905
635
493
1292
2984
958
2351
2898
1210
1253
9098
688
1002
4221
4789
1010
826
972
4954
867
516
807
1862
689
1102
1943
1614
291
1879
7998
7946
912
869
1147
2679
4947
567
3598
17122
2507
1767
825
1008
3189
4858
1242
2173
1237
1197
50960
1910
3288
1807
2268
1781
2921
25898
678
4595
1948
609
1720
1873
7989
1031
4047
6082
1607
4902
2987
2264
1820
10562
15270
3308
928
875
6254
2746
783
22575
1060
76
128
185
2071
1924
2069
26381
1440
2046
2329
3281
1365
6470
1939
4046
1478
712
3096
308
2695
246
0
0
0
2270
1899
21102
516
447
1167
5885
8075
9449
9577
1298
3017
1970
3288
1719
3885
1617
2622
34254
5363
6392
7009
19747
2702
6047
9940
1621
1822
1872
11156
1976
3292
15901
6428
4547
7805
5408
5111
1663
5163
1280
795
1434
1737
3087
643
712
881
4278
6496
1346
614
1596
1262
4054
922
952
1969
7731
1015
1164
2594
3739
25312
12813
7202
566
22294
678
4745
2044
19889
718
3349
2259
1879
1801
9783
1224
2563
671
648
1927
1382
1112
517
1254
1105
454
1181
295
3212
9371
864
1315
7267
307
12791
972
1224
1571
1498
932
1384
14512
1912
1234
4736
1858
4705
4001
1543
1838
957
3396
540
2652
2077
1376
2192
5472
7041
7652
7683
27669
1528
11120
33796
4814
1902
6239
1977
1567
2240
6882
1953
2022
4164
1387
3190
2748
877
1279
921
50879
4965
4115
4995
4638
883
8586
7636
1837
386
4291
4188
640
4236
157
16303
1142
7906
2270
1899
21102
0
0
0
6187
805
1064
1602
4820
2292
1908
1176
597
1222
2529
1530
2336
4164
2867
2909
836
3904
2757
5286
1202
1710
953
6279
9004
7986
3291
97026
5005
7914
21751
9494
1892
2161
1307
4018
12346
1596
1534
2469
6305
1143
921
554
871
8296
1028
1517
2987
997
2041
1179
12690
1523
1622
1412
1889
647
3696
4842
788
1688
4811
765
947
2176
693
9850
1761
870
912
446
1497
1451
906
1947
1554
823
384
1625
736
360
323
862
1355
8101
474
1186
1399
310
2342
638
736
803
563
1133
1825
1361
1438
2636
12108
2332
1066
1332
1170
2191
1521
3643
1968
1919
4770
821
19498
1520
3313
1042
931
1218
2126
1266
1105
35695
2018
10855
2377
1547
2305
5396
11613
6135
3248
11465
2055
3469
1986
3136
2091
2444
524
2137
206
2432
2023
1174
2959
1170
3903
4063
5094
3422
2593
42423
2234
486
2689
529
1797
3987
2598
516
447
1167
6187
805
1064
0
0
0
6244
2287
5478
1162
6577
646
3196
5204
1609
2874
1046
13182
1831
26156
1956
2860
58660
4557
11772
4316
1660
3313
4294
18628
2780
2219
4359
60207
1733
22955
6392
1830
2270
1413
1048
5845
803
2011
1161
2820
22710
3385
10165
706
8102
4038
4005
1882
1447
1253
2353
4563
1648
4369
1271
4080
838
3800
4065
5953
4502
1361
7195
1817
23772
4179
1901
3011
2151
7455
2736
17409
2507
6702
4280
1690
3819
7420
1596
2666
1720
30296
8380
10178
1691
2614
3494
13038
2199
5272
1151
14412
8554
3168
27453
3064
1681
6757
668
314
984
3354
1972
817
909
468
1483
1276
1385
2296
4283
3628
2820
1417
1716
1567
9480
7692
6482
1888
2501
47858
8491
2065
3075
24551
485
690
5520
764
3988
3722
1682
1058
1919
5121
2256
7591
2100
1751
6729
7285
2276
6466
4175
5103
5819
9445
986
1065
8549
1632
1048
3183
2119
24553
5885
8075
9449
1602
4820
2292
6244
2287
5478
0
0
0
668
1056
927
1569
5369
756
322
300
1106
3176
2618
1002
1603
492
2972
1109
411
3957
11324
4011
1140
33974
2832
7935
10637
3805
4452
4010
1670
12781
2148
6836
25257
1381
1799
932
1406
1625
3281
32819
1686
3380
1576
2191
1075
3786
3145
752
2610
1953
729
2574
4329
2346
14926
16054
3744
2535
1361
2057
6274
716
1426
3280
28776
2958
11835
1574
1873
4822
721
3239
909
321
637
439
862
1961
1520
4724
1547
2067
1540
1068
1678
1772
1989
926
772
578
7947
1604
6573
1093
1301
585
1780
1157
1764
981
777
2152
487
878
1070
935
830
813
800
1958
1269
1344
2236
2967
2194
1168
1123
1738
8142
1860
585
1174
2335
2978
17384
1366
4191
1489
2824
4402
701
1226
84894
3127
8161
9737
19221
7626
3083
2884
4761
4966
1889
2678
281
1730
1028
1288
17874
2127
2439
1881
9611
9577
1298
3017
1908
1176
597
1162
6577
646
668
1056
927
0
0
0
388
3505
14101
2698
2520
642
755
611
3114
1669
868
2158
1417
2802
2507
11105
8319
22652
7534
96336
8525
7146
5482
14568
3474
1604
1269
1712
10067
1851
7579
921
1628
3101
20990
3806
1261
2359
3074
3360
6365
3374
2118
2876
1397
2878
1387
2102
5148
3106
986
2052
3611
49559
891
1296
10614
2566
3113
1652
8550
1312
12831
3185
1237
8868
7891
7082
6190
1190
2169
2600
2846
1257
1753
5201
3429
607
1985
13181
1373
1823
1538
1085
33084
1659
905
5987
13738
1114
14763
1132
2374
2805
1772
1508
3588
4575
21407
7231
1631
1296
7450
1188
1341
32595
4358
6298
2418
2501
2314
960
3352
1201
2677
2933
3663
2310
1997
8016
2453
7465
15670
5479
5141
2718
3678
910
10308
2570
1082
3280
4005
3746
2814
1998
74806
3627
2127
2134
4457
203
410
214
1068
3928
522
11237
3265
1488
1970
3288
1719
1222
2529
1530
3196
5204
1609
1569
5369
756
388
3505
14101
0
0
0
1501
2374
1012
1843
8778
645
1606
2976
4995
3419
3209
3061
2355
14888
4156
25121
30073
15889
8661
5847
3690
2637
1025
4663
977
1771
2569
1207
3662
4932
3544
2226
12760
1241
2543
4032
12695
1578
1376
2715
2053
11904
7288
2299
1971
1175
629
4378
1957
2897
1623
2413
10051
4077
17154
4143
7823
3228
28267
1912
9030
4017
2586
5750
1642
4602
1890
5001
1302
785
1837
1712
1854
6133
5476
1290
1949
3136
1671
6674
2290
1676
14695
1292
615
858
16986
2302
1038
675
6196
1534
3309
1282
5105
2504
1823
700
5185
21309
1930
1195
707
1261
9227
2255
1517
1032
9962
2485
1338
826
1994
1178
849
2870
3072
1686
1673
5585
1338
937
2941
4647
1195
835
59867
3824
1816
50123
2259
936
3496
12636
5247
3117
11404
3359
1088
13591
843
1810
4504
1135
6944
1935
4359
3885
1617
2622
2336
4164
2867
2874
1046
13182
322
300
1106
2698
2520
642
1501
2374
1012
0
0
0
1283
883
1239
1423
855
5957
1920
1572
660
5779
2132
45696
12016
1376
14129
1641
2656
3119
4115
3143
1148
2271
2192
3513
4597
5656
1568
5521
1572
1589
1819
760
1493
537
2864
1961
13334
2343
507
12708
2173
5759
2936
4342
3844
2909
3163
2352
2881
2277
14477
7364
1872
2008
2750
9007
1544
2812
3601
1671
1120
2662
5072
2855
2144
1243
1790
1106
952
1043
3011
8236
1967
1578
1248
2420
562
935
6012
1190
1094
6931
2730
2521
3235
12600
2204
2022
1889
453
2185
5885
463
1702
1696
1547
635
2722
3219
1314
4594
1443
1252
1404
2851
4691
1130
6393
2653
1533
3107
1111
4649
4097
1969
1593
2600
1456
1305
901
1787
604
5916
5287
3177
3838
20098
5177
3428
4150
4893
24862
3654
3037
1620
309
1035
1420
24441
3865
1004
4783
3793
4250
34254
5363
6392
2909
836
3904
1831
26156
1956
3176
2618
1002
755
611
3114
1843
8778
645
1283
883
1239
0
0
0
13619
10156
7211
838
4324
2922
4318
2400
2415
7866
18027
3683
3733
39090
17506
12382
6606
5822
2471
3321
2566
10452
2387
815
29872
12863
4013
2647
1083
1968
1153
2050
1280
5008
2870
5346
3261
2698
1389
3835
5674
1582
1332
2060
2254
15632
8190
5310
2876
11164
3241
5060
6512
1029
6612
2359
4870
1260
3938
1838
1190
4045
2850
2033
6332
1207
1307
4607
1420
2547
17962
12262
1316
5100
2006
12625
1216
902
2367
1658
1527
3283
665
1262
9120
796
1280
1773
2547
2136
1422
2200
1556
2735
2817
935
1152
1980
2232
19018
1202
8795
5325
4724
669
4327
694
3098
797
1403
527
1480
2235
2959
363
1017
1098
1885
582
3697
3013
3806
1203
17855
7395
2470
3563
9020
6177
7471
4089
5242
2874
14376
1792
3090
3981
3418
3459
3457
3004
7009
19747
2702
2757
5286
1202
2860
58660
4557
1603
492
2972
1669
868
2158
1606
2976
4995
1423
855
5957
13619
10156
7211
0
0
0
723
1617
1936
2316
2363
645
4168
3117
3805
35691
5893
3036
847
1336
7214
1174
5966
1409
7415
1689
2581
488
6788
1494
376
546
1166
1279
3553
1042
859
1623
8553
1053
795
2196
2200
1498
1146
1173
987
892
937
2979
1369
962
15141
609
2342
636
1574
2695
1326
1918
1230
3633
2179
3511
1277
4555
4454
5101
1390
4377
6271
21555
12449
12952
570
1365
2038
5392
21044
3709
2504
5084
8480
1017
2058
1258
3047
3759
1767
3250
1941
572
4777
496
2149
3299
1278
863
1158
2657
1249
306
271
577
774
9287
3809
2645
1409
1528
1537
619
416
672
731
579
526
1122
422
975
938
16376
628
5713
2250
1480
2286
2211
952
5222
5410
1824
1264
2312
24991
2263
1988
2094
3861
3426
1454
4125
18287
2593
6047
9940
1621
1710
953
6279
11772
4316
1660
1109
411
3957
1417
2802
2507
3419
3209
3061
1920
1572
660
838
4324
2922
723
1617
1936
0
0
0
1270
957
441
1966
1558
982
1657
1044
1940
1651
4948
1234
1189
1451
1347
1035
1457
1535
2254
3230
9955
2600
2675
2967
1112
3327
2728
3243
1862
1427
2188
51583
2133
489
836
3579
11868
7065
4007
3394
13753
1467
3437
4461
5930
1263
2689
3186
2192
2149
2488
2012
1807
4650
1677
3731
3464
1250
3979
2499
6653
3497
3594
8375
2987
2740
6042
1680
3873
2867
1983
4341
1339
3980
5037
7564
2031
1810
2299
680
1330
2023
3061
2082
60083
7898
2976
2333
2310
1194
7351
2383
2620
4756
2479
4401
1697
12585
14874
15537
29860
994
680
891
403
966
3350
726
1609
1571
1146
4641
8690
1048
35840
37769
18289
602
2544
1772
1395
3909
1179
1471
1034
1634
997
6395
3835
5295
6106
14724
4569
7100
2297
1822
1872
11156
9004
7986
3291
3313
4294
18628
11324
4011
1140
11105
8319
22652
2355
14888
4156
5779
2132
45696
4318
2400
2415
2316
2363
645
1270
957
441
0
0
0
1369
952
1807
5285
199
282
3547
1477
5009
2625
1627
1273
1456
696
4285
2691
1552
3760
14855
6782
11149
1156
2230
1411
1775
1865
7300
904
1008
1436
1561
1204
724
1819
2057
2280
7885
3843
1186
650
1054
1919
826
3010
8330
11600
2698
6321
2076
6053
2759
4956
4021
2190
23349
2044
7415
2703
2462
3760
2288
2463
2137
5832
4670
3581
36054
30206
1592
12874
1024
2512
8589
1711
2924
2069
2295
8570
19180
2167
3038
757
34147
1488
5008
1845
2091
1180
1352
2360
10102
3842
2594
1058
2861
3932
772
1841
5855
2444
656
2131
2725
829
5826
1137
2491
865
789
5016
5335
3670
10253
11269
500
1156
368
1498
5988
1998
666
1991
1573
1546
2767
1148
30501
14279
4608
3257
5324
13386
1976
3292
15901
97026
5005
7914
2780
2219
4359
33974
2832
7935
7534
96336
8525
25121
30073
15889
12016
1376
14129
7866
18027
3683
4168
3117
3805
1966
1558
982
1369
952
1807
0
0
0
106
488
415
2522
2668
2720
19013
6326
4980
1479
1211
946
2420
70263
1634
1203
2519
7333
986
2072
15697
3599
6786
785
5902
1724
8753
2019
1232
1177
4038
1054
2534
1360
2835
645
2499
5433
1096
722
14647
1591
2470
1027
16063
1193
1733
5875
1189
4206
4927
1931
3969
13241
7479
27589
1452
2229
2356
2314
26742
2024
3560
3518
2504
5612
1971
1069
2525
6024
11903
2994
3390
2576
676
14137
3156
4942
2089
1311
2273
795
3068
12347
8276
3992
1568
2924
1091
1747
1515
1269
4539
4190
2357
2688
25970
42080
3696
3348
1904
1800
1173
6805
2014
925
6589
2274
18066
2710
2244
1042
534
749
606
1171
2502
983
6003
4629
1199
1412
2552
10417
24077
1836
2028
5477
5837
6428
4547
7805
21751
9494
1892
60207
1733
22955
10637
3805
4452
7146
5482
14568
8661
5847
3690
1641
2656
3119
3733
39090
17506
35691
5893
3036
1657
1044
1940
5285
199
282
106
488
415
0
0
0
