C_ijk
0
0
0
43
69
55
159
60
144
63
945
204
248
555
115
520
97
394
81
239
1076
3703
331
333
952
266
438
378
677
1391
8433
609
2566
1087
894
1225
1848
88
505
1061
313
1376
286
977
735
533
319
741
582
361
737
500
6508
1494
1880
2046
2764
5641
973
301
6097
246
343
554
1859
483
397
1035
692
1023
2050
892
3280
529
648
752
147
1215
8426
205
677
380
281
717
3794
962
897
285
128
1092
357
3751
1385
1093
3032
4796
1288
433
3336
604
653
1706
309
388
253
1904
625
792
828
1848
2804
743
4476
978
512
437
1448
1893
1946
2501
860
1644
4642
25636
2099
1437
2027
2448
3172
650
764
464
6526
7259
912
1364
1906
972
1766
20528
1850
2651
13381
18710
617
829
1379
36301
2652
1252
3307
2963
4684
1384
672
873
8683
1523
1173
4241
1862
1718
2399
1916
1776
43
69
55
0
0
0
16
3
4
62
75
159
470
162
1938
243
312
316
156
502
75
2679
1219
826
651
1210
1092
301
1427
1585
2639
596
455
1202
1155
1782
154
141
997
272
2655
709
226
362
4385
1171
355
402
2184
3075
424
969
325
198
314
1357
1427
414
6819
304
434
698
194
377
300
175
2632
357
845
695
1220
2125
363
659
566
1651
436
316
250
287
389
509
350
472
789
2049
199
291
473
1851
268
2976
1082
726
2557
1213
1995
416
3787
527
1051
1269
582
3772
1280
1077
13532
2297
2262
3755
21340
2040
1571
2132
1951
2012
7210
5514
998
2509
1722
5184
2155
3903
773
5199
1435
709
3671
1937
1930
3749
1078
888
972
8600
2377
12350
3369
980
5972
1061
2928
5617
1445
6948
6403
2938
4790
1049
2047
670
3740
8366
2324
525
692
3835
1484
1956
3021
2612
1235
1140
4706
159
60
144
16
3
4
0
0
0
321
134
180
406
230
1022
683
106
831
446
781
1004
571
576
1773
155
995
10016
538
280
3145
547
398
474
1615
7500
10022
1084
483
1129
1104
755
1059
202
372
427
644
635
445
957
524
746
397
420
671
7174
314
1118
383
510
524
1344
960
1625
314
3114
938
1070
866
156
452
1348
469
577
379
500
2207
185
2003
2193
180
562
308
689
535
664
995
1081
648
1198
555
990
230
532
4838
325
1569
2061
629
1429
1111
1026
541
1020
1416
5030
1495
885
2816
3106
966
6013
1782
749
1282
1185
3642
4027
1044
10129
2418
1340
875
2348
8927
1823
1118
372
1117
8626
2526
5976
2523
2918
2030
537
889
1994
1602
1967
2604
10201
2717
4198
995
622
1151
4893
2163
1362
902
2070
1445
809
867
580
5942
2363
21143
1463
4550
1109
1179
4633
2424
1390
63
945
204
62
75
159
321
134
180
0
0
0
151
166
120
325
2121
329
509
106
272
609
471
296
452
928
1009
1639
411
1069
894
2833
325
2369
399
1346
218
2597
493
691
317
824
314
1213
5758
5621
1883
1676
575
1125
1731
200
892
1224
2596
592
500
618
352
1471
3963
531
8860
331
511
359
3028
343
376
27510
1006
772
235
1158
23039
996
517
783
327
985
466
1889
2815
742
755
599
2329
1299
1159
285
1941
4564
360
1802
441
1172
1155
2065
3092
982
1717
568
521
486
785
3951
3125
2955
3888
2618
1008
1760
1448
4832
1989
1589
885
19197
37341
1514
1004
1271
3269
2214
14253
4837
22288
8236
2161
1322
2022
348
3664
1154
722
4075
1680
1394
1328
4949
6632
14923
16811
804
959
1407
1087
1765
28931
2238
1286
3116
2682
2076
928
2154
4941
1929
1120
1135
1830
2208
3316
4719
1969
248
555
115
470
162
1938
406
230
1022
151
166
120
0
0
0
58
181
14
44
246
698
436
654
386
1147
2227
754
343
541
372
741
393
6356
712
1072
1483
773
472
240
2061
3852
1299
5686
1037
1949
2216
473
1049
289
744
7511
639
826
1223
1161
1372
7393
1166
368
6241
790
381
964
1439
1037
435
2660
5184
609
370
6985
889
684
493
444
330
4034
1744
502
317
138
477
7520
272
613
9077
4746
433
1906
262
2289
430
271
1596
820
722
1234
3579
6646
4895
1066
1186
298
1363
999
605
625
577
1792
1604
3477
1409
762
2180
1713
13020
2523
814
3709
2894
3154
2825
3196
3603
664
3054
5768
3195
2496
2757
2736
6821
2154
2224
1450
3358
1092
1636
1033
6301
2449
1197
835
1234
16680
1078
3090
1170
8137
1177
11530
4555
2131
812
1730
1074
1212
2766
743
2956
1226
3134
2313
1512
1490
520
97
394
243
312
316
683
106
831
325
2121
329
58
181
14
0
0
0
69
26
54
956
656
586
570
1717
857
501
226
1149
713
243
420
472
693
853
117
269
3509
2761
4907
574
386
1207
3908
769
3182
2388
759
1728
216
451
2586
363
1210
1194
894
370
1180
340
1206
3649
1006
602
1598
323
960
1223
2074
658
3494
713
1382
707
233
1084
2814
1777
557
576
79
3627
503
1654
4237
941
365
189
221
483
561
514
163
1536
1018
1305
3052
1427
1856
11882
1072
747
1098
1177
1009
1790
1786
1289
869
748
1739
10142
5446
655
1372
2003
3019
1367
1801
4225
2609
2488
2640
717
408
8707
4456
729
887
823
3749
1196
1772
3889
1031
6466
1613
1060
1195
1717
4490
894
1648
832
1751
17061
8122
1312
1565
2358
908
2292
1209
1049
6126
1136
1018
5926
2942
1269
3611
3176
3376
1178
1599
81
239
1076
156
502
75
446
781
1004
509
106
272
44
246
698
69
26
54
0
0
0
2425
4030
1507
390
253
7780
915
226
4275
338
537
453
186
272
1226
296
173
802
268
12903
1980
256
186
6975
507
1142
7461
379
952
5034
697
2343
1352
4490
867
655
2525
423
487
340
1416
485
781
633
403
978
691
1095
771
8939
1115
966
648
1723
4124
2538
651
377
390
533
7286
1099
8274
258
389
586
502
372
2022
650
402
221
1815
1136
1374
821
1915
1850
1766
521
750
544
785
243
930
1244
1323
15213
592
891
532
2403
2650
3098
3794
1889
1304
1108
2758
407
3818
6544
10304
1352
1586
457
2033
2759
1384
17951
4731
596
882
4206
1947
7297
7280
1397
1750
2758
1994
430
1605
27646
4252
1749
32315
2200
11268
3115
1125
1690
1037
2141
9595
8159
8853
1447
640
3683
1391
16446
835
1751
3703
331
333
2679
1219
826
571
576
1773
609
471
296
436
654
386
956
656
586
2425
4030
1507
0
0
0
143
704
246
3297
9582
1347
894
341
2672
281
243
224
364
687
1861
1067
18451
2967
561
1201
1008
1358
1189
12965
2288
3327
272
700
1824
948
1383
1682
1058
3840
494
1229
1281
6594
3085
836
677
690
567
17776
2352
2392
1182
1349
3583
992
560
2316
784
2822
347
372
517
6346
191
578
740
941
9660
282
388
2715
891
449
173
390
2718
1057
11313
1019
629
238
588
911
492
526
768
3764
574
1272
669
520
1257
361
1770
1559
634
905
282
3944
4845
1355
1139
3014
2265
4443
1384
3412
20338
4485
4804
584
3662
2055
2134
416
1812
656
3555
998
1778
2502
35762
2699
946
6986
1637
8181
1518
4579
6466
909
1911
1947
19005
953
26379
4203
3054
706
862
1225
6182
387
1419
775
1182
952
266
438
651
1210
1092
155
995
10016
452
928
1009
1147
2227
754
570
1717
857
390
253
7780
143
704
246
0
0
0
280
428
880
640
600
1723
468
373
2112
11829
1512
9714
1517
409
262
2140
486
888
1259
590
1250
1728
1180
519
1152
559
1074
1220
900
1670
1016
7943
887
976
5064
5551
1546
4047
1148
2184
609
1169
1736
2207
2212
430
1546
6939
1619
1205
984
1414
377
2317
690
427
773
696
2997
1849
864
3571
1914
1929
655
447
1592
433
386
1472
184
393
425
500
6402
878
765
746
1053
1185
2998
1395
3743
3003
649
508
910
748
1832
3269
7087
1632
1811
6417
854
1086
1874
1342
1000
4614
30901
768
1373
22150
1686
3311
1413
1246
1119
15583
40956
2534
741
1132
3172
4917
4094
742
1518
1113
5797
783
1847
4277
2357
4619
1925
1235
1047
449
4077
565
804
1293
1465
1418
991
830
378
677
1391
301
1427
1585
538
280
3145
1639
411
1069
343
541
372
501
226
1149
915
226
4275
3297
9582
1347
280
428
880
0
0
0
348
56
392
3818
3534
184
417
304
9549
728
217
3060
454
353
228
1555
2498
983
553
486
571
276
2172
406
1364
694
3079
452
806
8737
2023
680
371
3227
442
733
10744
352
1054
1014
737
2506
556
522
663
17907
4519
1753
1981
1261
687
998
3599
1358
436
1640
2631
6050
10774
2884
1236
1102
552
1177
978
1432
834
777
820
2246
1021
1303
409
1130
421
609
1893
1157
836
718
4563
2957
919
1364
1948
657
1230
3774
23391
1774
2555
12298
619
6597
538
2405
1412
548
1251
35298
1863
2682
974
4472
1213
31610
12463
1381
2492
684
3313
1756
4125
27017
50132
1124
496
5429
4706
1951
4567
25805
1613
998
8510
1261
2257
2429
1549
15509
1074
1690
2310
5202
1337
8433
609
2566
2639
596
455
547
398
474
894
2833
325
741
393
6356
713
243
420
338
537
453
894
341
2672
640
600
1723
348
56
392
0
0
0
177
107
196
1284
20158
1053
6916
1496
1169
1243
2956
240
2441
2872
945
983
1065
1052
3348
976
823
5955
530
1513
2001
1206
1163
2808
1945
1768
970
1320
1301
1920
664
1560
6075
1875
1251
1513
4326
4680
2512
1775
1446
710
456
2057
1680
2650
1444
1521
1236
763
556
3922
1917
556
9762
879
32743
800
815
720
846
904
2256
479
1785
2508
22247
1441
2574
296
792
671
1124
1330
1834
755
4983
659
786
458
998
3368
967
2468
8568
3202
533
6749
1077
668
289
3372
820
1064
6084
1868
784
1896
2822
3683
918
939
3903
1800
1208
2573
1283
1282
5286
1795
1368
1186
2368
1502
1604
19296
1418
4674
1462
2830
1058
1162
2373
1022
14425
606
1779
2236
1087
894
1225
1202
1155
1782
1615
7500
10022
2369
399
1346
712
1072
1483
472
693
853
186
272
1226
281
243
224
468
373
2112
3818
3534
184
177
107
196
0
0
0
825
519
372
736
364
428
628
519
459
804
2163
4309
3318
676
1648
866
1107
2389
2664
988
745
3688
879
12897
8483
3439
727
10041
1049
1659
2638
1932
1853
3295
2613
3762
1203
863
1945
1374
2944
797
603
512
391
1535
1131
1753
2750
962
2490
1593
854
1406
618
848
1036
1938
288
1461
1370
1658
2934
1428
1013
19416
1442
1759
1274
5419
661
1084
2476
1885
17595
691
494
231
2429
783
1025
9211
3055
5170
3261
7194
4285
1058
472
5484
662
11611
335
3161
514
2611
2820
832
659
2993
856
1278
2238
1977
3058
1916
1496
2714
3648
9646
26527
3783
1773
10137
6561
1887
1039
2195
1877
9292
2802
913
2043
6181
1346
1276
761
1199
9199
1848
88
505
154
141
997
1084
483
1129
218
2597
493
773
472
240
117
269
3509
296
173
802
364
687
1861
11829
1512
9714
417
304
9549
1284
20158
1053
825
519
372
0
0
0
1564
304
771
248
357
253
637
1174
750
151
690
6438
321
175
114
261
496
3657
806
1060
211
3443
688
282
451
298
1553
694
631
1933
1094
2892
1580
303
252
713
200
2264
635
473
664
544
1394
1644
1614
395
275
10489
538
398
286
863
902
2000
646
4803
348
508
559
1406
700
802
1044
1050
1321
5930
5208
3185
1727
2615
961
3133
4243
990
2656
1817
877
1283
1441
1572
916
14160
1572
1232
1964
1096
1389
3721
3306
642
5014
7191
848
5251
1556
499
2881
1384
903
1319
3921
9505
2882
3351
1466
2166
1598
1492
3002
2373
1751
2690
2937
20784
1527
3710
2775
2382
2304
1653
11045
18353
4303
6616
1966
10810
1061
313
1376
272
2655
709
1104
755
1059
691
317
824
2061
3852
1299
2761
4907
574
268
12903
1980
1067
18451
2967
1517
409
262
728
217
3060
6916
1496
1169
736
364
428
1564
304
771
0
0
0
148
3002
196
5990
389
957
358
750
275
321
317
1971
466
831
1251
889
540
1987
970
1057
1174
919
978
689
2498
6688
1168
2602
1866
1825
1186
2243
1417
11532
1234
934
18829
3163
984
1482
724
3661
5678
415
1963
470
1381
522
1144
1488
828
1057
13780
2564
461
390
1007
3096
1167
3347
1069
12506
5256
688
1181
285
2136
4609
1544
1001
632
826
1219
598
2602
5640
1019
1764
1161
790
11541
507
509
2362
6417
515
1638
798
5562
1062
4014
461
303
2685
4716
10781
1068
1190
5058
2019
2880
2456
4130
50329
1438
2316
2289
4789
1516
2779
2319
5935
3792
780
2479
20865
1971
2647
1112
3671
1636
3489
1831
286
977
735
226
362
4385
202
372
427
314
1213
5758
5686
1037
1949
386
1207
3908
256
186
6975
561
1201
1008
2140
486
888
454
353
228
1243
2956
240
628
519
459
248
357
253
148
3002
196
0
0
0
579
524
427
323
2134
585
322
338
3266
2822
2386
1574
6058
4219
854
740
510
521
803
559
346
838
1626
1767
617
646
1464
295
600
2560
10213
524
1042
833
1415
484
1569
1381
4502
780
891
917
2170
723
628
1109
815
880
735
1437
952
820
15164
3966
41235
582
9897
1402
1774
888
1165
409
2843
1726
3293
1676
883
24881
1562
798
22392
1448
3187
1760
1930
830
2868
1383
485
2382
2361
247
466
302
342
733
6752
1830
992
1175
1721
1315
2378
3207
673
3545
5315
2599
831
3015
4608
4234
3498
3294
1028
6842
725
9619
1581
980
3977
1234
20247
1980
1972
1478
944
3207
2387
1941
533
319
741
1171
355
402
644
635
445
5621
1883
1676
2216
473
1049
769
3182
2388
507
1142
7461
1358
1189
12965
1259
590
1250
1555
2498
983
2441
2872
945
804
2163
4309
637
1174
750
5990
389
957
579
524
427
0
0
0
253
498
91
618
226
1653
90
158
324
4535
2537
4972
1331
282
1551
376
348
937
1345
2665
1315
720
2776
1411
714
487
540
2915
2258
812
1328
817
2779
3076
697
3475
5727
768
1112
2101
400
638
689
2231
1830
480
987
1240
630
7655
1293
1286
1181
896
2763
318
1144
1039
6954
1115
3093
1896
1481
2656
2027
1729
791
3398
6814
14096
2567
17647
1140
585
3484
555
9152
1323
4508
7180
9581
237
1209
3769
499
453
3345
1344
1860
2025
1254
640
25448
1287
1393
1001
9773
5540
11246
2162
6256
1601
3125
1840
10110
1525
3896
3018
9161
1243
5099
2831
1232
1778
16188
3249
1982
582
361
737
2184
3075
424
957
524
746
575
1125
1731
289
744
7511
759
1728
216
379
952
5034
2288
3327
272
1728
1180
519
553
486
571
983
1065
1052
3318
676
1648
151
690
6438
358
750
275
323
2134
585
253
498
91
0
0
0
70
199
1519
84
157
119
251
595
761
1497
1753
3020
3216
323
3589
402
3503
1204
673
1111
3362
592
654
2597
705
754
266
1351
923
543
1173
1088
1001
986
762
1678
2139
926
5977
972
731
1841
1583
5786
2075
21520
3145
972
2981
2454
1956
597
1281
1023
994
3123
2992
1428
12189
1209
1538
2632
956
1259
986
8231
770
1466
3324
4714
739
779
686
341
2331
1375
1314
1874
870
541
323
636
788
470
1340
4695
7813
1181
593
1199
1254
719
812
2437
1017
5493
3147
1279
1638
16220
5714
3886
6861
867
2111
5378
3277
693
12639
2409
5293
7560
1170
64909
500
6508
1494
969
325
198
397
420
671
200
892
1224
639
826
1223
451
2586
363
697
2343
1352
700
1824
948
1152
559
1074
276
2172
406
3348
976
823
866
1107
2389
321
175
114
321
317
1971
322
338
3266
618
226
1653
70
199
1519
0
0
0
3518
155
219
1565
3064
677
1080
370
259
247
517
1636
702
13170
898
11376
525
1323
597
2890
1070
2836
5695
431
558
1112
794
884
919
225
2142
4269
578
478
498
210
1080
411
400
390
12750
1541
4782
1492
1235
1613
1147
4848
1359
1361
654
691
431
1730
694
8317
7570
3196
1263
6266
1921
2800
4581
867
898
765
1856
602
1275
359
1620
1470
562
1371
7574
2628
787
600
1153
1454
784
5161
1854
1044
1167
2244
6604
4358
2047
1886
1624
4322
1874
6100
511
1880
1284
1624
58989
3856
2727
3324
6847
1435
4133
4341
3605
43097
1878
1232
83367
1880
2046
2764
314
1357
1427
7174
314
1118
2596
592
500
1161
1372
7393
1210
1194
894
4490
867
655
1383
1682
1058
1220
900
1670
1364
694
3079
5955
530
1513
2664
988
745
261
496
3657
466
831
1251
2822
2386
1574
90
158
324
84
157
119
3518
155
219
0
0
0
4567
454
602
506
293
3991
440
566
583
880
432
1126
6895
1258
3887
953
11785
1162
491
313
734
887
785
2624
15559
10384
1522
1514
8797
2222
11765
1280
464
567
1317
6151
969
796
762
2161
14266
1037
1983
1392
489
927
1092
5314
2075
980
1251
1217
2484
901
2844
1070
1092
1677
1996
691
741
1036
5304
1899
228
2450
1733
1307
1671
1004
590
2403
1902
4252
249
11204
857
468
2434
1535
2597
651
7095
781
3522
905
4229
1252
5766
6312
3474
1251
1746
1390
3236
2445
3526
1221
2515
851
1445
2370
1557
28203
13224
2123
7677
2808
5641
973
301
414
6819
304
383
510
524
618
352
1471
1166
368
6241
370
1180
340
2525
423
487
3840
494
1229
1016
7943
887
452
806
8737
2001
1206
1163
3688
879
12897
806
1060
211
889
540
1987
6058
4219
854
4535
2537
4972
251
595
761
1565
3064
677
4567
454
602
0
0
0
202
400
178
110
1048
199
282
1320
453
691
1235
3001
184
160
469
199
310
186
656
1028
1727
174
2783
513
331
476
800
849
484
546
1854
929
13722
312
1506
1203
439
1165
379
5869
549
1538
606
440
1634
807
5976
2247
2534
22906
2518
1397
3294
3597
14488
1168
2297
507
1330
1486
984
7523
816
17077
1266
19445
1525
1087
1932
628
1187
365
884
1228
2793
13970
2022
350
1305
12211
562
1735
1464
1538
2659
4098
3576
1354
1424
1046
1503
731
3774
767
426
1513
2334
1707
13665
2989
2594
1846
2575
953
2867
6097
246
343
434
698
194
1344
960
1625
3963
531
8860
790
381
964
1206
3649
1006
340
1416
485
1281
6594
3085
976
5064
5551
2023
680
371
2808
1945
1768
8483
3439
727
3443
688
282
970
1057
1174
740
510
521
1331
282
1551
1497
1753
3020
1080
370
259
506
293
3991
202
400
178
0
0
0
270
382
535
289
241
211
441
277
530
528
3947
1888
752
877
421
1458
842
485
1327
6321
864
720
535
573
1129
936
347
1055
1211
941
1111
926
1129
5212
2016
556
815
1565
6367
386
655
1124
2199
1211
1422
1297
6168
968
1435
2959
3503
1185
1428
1684
532
616
1684
5251
672
1729
3051
13499
1654
3105
1788
2331
1130
12807
1292
1964
16790
8413
1147
1322
1283
8418
1378
486
1939
1158
1007
15195
1173
1892
1790
2466
2342
3388
1554
4627
4398
5866
753
9032
909
1709
6733
774
2230
3956
1058
5348
554
1859
483
377
300
175
314
3114
938
331
511
359
1439
1037
435
602
1598
323
781
633
403
836
677
690
1546
4047
1148
3227
442
733
970
1320
1301
10041
1049
1659
451
298
1553
919
978
689
803
559
346
376
348
937
3216
323
3589
247
517
1636
440
566
583
110
1048
199
270
382
535
0
0
0
240
378
827
3652
843
1009
1331
224
853
718
593
313
785
217
5276
3929
277
1438
538
8979
1270
141
817
1979
2908
239
5945
482
430
1757
2182
1389
2275
4617
3079
2315
1153
2567
989
1530
955
731
3644
2034
1485
2979
1373
1337
4566
872
1899
605
634
1116
1082
8480
503
27743
989
2346
830
5377
920
444
652
5695
1400
5087
1946
4442
2757
2007
1427
7473
2383
4695
1824
1210
1858
2324
1593
760
3430
3120
3008
794
1101
892
620
1644
2285
1002
5826
4325
12004
1324
1626
4265
3337
397
1035
692
2632
357
845
1070
866
156
3028
343
376
2660
5184
609
960
1223
2074
978
691
1095
567
17776
2352
2184
609
1169
10744
352
1054
1920
664
1560
2638
1932
1853
694
631
1933
2498
6688
1168
838
1626
1767
1345
2665
1315
402
3503
1204
702
13170
898
880
432
1126
282
1320
453
289
241
211
240
378
827
0
0
0
379
384
112
86
67
83
95
27
165
247
1083
1768
1150
782
427
1195
243
1029
764
886
108
405
589
538
1802
404
2648
801
1585
1220
398
1368
1077
6568
1245
771
4611
1030
1803
994
540
1151
2220
13376
4895
16954
17569
6540
1755
5629
427
24141
1673
1495
1495
10185
2924
1582
2714
2730
505
1077
3285
1995
2694
1930
1731
562
2363
808
960
1042
11535
7968
1779
1727
4113
873
693
26871
3036
1038
1067
2910
14913
2400
904
1988
1058
1484
13700
2095
3973
1473
3943
2395
1023
2050
892
695
1220
2125
452
1348
469
27510
1006
772
370
6985
889
658
3494
713
771
8939
1115
2392
1182
1349
1736
2207
2212
1014
737
2506
6075
1875
1251
3295
2613
3762
1094
2892
1580
2602
1866
1825
617
646
1464
720
2776
1411
673
1111
3362
11376
525
1323
6895
1258
3887
691
1235
3001
441
277
530
3652
843
1009
379
384
112
0
0
0
477
397
1500
457
292
433
657
724
384
495
1063
6785
583
3543
361
533
215
10904
2760
1117
2622
3251
1128
1592
6144
1569
2970
1053
1017
566
796
1273
3891
16224
6620
3174
1580
7820
3645
2548
1206
3818
2347
658
5249
784
3760
3099
698
583
476
4583
7711
838
1251
2628
13576
738
830
3667
505
3834
1161
1099
2405
745
1126
796
755
1359
2039
20232
427
1262
1147
3931
1128
2465
13305
1404
739
2195
343
1297
3284
2857
1551
879
4103
1311
2118
1481
1721
3280
529
648
363
659
566
577
379
500
235
1158
23039
684
493
444
1382
707
233
966
648
1723
3583
992
560
430
1546
6939
556
522
663
1513
4326
4680
1203
863
1945
303
252
713
1186
2243
1417
295
600
2560
714
487
540
592
654
2597
597
2890
1070
953
11785
1162
184
160
469
528
3947
1888
1331
224
853
86
67
83
477
397
1500
0
0
0
328
22
49
8874
1013
462
1477
221
895
147
607
1469
1236
157
436
344
1705
1266
4000
1050
692
1795
409
745
2017
1353
338
886
1890
588
1285
1342
1342
1651
1117
2375
1554
22183
6108
3933
4895
980
1078
6515
537
2180
1371
2351
1428
5701
1506
1208
1766
4157
1072
1277
1263
1481
887
927
3721
687
1200
763
3503
1392
1176
1304
2018
1293
1121
1919
12529
2071
1887
6411
11050
887
1965
1303
1324
1498
837
1458
1308
1669
4123
2586
2406
1540
752
147
1215
1651
436
316
2207
185
2003
996
517
783
330
4034
1744
1084
2814
1777
4124
2538
651
2316
784
2822
1619
1205
984
17907
4519
1753
2512
1775
1446
1374
2944
797
200
2264
635
11532
1234
934
10213
524
1042
2915
2258
812
705
754
266
2836
5695
431
491
313
734
199
310
186
752
877
421
718
593
313
95
27
165
457
292
433
328
22
49
0
0
0
336
266
1899
461
7916
560
549
300
2021
698
292
666
289
1961
292
1068
770
940
696
1028
1950
1351
4267
487
2152
626
1169
964
1018
2383
1130
1554
992
3724
1820
2456
3939
1624
2591
2669
4275
9477
568
1036
1126
3310
2669
1059
7540
20161
7229
696
8332
699
1635
962
1506
1689
7350
898
686
329
411
1687
508
399
1119
874
844
10818
2256
5380
11476
2331
4003
1332
4742
726
10822
1395
6142
923
1587
763
1936
2120
1625
8426
205
677
250
287
389
2193
180
562
327
985
466
502
317
138
557
576
79
377
390
533
347
372
517
1414
377
2317
1981
1261
687
710
456
2057
603
512
391
473
664
544
18829
3163
984
833
1415
484
1328
817
2779
1351
923
543
558
1112
794
887
785
2624
656
1028
1727
1458
842
485
785
217
5276
247
1083
1768
657
724
384
8874
1013
462
336
266
1899
0
0
0
146
415
146
196
234
681
136
114
237
488
233
369
395
1264
484
969
544
4002
992
1349
784
424
573
1112
2814
3715
3510
1575
892
1418
1176
836
3772
8944
1408
1492
2722
5832
3411
4540
2812
799
18034
662
2334
1993
10603
3458
735
13009
720
16613
2977
1884
643
700
4251
606
655
2665
7316
5985
6207
1301
1224
1381
33209
2602
1624
2053
1157
828
676
1330
829
62011
2826
795
1828
12662
9742
11137
2278
5146
380
281
717
509
350
472
308
689
535
1889
2815
742
477
7520
272
3627
503
1654
7286
1099
8274
6346
191
578
690
427
773
998
3599
1358
1680
2650
1444
1535
1131
1753
1394
1644
1614
1482
724
3661
1569
1381
4502
3076
697
3475
1173
1088
1001
884
919
225
15559
10384
1522
174
2783
513
1327
6321
864
3929
277
1438
1150
782
427
495
1063
6785
1477
221
895
461
7916
560
146
415
146
0
0
0
616
636
129
635
246
277
203
886
174
698
1241
432
1818
1751
1314
1596
1013
183
503
365
825
1188
2051
7298
947
2523
655
710
1977
1332
1189
2324
7824
1340
2339
4047
1252
2657
1153
2276
1697
25149
6315
2869
4237
3929
661
1412
5199
1174
1934
2141
492
950
2718
475
1041
3666
1272
3786
1413
1162
1726
1864
862
1816
2658
3892
1478
1853
474
400
1650
1831
1667
5259
1451
2281
12686
8519
1208
3794
962
897
789
2049
199
664
995
1081
755
599
2329
613
9077
4746
4237
941
365
258
389
586
740
941
9660
696
2997
1849
436
1640
2631
1521
1236
763
2750
962
2490
395
275
10489
5678
415
1963
780
891
917
5727
768
1112
986
762
1678
2142
4269
578
1514
8797
2222
331
476
800
720
535
573
538
8979
1270
1195
243
1029
583
3543
361
147
607
1469
549
300
2021
196
234
681
616
636
129
0
0
0
205
58
33
240
405
734
933
596
1598
295
444
1192
1911
3328
2504
649
817
969
647
1953
5546
1721
1655
1826
874
1250
2292
13991
10458
4799
2015
620
623
21257
4125
1353
4029
3173
1774
1930
658
18743
519
1640
835
1312
1688
21510
3775
3380
1155
316
398
830
775
3110
982
2465
2523
1709
893
2394
1491
867
1753
1854
422
887
557
1025
13599
961
2224
3017
14189
1284
2284
1201
285
128
1092
291
473
1851
648
1198
555
1299
1159
285
433
1906
262
189
221
483
502
372
2022
282
388
2715
864
3571
1914
6050
10774
2884
556
3922
1917
1593
854
1406
538
398
286
470
1381
522
2170
723
628
2101
400
638
2139
926
5977
478
498
210
11765
1280
464
849
484
546
1129
936
347
141
817
1979
764
886
108
533
215
10904
1236
157
436
698
292
666
136
114
237
635
246
277
205
58
33
0
0
0
668
867
485
2830
378
1573
317
691
524
524
654
435
3613
497
2376
15142
24936
1780
970
1806
987
1692
4616
725
2853
1037
765
2064
4438
1876
597
3448
4672
786
8901
1403
1798
2438
9309
1393
2822
1174
10527
5981
417
2122
2333
1297
7136
1062
1241
1613
3771
3529
4265
8603
1723
2160
3751
1676
16486
2112
827
1126
776
1032
1881
1193
3936
978
2134
2142
6945
8936
6974
357
3751
1385
268
2976
1082
990
230
532
1941
4564
360
2289
430
271
561
514
163
650
402
221
891
449
173
1929
655
447
1236
1102
552
556
9762
879
618
848
1036
863
902
2000
1144
1488
828
1109
815
880
689
2231
1830
972
731
1841
1080
411
400
567
1317
6151
1854
929
13722
1055
1211
941
2908
239
5945
405
589
538
2760
1117
2622
344
1705
1266
289
1961
292
488
233
369
203
886
174
240
405
734
668
867
485
0
0
0
256
166
996
1024
448
1142
388
316
262
660
143
749
1984
2463
3675
4285
10236
871
1254
967
2884
3002
9564
778
1455
645
1283
17499
2211
3696
772
1683
5868
1686
554
958
1506
3450
11707
3335
1675
1414
613
914
30462
1256
3556
27744
11737
2981
2127
1473
609
1365
10815
1254
19286
995
5097
854
3491
314
514
836
3145
2304
1335
4577
1355
1522
813
830
1093
3032
4796
726
2557
1213
4838
325
1569
1802
441
1172
1596
820
722
1536
1018
1305
1815
1136
1374
390
2718
1057
1592
433
386
1177
978
1432
32743
800
815
1938
288
1461
646
4803
348
1057
13780
2564
735
1437
952
480
987
1240
1583
5786
2075
390
12750
1541
969
796
762
312
1506
1203
1111
926
1129
482
430
1757
1802
404
2648
3251
1128
1592
4000
1050
692
1068
770
940
395
1264
484
698
1241
432
933
596
1598
2830
378
1573
256
166
996
0
0
0
325
189
125
22
265
20
686
238
253
2267
3105
1961
1217
1108
2986
2931
8271
743
405
17013
4988
7225
3997
5584
822
6998
6464
3937
8770
1800
3970
687
1033
1343
3723
1398
56685
1293
1109
2580
847
3844
1809
1054
3663
3089
5145
14683
9503
5223
719
20816
3423
7944
1476
4699
3512
590
1085
6597
1733
326
9818
2620
411
1574
11097
1232
444
1288
433
3336
1995
416
3787
2061
629
1429
1155
2065
3092
1234
3579
6646
3052
1427
1856
821
1915
1850
11313
1019
629
1472
184
393
834
777
820
720
846
904
1370
1658
2934
508
559
1406
461
390
1007
820
15164
3966
630
7655
1293
21520
3145
972
4782
1492
1235
2161
14266
1037
439
1165
379
5212
2016
556
2182
1389
2275
801
1585
1220
6144
1569
2970
1795
409
745
696
1028
1950
969
544
4002
1818
1751
1314
295
444
1192
317
691
524
1024
448
1142
325
189
125
0
0
0
1111
292
132
426
176
533
7001
7327
1974
248
889
14282
3252
1256
867
748
12884
4015
3022
4091
7718
1641
2791
1586
1693
2966
19424
1518
1286
1391
1106
17155
2596
2614
52387
19464
2096
1443
1289
1408
2084
2015
3746
5679
2825
1391
3313
4263
17702
4892
2621
2180
3048
1659
2345
698
1720
1554
6776
1220
708
1299
3652
1598
1465
848
604
653
1706
527
1051
1269
1111
1026
541
982
1717
568
4895
1066
1186
11882
1072
747
1766
521
750
238
588
911
425
500
6402
2246
1021
1303
2256
479
1785
1428
1013
19416
700
802
1044
3096
1167
3347
41235
582
9897
1286
1181
896
2981
2454
1956
1613
1147
4848
1983
1392
489
5869
549
1538
815
1565
6367
4617
3079
2315
398
1368
1077
1053
1017
566
2017
1353
338
1351
4267
487
992
1349
784
1596
1013
183
1911
3328
2504
524
654
435
388
316
262
22
265
20
1111
292
132
0
0
0
120
73
106
1568
2735
1860
1641
3000
1247
1167
1097
14251
2967
2964
2594
1875
2295
67279
9205
1825
1163
4182
1104
1863
2492
1786
989
2621
3308
916
10054
2119
25410
2836
4070
1567
2910
1833
1311
1408
10029
10442
3741
3350
2335
6305
10052
1616
16250
953
4102
1071
4113
4481
1670
2897
1230
992
3070
297
4799
998
1137
309
388
253
582
3772
1280
1020
1416
5030
521
486
785
298
1363
999
1098
1177
1009
544
785
243
492
526
768
878
765
746
409
1130
421
2508
22247
1441
1442
1759
1274
1050
1321
5930
1069
12506
5256
1402
1774
888
2763
318
1144
597
1281
1023
1359
1361
654
927
1092
5314
606
440
1634
386
655
1124
1153
2567
989
6568
1245
771
796
1273
3891
886
1890
588
2152
626
1169
424
573
1112
503
365
825
649
817
969
3613
497
2376
660
143
749
686
238
253
426
176
533
120
73
106
0
0
0
968
1462
10453
1252
832
1421
21234
1877
663
2301
2167
1018
1329
10381
1275
5355
3132
2323
18214
10122
809
2977
2596
2365
792
1886
1752
1965
3402
2544
4690
3974
903
1061
1887
943
2457
2829
17447
537
451
14140
6715
10678
3176
1198
2290
1309
1067
772
5700
999
1301
2088
5211
1402
1042
5483
4114
3484
1904
625
792
1077
13532
2297
1495
885
2816
3951
3125
2955
605
625
577
1790
1786
1289
930
1244
1323
3764
574
1272
1053
1185
2998
609
1893
1157
2574
296
792
5419
661
1084
5208
3185
1727
688
1181
285
1165
409
2843
1039
6954
1115
994
3123
2992
691
431
1730
2075
980
1251
807
5976
2247
2199
1211
1422
1530
955
731
4611
1030
1803
16224
6620
3174
1285
1342
1342
964
1018
2383
2814
3715
3510
1188
2051
7298
647
1953
5546
15142
24936
1780
1984
2463
3675
2267
3105
1961
7001
7327
1974
1568
2735
1860
968
1462
10453
0
0
0
48085
2210
1057
746
1554
579
1336
2290
11111
29093
5179
2059
1284
1802
2541
369
1140
2198
231
62
916
1006
1003
2439
1415
668
653
1655
13231
1508
1956
2038
5152
2856
14967
4454
1828
2394
3963
940
25839
1578
3408
1003
3370
7504
1828
2400
51064
3707
16817
1200
3103
2479
2322
863
58900
828
1848
2804
2262
3755
21340
3106
966
6013
3888
2618
1008
1792
1604
3477
869
748
1739
15213
592
891
669
520
1257
1395
3743
3003
836
718
4563
671
1124
1330
2476
1885
17595
2615
961
3133
2136
4609
1544
1726
3293
1676
3093
1896
1481
1428
12189
1209
694
8317
7570
1217
2484
901
2534
22906
2518
1297
6168
968
3644
2034
1485
994
540
1151
1580
7820
3645
1651
1117
2375
1130
1554
992
1575
892
1418
947
2523
655
1721
1655
1826
970
1806
987
4285
10236
871
1217
1108
2986
248
889
14282
1641
3000
1247
1252
832
1421
48085
2210
1057
0
0
0
543
905
1762
725
557
903
912
7067
2802
1929
2195
3950
2420
2538
2187
3084
2818
3017
20707
2449
1401
1152
2174
1809
1228
2022
4448
2620
5298
2053
6137
2393
6472
6303
2154
2370
5835
1639
18269
934
1609
2647
2895
3960
1255
941
880
2630
153
1031
1102
4961
378
2468
743
4476
978
2040
1571
2132
1782
749
1282
1760
1448
4832
1409
762
2180
10142
5446
655
532
2403
2650
361
1770
1559
649
508
910
2957
919
1364
1834
755
4983
691
494
231
4243
990
2656
1001
632
826
883
24881
1562
2656
2027
1729
1538
2632
956
3196
1263
6266
2844
1070
1092
1397
3294
3597
1435
2959
3503
2979
1373
1337
2220
13376
4895
2548
1206
3818
1554
22183
6108
3724
1820
2456
1176
836
3772
710
1977
1332
874
1250
2292
1692
4616
725
1254
967
2884
2931
8271
743
3252
1256
867
1167
1097
14251
21234
1877
663
746
1554
579
543
905
1762
0
0
0
146
112
145
8295
2630
6824
14715
55772
6782
1232
5020
3011
1606
2671
17643
6895
4085
2005
1153
3435
947
2504
8082
4427
2749
4572
4740
36240
4154
33715
4429
891
10046
1690
7315
2261
4203
990
1111
4296
4185
3233
4223
1521
11914
2662
441
11583
572
6218
936
512
437
1448
1951
2012
7210
1185
3642
4027
1989
1589
885
1713
13020
2523
1372
2003
3019
3098
3794
1889
634
905
282
748
1832
3269
1948
657
1230
659
786
458
2429
783
1025
1817
877
1283
1219
598
2602
798
22392
1448
791
3398
6814
1259
986
8231
1921
2800
4581
1677
1996
691
14488
1168
2297
1185
1428
1684
4566
872
1899
16954
17569
6540
2347
658
5249
3933
4895
980
3939
1624
2591
8944
1408
1492
1189
2324
7824
13991
10458
4799
2853
1037
765
3002
9564
778
405
17013
4988
748
12884
4015
2967
2964
2594
2301
2167
1018
1336
2290
11111
725
557
903
146
112
145
0
0
0
1742
5040
2590
9253
5766
824
1051
1746
967
1698
5235
1607
4023
5423
2403
21959
4093
3654
3065
4153
5761
89846
6070
3935
11526
1891
29272
3350
1337
3567
2622
1802
3755
2068
1843
2041
3753
7813
2949
3404
1945
2573
4890
8469
4528
7353
2818
2915
1893
1946
2501
5514
998
2509
1044
10129
2418
19197
37341
1514
814
3709
2894
1367
1801
4225
1304
1108
2758
3944
4845
1355
7087
1632
1811
3774
23391
1774
998
3368
967
9211
3055
5170
1441
1572
916
5640
1019
1764
3187
1760
1930
14096
2567
17647
770
1466
3324
867
898
765
741
1036
5304
507
1330
1486
532
616
1684
605
634
1116
1755
5629
427
784
3760
3099
1078
6515
537
2669
4275
9477
2722
5832
3411
1340
2339
4047
2015
620
623
2064
4438
1876
1455
645
1283
7225
3997
5584
3022
4091
7718
1875
2295
67279
1329
10381
1275
29093
5179
2059
912
7067
2802
8295
2630
6824
1742
5040
2590
0
0
0
653
3869
3154
1536
801
2322
2089
1980
3355
1586
2548
963
6538
5445
3418
1168
2488
1627
198
926
666
3261
507
964
5958
23437
1230
2025
524
392
3950
1857
1087
2392
5835
1148
2866
2646
747
2496
55428
2211
1193
1666
1408
860
1644
4642
1722
5184
2155
1340
875
2348
1004
1271
3269
3154
2825
3196
2609
2488
2640
407
3818
6544
1139
3014
2265
6417
854
1086
2555
12298
619
2468
8568
3202
3261
7194
4285
14160
1572
1232
1161
790
11541
830
2868
1383
1140
585
3484
4714
739
779
1856
602
1275
1899
228
2450
984
7523
816
5251
672
1729
1082
8480
503
24141
1673
1495
698
583
476
2180
1371
2351
568
1036
1126
4540
2812
799
1252
2657
1153
21257
4125
1353
597
3448
4672
17499
2211
3696
822
6998
6464
1641
2791
1586
9205
1825
1163
5355
3132
2323
1284
1802
2541
1929
2195
3950
14715
55772
6782
9253
5766
824
653
3869
3154
0
0
0
1023
4093
1491
7421
1021
1128
444
366
442
545
7855
764
1437
1037
12611
1526
1041
997
663
623
2631
7063
2703
20809
10969
1795
1180
5986
2308
15544
3353
690
3781
8461
9471
2702
20536
1513
6325
1656
2207
6276
25636
2099
1437
3903
773
5199
8927
1823
1118
2214
14253
4837
3603
664
3054
717
408
8707
10304
1352
1586
4443
1384
3412
1874
1342
1000
6597
538
2405
533
6749
1077
1058
472
5484
1964
1096
1389
507
509
2362
485
2382
2361
555
9152
1323
686
341
2331
359
1620
1470
1733
1307
1671
17077
1266
19445
3051
13499
1654
27743
989
2346
1495
10185
2924
4583
7711
838
1428
5701
1506
3310
2669
1059
18034
662
2334
2276
1697
25149
4029
3173
1774
786
8901
1403
772
1683
5868
3937
8770
1800
1693
2966
19424
4182
1104
1863
18214
10122
809
369
1140
2198
2420
2538
2187
1232
5020
3011
1051
1746
967
1536
801
2322
1023
4093
1491
0
0
0
283
170
201
7633
1747
6321
3329
371
354
4909
784
22690
678
25951
1899
2195
1444
5034
1020
3823
5870
1677
1557
1344
2065
1504
4757
18657
5831
2220
954
2464
1867
3957
10775
6132
3351
13451
6494
2027
2448
3172
1435
709
3671
372
1117
8626
22288
8236
2161
5768
3195
2496
4456
729
887
457
2033
2759
20338
4485
4804
4614
30901
768
1412
548
1251
668
289
3372
662
11611
335
3721
3306
642
6417
515
1638
247
466
302
4508
7180
9581
1375
1314
1874
562
1371
7574
1004
590
2403
1525
1087
1932
3105
1788
2331
830
5377
920
1582
2714
2730
1251
2628
13576
1208
1766
4157
7540
20161
7229
1993
10603
3458
6315
2869
4237
1930
658
18743
1798
2438
9309
1686
554
958
3970
687
1033
1518
1286
1391
2492
1786
989
2977
2596
2365
231
62
916
3084
2818
3017
1606
2671
17643
1698
5235
1607
2089
1980
3355
7421
1021
1128
283
170
201
0
0
0
5470
898
1276
305
3579
769
3327
17140
1639
16124
10316
3126
4356
3257
2827
2044
2330
2297
1677
2200
5782
3581
4005
16114
35231
2356
3155
15924
1789
1934
4024
2041
10638
12801
1855
2389
650
764
464
1937
1930
3749
2526
5976
2523
1322
2022
348
2757
2736
6821
823
3749
1196
1384
17951
4731
584
3662
2055
1373
22150
1686
35298
1863
2682
820
1064
6084
3161
514
2611
5014
7191
848
798
5562
1062
342
733
6752
237
1209
3769
870
541
323
2628
787
600
1902
4252
249
628
1187
365
1130
12807
1292
444
652
5695
505
1077
3285
738
830
3667
1072
1277
1263
696
8332
699
735
13009
720
3929
661
1412
519
1640
835
1393
2822
1174
1506
3450
11707
1343
3723
1398
1106
17155
2596
2621
3308
916
792
1886
1752
1006
1003
2439
20707
2449
1401
6895
4085
2005
4023
5423
2403
1586
2548
963
444
366
442
7633
1747
6321
5470
898
1276
0
0
0
557
3511
681
2830
684
1058
3011
1223
1281
2103
957
23269
2486
5248
6562
732
1225
2275
12953
13469
5251
846
1854
1549
6794
2687
2236
6887
859
2455
3810
30339
2704
6526
7259
912
1078
888
972
2918
2030
537
3664
1154
722
2154
2224
1450
1772
3889
1031
596
882
4206
2134
416
1812
3311
1413
1246
974
4472
1213
1868
784
1896
2820
832
659
5251
1556
499
4014
461
303
1830
992
1175
499
453
3345
636
788
470
1153
1454
784
11204
857
468
884
1228
2793
1964
16790
8413
1400
5087
1946
1995
2694
1930
505
3834
1161
1481
887
927
1635
962
1506
16613
2977
1884
5199
1174
1934
1312
1688
21510
10527
5981
417
3335
1675
1414
56685
1293
1109
2614
52387
19464
10054
2119
25410
1965
3402
2544
1415
668
653
1152
2174
1809
1153
3435
947
21959
4093
3654
6538
5445
3418
545
7855
764
3329
371
354
305
3579
769
557
3511
681
0
0
0
1468
8293
4615
1810
6524
1501
947
1063
2243
1508
6015
15264
1799
4187
1184
14068
3682
8047
2597
1577
1516
3673
3011
6982
1561
3715
13628
2660
17392
10300
1364
1906
972
8600
2377
12350
889
1994
1602
4075
1680
1394
3358
1092
1636
6466
1613
1060
1947
7297
7280
656
3555
998
1119
15583
40956
31610
12463
1381
2822
3683
918
2993
856
1278
2881
1384
903
2685
4716
10781
1721
1315
2378
1344
1860
2025
1340
4695
7813
5161
1854
1044
2434
1535
2597
13970
2022
350
1147
1322
1283
4442
2757
2007
1731
562
2363
1099
2405
745
3721
687
1200
1689
7350
898
643
700
4251
2141
492
950
3775
3380
1155
2122
2333
1297
613
914
30462
2580
847
3844
2096
1443
1289
2836
4070
1567
4690
3974
903
1655
13231
1508
1228
2022
4448
2504
8082
4427
3065
4153
5761
1168
2488
1627
1437
1037
12611
4909
784
22690
3327
17140
1639
2830
684
1058
1468
8293
4615
0
0
0
2514
786
644
2081
25422
1972
543
9081
408
390
606
1109
2787
1072
1237
3075
2771
695
60495
1662
2155
49116
1383
7609
1203
2897
1501
1766
20528
1850
3369
980
5972
1967
2604
10201
1328
4949
6632
1033
6301
2449
1195
1717
4490
1397
1750
2758
1778
2502
35762
2534
741
1132
2492
684
3313
939
3903
1800
2238
1977
3058
1319
3921
9505
1068
1190
5058
3207
673
3545
1254
640
25448
1181
593
1199
1167
2244
6604
651
7095
781
1305
12211
562
8418
1378
486
1427
7473
2383
808
960
1042
1126
796
755
763
3503
1392
686
329
411
606
655
2665
2718
475
1041
316
398
830
7136
1062
1241
1256
3556
27744
1809
1054
3663
1408
2084
2015
2910
1833
1311
1061
1887
943
1956
2038
5152
2620
5298
2053
2749
4572
4740
89846
6070
3935
198
926
666
1526
1041
997
678
25951
1899
16124
10316
3126
3011
1223
1281
1810
6524
1501
2514
786
644
0
0
0
653
7034
589
1508
387
6303
4248
496
109
1871
3190
1288
5379
1546
3445
4879
3893
1443
864
1317
3830
4333
7811
14336
2651
13381
18710
1061
2928
5617
2717
4198
995
14923
16811
804
1197
835
1234
894
1648
832
1994
430
1605
2699
946
6986
3172
4917
4094
1756
4125
27017
1208
2573
1283
1916
1496
2714
2882
3351
1466
2019
2880
2456
5315
2599
831
1287
1393
1001
1254
719
812
4358
2047
1886
3522
905
4229
1735
1464
1538
1939
1158
1007
4695
1824
1210
11535
7968
1779
1359
2039
20232
1176
1304
2018
1687
508
399
7316
5985
6207
3666
1272
3786
775
3110
982
1613
3771
3529
11737
2981
2127
3089
5145
14683
3746
5679
2825
1408
10029
10442
2457
2829
17447
2856
14967
4454
6137
2393
6472
36240
4154
33715
11526
1891
29272
3261
507
964
663
623
2631
2195
1444
5034
4356
3257
2827
2103
957
23269
947
1063
2243
2081
25422
1972
653
7034
589
0
0
0
18680
1174
5440
5358
884
1419
901
12627
1443
2748
5047
6155
3481
37365
7127
2074
806
2644
6790
25522
5833
617
829
1379
1445
6948
6403
622
1151
4893
959
1407
1087
16680
1078
3090
1751
17061
8122
27646
4252
1749
1637
8181
1518
742
1518
1113
50132
1124
496
1282
5286
1795
3648
9646
26527
2166
1598
1492
4130
50329
1438
3015
4608
4234
9773
5540
11246
2437
1017
5493
1624
4322
1874
1252
5766
6312
2659
4098
3576
15195
1173
1892
1858
2324
1593
1727
4113
873
427
1262
1147
1293
1121
1919
1119
874
844
1301
1224
1381
1413
1162
1726
2465
2523
1709
4265
8603
1723
1473
609
1365
9503
5223
719
1391
3313
4263
3741
3350
2335
537
451
14140
1828
2394
3963
6303
2154
2370
4429
891
10046
3350
1337
3567
5958
23437
1230
7063
2703
20809
1020
3823
5870
2044
2330
2297
2486
5248
6562
1508
6015
15264
543
9081
408
1508
387
6303
18680
1174
5440
0
0
0
1729
6367
12071
554
576
967
669
911
15590
1723
1953
1637
3608
5216
9686
995
2857
1567
36301
2652
1252
2938
4790
1049
2163
1362
902
1765
28931
2238
1170
8137
1177
1312
1565
2358
32315
2200
11268
4579
6466
909
5797
783
1847
5429
4706
1951
1368
1186
2368
3783
1773
10137
3002
2373
1751
2316
2289
4789
3498
3294
1028
2162
6256
1601
3147
1279
1638
6100
511
1880
3474
1251
1746
1354
1424
1046
1790
2466
2342
760
3430
3120
693
26871
3036
3931
1128
2465
12529
2071
1887
10818
2256
5380
33209
2602
1624
1864
862
1816
893
2394
1491
2160
3751
1676
10815
1254
19286
20816
3423
7944
17702
4892
2621
6305
10052
1616
6715
10678
3176
940
25839
1578
5835
1639
18269
1690
7315
2261
2622
1802
3755
2025
524
392
10969
1795
1180
1677
1557
1344
1677
2200
5782
732
1225
2275
1799
4187
1184
390
606
1109
4248
496
109
5358
884
1419
1729
6367
12071
0
0
0
1671
11140
1318
693
1817
2233
2977
3673
1577
3248
1617
3231
14385
12566
24688
3307
2963
4684
2047
670
3740
2070
1445
809
1286
3116
2682
11530
4555
2131
908
2292
1209
3115
1125
1690
1911
1947
19005
4277
2357
4619
4567
25805
1613
1502
1604
19296
6561
1887
1039
2690
2937
20784
1516
2779
2319
6842
725
9619
3125
1840
10110
16220
5714
3886
1284
1624
58989
1390
3236
2445
1503
731
3774
3388
1554
4627
3008
794
1101
1038
1067
2910
13305
1404
739
6411
11050
887
11476
2331
4003
2053
1157
828
2658
3892
1478
867
1753
1854
16486
2112
827
995
5097
854
1476
4699
3512
2180
3048
1659
16250
953
4102
1198
2290
1309
3408
1003
3370
934
1609
2647
4203
990
1111
2068
1843
2041
3950
1857
1087
5986
2308
15544
2065
1504
4757
3581
4005
16114
12953
13469
5251
14068
3682
8047
2787
1072
1237
1871
3190
1288
901
12627
1443
554
576
967
1671
11140
1318
0
0
0
3046
6518
1927
1965
1280
2170
2275
1848
1245
6793
1204
7511
1384
672
873
8366
2324
525
867
580
5942
2076
928
2154
812
1730
1074
1049
6126
1136
1037
2141
9595
953
26379
4203
1925
1235
1047
998
8510
1261
1418
4674
1462
2195
1877
9292
1527
3710
2775
5935
3792
780
1581
980
3977
1525
3896
3018
6861
867
2111
3856
2727
3324
3526
1221
2515
767
426
1513
4398
5866
753
892
620
1644
14913
2400
904
2195
343
1297
1965
1303
1324
1332
4742
726
676
1330
829
1853
474
400
422
887
557
1126
776
1032
3491
314
514
590
1085
6597
2345
698
1720
1071
4113
4481
1067
772
5700
7504
1828
2400
2895
3960
1255
4296
4185
3233
3753
7813
2949
2392
5835
1148
3353
690
3781
18657
5831
2220
35231
2356
3155
846
1854
1549
2597
1577
1516
3075
2771
695
5379
1546
3445
2748
5047
6155
669
911
15590
693
1817
2233
3046
6518
1927
0
0
0
1073
2282
1420
5675
23528
1172
418
2190
10400
8683
1523
1173
692
3835
1484
2363
21143
1463
4941
1929
1120
1212
2766
743
1018
5926
2942
8159
8853
1447
3054
706
862
449
4077
565
2257
2429
1549
2830
1058
1162
2802
913
2043
2382
2304
1653
2479
20865
1971
1234
20247
1980
9161
1243
5099
5378
3277
693
6847
1435
4133
851
1445
2370
2334
1707
13665
9032
909
1709
2285
1002
5826
1988
1058
1484
3284
2857
1551
1498
837
1458
10822
1395
6142
62011
2826
795
1650
1831
1667
1025
13599
961
1881
1193
3936
836
3145
2304
1733
326
9818
1554
6776
1220
1670
2897
1230
999
1301
2088
51064
3707
16817
941
880
2630
4223
1521
11914
3404
1945
2573
2866
2646
747
8461
9471
2702
954
2464
1867
15924
1789
1934
6794
2687
2236
3673
3011
6982
60495
1662
2155
4879
3893
1443
3481
37365
7127
1723
1953
1637
2977
3673
1577
1965
1280
2170
1073
2282
1420
0
0
0
716
1076
494
338
246
353
4241
1862
1718
1956
3021
2612
4550
1109
1179
1135
1830
2208
2956
1226
3134
1269
3611
3176
640
3683
1391
1225
6182
387
804
1293
1465
15509
1074
1690
2373
1022
14425
6181
1346
1276
11045
18353
4303
2647
1112
3671
1972
1478
944
2831
1232
1778
12639
2409
5293
4341
3605
43097
1557
28203
13224
2989
2594
1846
6733
774
2230
4325
12004
1324
13700
2095
3973
879
4103
1311
1308
1669
4123
923
1587
763
1828
12662
9742
5259
1451
2281
2224
3017
14189
978
2134
2142
1335
4577
1355
2620
411
1574
708
1299
3652
992
3070
297
5211
1402
1042
1200
3103
2479
153
1031
1102
2662
441
11583
4890
8469
4528
2496
55428
2211
20536
1513
6325
3957
10775
6132
4024
2041
10638
6887
859
2455
1561
3715
13628
49116
1383
7609
864
1317
3830
2074
806
2644
3608
5216
9686
3248
1617
3231
2275
1848
1245
5675
23528
1172
716
1076
494
0
0
0
141
168
254
2399
1916
1776
1235
1140
4706
4633
2424
1390
3316
4719
1969
2313
1512
1490
3376
1178
1599
16446
835
1751
1419
775
1182
1418
991
830
2310
5202
1337
606
1779
2236
761
1199
9199
6616
1966
10810
1636
3489
1831
3207
2387
1941
16188
3249
1982
7560
1170
64909
1878
1232
83367
2123
7677
2808
2575
953
2867
3956
1058
5348
1626
4265
3337
1473
3943
2395
2118
1481
1721
2586
2406
1540
1936
2120
1625
11137
2278
5146
12686
8519
1208
1284
2284
1201
6945
8936
6974
1522
813
830
11097
1232
444
1598
1465
848
4799
998
1137
5483
4114
3484
2322
863
58900
4961
378
2468
572
6218
936
7353
2818
2915
1193
1666
1408
1656
2207
6276
3351
13451
6494
12801
1855
2389
3810
30339
2704
2660
17392
10300
1203
2897
1501
4333
7811
14336
6790
25522
5833
995
2857
1567
14385
12566
24688
6793
1204
7511
418
2190
10400
338
246
353
141
168
254
0
0
0
