C_ijk
0
0
0
64
77
84
55
58
33
74
68
599
179
314
112
175
119
387
221
308
225
299
500
345
828
259
4440
401
994
643
572
8068
559
979
866
4531
1405
179
1285
698
2571
272
419
1949
849
242
827
830
1139
369
295
372
830
255
528
603
603
1707
1506
382
1909
1351
257
257
760
293
580
9997
504
2382
2327
582
907
353
1958
363
940
449
801
2032
211
227
493
188
383
5679
518
623
382
773
173
782
494
887
1332
354
527
687
742
560
1454
4778
340
460
1802
925
3215
3627
3862
8546
6140
1522
1343
5080
1242
5167
1725
489
1308
888
5497
44768
1514
430
2822
768
2052
3924
3304
876
5733
706
15019
911
882
1158
11772
1598
513
877
1218
1454
1156
18264
2072
889
5201
9604
1047
3243
38703
1524
1614
1010
850
6595
854
2000
2411
1620
1917
2738
14407
992
7344
64
77
84
0
0
0
8
13
3
116
139
284
203
166
654
942
1873
199
576
232
585
1592
620
340
568
491
474
1127
340
1284
1920
722
267
655
1459
1068
151
1526
192
1123
5102
653
182
315
2026
260
964
643
703
1570
308
826
545
699
323
426
782
993
617
149
506
505
3549
144
358
168
570
1004
1474
5060
1187
618
319
147
344
1609
446
477
136
197
202
1294
1327
1902
3267
730
1515
1530
246
367
810
431
570
898
724
2299
447
3515
2491
1199
581
588
547
1388
808
885
1499
1871
2713
2355
1335
692
942
1618
1524
5850
1053
1143
1140
1041
1596
647
668
1583
842
803
1557
821
3125
484
994
776
369
810
734
911
15316
6089
599
2682
503
3741
15306
992
2176
2936
3087
3255
1716
2738
718
656
2034
3756
2603
1414
13929
64476
1402
3461
2037
1669
1867
833
3033
55
58
33
8
13
3
0
0
0
889
180
189
905
954
383
182
462
468
376
222
2211
9607
663
1555
632
197
910
277
332
4113
1849
890
868
416
1808
947
261
275
667
18543
1038
847
493
1086
2030
1096
614
1027
1042
2138
5639
350
1992
486
424
775
444
285
312
947
4403
1003
785
206
317
195
2052
815
572
986
2848
753
360
1568
194
731
562
5320
235
2128
1341
725
349
244
298
1930
726
257
311
435
915
502
407
789
3829
826
9950
817
13899
736
674
807
553
6501
275
418
10166
1700
373
1249
973
2846
817
3567
1304
6523
5269
1042
1709
1353
14622
4841
865
3216
1365
1206
1832
1366
586
3339
1560
6995
5394
4678
1007
5877
1020
2461
1205
1672
2153
3055
5155
8089
1759
1116
33772
2794
2436
1697
1104
5516
3456
21152
11250
3131
5867
1872
2174
4734
1561
610
1389
1977
4333
74
68
599
116
139
284
889
180
189
0
0
0
229
134
309
184
123
84
540
1067
206
495
281
546
689
772
320
153
462
1189
1574
271
1146
483
608
692
171
364
462
5050
1166
911
324
205
211
7254
453
392
423
1132
626
735
289
146
372
312
1981
533
240
356
1838
958
475
261
381
646
1649
869
406
1293
4413
697
326
1624
165
1487
685
486
625
698
273
699
1725
250
1103
1301
677
198
231
2978
418
391
224
438
284
470
1535
5467
948
748
598
295
756
11175
449
803
990
598
1838
992
1945
1716
3041
969
1162
702
1858
2471
1563
1433
1371
1554
1028
870
2295
5456
3228
3399
1351
1410
4791
1531
2445
870
3123
971
2212
1308
6093
610
488
1780
2733
876
2487
2058
3467
1730
2618
7595
2663
746
1058
771
3362
4731
647
5170
3630
6267
964
1822
1903
2179
14571
179
314
112
203
166
654
905
954
383
229
134
309
0
0
0
90
94
18
128
154
67
356
603
1400
637
111
502
1445
524
2414
596
3152
359
1006
1047
4454
722
4408
1486
553
3498
700
418
2651
1735
1556
1765
486
785
8542
3166
742
150
293
546
1505
672
1542
812
705
2194
498
627
365
774
669
1096
1124
651
513
528
507
317
441
604
2791
2160
476
146
849
377
307
634
201
871
254
364
169
205
142
270
156
317
1207
857
793
347
1091
508
1542
17171
4047
458
307
12254
1121
1691
23455
1745
419
643
492
1534
1556
1069
1219
1358
1083
1019
3727
971
2212
1775
1056
5774
1523
4164
1078
1130
1009
2632
1684
25608
1867
1707
2090
2584
1587
1107
3193
541
4038
3623
5167
6903
14352
7729
2635
1239
651
1201
1255
21339
971
1194
10727
912
1368
1180
1022
2166
3377
1727
5901
1185
175
119
387
942
1873
199
182
462
468
184
123
84
90
94
18
0
0
0
1428
216
70
696
108
834
357
200
396
551
1760
1231
1987
395
197
4602
576
1044
1644
181
1990
267
2381
844
249
488
440
1046
1036
2302
3184
269
861
702
815
498
1196
757
905
1899
6053
1740
1673
223
1772
710
324
645
2140
219
2094
3992
3781
467
2094
601
377
378
5480
413
145
186
1102
1169
2603
550
844
302
607
164
607
807
493
350
1670
702
1204
1308
350
489
333
1740
820
555
730
551
278
2469
5407
13458
4199
1646
11660
2898
3712
3250
6739
7422
4662
8194
3739
2122
515
3746
771
736
3537
894
1284
2132
9636
1239
4766
686
3917
2207
1847
1935
2732
3802
2830
22618
4173
2996
1478
1939
2681
4682
3261
2659
688
2457
4696
3385
17113
1518
2281
1740
7484
3074
2957
860
10099
1626
938
6957
6755
221
308
225
576
232
585
376
222
2211
540
1067
206
128
154
67
1428
216
70
0
0
0
770
461
198
878
641
402
156
938
131
305
578
936
1641
899
648
627
1167
604
559
583
487
684
10009
435
8617
553
2930
255
252
1243
259
467
313
391
4261
390
535
1062
169
585
4190
2779
3469
364
3773
1117
690
600
3628
589
315
791
972
397
493
254
768
256
567
830
333
374
340
344
1253
534
1072
943
465
1523
375
1527
493
372
2810
2658
810
3224
1178
456
1767
1122
246
389
3460
2988
2079
1021
2864
2643
4430
2248
17426
656
3220
1935
2696
1841
8926
894
1265
1906
1335
7746
1622
658
745
411
1164
4092
1456
384
6231
672
744
9300
1736
1098
3067
1259
2251
2908
971
2205
1461
966
4674
9159
9733
1862
9095
11151
15327
983
1671
17624
1184
1304
905
3249
1551
5560
2925
16194
299
500
345
1592
620
340
9607
663
1555
495
281
546
356
603
1400
696
108
834
770
461
198
0
0
0
505
192
571
544
347
429
303
1201
314
720
1405
622
724
751
924
1636
6319
725
875
1923
405
2118
720
2772
1233
886
584
638
980
2351
6293
2031
5068
2207
940
2184
4747
1097
1240
6102
197
441
1245
954
2440
7620
2841
606
2983
1917
2559
1341
1573
10783
4584
1622
1387
5826
366
457
969
1264
1204
1894
505
175
1419
551
613
653
7535
636
260
490
456
1784
1361
2053
489
1194
785
1123
615
2468
580
10229
2337
1036
1460
1233
1312
1503
1880
10329
1022
3723
36239
3404
823
793
2568
1599
430
524
2068
3515
1554
11273
793
4532
8250
4429
2081
25636
2666
2671
1759
2026
1711
3776
1920
2388
1098
10343
1580
1520
968
6067
3464
672
1863
2229
15707
7636
15721
2427
829
684
863
1474
1000
828
259
4440
568
491
474
632
197
910
689
772
320
637
111
502
357
200
396
878
641
402
505
192
571
0
0
0
451
453
177
5141
117
2015
1345
2165
654
681
650
751
342
477
1599
4757
1298
842
2127
882
1244
8609
866
5407
1663
2469
688
11832
1954
781
481
10692
1312
640
1914
3129
665
623
733
1452
2933
2648
1126
4265
1185
1824
1792
614
503
763
1963
2552
409
796
796
1326
939
1158
560
3088
346
8774
367
1270
380
1045
368
288
2140
481
296
444
200
1031
509
287
668
539
1821
14848
903
2288
571
1428
2849
279
2308
2136
961
549
4394
3137
27506
4460
766
769
1148
5010
1137
8165
2369
2828
2897
1213
36167
1031
3744
29244
2769
6856
1081
1471
3940
1048
2141
3826
1089
1876
13574
1787
2164
6875
3605
1860
521
2263
451
588
1460
3263
1640
1278
1899
499
6037
3618
1136
5089
401
994
643
1127
340
1284
277
332
4113
153
462
1189
1445
524
2414
551
1760
1231
156
938
131
544
347
429
451
453
177
0
0
0
222
345
172
76
146
505
4085
197
750
210
1179
557
314
1206
621
1361
2669
4315
569
816
1211
778
320
416
565
2214
653
1032
333
599
695
1769
1045
472
1637
1482
309
545
2782
16661
2526
749
11220
23455
1850
299
1271
416
816
796
211
973
1924
689
1578
420
1392
7101
2197
392
6290
1207
533
1989
2815
1523
1360
543
560
1392
775
1329
1485
244
713
466
504
727
738
849
1334
1902
566
461
1207
661
10875
2549
2374
1970
3051
470
1512
316
2101
817
1583
1342
668
1727
16138
1386
631
3522
1314
1142
3257
35335
1903
1146
1682
4236
4560
3134
739
9388
1038
8571
18470
1204
598
2215
2171
777
2935
1209
686
1111
1713
2042
4303
4040
2921
2193
1562
572
8068
559
1920
722
267
1849
890
868
1574
271
1146
596
3152
359
1987
395
197
305
578
936
303
1201
314
5141
117
2015
222
345
172
0
0
0
304
136
294
943
306
870
297
968
801
702
8294
6381
10659
3714
921
5191
1051
941
3189
716
690
974
1431
992
9169
1717
32006
587
655
15691
9231
5784
8100
2107
3697
293
4619
9785
2527
1101
714
2562
967
980
5934
898
1317
1042
1646
2531
2871
2141
882
14828
1022
1051
2312
5746
1670
1583
4291
422
1436
929
1162
524
464
15139
1602
2304
3041
3825
842
875
1208
3209
669
1476
1022
3599
1076
4882
1873
1616
2705
1070
15622
2293
24815
3219
364
1336
931
1176
1326
10067
1503
3035
4508
1423
1327
1543
757
2997
2657
2073
2081
1866
3737
1024
1782
869
3050
2098
1779
2368
1135
2788
4485
4469
1804
907
1764
919
2599
1192
16301
2320
978
3456
1349
2011
979
866
4531
655
1459
1068
416
1808
947
483
608
692
1006
1047
4454
4602
576
1044
1641
899
648
720
1405
622
1345
2165
654
76
146
505
304
136
294
0
0
0
801
159
2558
1920
289
494
1427
1055
552
540
4613
4487
2793
831
1078
1064
880
1727
4608
1328
3180
4746
589
326
1807
1325
1318
2085
3193
1033
2534
410
5449
4342
3027
5684
905
1449
793
2066
1292
1307
875
5346
1822
924
496
437
1147
666
545
2061
1624
606
787
729
690
1300
418
949
4819
599
847
2094
579
463
542
693
1001
770
822
364
690
1094
902
1209
517
1099
973
275
330
1879
4270
28298
1270
1754
1302
771
523
880
2691
879
352
3813
1796
7665
1601
554
365
1899
2888
7311
20306
1435
8266
1817
15861
5132
914
1548
10725
2222
1848
19270
11891
1387
1714
2162
1963
5907
12324
8251
538
36382
1766
908
1999
976
8419
1405
179
1285
151
1526
192
261
275
667
171
364
462
722
4408
1486
1644
181
1990
627
1167
604
724
751
924
681
650
751
4085
197
750
943
306
870
801
159
2558
0
0
0
734
256
1983
264
427
2516
3757
3226
557
283
217
431
1115
116
194
552
1807
251
902
6088
740
792
348
995
159
589
1919
297
665
264
11747
2623
633
588
824
473
1044
276
478
4617
203
1388
1829
539
2939
588
3217
566
290
807
407
1650
1267
1749
385
3548
842
694
1138
9114
464
1182
1435
842
616
665
834
1121
801
6245
7880
1888
937
19145
15801
4315
1524
2176
27456
1093
679
1812
1983
1721
2366
1386
4170
908
786
1818
853
1372
470
2995
1123
1011
2472
2221
7092
576
6594
2693
1179
867
3191
2821
5217
2211
1997
1305
10451
4763
1454
921
7212
2172
1312
1608
5342
12813
2018
1030
1938
5050
9375
2092
698
2571
272
1123
5102
653
18543
1038
847
5050
1166
911
553
3498
700
267
2381
844
559
583
487
1636
6319
725
342
477
1599
210
1179
557
297
968
801
1920
289
494
734
256
1983
0
0
0
375
111
1075
529
1380
1585
202
404
697
882
9779
650
551
495
659
17163
752
769
3840
1436
1080
573
3718
1952
823
775
1876
7078
788
962
2121
1580
1898
311
1064
455
686
466
6082
5032
2002
438
2775
437
902
957
490
16545
259
1059
12742
2344
3854
7804
893
14736
1575
3033
1616
2809
4429
10196
794
1288
1148
460
1420
1219
3526
368
1505
1739
5680
1518
1210
1104
5559
2181
1292
2373
1029
1981
1271
1968
1686
299
1341
1831
2557
11169
5721
2486
888
4906
4255
974
789
3743
1142
2860
1161
6982
2047
4361
3613
2737
2077
1618
1525
33552
9628
3029
3547
1789
5556
7150
9840
4676
1250
1643
1288
6576
2788
419
1949
849
182
315
2026
493
1086
2030
324
205
211
418
2651
1735
249
488
440
684
10009
435
875
1923
405
4757
1298
842
314
1206
621
702
8294
6381
1427
1055
552
264
427
2516
375
111
1075
0
0
0
495
473
347
155
582
5183
271
202
137
374
1038
923
5983
378
5740
777
344
1232
807
367
843
1264
1259
4344
1517
763
805
4751
4720
1112
2810
887
756
640
462
540
403
1577
670
731
1521
643
840
2252
231
1344
2515
518
38165
1193
1550
2647
3540
887
3878
1626
3262
27256
4324
607
543
564
544
8685
1589
3106
508
1004
4392
7294
1349
6484
1975
2163
4100
1860
2512
2372
775
1165
1582
659
1105
2510
3608
4210
2073
2539
1542
591
3568
1627
2838
1134
1652
17856
59883
12753
2134
1776
2923
4229
1023
1820
1792
2501
5763
1717
1596
15471
2350
883
623
15719
578
1672
1899
2151
9448
2471
242
827
830
260
964
643
1096
614
1027
7254
453
392
1556
1765
486
1046
1036
2302
8617
553
2930
2118
720
2772
2127
882
1244
1361
2669
4315
10659
3714
921
540
4613
4487
3757
3226
557
529
1380
1585
495
473
347
0
0
0
1774
121
146
1065
234
1076
74
99
133
453
730
217
893
5544
529
399
726
149
1505
3927
1049
587
349
623
3871
538
309
1219
1596
872
1443
1508
2777
3814
616
5611
1017
1674
652
2034
805
727
5228
1916
3751
1562
1386
1791
1094
1162
561
1782
2380
3478
1458
1536
9609
7597
12129
1320
1743
1030
2610
2182
2625
1532
697
1674
1521
1466
1909
9281
948
216
701
960
2169
1383
926
2783
412
920
448
797
498
586
5235
3135
1013
933
4720
35577
719
17315
970
1029
1732
27882
3485
2499
36864
3113
4145
2023
1422
1601
2009
1491
2758
1379
2246
7685
1015
1822
4877
1862
2732
1139
369
295
703
1570
308
1042
2138
5639
423
1132
626
785
8542
3166
3184
269
861
255
252
1243
1233
886
584
8609
866
5407
569
816
1211
5191
1051
941
2793
831
1078
283
217
431
202
404
697
155
582
5183
1774
121
146
0
0
0
119
77
785
158
154
620
291
492
304
682
11919
445
351
217
1301
578
652
574
1442
1569
1728
305
638
283
214
325
3361
5272
563
532
11552
6574
1091
308
687
2840
2009
1878
2786
1268
5553
546
1363
14109
6994
3938
5045
831
6828
1031
1374
492
3861
1742
484
10730
2558
2986
2944
2672
505
9602
1888
21934
3181
7438
2576
23640
4369
1407
1116
13847
2377
549
1307
3779
1451
6541
271
426
604
732
4123
6502
1379
2633
5243
15986
554
6770
2013
3230
6819
3055
2594
2234
8697
1622
2895
6068
6832
4425
1198
3736
2028
984
1364
51867
6899
34713
6519
6187
1564
3806
372
830
255
826
545
699
350
1992
486
735
289
146
742
150
293
702
815
498
259
467
313
638
980
2351
1663
2469
688
778
320
416
3189
716
690
1064
880
1727
1115
116
194
882
9779
650
271
202
137
1065
234
1076
119
77
785
0
0
0
607
282
304
13783
234
3576
230
1012
2227
143
226
194
1921
311
718
2182
18729
755
609
1034
763
381
440
613
555
460
737
729
420
740
3703
1177
2514
373
371
11688
911
6821
862
1698
895
2980
1316
735
773
1925
5228
297
567
706
5073
1601
3758
3494
2349
4475
2765
1800
750
1672
2920
1588
6046
6023
1824
6472
1202
381
2269
2555
1183
638
6023
1071
654
973
984
2082
510
2939
1388
983
4722
2199
567
4453
1429
2981
2357
1378
2712
5576
21569
546
1402
1165
3692
6207
4318
2388
1569
2634
1707
2316
3869
902
1209
2244
1654
3462
3949
528
603
603
323
426
782
424
775
444
372
312
1981
546
1505
672
1196
757
905
391
4261
390
6293
2031
5068
11832
1954
781
565
2214
653
974
1431
992
4608
1328
3180
552
1807
251
551
495
659
374
1038
923
74
99
133
158
154
620
607
282
304
0
0
0
944
230
543
195
312
634
2098
192
165
1654
2752
404
1887
876
2140
1112
1623
1714
1322
10780
2526
2499
384
1046
928
808
1157
6318
6631
2378
8791
531
2878
807
1816
1442
1876
6536
2207
1389
586
4151
553
4519
848
10874
1519
1689
1716
1024
1168
1696
3029
1542
1015
2732
2532
2035
1565
3404
2294
3152
868
1946
1322
887
1476
3728
5200
394
1084
706
2518
1073
588
351
2918
241
1894
5810
16704
1226
2708
529
6660
5029
1074
2111
1779
2362
2985
2476
2469
2198
6499
2428
8328
1580
1333
3839
2296
4549
2789
1020
738
2462
2857
40978
1707
1506
382
993
617
149
285
312
947
533
240
356
1542
812
705
1899
6053
1740
535
1062
169
2207
940
2184
481
10692
1312
1032
333
599
9169
1717
32006
4746
589
326
902
6088
740
17163
752
769
5983
378
5740
453
730
217
291
492
304
13783
234
3576
944
230
543
0
0
0
208
352
130
94
94
715
751
312
603
245
1793
1344
568
292
530
2563
2078
551
253
890
205
383
431
3088
826
1759
269
195
551
157
1254
845
951
1123
1784
1372
1637
1572
371
2751
1674
2767
1589
637
5660
1203
1074
2179
4090
832
2532
7597
1049
3284
2879
4610
5203
1000
574
1975
3851
2423
3642
371
1602
4236
986
1034
2182
1280
356
192
24873
1844
640
2952
1798
1339
4561
2549
1669
21554
1546
1124
4224
1084
1436
1943
1995
3428
2021
2193
1674
1534
3051
19875
1998
2333
1256
1262
1364
2164
7230
2468
1378
1909
1351
257
506
505
3549
4403
1003
785
1838
958
475
2194
498
627
1673
223
1772
585
4190
2779
4747
1097
1240
640
1914
3129
695
1769
1045
587
655
15691
1807
1325
1318
792
348
995
3840
1436
1080
777
344
1232
893
5544
529
682
11919
445
230
1012
2227
195
312
634
208
352
130
0
0
0
143
2527
936
811
279
481
214
1790
3068
237
462
264
429
366
185
5892
645
7700
437
1004
1048
1589
252
958
2313
514
441
530
363
475
1516
933
1217
1029
825
1160
1846
350
965
639
1694
540
508
6024
2301
1129
2133
1060
1060
1780
32399
21302
1316
3265
574
759
3563
899
1499
942
2462
989
11162
1319
1658
3563
369
278
4400
900
840
5921
499
11253
1217
941
823
1039
1187
1373
490
787
5561
1355
2417
638
282
9341
1907
1143
2001
1410
1089
3179
3054
8450
1040
1822
1979
4692
13099
4452
257
760
293
144
358
168
206
317
195
261
381
646
365
774
669
710
324
645
3469
364
3773
6102
197
441
665
623
733
472
1637
1482
9231
5784
8100
2085
3193
1033
159
589
1919
573
3718
1952
807
367
843
399
726
149
351
217
1301
143
226
194
2098
192
165
94
94
715
143
2527
936
0
0
0
609
752
198
525
8656
708
267
444
648
849
574
960
349
270
1087
267
637
2242
767
1772
546
3625
955
701
271
899
563
1103
4297
800
738
290
410
491
508
799
1046
1180
1213
4054
2502
1329
540
1379
8944
2193
1570
909
1365
822
1042
2513
596
1010
984
697
2538
892
3300
1187
1239
2120
14142
1156
778
598
1845
360
1027
3517
1539
1514
930
1983
2127
938
2522
2190
2446
2288
932
955
1379
1935
3843
2791
27261
1441
821
2153
7897
3877
3214
2896
3294
29718
14742
1869
1363
580
9997
504
570
1004
1474
2052
815
572
1649
869
406
1096
1124
651
2140
219
2094
1117
690
600
1245
954
2440
1452
2933
2648
309
545
2782
2107
3697
293
2534
410
5449
297
665
264
823
775
1876
1264
1259
4344
1505
3927
1049
578
652
574
1921
311
718
1654
2752
404
751
312
603
811
279
481
609
752
198
0
0
0
1235
399
982
39
33
123
66
41
42
236
379
368
198
3630
183
187
467
70
215
133
2499
1627
747
1364
2697
1605
209
517
1095
449
858
593
2321
1293
777
4548
2370
581
893
2453
1732
814
861
12313
17639
1311
1167
1756
3800
737
285
1847
1448
1901
1421
802
3497
2780
10722
1458
1202
6485
2980
2106
795
1401
693
1792
2941
900
2943
970
1468
750
3620
363
10875
612
1669
4520
2056
3923
2773
963
772
1471
1482
4732
740
1729
5329
1540
3751
4422
1221
2532
2382
2327
582
5060
1187
618
986
2848
753
1293
4413
697
513
528
507
3992
3781
467
3628
589
315
7620
2841
606
1126
4265
1185
16661
2526
749
4619
9785
2527
4342
3027
5684
11747
2623
633
7078
788
962
1517
763
805
587
349
623
1442
1569
1728
2182
18729
755
1887
876
2140
245
1793
1344
214
1790
3068
525
8656
708
1235
399
982
0
0
0
351
612
477
2142
230
363
726
426
609
161
1365
1201
5069
1186
751
678
655
657
618
1099
251
6201
497
763
2964
778
464
20616
949
854
1809
2643
867
1839
1329
19963
4854
20425
2520
1855
866
8743
11709
2026
5069
1396
2455
2165
1383
1467
686
1998
2129
1189
432
2267
1736
1585
1033
1861
752
2064
8334
2677
1422
948
263
854
2559
593
1826
3756
664
885
1382
429
4838
1758
18583
6537
10347
5391
1965
1478
1352
7675
19925
2575
3513
4152
2721
1701
1232
907
353
1958
319
147
344
360
1568
194
326
1624
165
317
441
604
2094
601
377
791
972
397
2983
1917
2559
1824
1792
614
11220
23455
1850
1101
714
2562
905
1449
793
588
824
473
2121
1580
1898
4751
4720
1112
3871
538
309
305
638
283
609
1034
763
1112
1623
1714
568
292
530
237
462
264
267
444
648
39
33
123
351
612
477
0
0
0
52
29
21
197
173
299
654
1595
427
2750
249
377
122
150
567
1307
1574
454
1480
2283
1094
519
1511
825
578
617
2900
1332
5827
1400
1886
6248
1909
6946
1566
978
1868
2481
1520
2965
2013
1538
6406
903
1753
1366
988
1979
993
1218
16788
1227
4836
5937
997
1365
1759
18852
1476
9284
1598
1262
778
674
423
1142
660
11285
10845
2372
2961
689
2464
1687
1079
3451
798
572
3598
2197
1346
1544
1971
2327
1839
2886
1984
1569
2458
3006
363
940
449
1609
446
477
731
562
5320
1487
685
486
2791
2160
476
378
5480
413
493
254
768
1341
1573
10783
503
763
1963
299
1271
416
967
980
5934
2066
1292
1307
1044
276
478
311
1064
455
2810
887
756
1219
1596
872
214
325
3361
381
440
613
1322
10780
2526
2563
2078
551
429
366
185
849
574
960
66
41
42
2142
230
363
52
29
21
0
0
0
217
498
230
861
522
165
285
194
401
321
244
295
1879
1121
3737
761
1603
1464
597
793
853
595
721
683
577
1806
624
509
4409
7408
1357
830
986
7597
1329
6096
4011
14487
2386
2974
10488
1047
823
953
5289
10993
890
917
1658
2830
3014
987
1712
4218
1443
10159
769
2808
875
2758
339
314
1174
8362
1185
1553
10149
1523
758
841
6310
1408
2014
3523
1778
1221
1716
455
944
3189
1143
2716
1045
4083
3198
2875
4830
801
2032
211
136
197
202
235
2128
1341
625
698
273
146
849
377
145
186
1102
256
567
830
4584
1622
1387
2552
409
796
816
796
211
898
1317
1042
875
5346
1822
4617
203
1388
686
466
6082
640
462
540
1443
1508
2777
5272
563
532
555
460
737
2499
384
1046
253
890
205
5892
645
7700
349
270
1087
236
379
368
726
426
609
197
173
299
217
498
230
0
0
0
465
1958
338
361
1721
213
176
761
203
324
610
3630
4647
396
4099
446
1270
1064
916
734
1491
1637
275
216
1943
1722
1675
5638
5758
3462
898
5328
1811
2390
6359
4324
429
1169
674
14502
2023
737
577
1411
9499
931
7484
1279
2129
2106
5544
1088
5244
1323
2157
20944
464
1695
1145
9275
1587
1756
13151
6353
4560
5431
1121
3144
504
1705
23418
866
3022
2824
1094
2165
954
9113
1557
2485
1720
3048
6342
1648
227
493
188
1294
1327
1902
725
349
244
699
1725
250
307
634
201
1169
2603
550
333
374
340
5826
366
457
796
1326
939
973
1924
689
1646
2531
2871
924
496
437
1829
539
2939
5032
2002
438
403
1577
670
3814
616
5611
11552
6574
1091
729
420
740
928
808
1157
383
431
3088
437
1004
1048
267
637
2242
198
3630
183
161
1365
1201
654
1595
427
861
522
165
465
1958
338
0
0
0
100
105
184
194
59
100
91
1018
96
2540
756
1010
645
295
1751
373
253
1218
592
591
482
9832
640
1198
1220
12471
1841
778
1957
1900
6931
774
7348
543
8499
2394
551
2417
1229
940
4078
621
2893
9880
2179
1612
2554
2907
1328
13500
3156
1130
1068
1279
893
853
2136
679
1279
1899
7263
3161
19740
1660
1738
1429
1725
1431
1729
990
1507
897
2903
2150
3419
9817
1904
1437
1177
10146
3147
383
5679
518
3267
730
1515
298
1930
726
1103
1301
677
871
254
364
844
302
607
344
1253
534
969
1264
1204
1158
560
3088
1578
420
1392
2141
882
14828
1147
666
545
588
3217
566
2775
437
902
731
1521
643
1017
1674
652
308
687
2840
3703
1177
2514
6318
6631
2378
826
1759
269
1589
252
958
767
1772
546
187
467
70
5069
1186
751
2750
249
377
285
194
401
361
1721
213
100
105
184
0
0
0
605
113
454
171
1699
170
559
983
2354
676
594
262
716
1190
907
974
830
407
4183
3758
5361
917
1125
23008
1843
9385
4706
16630
1254
7646
4476
2435
570
11935
1504
8089
4430
1358
2969
1859
3400
2515
2312
1684
1536
4826
967
14282
3813
7381
6788
266
1605
919
3335
5760
3464
1013
1374
8814
1058
3582
609
610
4513
3399
3211
1074
3436
1407
2598
1195
2378
1293
2050
1785
1940
1173
623
382
773
1530
246
367
257
311
435
198
231
2978
169
205
142
164
607
807
1072
943
465
1894
505
175
346
8774
367
7101
2197
392
1022
1051
2312
2061
1624
606
290
807
407
957
490
16545
840
2252
231
2034
805
727
2009
1878
2786
373
371
11688
8791
531
2878
195
551
157
2313
514
441
3625
955
701
215
133
2499
678
655
657
122
150
567
321
244
295
176
761
203
194
59
100
605
113
454
0
0
0
1029
156
284
562
631
780
1077
1246
985
305
1224
475
1520
2125
176
7760
5938
2755
1241
1049
10150
1287
1430
868
1069
8418
6659
1575
9361
691
4598
1674
1600
1084
7053
2544
1477
11357
1976
4494
1393
1293
1561
663
1479
2077
1139
2824
722
2552
1040
872
18531
1980
1470
2510
1215
1437
1023
2130
11864
3148
28143
4056
2646
349
3700
1747
1646
1136
3917
2093
4988
1487
6598
173
782
494
810
431
570
915
502
407
418
391
224
270
156
317
493
350
1670
1523
375
1527
1419
551
613
1270
380
1045
6290
1207
533
5746
1670
1583
787
729
690
1650
1267
1749
259
1059
12742
1344
2515
518
5228
1916
3751
1268
5553
546
911
6821
862
807
1816
1442
1254
845
951
530
363
475
271
899
563
1627
747
1364
618
1099
251
1307
1574
454
1879
1121
3737
324
610
3630
91
1018
96
171
1699
170
1029
156
284
0
0
0
1158
329
269
305
755
1132
608
217
2367
325
1220
1085
391
11879
2466
564
4165
344
2339
10100
1076
3958
3082
1476
702
5593
7880
14934
1440
3941
2277
1221
2264
1996
3188
2261
1962
1804
1711
1591
1172
1067
945
1023
5121
888
1563
1487
3613
5330
769
1869
2313
1789
2496
865
1057
592
5338
1237
895
792
1494
2750
2615
1213
14179
9641
2955
853
8397
955
887
1332
354
898
724
2299
789
3829
826
438
284
470
1207
857
793
702
1204
1308
493
372
2810
653
7535
636
368
288
2140
1989
2815
1523
4291
422
1436
1300
418
949
385
3548
842
2344
3854
7804
38165
1193
1550
1562
1386
1791
1363
14109
6994
1698
895
2980
1876
6536
2207
1123
1784
1372
1516
933
1217
1103
4297
800
2697
1605
209
6201
497
763
1480
2283
1094
761
1603
1464
4647
396
4099
2540
756
1010
559
983
2354
562
631
780
1158
329
269
0
0
0
903
223
147
63
82
22
559
129
187
5257
864
4569
2781
2822
484
933
6984
1035
1233
1167
1036
2356
1594
982
3004
1657
3346
1839
1941
2323
3276
1340
1593
2792
1475
1977
668
727
4566
5233
1414
12733
2101
1079
523
10663
2467
2570
958
7428
15488
545
1477
26335
576
1682
4131
7387
1257
457
658
3078
2015
1010
1234
895
2921
9997
1419
527
687
742
447
3515
2491
9950
817
13899
1535
5467
948
347
1091
508
350
489
333
2658
810
3224
260
490
456
481
296
444
1360
543
560
929
1162
524
4819
599
847
694
1138
9114
893
14736
1575
2647
3540
887
1094
1162
561
3938
5045
831
1316
735
773
1389
586
4151
1637
1572
371
1029
825
1160
738
290
410
517
1095
449
2964
778
464
519
1511
825
597
793
853
446
1270
1064
645
295
1751
676
594
262
1077
1246
985
305
755
1132
903
223
147
0
0
0
113
117
99
243
120
131
1623
6145
6302
357
906
310
1885
1026
1528
4316
14973
617
2097
626
1254
2715
1259
1400
29173
894
2411
2467
1152
1971
3652
3839
783
1210
4200
2098
825
2513
1521
3173
1139
3596
5734
925
1221
3023
2362
12703
1531
2546
2024
1053
1403
10223
726
671
549
1231
1388
21211
3670
5667
2622
740
937
775
560
1454
4778
1199
581
588
736
674
807
748
598
295
1542
17171
4047
1740
820
555
1178
456
1767
1784
1361
2053
200
1031
509
1392
775
1329
464
15139
1602
2094
579
463
464
1182
1435
3033
1616
2809
3878
1626
3262
1782
2380
3478
6828
1031
1374
1925
5228
297
553
4519
848
2751
1674
2767
1846
350
965
491
508
799
858
593
2321
20616
949
854
578
617
2900
595
721
683
916
734
1491
373
253
1218
716
1190
907
305
1224
475
608
217
2367
63
82
22
113
117
99
0
0
0
111
233
144
745
2905
10946
734
4620
14007
1870
14487
7673
2145
1739
2346
3778
3339
1760
9420
4351
1196
18855
1411
2533
1403
1296
754
3515
2914
9372
2598
12896
3316
1444
477
1523
5878
3784
5711
1460
2493
3038
1876
4586
2811
2206
5366
1859
708
841
1301
452
580
615
2061
2812
1259
1346
2301
15421
1411
779
548
340
460
1802
547
1388
808
553
6501
275
756
11175
449
458
307
12254
730
551
278
1122
246
389
489
1194
785
287
668
539
1485
244
713
2304
3041
3825
542
693
1001
842
616
665
4429
10196
794
27256
4324
607
1458
1536
9609
492
3861
1742
567
706
5073
10874
1519
1689
1589
637
5660
639
1694
540
1046
1180
1213
1293
777
4548
1809
2643
867
1332
5827
1400
577
1806
624
1637
275
216
592
591
482
974
830
407
1520
2125
176
325
1220
1085
559
129
187
243
120
131
111
233
144
0
0
0
1852
6954
2724
946
2391
628
3112
10301
944
6169
1159
808
2781
2739
1155
1383
3300
4075
889
6675
2583
1394
3051
2581
2781
5411
3095
1300
671
3294
1933
3920
445
2134
17449
3257
1273
7996
4577
1152
728
23892
16659
1121
19828
2657
1280
2082
479
755
939
1622
1512
1717
1323
740
2071
2959
2105
961
925
3215
3627
885
1499
1871
418
10166
1700
803
990
598
1121
1691
23455
2469
5407
13458
3460
2988
2079
1123
615
2468
1821
14848
903
466
504
727
842
875
1208
770
822
364
834
1121
801
1288
1148
460
543
564
544
7597
12129
1320
484
10730
2558
1601
3758
3494
1716
1024
1168
1203
1074
2179
508
6024
2301
4054
2502
1329
2370
581
893
1839
1329
19963
1886
6248
1909
509
4409
7408
1943
1722
1675
9832
640
1198
4183
3758
5361
7760
5938
2755
391
11879
2466
5257
864
4569
1623
6145
6302
745
2905
10946
1852
6954
2724
0
0
0
1181
2286
4817
2126
6599
53645
9434
574
2976
1297
1689
42801
1853
19844
1936
85
238
336
78
70
155
3077
1849
910
6222
762
723
4556
3410
2708
1251
1623
8595
2130
14729
3420
4675
2227
1225
2007
6308
2248
5662
23848
2661
2878
23704
1711
4867
2280
3712
5917
7178
6914
3179
2093
6926
3862
8546
6140
2713
2355
1335
373
1249
973
1838
992
1945
1745
419
643
4199
1646
11660
1021
2864
2643
580
10229
2337
2288
571
1428
738
849
1334
3209
669
1476
690
1094
902
6245
7880
1888
1420
1219
3526
8685
1589
3106
1743
1030
2610
2986
2944
2672
2349
4475
2765
1696
3029
1542
4090
832
2532
1129
2133
1060
540
1379
8944
2453
1732
814
4854
20425
2520
6946
1566
978
1357
830
986
5638
5758
3462
1220
12471
1841
917
1125
23008
1241
1049
10150
564
4165
344
2781
2822
484
357
906
310
734
4620
14007
946
2391
628
1181
2286
4817
0
0
0
1278
17202
1506
543
1971
7813
27849
2659
3174
2169
117232
1994
2950
19266
2162
5709
1847
3034
2963
3389
2645
1978
2102
4355
6228
45003
20094
1447
1913
1249
4698
7562
21591
1262
7794
6594
2069
2403
15449
2023
2332
4287
718
2473
2337
715
671
1660
1847
7681
469
958
1116
1703
1522
1343
5080
692
942
1618
2846
817
3567
1716
3041
969
492
1534
1556
2898
3712
3250
4430
2248
17426
1036
1460
1233
2849
279
2308
1902
566
461
1022
3599
1076
1209
517
1099
937
19145
15801
368
1505
1739
508
1004
4392
2182
2625
1532
505
9602
1888
1800
750
1672
1015
2732
2532
7597
1049
3284
1060
1780
32399
2193
1570
909
861
12313
17639
1855
866
8743
1868
2481
1520
7597
1329
6096
898
5328
1811
778
1957
1900
1843
9385
4706
1287
1430
868
2339
10100
1076
933
6984
1035
1885
1026
1528
1870
14487
7673
3112
10301
944
2126
6599
53645
1278
17202
1506
0
0
0
153
404
168
4019
3293
3893
781
10342
2118
11663
511
1028
2488
1291
1651
6303
1096
2096
1833
1745
1554
2691
27841
2188
4609
2342
137515
3000
3481
2287
1434
2324
1059
3873
1810
50219
11046
2418
4555
1823
2044
923
1664
2764
1046
1323
1511
5923
876
1390
2202
1242
5167
1725
1524
5850
1053
1304
6523
5269
1162
702
1858
1069
1219
1358
6739
7422
4662
656
3220
1935
1312
1503
1880
2136
961
549
1207
661
10875
4882
1873
1616
973
275
330
4315
1524
2176
5680
1518
1210
7294
1349
6484
697
1674
1521
21934
3181
7438
2920
1588
6046
2035
1565
3404
2879
4610
5203
21302
1316
3265
1365
822
1042
1311
1167
1756
11709
2026
5069
2965
2013
1538
4011
14487
2386
2390
6359
4324
6931
774
7348
16630
1254
7646
1069
8418
6659
3958
3082
1476
1233
1167
1036
4316
14973
617
2145
1739
2346
6169
1159
808
9434
574
2976
543
1971
7813
153
404
168
0
0
0
5562
3015
3581
29287
8616
3932
1665
1256
660
1174
950
2050
6619
10584
2999
2805
3052
1514
24714
12088
3719
3438
1783
1894
1637
1348
6408
7015
8610
13021
3474
41009
3516
1330
1763
1085
10710
2152
4987
968
15648
3012
463
2991
1715
6611
2267
2243
489
1308
888
1143
1140
1041
1042
1709
1353
2471
1563
1433
1083
1019
3727
8194
3739
2122
2696
1841
8926
10329
1022
3723
4394
3137
27506
2549
2374
1970
2705
1070
15622
1879
4270
28298
27456
1093
679
1104
5559
2181
1975
2163
4100
1466
1909
9281
2576
23640
4369
6023
1824
6472
2294
3152
868
1000
574
1975
574
759
3563
2513
596
1010
3800
737
285
1396
2455
2165
6406
903
1753
2974
10488
1047
429
1169
674
543
8499
2394
4476
2435
570
1575
9361
691
702
5593
7880
2356
1594
982
2097
626
1254
3778
3339
1760
2781
2739
1155
1297
1689
42801
27849
2659
3174
4019
3293
3893
5562
3015
3581
0
0
0
1230
4575
1723
3369
5397
6248
1982
2493
15739
300
1522
344
1062
37207
1034
895
2538
4256
734
310
284
200
677
1599
12046
1307
1953
1191
301
493
2446
5374
1033
862
1422
4275
2694
24631
2466
1790
1180
1967
2043
5169
2918
5497
44768
1514
1596
647
668
14622
4841
865
1371
1554
1028
971
2212
1775
515
3746
771
894
1265
1906
36239
3404
823
4460
766
769
3051
470
1512
2293
24815
3219
1270
1754
1302
1812
1983
1721
1292
2373
1029
1860
2512
2372
948
216
701
1407
1116
13847
1202
381
2269
1946
1322
887
3851
2423
3642
899
1499
942
984
697
2538
1847
1448
1901
1383
1467
686
1366
988
1979
823
953
5289
14502
2023
737
551
2417
1229
11935
1504
8089
4598
1674
1600
14934
1440
3941
3004
1657
3346
2715
1259
1400
9420
4351
1196
1383
3300
4075
1853
19844
1936
2169
117232
1994
781
10342
2118
29287
8616
3932
1230
4575
1723
0
0
0
1188
950
732
1893
1186
3225
126
2279
91
1113
1817
1279
1778
1232
3205
762
1587
2157
439
1621
2017
4691
1570
7507
1965
2094
1442
2609
7181
2171
15585
2305
8756
71208
41056
5179
12904
2335
30654
2361
7453
6653
430
2822
768
1583
842
803
3216
1365
1206
870
2295
5456
1056
5774
1523
736
3537
894
1335
7746
1622
793
2568
1599
1148
5010
1137
316
2101
817
364
1336
931
771
523
880
2366
1386
4170
1981
1271
1968
775
1165
1582
960
2169
1383
2377
549
1307
2555
1183
638
1476
3728
5200
371
1602
4236
2462
989
11162
892
3300
1187
1421
802
3497
1998
2129
1189
993
1218
16788
10993
890
917
577
1411
9499
940
4078
621
4430
1358
2969
1084
7053
2544
2277
1221
2264
1839
1941
2323
29173
894
2411
18855
1411
2533
889
6675
2583
85
238
336
2950
19266
2162
11663
511
1028
1665
1256
660
3369
5397
6248
1188
950
732
0
0
0
199
300
138
20945
3533
931
1416
793
227
2532
12802
4281
1152
3673
2357
1875
9558
118995
19873
21114
4576
3525
1151
35330
8281
3147
16843
17901
6316
1502
4366
2617
2585
1828
14223
699
7703
3451
1813
2052
3924
3304
1557
821
3125
1832
1366
586
3228
3399
1351
4164
1078
1130
1284
2132
9636
658
745
411
430
524
2068
8165
2369
2828
1583
1342
668
1176
1326
10067
2691
879
352
908
786
1818
1686
299
1341
659
1105
2510
926
2783
412
3779
1451
6541
6023
1071
654
394
1084
706
986
1034
2182
1319
1658
3563
1239
2120
14142
2780
10722
1458
432
2267
1736
1227
4836
5937
1658
2830
3014
931
7484
1279
2893
9880
2179
1859
3400
2515
1477
11357
1976
1996
3188
2261
3276
1340
1593
2467
1152
1971
1403
1296
754
1394
3051
2581
78
70
155
5709
1847
3034
2488
1291
1651
1174
950
2050
1982
2493
15739
1893
1186
3225
199
300
138
0
0
0
993
1997
27147
4515
760
359
1822
2088
4956
1596
2020
1300
8208
2550
10055
1892
11597
3975
1688
28584
2772
3983
5340
5604
2714
3499
2906
8838
1997
5455
2541
5168
2933
7627
1287
2303
876
5733
706
484
994
776
3339
1560
6995
1410
4791
1531
1009
2632
1684
1239
4766
686
1164
4092
1456
3515
1554
11273
2897
1213
36167
1727
16138
1386
1503
3035
4508
3813
1796
7665
853
1372
470
1831
2557
11169
3608
4210
2073
920
448
797
271
426
604
973
984
2082
2518
1073
588
1280
356
192
369
278
4400
1156
778
598
1202
6485
2980
1585
1033
1861
997
1365
1759
987
1712
4218
2129
2106
5544
1612
2554
2907
2312
1684
1536
4494
1393
1293
1962
1804
1711
2792
1475
1977
3652
3839
783
3515
2914
9372
2781
5411
3095
3077
1849
910
2963
3389
2645
6303
1096
2096
6619
10584
2999
300
1522
344
126
2279
91
20945
3533
931
993
1997
27147
0
0
0
1557
12935
382
2964
510
1125
1668
798
21306
589
1220
10097
3181
1217
3495
4132
1209
7660
6349
5033
4445
1513
2597
3282
1144
8756
1479
2358
5258
3844
3576
7366
5189
15019
911
882
369
810
734
5394
4678
1007
2445
870
3123
25608
1867
1707
3917
2207
1847
384
6231
672
793
4532
8250
1031
3744
29244
631
3522
1314
1423
1327
1543
1601
554
365
2995
1123
1011
5721
2486
888
2539
1542
591
498
586
5235
732
4123
6502
510
2939
1388
351
2918
241
24873
1844
640
900
840
5921
1845
360
1027
2106
795
1401
752
2064
8334
18852
1476
9284
1443
10159
769
1088
5244
1323
1328
13500
3156
4826
967
14282
1561
663
1479
1591
1172
1067
668
727
4566
1210
4200
2098
2598
12896
3316
1300
671
3294
6222
762
723
1978
2102
4355
1833
1745
1554
2805
3052
1514
1062
37207
1034
1113
1817
1279
1416
793
227
4515
760
359
1557
12935
382
0
0
0
26952
7764
9713
3115
6062
8600
1974
1651
9007
4536
1855
9762
2669
3366
5250
54802
7875
16499
1449
4644
3678
1672
1378
8648
3141
6299
43969
5639
2956
2751
1158
11772
1598
911
15316
6089
5877
1020
2461
971
2212
1308
2090
2584
1587
1935
2732
3802
744
9300
1736
4429
2081
25636
2769
6856
1081
1142
3257
35335
757
2997
2657
1899
2888
7311
2472
2221
7092
4906
4255
974
3568
1627
2838
3135
1013
933
1379
2633
5243
983
4722
2199
1894
5810
16704
2952
1798
1339
499
11253
1217
3517
1539
1514
693
1792
2941
2677
1422
948
1598
1262
778
2808
875
2758
2157
20944
464
1130
1068
1279
3813
7381
6788
2077
1139
2824
945
1023
5121
5233
1414
12733
825
2513
1521
1444
477
1523
1933
3920
445
4556
3410
2708
6228
45003
20094
2691
27841
2188
24714
12088
3719
895
2538
4256
1778
1232
3205
2532
12802
4281
1822
2088
4956
2964
510
1125
26952
7764
9713
0
0
0
2221
1100
1496
1564
1635
2937
362
152
418
4925
686
3768
2807
11819
4623
4814
1346
564
1599
3038
1680
4265
17485
2453
3836
2233
4331
513
877
1218
599
2682
503
1205
1672
2153
6093
610
488
1107
3193
541
2830
22618
4173
1098
3067
1259
2666
2671
1759
1471
3940
1048
1903
1146
1682
2073
2081
1866
20306
1435
8266
576
6594
2693
789
3743
1142
1134
1652
17856
4720
35577
719
15986
554
6770
567
4453
1429
1226
2708
529
4561
2549
1669
941
823
1039
930
1983
2127
900
2943
970
263
854
2559
674
423
1142
339
314
1174
1695
1145
9275
893
853
2136
266
1605
919
722
2552
1040
888
1563
1487
2101
1079
523
3173
1139
3596
5878
3784
5711
2134
17449
3257
1251
1623
8595
1447
1913
1249
4609
2342
137515
3438
1783
1894
734
310
284
762
1587
2157
1152
3673
2357
1596
2020
1300
1668
798
21306
3115
6062
8600
2221
1100
1496
0
0
0
595
296
3266
1186
1967
1797
754
1057
254
3835
1367
20810
1242
5840
7890
1505
44825
4085
1529
9950
3806
5611
7014
15232
1454
1156
18264
3741
15306
992
3055
5155
8089
1780
2733
876
4038
3623
5167
2996
1478
1939
2251
2908
971
2026
1711
3776
2141
3826
1089
4236
4560
3134
3737
1024
1782
1817
15861
5132
1179
867
3191
2860
1161
6982
59883
12753
2134
17315
970
1029
2013
3230
6819
2981
2357
1378
6660
5029
1074
21554
1546
1124
1187
1373
490
938
2522
2190
1468
750
3620
593
1826
3756
660
11285
10845
8362
1185
1553
1587
1756
13151
679
1279
1899
3335
5760
3464
872
18531
1980
3613
5330
769
10663
2467
2570
5734
925
1221
1460
2493
3038
1273
7996
4577
2130
14729
3420
4698
7562
21591
3000
3481
2287
1637
1348
6408
200
677
1599
439
1621
2017
1875
9558
118995
8208
2550
10055
589
1220
10097
1974
1651
9007
1564
1635
2937
595
296
3266
0
0
0
2479
2236
1765
1359
549
1518
1612
4002
4504
4499
889
2877
10197
2515
26026
8774
36545
1796
1527
8115
12658
2072
889
5201
2176
2936
3087
1759
1116
33772
2487
2058
3467
6903
14352
7729
2681
4682
3261
2205
1461
966
1920
2388
1098
1876
13574
1787
739
9388
1038
869
3050
2098
914
1548
10725
2821
5217
2211
2047
4361
3613
1776
2923
4229
1732
27882
3485
3055
2594
2234
2712
5576
21569
2111
1779
2362
4224
1084
1436
787
5561
1355
2446
2288
932
363
10875
612
664
885
1382
2372
2961
689
10149
1523
758
6353
4560
5431
7263
3161
19740
1013
1374
8814
1470
2510
1215
1869
2313
1789
958
7428
15488
3023
2362
12703
1876
4586
2811
1152
728
23892
4675
2227
1225
1262
7794
6594
1434
2324
1059
7015
8610
13021
12046
1307
1953
4691
1570
7507
19873
21114
4576
1892
11597
3975
3181
1217
3495
4536
1855
9762
362
152
418
1186
1967
1797
2479
2236
1765
0
0
0
2667
1898
1911
805
714
441
2208
744
3773
1607
1997
1663
5070
1018
2531
39160
2974
4884
9604
1047
3243
3255
1716
2738
2794
2436
1697
1730
2618
7595
2635
1239
651
2659
688
2457
4674
9159
9733
10343
1580
1520
2164
6875
3605
8571
18470
1204
1779
2368
1135
2222
1848
19270
1997
1305
10451
2737
2077
1618
1023
1820
1792
2499
36864
3113
8697
1622
2895
546
1402
1165
2985
2476
2469
1943
1995
3428
2417
638
282
955
1379
1935
1669
4520
2056
429
4838
1758
2464
1687
1079
841
6310
1408
1121
3144
504
1660
1738
1429
1058
3582
609
1437
1023
2130
2496
865
1057
545
1477
26335
1531
2546
2024
2206
5366
1859
16659
1121
19828
2007
6308
2248
2069
2403
15449
3873
1810
50219
3474
41009
3516
1191
301
493
1965
2094
1442
3525
1151
35330
1688
28584
2772
4132
1209
7660
2669
3366
5250
4925
686
3768
754
1057
254
1359
549
1518
2667
1898
1911
0
0
0
1357
971
1744
1767
1474
3624
5171
1958
1722
1504
2068
1535
1492
2325
1491
38703
1524
1614
718
656
2034
1104
5516
3456
2663
746
1058
1201
1255
21339
4696
3385
17113
1862
9095
11151
968
6067
3464
1860
521
2263
598
2215
2171
2788
4485
4469
11891
1387
1714
4763
1454
921
1525
33552
9628
2501
5763
1717
4145
2023
1422
6068
6832
4425
3692
6207
4318
2198
6499
2428
2021
2193
1674
9341
1907
1143
3843
2791
27261
3923
2773
963
18583
6537
10347
3451
798
572
2014
3523
1778
1705
23418
866
1725
1431
1729
610
4513
3399
11864
3148
28143
592
5338
1237
576
1682
4131
1053
1403
10223
708
841
1301
2657
1280
2082
5662
23848
2661
2023
2332
4287
11046
2418
4555
1330
1763
1085
2446
5374
1033
2609
7181
2171
8281
3147
16843
3983
5340
5604
6349
5033
4445
54802
7875
16499
2807
11819
4623
3835
1367
20810
1612
4002
4504
805
714
441
1357
971
1744
0
0
0
1131
962
410
2762
6887
6155
1290
12991
3544
2229
1714
11552
1010
850
6595
3756
2603
1414
21152
11250
3131
771
3362
4731
971
1194
10727
1518
2281
1740
15327
983
1671
672
1863
2229
451
588
1460
777
2935
1209
1804
907
1764
2162
1963
5907
7212
2172
1312
3029
3547
1789
1596
15471
2350
1601
2009
1491
1198
3736
2028
2388
1569
2634
8328
1580
1333
1534
3051
19875
2001
1410
1089
1441
821
2153
772
1471
1482
5391
1965
1478
3598
2197
1346
1221
1716
455
3022
2824
1094
990
1507
897
3211
1074
3436
4056
2646
349
895
792
1494
7387
1257
457
726
671
549
452
580
615
479
755
939
2878
23704
1711
718
2473
2337
1823
2044
923
10710
2152
4987
862
1422
4275
15585
2305
8756
17901
6316
1502
2714
3499
2906
1513
2597
3282
1449
4644
3678
4814
1346
564
1242
5840
7890
4499
889
2877
2208
744
3773
1767
1474
3624
1131
962
410
0
0
0
1279
1533
1696
1292
783
376
2149
4746
796
854
2000
2411
13929
64476
1402
5867
1872
2174
647
5170
3630
912
1368
1180
7484
3074
2957
17624
1184
1304
15707
7636
15721
3263
1640
1278
686
1111
1713
919
2599
1192
12324
8251
538
1608
5342
12813
5556
7150
9840
883
623
15719
2758
1379
2246
984
1364
51867
1707
2316
3869
3839
2296
4549
1998
2333
1256
3179
3054
8450
7897
3877
3214
4732
740
1729
1352
7675
19925
1544
1971
2327
944
3189
1143
2165
954
9113
2903
2150
3419
1407
2598
1195
3700
1747
1646
2750
2615
1213
658
3078
2015
1231
1388
21211
2061
2812
1259
1622
1512
1717
4867
2280
3712
715
671
1660
1664
2764
1046
968
15648
3012
2694
24631
2466
71208
41056
5179
4366
2617
2585
8838
1997
5455
1144
8756
1479
1672
1378
8648
1599
3038
1680
1505
44825
4085
10197
2515
26026
1607
1997
1663
5171
1958
1722
2762
6887
6155
1279
1533
1696
0
0
0
611
1351
832
322
262
653
1620
1917
2738
3461
2037
1669
4734
1561
610
6267
964
1822
1022
2166
3377
860
10099
1626
905
3249
1551
2427
829
684
1899
499
6037
2042
4303
4040
16301
2320
978
36382
1766
908
2018
1030
1938
4676
1250
1643
578
1672
1899
7685
1015
1822
6899
34713
6519
902
1209
2244
2789
1020
738
1262
1364
2164
1040
1822
1979
2896
3294
29718
5329
1540
3751
2575
3513
4152
1839
2886
1984
2716
1045
4083
1557
2485
1720
9817
1904
1437
2378
1293
2050
1136
3917
2093
14179
9641
2955
1010
1234
895
3670
5667
2622
1346
2301
15421
1323
740
2071
5917
7178
6914
1847
7681
469
1323
1511
5923
463
2991
1715
1790
1180
1967
12904
2335
30654
1828
14223
699
2541
5168
2933
2358
5258
3844
3141
6299
43969
4265
17485
2453
1529
9950
3806
8774
36545
1796
5070
1018
2531
1504
2068
1535
1290
12991
3544
1292
783
376
611
1351
832
0
0
0
296
2147
534
14407
992
7344
1867
833
3033
1389
1977
4333
1903
2179
14571
1727
5901
1185
938
6957
6755
5560
2925
16194
863
1474
1000
3618
1136
5089
2921
2193
1562
3456
1349
2011
1999
976
8419
5050
9375
2092
1288
6576
2788
2151
9448
2471
4877
1862
2732
6187
1564
3806
1654
3462
3949
2462
2857
40978
7230
2468
1378
4692
13099
4452
14742
1869
1363
4422
1221
2532
2721
1701
1232
1569
2458
3006
3198
2875
4830
3048
6342
1648
1177
10146
3147
1785
1940
1173
4988
1487
6598
853
8397
955
2921
9997
1419
740
937
775
1411
779
548
2959
2105
961
3179
2093
6926
958
1116
1703
876
1390
2202
6611
2267
2243
2043
5169
2918
2361
7453
6653
7703
3451
1813
7627
1287
2303
3576
7366
5189
5639
2956
2751
3836
2233
4331
5611
7014
15232
1527
8115
12658
39160
2974
4884
1492
2325
1491
2229
1714
11552
2149
4746
796
322
262
653
296
2147
534
0
0
0
