C_ijk
0
0
0
122
98
65
46
127
48
236
208
637
48
137
157
754
198
128
175
738
98
490
165
829
3675
318
2826
345
1385
538
514
516
225
921
7952
793
500
358
325
2030
604
489
1032
817
1216
429
377
5034
1660
2235
1163
621
300
512
3296
445
1531
1397
664
1312
377
803
729
433
636
213
613
1580
525
474
1486
1562
733
795
366
830
519
1232
79
590
532
150
243
934
458
224
1699
166
237
1584
354
441
198
413
921
2495
594
822
1285
813
1463
1747
609
8789
797
2635
4771
1311
7407
2654
989
9542
1467
3021
677
10339
2302
10366
8060
4034
1692
3854
1918
996
888
3170
942
397
8287
3248
2469
27063
2900
2590
1859
3417
1058
1989
1271
2910
1013
2092
1247
1209
1406
2058
1767
3229
2365
4023
1274
717
3903
2140
7122
2207
8631
3678
1870
2638
30313
2155
1551
4674
20740
122
98
65
0
0
0
8
16
17
244
260
307
192
1489
638
314
95
1505
533
841
606
384
589
1022
1441
409
533
2810
351
822
1276
1042
1108
9726
2185
2576
331
203
530
513
2783
683
357
4187
169
487
1140
30025
477
543
3147
658
536
113
405
645
2953
270
1004
496
889
608
1113
576
249
184
238
1174
4777
1368
1778
2913
1633
2118
1204
1210
1168
1196
260
279
379
1607
1103
450
430
813
1352
127
3201
451
412
283
1062
727
2739
4570
942
946
390
2507
1399
669
416
1420
408
1307
2622
1700
2006
719
6992
3523
10473
2597
1489
6023
3944
6963
1029
457
1479
5826
966
11765
1362
2803
2730
1333
738
5266
2725
1499
1137
11430
702
3949
4553
1522
2154
2346
1200
5514
1593
43023
2629
8021
1606
768
1147
753
920
1516
3422
1125
1126
1111
1105
1621
2135
5135
1630
2036
2049
6772
2802
46
127
48
8
16
17
0
0
0
135
182
211
336
644
152
125
494
9769
146
168
731
704
1247
1002
453
401
1022
2112
366
1046
773
2943
2063
1641
393
1257
271
296
648
2102
803
4429
408
4300
471
556
469
1134
1506
3559
600
319
496
142
373
3775
413
603
982
193
5163
528
826
515
229
377
1824
542
716
1949
2955
768
383
554
1119
218
7298
456
153
188
2563
13496
500
613
2179
288
388
492
932
171
353
447
4208
1456
985
858
3656
1188
1393
393
4264
1792
509
459
2154
5353
532
524
12488
2064
2381
1594
1751
1285
1928
26814
1176
920
1244
3144
6705
2195
1312
2151
2486
36281
764
2426
1231
925
5605
5501
2120
1140
1768
1387
1493
831
1052
1072
339
853
7999
1270
1771
697
806
889
1681
611
1315
1859
1200
7936
1674
1023
34237
840
552
12647
2819
8317
26960
21590
1065
236
208
637
244
260
307
135
182
211
0
0
0
918
1028
252
1008
670
567
78
354
434
267
1386
1291
4992
1149
619
1828
4254
1109
279
1022
2039
762
389
1661
381
168
436
429
327
584
552
4369
982
597
391
592
895
733
514
687
1238
943
1067
435
1191
529
532
515
723
522
602
536
403
320
309
1046
6030
1211
722
5585
814
537
934
9842
439
871
203
716
484
445
696
1538
1278
497
6262
982
840
634
399
767
225
13464
1821
971
2610
2107
904
606
2767
464
616
1938
1270
984
5802
7845
2910
927
886
1250
505
5177
425
782
3774
2923
1641
2031
15935
608
866
1648
1117
1463
5099
13509
2199
3711
1414
6862
831
2581
2727
8970
4196
1061
1044
3959
2534
1010
818
1670
1457
869
4580
4990
2179
10513
459
2776
4303
1193
1772
5210
1901
1915
2401
2961
7893
944
4159
4187
1310
48
137
157
192
1489
638
336
644
152
918
1028
252
0
0
0
38
31
256
56
79
91
238
159
239
323
137
125
338
717
217
1396
920
1663
3139
376
343
497
322
1528
298
390
922
252
1493
2475
7361
716
652
858
987
442
547
1374
1944
485
647
787
1160
4303
1002
9689
675
463
599
898
895
1958
7953
381
3684
3992
1191
472
546
711
2049
1231
429
330
546
377
4417
464
506
1604
254
557
421
568
1067
233
373
309
574
636
373
952
1656
935
3244
789
438
855
255
343
1251
1648
4803
3537
566
928
2319
931
994
799
6540
18622
3859
11268
1662
4793
3775
2374
1435
8104
4825
1008
815
1354
2597
12189
1921
821
2601
4885
873
3876
1037
572
1874
4193
1998
2672
973
1008
15519
2065
4052
563
2111
2111
1212
2189
1289
3071
906
2211
2643
2621
2731
2403
607
4843
3305
2418
754
198
128
314
95
1505
125
494
9769
1008
670
567
38
31
256
0
0
0
77
68
166
274
17302
367
426
237
1760
224
342
226
481
452
222
431
3396
995
565
202
1256
439
5653
428
195
4295
915
609
551
3079
2905
2671
2754
1625
280
458
778
2612
522
482
1692
926
4097
2290
1290
4922
648
354
354
487
574
738
518
630
553
1104
1049
3156
753
2387
398
404
106
1039
214
548
296
830
530
355
326
457
261
228
1216
832
553
298
656
1091
367
3351
1450
431
654
1435
173
384
11323
962
2978
989
5770
10032
2074
1075
8818
1265
2363
844
1866
8388
28022
1983
6679
1542
788
1809
858
2350
5399
7390
9108
3504
2338
4867
1420
14962
781
1101
10898
1726
1627
11380
8174
1900
1125
3787
4533
4687
3402
5459
4874
7254
1293
975
7647
1518
899
974
2313
3559
2493
10525
2182
707
2180
175
738
98
533
841
606
146
168
731
78
354
434
56
79
91
77
68
166
0
0
0
460
419
552
470
910
202
906
2777
3590
1399
336
1088
822
458
734
452
302
1164
741
600
718
661
496
311
1256
2809
559
936
831
994
13315
647
4453
1095
900
616
650
1423
664
1591
980
1296
241
529
544
986
655
1051
651
2225
283
2348
573
842
569
347
1559
879
286
423
406
555
1904
1258
324
772
938
361
637
391
1895
466
774
7997
784
774
782
2587
836
458
947
267
620
296
1603
790
9847
3991
9025
2226
3711
1373
1685
17294
3158
1028
2577
1312
2901
1516
8320
918
2160
3393
1014
680
2924
1331
1531
1401
3722
688
1477
981
2528
18364
3880
10855
1478
3207
2779
4742
1276
2396
1928
1121
3898
24659
1973
3396
2715
927
2047
1608
1255
998
1044
1875
1412
1613
761
1310
2906
1559
490
165
829
384
589
1022
704
1247
1002
267
1386
1291
238
159
239
274
17302
367
460
419
552
0
0
0
700
163
143
1261
2077
260
382
676
1001
817
1452
233
782
1360
9953
608
543
3861
902
836
1504
13011
1926
2089
2560
2552
939
1763
3446
869
3951
984
1624
1278
1748
1210
1113
1412
785
789
8285
1215
2707
7871
613
2380
1281
2610
602
799
2385
797
446
835
212
569
7868
3997
1375
795
485
1091
4067
1235
1751
783
426
609
401
991
1021
375
748
361
415
567
332
841
1292
1231
691
516
1303
1767
4077
1384
499
1519
1721
1257
559
868
5999
1770
1477
9641
2358
2096
2302
4299
9351
1583
1351
1778
1115
1732
5513
862
1720
1085
1712
18976
22599
631
1887
2860
1774
4614
6855
10589
6452
2373
1378
1749
3656
2673
1206
1433
1034
2937
1145
7116
2136
12457
5708
4229
2884
12125
850
9855
2947
3675
318
2826
1441
409
533
453
401
1022
4992
1149
619
323
137
125
426
237
1760
470
910
202
700
163
143
0
0
0
997
872
2677
6388
412
1311
710
743
463
910
248
551
844
2592
1342
1102
358
1287
1560
3128
1322
598
2899
1745
988
1004
1318
22526
2376
1398
5098
1315
2267
1011
1371
1175
729
713
957
723
1181
619
1642
1801
1111
1971
640
3482
551
1420
745
1486
3781
4461
1517
1454
776
283
737
368
1953
2366
1281
534
158
3722
7108
515
403
311
957
575
1888
1629
3984
906
636
3963
1820
2063
389
269
5303
381
607
939
2823
2289
3134
3801
2670
1604
1232
7963
2122
2042
1493
1767
2709
1503
1699
3019
6746
5468
2106
3467
1848
2510
4367
3058
3510
1499
1699
1359
3101
3107
3055
17544
1675
970
1456
27051
1705
1442
7549
3127
572
3787
2731
9379
1008
2146
1121
1003
1598
7185
1835
3584
345
1385
538
2810
351
822
2112
366
1046
1828
4254
1109
338
717
217
224
342
226
906
2777
3590
1261
2077
260
997
872
2677
0
0
0
413
86
206
214
167
292
496
1141
322
543
339
401
1574
654
511
993
22192
3082
652
238
1053
720
535
583
2362
2452
1480
4306
785
587
5184
6413
687
1305
656
1537
1036
574
1060
1256
645
2924
3442
5085
694
719
1942
4159
1865
1020
865
833
1153
1376
754
1823
5136
3477
1164
729
754
3929
1719
645
217
14917
3508
2993
748
588
383
385
552
1168
1232
6173
3606
845
702
8858
42143
3724
1521
461
1432
781
3285
1417
2541
6385
2324
3316
3247
728
868
7628
1325
6705
724
1025
501
606
4186
1282
544
2232
2291
3920
1376
1804
471
3404
2934
1957
52829
1359
3256
12794
3809
6184
2306
4291
2221
5596
3067
1063
848
1851
3774
2156
2527
1791
21894
1886
3683
514
516
225
1276
1042
1108
773
2943
2063
279
1022
2039
1396
920
1663
481
452
222
1399
336
1088
382
676
1001
6388
412
1311
413
86
206
0
0
0
145
78
639
897
1267
406
282
968
473
3398
2118
155
839
737
494
1317
9167
666
19300
967
621
978
3553
1480
1201
1461
1214
3767
1169
1474
1192
331
761
1465
4900
8469
3087
1144
4114
2465
10649
1734
1118
2215
1443
1123
333
1065
848
771
644
755
7496
3440
2126
920
955
547
724
1982
1389
483
7192
1531
1655
706
2430
2296
407
595
1648
647
1168
2034
2274
9087
1160
1706
1141
2158
1289
272
667
1136
2680
2622
2205
956
743
2807
1037
2420
1115
1108
1173
1525
2978
5497
1063
6359
1153
616
1473
4365
2133
1694
4530
1843
6128
9873
2730
2246
948
1728
3183
8671
4631
11288
1819
3894
1049
31943
856
1569
10534
1117
1310
1342
1416
12070
1991
1411
921
7952
793
9726
2185
2576
1641
393
1257
762
389
1661
3139
376
343
431
3396
995
822
458
734
817
1452
233
710
743
463
214
167
292
145
78
639
0
0
0
1657
769
2129
671
1758
584
771
1011
592
506
783
2932
1597
1094
1950
1154
2628
385
3043
2187
1142
1972
1473
30416
835
5296
3048
1078
1861
1147
17291
1889
7813
949
2555
3687
895
1162
675
1222
752
1011
2723
650
1081
1720
3890
2450
904
594
1113
1120
3364
886
970
8696
1820
2306
4299
678
884
1399
1039
608
26607
2995
806
5570
829
7340
697
426
1223
2253
1405
181
1159
1142
599
1137
526
26005
8761
3353
3022
1386
8752
1121
945
4013
2303
1007
243
2204
2852
2531
867
2836
41798
1900
1616
3626
1959
1124
712
825
1662
1333
2538
1788
3709
2391
20142
34506
5702
27132
7167
4601
1769
972
1256
2035
935
21361
1468
1627
1395
1343
1185
500
358
325
331
203
530
271
296
648
381
168
436
497
322
1528
565
202
1256
452
302
1164
782
1360
9953
910
248
551
496
1141
322
897
1267
406
1657
769
2129
0
0
0
2755
9487
211
746
258
878
544
361
2118
1530
332
312
57
1749
968
1575
385
285
3241
3125
289
639
3598
3352
1114
689
4865
1447
1001
278
826
812
1427
1049
317
718
1489
1781
1227
1554
647
13929
323
790
662
542
799
1750
442
2247
458
526
568
564
1478
2926
4167
2433
486
567
851
388
453
646
1054
485
1651
7764
1520
1886
25769
19254
2386
2020
1276
6064
1205
7869
1012
3604
2070
1619
2745
22665
4027
1685
1212
944
3583
1413
5496
1806
1144
1557
660
7406
2508
955
3264
3366
1373
2020
1883
1504
2113
1943
660
17071
1421
2850
6323
12537
1838
3511
3769
1612
13377
3788
716
2998
2038
709
1170
4087
3706
13071
2030
604
489
513
2783
683
2102
803
4429
429
327
584
298
390
922
439
5653
428
741
600
718
608
543
3861
844
2592
1342
543
339
401
282
968
473
671
1758
584
2755
9487
211
0
0
0
199
3167
27
3497
640
2349
382
3912
341
779
393
5235
348
3439
471
1701
6497
9769
558
6740
323
347
406
465
895
4799
12898
1006
7539
600
610
7799
2491
1642
4898
2041
237
3860
1623
892
1376
777
2720
1116
1277
5427
6058
23668
1615
2284
2213
2365
750
572
890
753
1752
2409
3298
7382
1081
1483
1699
357
10445
157
1256
1460
648
1820
699
2397
6849
16481
734
1281
1156
648
21640
4858
2242
3735
6783
966
2303
982
298
793
1513
1323
312
603
1029
4058
27032
725
666
565
8458
2196
1067
839
1018
3090
7065
7138
1447
2181
6737
1437
2208
3024
5330
1476
10101
1187
3308
1267
2361
2129
1373
4460
4347
1032
817
1216
357
4187
169
408
4300
471
552
4369
982
252
1493
2475
195
4295
915
661
496
311
902
836
1504
1102
358
1287
1574
654
511
3398
2118
155
771
1011
592
746
258
878
199
3167
27
0
0
0
304
498
557
473
583
254
1248
424
903
450
470
1332
430
816
672
1772
1106
655
592
459
682
1804
2205
2773
877
711
1875
310
964
928
896
1307
319
4715
1404
17587
2181
1675
452
919
336
422
2172
3932
792
1218
815
1288
2104
985
5626
1555
1167
696
1118
667
621
2095
1033
1334
393
324
1348
2312
1956
2301
624
1522
872
4175
2201
7628
2248
1970
1258
11856
8257
20679
662
35671
1889
1300
789
1403
615
1079
1733
38604
727
757
4135
2904
747
2336
1354
2683
849
2391
4274
2902
2408
1145
4857
2980
1619
5095
3808
6017
1169
1914
17939
11498
5790
2309
7626
2038
3609
2914
7261
2741
429
377
5034
487
1140
30025
556
469
1134
597
391
592
7361
716
652
609
551
3079
1256
2809
559
13011
1926
2089
1560
3128
1322
993
22192
3082
839
737
494
506
783
2932
544
361
2118
3497
640
2349
304
498
557
0
0
0
201
569
146
372
278
556
81
247
102
2581
8043
371
407
443
445
414
412
200
488
1832
1140
2087
673
1494
4620
5372
11436
1117
2117
307
2225
775
997
1209
330
809
564
557
4879
44452
5466
394
1076
1725
1524
800
1759
1374
7774
16758
1391
6925
700
2424
17955
9810
1485
2830
2774
1424
4133
899
5544
2904
1139
1284
9751
1822
1709
2029
1025
634
346
1205
894
2225
5484
8685
900
1578
706
1160
1051
298
3626
1708
891
995
1528
1831
18944
1315
1870
950
654
1186
4250
15688
2278
1731
3557
1268
1109
2456
1120
3375
3046
11497
2540
1342
2649
2586
11661
4292
4597
10867
14580
1660
2235
1163
477
543
3147
1506
3559
600
895
733
514
858
987
442
2905
2671
2754
936
831
994
2560
2552
939
598
2899
1745
652
238
1053
1317
9167
666
1597
1094
1950
1530
332
312
382
3912
341
473
583
254
201
569
146
0
0
0
227
293
1091
176
133
96
3102
1611
5096
1846
452
283
399
526
280
6045
1205
2987
3302
6112
1109
7774
2711
493
709
350
648
710
2994
11683
1070
1079
2319
1082
816
1460
539
1454
956
3594
1819
490
2295
12663
1316
519
1456
1322
1609
1115
5764
1740
8365
1009
3300
1001
1810
832
930
1839
10239
2995
2872
3370
1648
2082
529
2924
3366
1855
2085
4669
15050
1314
578
788
674
1660
2002
1287
1618
1891
204
450
4201
544
1915
1428
3081
1133
5080
1058
693
1681
3046
2457
1495
2399
4190
1312
2163
5441
4642
945
2395
4212
5493
8052
6107
1784
12686
4210
16873
2155
621
300
512
658
536
113
319
496
142
687
1238
943
547
1374
1944
1625
280
458
13315
647
4453
1763
3446
869
988
1004
1318
720
535
583
19300
967
621
1154
2628
385
57
1749
968
779
393
5235
1248
424
903
372
278
556
227
293
1091
0
0
0
219
336
254
1886
1319
506
236
1142
633
1873
338
442
3465
296
390
2778
4105
2769
588
1007
300
3361
201
1438
314
361
851
204
2701
1286
720
5632
654
263
7689
7131
2082
564
2210
1325
1092
2232
681
653
1237
3151
5214
2610
10105
829
533
1795
585
2249
778
2111
3890
1384
2611
955
4385
2000
8148
3765
10036
1471
999
1045
599
1172
1839
10447
1002
3506
1907
455
2157
4140
1241
2703
911
3542
1525
1577
3641
2372
2333
891
775
589
4585
1673
4733
4370
863
3236
6782
12672
4812
1690
7841
1786
3990
5831
2801
15228
2287
7453
39122
1681
2269
3296
445
1531
405
645
2953
373
3775
413
1067
435
1191
485
647
787
778
2612
522
1095
900
616
3951
984
1624
22526
2376
1398
2362
2452
1480
978
3553
1480
3043
2187
1142
1575
385
285
348
3439
471
450
470
1332
81
247
102
176
133
96
219
336
254
0
0
0
253
1471
4026
529
1511
443
470
1337
775
504
1109
501
1767
2024
2048
945
4219
1159
1998
600
598
1385
880
507
1231
638
1849
1909
2676
4692
637
322
717
1007
485
4420
3269
5425
703
32472
1053
2129
1526
1040
1638
3177
1337
4196
2766
5669
1641
4785
1463
6044
7629
2862
3727
10170
15800
2480
1446
2873
2374
1330
2700
1278
841
23114
1451
1388
1064
512
1265
346
422
1469
547
3033
1600
3623
1072
666
6281
2703
2002
616
548
2489
6997
1349
2113
920
3701
1252
1760
1829
1302
23082
4404
1048
2114
4269
2050
3070
1398
19281
4366
5799
1397
664
1312
270
1004
496
603
982
193
529
532
515
1160
4303
1002
482
1692
926
650
1423
664
1278
1748
1210
5098
1315
2267
4306
785
587
1201
1461
1214
1972
1473
30416
3241
3125
289
1701
6497
9769
430
816
672
2581
8043
371
3102
1611
5096
1886
1319
506
253
1471
4026
0
0
0
200
278
196
156
880
143
1602
375
168
217
14157
594
250
269
366
572
386
754
382
723
262
2085
354
621
1256
1146
1313
482
1974
252
3075
1063
829
2181
1017
530
13447
12066
1378
5481
1529
6533
686
2470
9248
1939
4322
2843
2551
2048
1313
8640
3552
4047
1664
2440
1908
1665
1328
362
1309
977
2229
3982
11888
10741
5825
515
1103
611
5765
4293
1025
1794
2381
2618
881
803
1186
4578
1148
2380
387
3939
2257
1998
1264
3032
2638
2801
1115
2858
6793
910
3555
979
3198
965
1278
2232
12778
4883
17269
5234
45781
377
803
729
889
608
1113
5163
528
826
723
522
602
9689
675
463
4097
2290
1290
1591
980
1296
1113
1412
785
1011
1371
1175
5184
6413
687
3767
1169
1474
835
5296
3048
639
3598
3352
558
6740
323
1772
1106
655
407
443
445
1846
452
283
236
1142
633
529
1511
443
200
278
196
0
0
0
267
290
237
703
1360
490
570
1939
2351
400
263
579
507
3165
492
665
828
2970
3160
619
2057
956
4228
355
352
502
293
1698
855
1396
1544
7083
1595
2158
1722
1897
17737
12518
2565
2473
523
1046
12759
8901
7132
1812
802
1588
2577
5249
3681
2357
3690
1349
841
821
1428
889
1654
2096
2170
3139
2312
1537
3849
4158
699
365
1233
1698
6057
9585
5113
1218
395
725
2294
2102
871
1117
563
2465
2425
2075
1551
978
2202
986
1009
1479
5330
928
1004
6942
3115
6183
4486
6829
41742
27335
7601
5649
433
636
213
576
249
184
515
229
377
536
403
320
599
898
895
4922
648
354
241
529
544
789
8285
1215
729
713
957
1305
656
1537
1192
331
761
1078
1861
1147
1114
689
4865
347
406
465
592
459
682
414
412
200
399
526
280
1873
338
442
470
1337
775
156
880
143
267
290
237
0
0
0
2598
365
351
646
717
1816
353
498
938
964
550
6328
303
588
544
989
1248
11880
161
1379
346
406
282
323
2210
1155
498
724
3517
584
3680
566
524
1888
2438
1866
353
262
2568
2298
5336
2044
1614
1425
3915
1936
18536
10628
9816
1076
1284
2456
1048
1059
412
2471
1043
2266
4606
1983
1583
1986
7823
2376
736
6753
736
1405
2711
2873
2296
1825
4161
843
2130
2904
4521
1815
3733
1375
1253
12940
1647
436
1294
3268
5703
8876
2040
3911
4493
4240
16068
5127
2896
2208
2110
4145
8057
613
1580
525
238
1174
4777
1824
542
716
309
1046
6030
1958
7953
381
354
487
574
986
655
1051
2707
7871
613
723
1181
619
1036
574
1060
1465
4900
8469
17291
1889
7813
1447
1001
278
895
4799
12898
1804
2205
2773
488
1832
1140
6045
1205
2987
3465
296
390
504
1109
501
1602
375
168
703
1360
490
2598
365
351
0
0
0
368
223
3752
57
703
141
23
37
72
522
298
2414
309
1848
194
445
171
152
291
2064
710
1822
347
2037
996
1195
404
1441
1686
996
1199
457
2066
1141
359
706
818
2010
2426
4086
1999
669
13446
1851
9923
739
1923
1390
18493
5745
1758
1293
992
1501
3738
16508
3351
8043
2026
4521
950
1497
1746
1401
3146
1327
986
648
724
2333
1574
1188
943
2677
3648
1558
1317
875
8533
1016
1566
1111
2266
1811
1248
482
1171
7577
2192
3589
6100
6611
15077
2777
7170
3067
474
1486
1562
1368
1778
2913
1949
2955
768
1211
722
5585
3684
3992
1191
738
518
630
651
2225
283
2380
1281
2610
1642
1801
1111
1256
645
2924
3087
1144
4114
949
2555
3687
826
812
1427
1006
7539
600
877
711
1875
2087
673
1494
3302
6112
1109
2778
4105
2769
1767
2024
2048
217
14157
594
570
1939
2351
646
717
1816
368
223
3752
0
0
0
273
963
231
398
328
174
741
646
388
407
328
781
364
443
389
564
931
1029
752
736
6063
3545
821
996
543
1031
2055
695
517
14589
1526
574
4671
1123
1360
1438
11363
1713
935
2689
25538
1140
10754
4197
17326
2411
2332
9665
597
2213
1737
3334
10107
3464
6285
5002
3894
1515
651
19953
2848
613
885
721
723
2515
607
655
1578
659
2366
942
7126
2512
991
2657
1636
994
1691
3016
11496
1230
868
794
5187
3348
1674
2491
18732
2341
15721
1984
7181
733
795
366
1633
2118
1204
383
554
1119
814
537
934
472
546
711
553
1104
1049
2348
573
842
602
799
2385
1971
640
3482
3442
5085
694
2465
10649
1734
895
1162
675
1049
317
718
610
7799
2491
310
964
928
4620
5372
11436
7774
2711
493
588
1007
300
945
4219
1159
250
269
366
400
263
579
353
498
938
57
703
141
273
963
231
0
0
0
86
108
63
787
423
201
405
629
551
153
226
514
276
613
337
3597
1203
901
799
3715
682
1645
875
3554
630
7648
1061
588
585
457
7495
2252
1549
2622
373
4149
2150
3578
1740
2801
860
1334
4108
1129
1686
1835
2706
1037
4613
7579
2582
534
1511
7290
1196
3511
760
7610
1811
30548
1938
5845
876
1709
1780
1162
2266
4733
4205
3787
1606
456
2127
4142
2659
729
4422
5811
7244
1013
2431
963
3398
2729
2096
8136
3459
1760
1114
4529
830
519
1232
1210
1168
1196
218
7298
456
9842
439
871
2049
1231
429
3156
753
2387
569
347
1559
797
446
835
551
1420
745
719
1942
4159
1118
2215
1443
1222
752
1011
1489
1781
1227
1642
4898
2041
896
1307
319
1117
2117
307
709
350
648
3361
201
1438
1998
600
598
572
386
754
507
3165
492
964
550
6328
23
37
72
398
328
174
86
108
63
0
0
0
237
194
375
699
160
376
1448
458
681
273
319
468
1502
1824
3636
1487
1062
656
414
2348
3535
1795
4251
1568
1744
1255
1772
2888
5819
1189
17237
1878
1453
2338
3435
5955
4180
2575
4524
746
4287
1658
3182
3092
7455
1430
2640
3128
14944
10341
2470
3701
2113
3676
1035
2116
14837
4219
2836
657
4642
3279
2759
1943
3204
1495
843
5402
527
830
8301
2011
2686
1717
915
1473
519
9411
1067
3625
1286
4398
1283
1825
2797
1752
16107
79
590
532
260
279
379
153
188
2563
203
716
484
330
546
377
398
404
106
879
286
423
212
569
7868
1486
3781
4461
1865
1020
865
1123
333
1065
2723
650
1081
1554
647
13929
237
3860
1623
4715
1404
17587
2225
775
997
710
2994
11683
314
361
851
1385
880
507
382
723
262
665
828
2970
303
588
544
522
298
2414
741
646
388
787
423
201
237
194
375
0
0
0
526
525
227
1381
1278
586
106
126
98
112
483
906
1460
660
1259
447
847
1415
1351
3949
477
495
195
1184
2952
3477
3170
2046
996
5134
541
1651
1738
1739
8332
2224
7788
9653
3594
1916
4261
3118
1217
2529
5767
4411
978
1083
5341
5495
571
3517
5567
14392
12964
585
2567
1181
1216
982
4751
5745
1459
4901
2661
1505
1377
6640
9031
4172
1162
733
1302
543
1830
934
1366
3742
27552
2518
13738
4541
3630
1271
150
243
934
1607
1103
450
13496
500
613
445
696
1538
4417
464
506
1039
214
548
406
555
1904
3997
1375
795
1517
1454
776
833
1153
1376
848
771
644
1720
3890
2450
323
790
662
892
1376
777
2181
1675
452
1209
330
809
1070
1079
2319
204
2701
1286
1231
638
1849
2085
354
621
3160
619
2057
989
1248
11880
309
1848
194
407
328
781
405
629
551
699
160
376
526
525
227
0
0
0
155
102
137
259
190
1284
379
110
1374
2719
1743
600
2075
227
661
4026
3904
873
616
822
787
4200
3080
4347
1159
2554
1264
2740
769
1290
682
4966
6376
1893
1949
1982
5322
918
1884
1159
6717
4026
1306
4180
6133
1610
6647
1096
2335
16262
12967
1153
5269
633
4652
725
2505
2316
3456
756
4617
5049
1062
742
2613
878
960
2161
631
2633
415
1303
1877
1995
3393
10907
1475
15018
2898
8128
1127
458
224
1699
430
813
1352
2179
288
388
1278
497
6262
1604
254
557
296
830
530
1258
324
772
485
1091
4067
283
737
368
754
1823
5136
755
7496
3440
904
594
1113
542
799
1750
2720
1116
1277
919
336
422
564
557
4879
1082
816
1460
720
5632
654
1909
2676
4692
1256
1146
1313
956
4228
355
161
1379
346
445
171
152
364
443
389
153
226
514
1448
458
681
1381
1278
586
155
102
137
0
0
0
30
131
204
193
255
889
2562
299
1096
447
1138
662
2021
155
252
250
1709
355
2318
2365
5357
2968
925
16374
6806
1992
3625
2411
1167
1864
1113
3692
12385
1231
623
2854
2192
11479
1627
4885
1256
1678
16110
4935
463
4443
1154
7844
4444
1132
8073
878
1160
1038
2194
829
1069
1809
2159
882
2101
2583
4067
1743
5361
2176
3588
1347
395
2342
34249
7426
1401
1960
9828
23788
11903
1674
166
237
1584
127
3201
451
492
932
171
982
840
634
421
568
1067
355
326
457
938
361
637
1235
1751
783
1953
2366
1281
3477
1164
729
2126
920
955
1120
3364
886
442
2247
458
5427
6058
23668
2172
3932
792
44452
5466
394
539
1454
956
263
7689
7131
637
322
717
482
1974
252
352
502
293
406
282
323
291
2064
710
564
931
1029
276
613
337
273
319
468
106
126
98
259
190
1284
30
131
204
0
0
0
196
98
338
254
1307
578
1024
695
474
422
2109
1510
660
728
227
1764
2073
4807
2140
3839
2648
896
1499
1870
4050
2410
7453
1062
987
2684
79823
1718
6504
18990
18262
14588
4554
539
811
9666
821
13447
21753
7792
3236
580
1660
940
5413
657
1424
1558
2302
3938
1103
1897
3102
20936
1699
3685
1119
6909
963
1718
1525
1101
2285
1659
1172
3403
1503
5939
918
2017
12261
354
441
198
412
283
1062
353
447
4208
399
767
225
233
373
309
261
228
1216
391
1895
466
426
609
401
534
158
3722
754
3929
1719
547
724
1982
970
8696
1820
526
568
564
1615
2284
2213
1218
815
1288
1076
1725
1524
3594
1819
490
2082
564
2210
1007
485
4420
3075
1063
829
1698
855
1396
2210
1155
498
1822
347
2037
752
736
6063
3597
1203
901
1502
1824
3636
112
483
906
379
110
1374
193
255
889
196
98
338
0
0
0
1037
306
1337
1174
796
485
432
1244
1930
2243
159
98
1208
3898
4695
1980
2753
4218
1145
750
1288
2534
2471
6467
992
1486
1347
1174
1563
806
10232
3602
21838
19045
2153
2191
1125
16815
3810
2076
11637
3337
1079
6640
4200
1761
817
2422
15176
6952
1035
1368
2065
10406
7382
1974
2396
2036
1705
5538
675
2984
308
1520
690
957
1195
2860
925
2036
1949
4613
413
921
2495
727
2739
4570
1456
985
858
13464
1821
971
574
636
373
832
553
298
774
7997
784
991
1021
375
7108
515
403
645
217
14917
1389
483
7192
2306
4299
678
1478
2926
4167
2365
750
572
2104
985
5626
800
1759
1374
2295
12663
1316
1325
1092
2232
3269
5425
703
2181
1017
530
1544
7083
1595
724
3517
584
996
1195
404
3545
821
996
799
3715
682
1487
1062
656
1460
660
1259
2719
1743
600
2562
299
1096
254
1307
578
1037
306
1337
0
0
0
169
308
447
41
11
102
327
512
239
8365
3990
6876
860
3885
5492
3759
1319
7116
1612
2471
3611
2309
4548
1581
4928
4088
4779
3901
915
1765
1738
5206
3947
9079
561
3783
2399
3211
3398
3495
1289
563
5849
1166
1160
838
2402
6814
12644
1283
3042
1914
3701
12416
19417
843
425
454
804
703
2162
904
4989
1699
2351
916
1078
1553
5120
594
822
1285
942
946
390
3656
1188
1393
2610
2107
904
952
1656
935
656
1091
367
774
782
2587
748
361
415
311
957
575
3508
2993
748
1531
1655
706
884
1399
1039
2433
486
567
890
753
1752
1555
1167
696
7774
16758
1391
519
1456
1322
681
653
1237
32472
1053
2129
13447
12066
1378
2158
1722
1897
3680
566
524
1441
1686
996
543
1031
2055
1645
875
3554
414
2348
3535
447
847
1415
2075
227
661
447
1138
662
1024
695
474
1174
796
485
169
308
447
0
0
0
146
560
607
501
785
354
1668
866
6480
411
647
883
1314
3341
17970
6953
1201
1440
2365
1114
2903
3649
1376
5928
1426
1338
2439
9370
633
3059
3765
17546
881
1168
5651
2684
1628
3195
2691
1972
16301
5519
6679
4205
17855
1369
9660
2501
1895
2005
1739
1092
1956
17881
7603
1356
1324
2051
1845
1808
579
7076
1490
4015
738
6318
813
1463
1747
2507
1399
669
393
4264
1792
606
2767
464
3244
789
438
3351
1450
431
836
458
947
567
332
841
1888
1629
3984
588
383
385
2430
2296
407
608
26607
2995
851
388
453
2409
3298
7382
1118
667
621
6925
700
2424
1609
1115
5764
3151
5214
2610
1526
1040
1638
5481
1529
6533
17737
12518
2565
1888
2438
1866
1199
457
2066
695
517
14589
630
7648
1061
1795
4251
1568
1351
3949
477
4026
3904
873
2021
155
252
422
2109
1510
432
1244
1930
41
11
102
146
560
607
0
0
0
541
72
1131
1497
1485
15572
2786
1632
17773
1702
1991
9150
457
3231
3289
1163
39804
1036
2349
1943
1441
14251
1653
5998
3721
2162
27953
2082
1132
2129
4033
2455
1656
8653
1236
2461
1434
2187
4657
65363
2509
1698
1161
1331
1826
1899
3698
4806
1452
774
812
857
209
1306
926
1377
1434
1094
23574
768
3029
10564
24474
609
8789
797
416
1420
408
509
459
2154
616
1938
1270
855
255
343
654
1435
173
267
620
296
1292
1231
691
906
636
3963
552
1168
1232
595
1648
647
806
5570
829
646
1054
485
1081
1483
1699
2095
1033
1334
17955
9810
1485
1740
8365
1009
10105
829
533
3177
1337
4196
686
2470
9248
2473
523
1046
353
262
2568
1141
359
706
1526
574
4671
588
585
457
1744
1255
1772
495
195
1184
616
822
787
250
1709
355
660
728
227
2243
159
98
327
512
239
501
785
354
541
72
1131
0
0
0
1614
2084
1431
3158
2685
9823
3949
827
3906
10532
1506
4323
20026
5369
1530
1646
2803
2946
2034
3015
19501
3408
1210
7637
5363
5191
3527
2527
20096
1409
1187
905
981
2032
30561
1005
5747
1117
494
3488
3812
3569
1870
1919
5388
917
2508
441
836
2594
543
872
900
999
7029
1091
3863
470
2194
1018
2635
4771
1311
1307
2622
1700
5353
532
524
984
5802
7845
1251
1648
4803
384
11323
962
1603
790
9847
516
1303
1767
1820
2063
389
6173
3606
845
1168
2034
2274
7340
697
426
1651
7764
1520
357
10445
157
393
324
1348
2830
2774
1424
3300
1001
1810
1795
585
2249
2766
5669
1641
1939
4322
2843
12759
8901
7132
2298
5336
2044
818
2010
2426
1123
1360
1438
7495
2252
1549
2888
5819
1189
2952
3477
3170
4200
3080
4347
2318
2365
5357
1764
2073
4807
1208
3898
4695
8365
3990
6876
1668
866
6480
1497
1485
15572
1614
2084
1431
0
0
0
2261
15450
1113
1403
7487
1574
938
1282
20077
2455
18488
3460
1266
1212
1150
548
1039
812
128
669
270
9784
782
1300
1556
1088
783
2320
1421
10934
1227
1787
3311
2343
2651
24605
11042
1862
5105
7440
3256
4729
32065
2024
1579
3030
4400
1760
1769
1937
6496
1235
22242
4199
2798
2327
2363
7407
2654
989
2006
719
6992
12488
2064
2381
2910
927
886
3537
566
928
2978
989
5770
3991
9025
2226
4077
1384
499
269
5303
381
702
8858
42143
9087
1160
1706
1223
2253
1405
1886
25769
19254
1256
1460
648
2312
1956
2301
4133
899
5544
832
930
1839
778
2111
3890
4785
1463
6044
2551
2048
1313
1812
802
1588
1614
1425
3915
4086
1999
669
11363
1713
935
2622
373
4149
17237
1878
1453
2046
996
5134
1159
2554
1264
2968
925
16374
2140
3839
2648
1980
2753
4218
860
3885
5492
411
647
883
2786
1632
17773
3158
2685
9823
2261
15450
1113
0
0
0
716
1080
301
1013
681
3192
5631
3696
4361
6414
2898
1708
1738
3241
1478
2748
5651
3623
7752
4696
5094
2929
37326
10334
2298
3543
2428
1316
1950
9328
72937
2220
2345
7849
2828
1562
4146
1086
4441
6872
3921
3035
3542
1907
3358
459
2899
1649
311
262
946
2800
326
5351
9542
1467
3021
3523
10473
2597
1594
1751
1285
1250
505
5177
2319
931
994
10032
2074
1075
3711
1373
1685
1519
1721
1257
607
939
2823
3724
1521
461
1141
2158
1289
181
1159
1142
2386
2020
1276
1820
699
2397
624
1522
872
2904
1139
1284
10239
2995
2872
1384
2611
955
7629
2862
3727
8640
3552
4047
2577
5249
3681
1936
18536
10628
13446
1851
9923
2689
25538
1140
2150
3578
1740
2338
3435
5955
541
1651
1738
2740
769
1290
6806
1992
3625
896
1499
1870
1145
750
1288
3759
1319
7116
1314
3341
17970
1702
1991
9150
3949
827
3906
1403
7487
1574
716
1080
301
0
0
0
184
398
234
7660
2321
10557
938
3604
2522
2343
1811
2399
794
4305
712
6656
17889
14408
2909
7265
2610
2455
3351
101886
3513
4282
1153
4741
13324
5290
6273
2448
4103
9141
1657
1237
4432
2257
11829
5670
1526
2996
3059
1643
10168
2286
2738
21178
1325
2240
966
677
10339
2302
1489
6023
3944
1928
26814
1176
425
782
3774
799
6540
18622
8818
1265
2363
17294
3158
1028
559
868
5999
2289
3134
3801
1432
781
3285
272
667
1136
599
1137
526
6064
1205
7869
6849
16481
734
4175
2201
7628
9751
1822
1709
3370
1648
2082
4385
2000
8148
10170
15800
2480
1664
2440
1908
2357
3690
1349
9816
1076
1284
739
1923
1390
10754
4197
17326
2801
860
1334
4180
2575
4524
1739
8332
2224
682
4966
6376
2411
1167
1864
4050
2410
7453
2534
2471
6467
1612
2471
3611
6953
1201
1440
457
3231
3289
10532
1506
4323
938
1282
20077
1013
681
3192
184
398
234
0
0
0
1826
4783
3155
2158
1644
1286
1214
2468
2120
858
980
1854
7193
1787
1667
2805
795
2533
2640
6223
1083
2514
4382
4834
1938
1799
2888
4090
13409
18717
40615
3840
2298
2433
12926
1759
4467
6412
2732
4164
4347
5762
4454
1104
1243
1014
3085
4035
10366
8060
4034
6963
1029
457
920
1244
3144
2923
1641
2031
3859
11268
1662
844
1866
8388
2577
1312
2901
1770
1477
9641
2670
1604
1232
1417
2541
6385
2680
2622
2205
26005
8761
3353
1012
3604
2070
1281
1156
648
2248
1970
1258
2029
1025
634
529
2924
3366
3765
10036
1471
1446
2873
2374
1665
1328
362
841
821
1428
2456
1048
1059
18493
5745
1758
2411
2332
9665
4108
1129
1686
746
4287
1658
7788
9653
3594
1893
1949
1982
1113
3692
12385
1062
987
2684
992
1486
1347
2309
4548
1581
2365
1114
2903
1163
39804
1036
20026
5369
1530
2455
18488
3460
5631
3696
4361
7660
2321
10557
1826
4783
3155
0
0
0
1927
1062
528
1261
10751
1753
943
6045
3472
293
1989
6814
1434
2779
22222
2242
1525
2429
3152
934
256
251
723
403
5129
18474
3906
1667
15647
921
3258
8616
4740
4421
1492
4423
1750
20597
6233
23739
3806
5655
1034
31915
6698
1692
3854
1918
1479
5826
966
6705
2195
1312
15935
608
866
4793
3775
2374
28022
1983
6679
1516
8320
918
2358
2096
2302
7963
2122
2042
2324
3316
3247
956
743
2807
3022
1386
8752
1619
2745
22665
21640
4858
2242
11856
8257
20679
346
1205
894
1855
2085
4669
999
1045
599
1330
2700
1278
1309
977
2229
889
1654
2096
412
2471
1043
1293
992
1501
597
2213
1737
1835
2706
1037
3182
3092
7455
1916
4261
3118
5322
918
1884
1231
623
2854
79823
1718
6504
1174
1563
806
4928
4088
4779
3649
1376
5928
2349
1943
1441
1646
2803
2946
1266
1212
1150
6414
2898
1708
938
3604
2522
2158
1644
1286
1927
1062
528
0
0
0
1707
6677
2037
2113
654
3195
250
221
207
375
10419
384
21050
48780
1767
6270
584
1094
3664
904
1392
3370
14080
3164
784
8945
1668
2110
1850
6619
1075
2124
2328
13858
4403
22294
1827
1464
6498
1942
3427
1481
996
888
3170
11765
1362
2803
2151
2486
36281
1648
1117
1463
1435
8104
4825
1542
788
1809
2160
3393
1014
4299
9351
1583
1493
1767
2709
728
868
7628
1037
2420
1115
1121
945
4013
4027
1685
1212
3735
6783
966
662
35671
1889
2225
5484
8685
15050
1314
578
1172
1839
10447
841
23114
1451
3982
11888
10741
2170
3139
2312
2266
4606
1983
3738
16508
3351
3334
10107
3464
4613
7579
2582
1430
2640
3128
1217
2529
5767
1159
6717
4026
2192
11479
1627
18990
18262
14588
10232
3602
21838
3901
915
1765
1426
1338
2439
14251
1653
5998
2034
3015
19501
548
1039
812
1738
3241
1478
2343
1811
2399
1214
2468
2120
1261
10751
1753
1707
6677
2037
0
0
0
254
283
428
5894
576
1715
714
496
1055
7108
3454
2918
3680
4503
7512
1679
1280
6468
1992
118525
2391
6997
1420
40068
3606
3545
9287
2513
49253
7655
4747
4566
2510
3323
2739
2338
20645
4058
2533
942
397
8287
2730
1333
738
764
2426
1231
5099
13509
2199
1008
815
1354
858
2350
5399
680
2924
1331
1351
1778
1115
1503
1699
3019
1325
6705
724
1108
1173
1525
2303
1007
243
944
3583
1413
2303
982
298
1300
789
1403
900
1578
706
788
674
1660
1002
3506
1907
1388
1064
512
5825
515
1103
1537
3849
4158
1583
1986
7823
8043
2026
4521
6285
5002
3894
534
1511
7290
14944
10341
2470
4411
978
1083
1306
4180
6133
4885
1256
1678
4554
539
811
19045
2153
2191
1738
5206
3947
9370
633
3059
3721
2162
27953
3408
1210
7637
128
669
270
2748
5651
3623
794
4305
712
858
980
1854
943
6045
3472
2113
654
3195
254
283
428
0
0
0
1684
2520
814
539
691
296
1989
4667
6865
2802
3165
9836
3652
2355
1715
17572
1866
2595
1435
1594
5563
2651
1968
1467
15701
2751
5629
6862
3597
3233
1886
2982
3790
13686
1326
4265
3248
2469
27063
5266
2725
1499
925
5605
5501
3711
1414
6862
2597
12189
1921
7390
9108
3504
1531
1401
3722
1732
5513
862
6746
5468
2106
1025
501
606
2978
5497
1063
2204
2852
2531
5496
1806
1144
793
1513
1323
615
1079
1733
1160
1051
298
2002
1287
1618
455
2157
4140
1265
346
422
611
5765
4293
699
365
1233
2376
736
6753
950
1497
1746
1515
651
19953
1196
3511
760
3701
2113
3676
5341
5495
571
1610
6647
1096
16110
4935
463
9666
821
13447
1125
16815
3810
9079
561
3783
3765
17546
881
2082
1132
2129
5363
5191
3527
9784
782
1300
7752
4696
5094
6656
17889
14408
7193
1787
1667
293
1989
6814
250
221
207
5894
576
1715
1684
2520
814
0
0
0
792
2010
3992
5715
2180
868
1217
2205
1607
13354
6279
964
1269
4373
4831
2626
1424
2215
2903
2411
3172
1998
4690
3279
2422
11943
4903
3106
1772
1755
2477
4040
2251
2900
2590
1859
1137
11430
702
2120
1140
1768
831
2581
2727
821
2601
4885
2338
4867
1420
688
1477
981
1720
1085
1712
3467
1848
2510
4186
1282
544
6359
1153
616
867
2836
41798
1557
660
7406
312
603
1029
38604
727
757
3626
1708
891
1891
204
450
1241
2703
911
1469
547
3033
1025
1794
2381
1698
6057
9585
736
1405
2711
1401
3146
1327
2848
613
885
7610
1811
30548
1035
2116
14837
3517
5567
14392
2335
16262
12967
4443
1154
7844
21753
7792
3236
2076
11637
3337
2399
3211
3398
1168
5651
2684
4033
2455
1656
2527
20096
1409
1556
1088
783
2929
37326
10334
2909
7265
2610
2805
795
2533
1434
2779
22222
375
10419
384
714
496
1055
539
691
296
792
2010
3992
0
0
0
1684
2491
27443
1262
2652
1343
6858
1478
7397
3261
4590
2805
2234
2615
4810
11725
1985
2978
8356
1051
4931
18317
926
3119
2419
2052
2731
5715
4126
5316
3417
1058
1989
3949
4553
1522
1387
1493
831
8970
4196
1061
873
3876
1037
14962
781
1101
2528
18364
3880
18976
22599
631
4367
3058
3510
2232
2291
3920
1473
4365
2133
1900
1616
3626
2508
955
3264
4058
27032
725
4135
2904
747
995
1528
1831
4201
544
1915
3542
1525
1577
1600
3623
1072
2618
881
803
5113
1218
395
2873
2296
1825
986
648
724
721
723
2515
1938
5845
876
4219
2836
657
12964
585
2567
1153
5269
633
4444
1132
8073
580
1660
940
1079
6640
4200
3495
1289
563
1628
3195
2691
8653
1236
2461
1187
905
981
2320
1421
10934
2298
3543
2428
2455
3351
101886
2640
6223
1083
2242
1525
2429
21050
48780
1767
7108
3454
2918
1989
4667
6865
5715
2180
868
1684
2491
27443
0
0
0
384
1838
1619
1505
2088
14416
906
373
234
1153
751
361
4004
938
2259
20681
891
2982
7494
1211
7551
1509
3447
2115
36304
1677
1530
1271
2910
1013
2154
2346
1200
1052
1072
339
1044
3959
2534
572
1874
4193
10898
1726
1627
10855
1478
3207
1887
2860
1774
1499
1699
1359
1376
1804
471
1694
4530
1843
1959
1124
712
3366
1373
2020
666
565
8458
2336
1354
2683
18944
1315
1870
1428
3081
1133
3641
2372
2333
666
6281
2703
1186
4578
1148
725
2294
2102
4161
843
2130
2333
1574
1188
607
655
1578
1709
1780
1162
4642
3279
2759
1181
1216
982
4652
725
2505
878
1160
1038
5413
657
1424
1761
817
2422
5849
1166
1160
1972
16301
5519
1434
2187
4657
2032
30561
1005
1227
1787
3311
1316
1950
9328
3513
4282
1153
2514
4382
4834
3152
934
256
6270
584
1094
3680
4503
7512
2802
3165
9836
1217
2205
1607
1262
2652
1343
384
1838
1619
0
0
0
1396
277
1314
680
3482
12911
223
5224
685
1546
19679
4377
3109
4910
1464
1247
30335
15300
2405
5497
8523
1642
2957
11012
2092
1247
1209
5514
1593
43023
853
7999
1270
1010
818
1670
1998
2672
973
11380
8174
1900
2779
4742
1276
4614
6855
10589
3101
3107
3055
3404
2934
1957
6128
9873
2730
825
1662
1333
1883
1504
2113
2196
1067
839
849
2391
4274
950
654
1186
5080
1058
693
891
775
589
2002
616
548
2380
387
3939
871
1117
563
2904
4521
1815
943
2677
3648
659
2366
942
2266
4733
4205
1943
3204
1495
4751
5745
1459
2316
3456
756
2194
829
1069
1558
2302
3938
15176
6952
1035
838
2402
6814
6679
4205
17855
65363
2509
1698
5747
1117
494
2343
2651
24605
72937
2220
2345
4741
13324
5290
1938
1799
2888
251
723
403
3664
904
1392
1679
1280
6468
3652
2355
1715
13354
6279
964
6858
1478
7397
1505
2088
14416
1396
277
1314
0
0
0
2575
2385
1968
652
2088
731
5958
2616
2936
6835
1941
23042
13126
1351
46052
1658
3244
23861
2373
103197
1538
1406
2058
1767
2629
8021
1606
1771
697
806
1457
869
4580
1008
15519
2065
1125
3787
4533
2396
1928
1121
6452
2373
1378
17544
1675
970
52829
1359
3256
2246
948
1728
2538
1788
3709
1943
660
17071
1018
3090
7065
2902
2408
1145
4250
15688
2278
1681
3046
2457
4585
1673
4733
2489
6997
1349
2257
1998
1264
2465
2425
2075
3733
1375
1253
1558
1317
875
7126
2512
991
3787
1606
456
843
5402
527
4901
2661
1505
4617
5049
1062
1809
2159
882
1103
1897
3102
1368
2065
10406
12644
1283
3042
1369
9660
2501
1161
1331
1826
3488
3812
3569
11042
1862
5105
7849
2828
1562
6273
2448
4103
4090
13409
18717
5129
18474
3906
3370
14080
3164
1992
118525
2391
17572
1866
2595
1269
4373
4831
3261
4590
2805
906
373
234
680
3482
12911
2575
2385
1968
0
0
0
859
2089
1114
473
1593
854
1360
3139
675
5169
2655
2824
25356
3339
3297
3353
3303
20592
3229
2365
4023
768
1147
753
889
1681
611
4990
2179
10513
4052
563
2111
4687
3402
5459
3898
24659
1973
1749
3656
2673
1456
27051
1705
12794
3809
6184
3183
8671
4631
2391
20142
34506
1421
2850
6323
7138
1447
2181
4857
2980
1619
1731
3557
1268
1495
2399
4190
4370
863
3236
2113
920
3701
3032
2638
2801
1551
978
2202
12940
1647
436
8533
1016
1566
2657
1636
994
2127
4142
2659
830
8301
2011
1377
6640
9031
742
2613
878
2101
2583
4067
20936
1699
3685
7382
1974
2396
1914
3701
12416
1895
2005
1739
1899
3698
4806
1870
1919
5388
7440
3256
4729
4146
1086
4441
9141
1657
1237
40615
3840
2298
1667
15647
921
784
8945
1668
6997
1420
40068
1435
1594
5563
2626
1424
2215
2234
2615
4810
1153
751
361
223
5224
685
652
2088
731
859
2089
1114
0
0
0
4006
30977
2293
3636
2340
1223
1910
2484
3168
2545
2338
6667
2670
10520
3393
1274
717
3903
920
1516
3422
1315
1859
1200
459
2776
4303
2111
1212
2189
4874
7254
1293
3396
2715
927
1206
1433
1034
1442
7549
3127
2306
4291
2221
11288
1819
3894
5702
27132
7167
12537
1838
3511
6737
1437
2208
5095
3808
6017
1109
2456
1120
1312
2163
5441
6782
12672
4812
1252
1760
1829
1115
2858
6793
986
1009
1479
1294
3268
5703
1111
2266
1811
1691
3016
11496
729
4422
5811
2686
1717
915
4172
1162
733
960
2161
631
1743
5361
2176
1119
6909
963
2036
1705
5538
19417
843
425
1092
1956
17881
1452
774
812
917
2508
441
32065
2024
1579
6872
3921
3035
4432
2257
11829
2433
12926
1759
3258
8616
4740
2110
1850
6619
3606
3545
9287
2651
1968
1467
2903
2411
3172
11725
1985
2978
4004
938
2259
1546
19679
4377
5958
2616
2936
473
1593
854
4006
30977
2293
0
0
0
374
4392
345
859
786
827
671
4324
1870
1229
5756
6139
2140
7122
2207
1125
1126
1111
7936
1674
1023
1193
1772
5210
1289
3071
906
975
7647
1518
2047
1608
1255
2937
1145
7116
572
3787
2731
5596
3067
1063
1049
31943
856
4601
1769
972
3769
1612
13377
3024
5330
1476
1169
1914
17939
3375
3046
11497
4642
945
2395
1690
7841
1786
1302
23082
4404
910
3555
979
5330
928
1004
8876
2040
3911
1248
482
1171
1230
868
794
7244
1013
2431
1473
519
9411
1302
543
1830
2633
415
1303
3588
1347
395
1718
1525
1101
675
2984
308
454
804
703
7603
1356
1324
857
209
1306
836
2594
543
3030
4400
1760
3542
1907
3358
5670
1526
2996
4467
6412
2732
4421
1492
4423
1075
2124
2328
2513
49253
7655
15701
2751
5629
1998
4690
3279
8356
1051
4931
20681
891
2982
3109
4910
1464
6835
1941
23042
1360
3139
675
3636
2340
1223
374
4392
345
0
0
0
538
6440
5848
2073
4368
2924
832
642
1776
8631
3678
1870
1105
1621
2135
34237
840
552
1901
1915
2401
2211
2643
2621
899
974
2313
998
1044
1875
2136
12457
5708
9379
1008
2146
848
1851
3774
1569
10534
1117
1256
2035
935
3788
716
2998
10101
1187
3308
11498
5790
2309
2540
1342
2649
4212
5493
8052
3990
5831
2801
1048
2114
4269
3198
965
1278
6942
3115
6183
4493
4240
16068
7577
2192
3589
5187
3348
1674
963
3398
2729
1067
3625
1286
934
1366
3742
1877
1995
3393
2342
34249
7426
2285
1659
1172
1520
690
957
2162
904
4989
2051
1845
1808
926
1377
1434
872
900
999
1769
1937
6496
459
2899
1649
3059
1643
10168
4164
4347
5762
1750
20597
6233
13858
4403
22294
4747
4566
2510
6862
3597
3233
2422
11943
4903
18317
926
3119
7494
1211
7551
1247
30335
15300
13126
1351
46052
5169
2655
2824
1910
2484
3168
859
786
827
538
6440
5848
0
0
0
1355
2895
3542
842
131
753
2638
30313
2155
5135
1630
2036
12647
2819
8317
2961
7893
944
2731
2403
607
3559
2493
10525
1412
1613
761
4229
2884
12125
1121
1003
1598
2156
2527
1791
1310
1342
1416
21361
1468
1627
2038
709
1170
1267
2361
2129
7626
2038
3609
2586
11661
4292
6107
1784
12686
15228
2287
7453
2050
3070
1398
2232
12778
4883
4486
6829
41742
5127
2896
2208
6100
6611
15077
2491
18732
2341
2096
8136
3459
4398
1283
1825
27552
2518
13738
10907
1475
15018
1401
1960
9828
3403
1503
5939
1195
2860
925
1699
2351
916
579
7076
1490
1094
23574
768
7029
1091
3863
1235
22242
4199
311
262
946
2286
2738
21178
4454
1104
1243
23739
3806
5655
1827
1464
6498
3323
2739
2338
1886
2982
3790
3106
1772
1755
2419
2052
2731
1509
3447
2115
2405
5497
8523
1658
3244
23861
25356
3339
3297
2545
2338
6667
671
4324
1870
2073
4368
2924
1355
2895
3542
0
0
0
113
825
5050
1551
4674
20740
2049
6772
2802
26960
21590
1065
4159
4187
1310
4843
3305
2418
2182
707
2180
1310
2906
1559
850
9855
2947
7185
1835
3584
21894
1886
3683
12070
1991
1411
1395
1343
1185
4087
3706
13071
1373
4460
4347
2914
7261
2741
4597
10867
14580
4210
16873
2155
39122
1681
2269
19281
4366
5799
17269
5234
45781
27335
7601
5649
2110
4145
8057
2777
7170
3067
15721
1984
7181
1760
1114
4529
2797
1752
16107
4541
3630
1271
2898
8128
1127
23788
11903
1674
918
2017
12261
2036
1949
4613
1078
1553
5120
4015
738
6318
3029
10564
24474
470
2194
1018
2798
2327
2363
2800
326
5351
1325
2240
966
1014
3085
4035
1034
31915
6698
1942
3427
1481
20645
4058
2533
13686
1326
4265
2477
4040
2251
5715
4126
5316
36304
1677
1530
1642
2957
11012
2373
103197
1538
3353
3303
20592
2670
10520
3393
1229
5756
6139
832
642
1776
842
131
753
113
825
5050
0
0
0
