C_ijk
0
0
0
259
131
932
71
50
61
147
149
69
202
1693
171
125
240
232
956
160
246
1719
2854
392
635
248
982
366
470
817
1032
2762
1206
2586
1313
2911
945
220
282
203
411
885
18400
584
428
661
4741
241
5328
1308
226
755
874
6846
1114
422
1061
225
383
382
2626
535
769
127
305
226
479
574
386
932
6488
749
735
572
6425
1250
977
256
393
803
117
2065
335
1388
339
1966
819
1281
406
829
132
683
2518
311
1016
1095
1206
1658
2030
2079
5747
985
1347
567
390
1821
1450
2037
3251
6307
2526
10311
889
11149
4109
4265
1517
1036
2626
1933
1346
3971
3055
1091
13101
3700
2498
1104
31607
905
5471
1320
797
4382
369
3543
859
3581
1342
1365
20329
1378
5526
4075
807
7977
2650
2203
3386
683
18490
1414
4361
11480
1712
7251
2097
1109
1395
3903
1633
7186
2967
26229
4061
259
131
932
0
0
0
8
15
9
67
157
156
278
164
854
710
493
150
174
358
154
464
457
421
2020
1769
949
1575
684
311
1502
446
710
1487
543
1774
449
283
314
459
1258
1107
2017
858
769
4823
991
1149
510
507
392
606
314
595
382
579
1184
617
1269
7144
6533
555
2839
479
228
487
1335
1765
1053
1716
718
1335
2162
812
187
1477
614
412
295
596
594
650
588
3787
1144
329
232
266
232
225
217
144
5808
1909
414
7591
3738
548
454
1099
9926
506
3006
313
396
1177
931
882
2959
2442
5404
3556
1551
2506
2484
1114
3018
5281
1942
942
1281
979
1262
1182
1632
2529
752
3062
1943
3718
1479
1749
3995
1955
1100
6096
1167
784
713
966
9211
695
1637
1222
1726
35424
36038
24058
1489
2296
2674
4017
2736
1901
1250
1245
2137
5057
1666
1147
1676
2674
2888
3688
5537
71
50
61
8
15
9
0
0
0
124
856
220
1431
364
843
1429
327
466
250
262
349
1005
851
938
911
1131
2791
995
623
919
758
504
476
2988
1653
4477
282
683
864
539
467
666
639
3543
597
836
576
755
500
485
1113
926
515
1459
528
1404
941
242
1179
1026
835
1560
481
773
821
345
473
424
343
3769
615
2736
1376
402
279
330
485
3538
323
193
866
2185
186
351
636
1166
2772
748
5306
1780
1096
474
116
1197
2591
2319
1387
6626
1033
4583
500
2921
1812
9980
1650
3412
802
2044
5153
537
3654
15100
1003
1265
5078
723
1276
2068
2902
1235
2901
2561
1366
1404
2795
2633
1247
3135
8704
771
6263
11846
1690
9277
4603
6089
1611
2170
798
584
3413
4497
2014
4163
1436
6378
7944
1279
1120
1790
1480
3592
2371
4188
4292
2745
1700
1313
3931
2721
3179
2146
1181
3087
2055
147
149
69
67
157
156
124
856
220
0
0
0
612
768
649
304
129
311
108
52
3620
782
1293
227
396
1728
994
8441
165
1198
169
215
675
521
315
546
266
95
129
2835
1716
1494
3604
278
265
1620
720
1470
395
412
629
1413
2473
839
975
950
578
956
3795
656
1769
3914
616
11888
255
5573
1160
868
489
3467
542
929
6009
4176
1015
4298
472
1900
363
278
287
253
649
1030
509
1153
528
335
800
645
266
1340
1617
2056
2718
2889
938
650
1595
866
14755
1793
274
407
268
487
867
2306
12661
1897
2926
903
4573
2299
21400
1303
1736
1440
3786
1303
696
1076
752
1676
777
904
2434
732
2206
5626
3332
2289
6113
1561
614
10840
2806
1682
2482
12494
1568
2557
1533
590
23778
7707
2482
5311
2709
1475
1241
20768
5279
1918
805
876
6981
1869
5275
2519
2002
2290
837
25467
23497
202
1693
171
278
164
854
1431
364
843
612
768
649
0
0
0
44
23
82
61
273
228
449
151
663
321
1716
1162
570
866
758
714
578
1570
3098
398
1730
769
3519
777
213
2608
3763
996
520
859
2130
18077
1649
550
3580
1134
704
580
2562
8626
641
891
11195
840
3672
603
2218
1076
1523
763
2889
494
1865
1747
1501
1117
328
454
466
890
580
2637
628
676
1421
490
378
588
208
511
388
214
309
278
220
356
441
1574
2235
2577
941
5119
408
577
761
6021
693
1630
509
487
1042
2928
831
493
1227
2042
1243
2026
1180
1873
1337
843
1063
1072
5285
5307
5475
2402
1958
1502
671
302
961
3232
1909
2475
1467
2016
1929
1809
12655
17953
975
850
5995
2327
2016
790
15763
1651
8031
1424
1280
10176
1019
11167
2892
2669
381
2908
5562
5527
2920
2277
23228
2041
1632
5954
1804
3907
125
240
232
710
493
150
1429
327
466
304
129
311
44
23
82
0
0
0
36
109
237
528
206
4546
3350
976
4800
546
337
2126
1343
741
1093
361
423
28591
532
404
582
1163
1571
462
187
370
803
574
1088
5240
2241
4477
3519
1338
1413
2733
800
2718
840
436
441
2663
1072
2214
425
2582
1190
674
678
1107
1114
355
11992
6571
967
278
2335
1095
815
5110
418
240
564
888
2734
337
384
486
1708
810
533
2431
820
131
279
959
623
1595
412
464
1153
753
854
837
239
626
1497
5578
1465
496
671
1440
1738
2298
4207
600
10376
2922
768
2258
5833
1044
1324
2087
2624
22923
4713
59641
1621
10776
1512
4301
1861
1668
3339
1155
1204
2510
13204
1482
10061
1594
37518
5565
6637
975
7845
4737
3648
5622
358
1993
1553
5017
1865
1765
2645
2707
6586
4575
3499
1177
4971
2096
4507
6462
2696
956
160
246
174
358
154
250
262
349
108
52
3620
61
273
228
36
109
237
0
0
0
1978
406
603
498
1297
1149
551
691
1037
517
6394
860
783
650
3230
565
732
229
916
932
1354
463
5810
356
3413
696
1549
3060
669
535
3313
534
945
964
893
1240
176
462
293
874
1265
1423
311
329
308
672
306
339
1212
753
5859
226
488
3073
969
1235
2478
173
454
1481
325
776
709
441
544
1053
811
332
630
342
183
365
430
874
627
509
561
377
979
526
4615
1090
211
387
804
11014
3138
9311
568
3682
4659
766
1669
733
1518
7152
4946
754
998
19592
2630
1397
14433
2738
1893
1931
1371
15073
1078
1099
1636
1097
1127
2284
2871
55546
4147
5453
3746
1816
2726
1747
3449
1168
5265
1185
11779
3256
15815
8106
4668
1344
3532
1513
4677
3185
2337
26472
20440
1524
3442
1488
14416
3975
1719
2854
392
464
457
421
1005
851
938
782
1293
227
449
151
663
528
206
4546
1978
406
603
0
0
0
765
561
545
482
1360
1511
19807
1022
193
1388
662
1954
335
7271
644
962
845
496
666
334
3022
632
1853
310
595
942
1057
238
10385
356
1834
4924
5995
887
660
1836
9518
1619
5344
7181
787
391
520
390
982
1686
2222
7055
2729
1292
960
1319
30790
6035
939
384
1526
728
397
6649
679
588
654
2506
947
2872
325
617
477
293
936
905
361
3665
253
768
5828
909
535
8292
5814
2868
529
2244
352
1398
529
4636
15966
6800
2486
2950
836
15780
1753
4325
1889
1799
33071
1786
1781
2511
1115
1532
941
1271
6320
2056
1463
2323
5323
1609
1866
1007
9017
985
1259
7692
1580
5570
4583
4406
4874
3245
5371
1363
2359
4177
11147
668
2973
3170
865
2144
2363
914
1510
1715
657
2339
12667
635
248
982
2020
1769
949
911
1131
2791
396
1728
994
321
1716
1162
3350
976
4800
498
1297
1149
765
561
545
0
0
0
318
279
463
210
1153
755
196
270
325
3008
8235
21438
1331
1056
19857
4742
892
2793
817
1532
1381
5350
4656
2311
1350
1088
1533
1054
996
9004
1155
8419
1824
1792
1124
1030
828
1566
945
2176
2124
3103
4409
5690
1561
604
1138
1099
669
1601
1259
24622
758
633
1234
1284
809
12672
347
1153
755
768
270
1005
595
478
835
249
728
251
538
2749
1040
562
546
1013
1413
1463
5045
2518
1676
2221
1223
18557
594
539
25156
8208
1861
1138
13688
3291
5016
2250
2221
1323
13727
8464
7370
12844
883
5805
35605
663
3712
2149
5051
1538
1173
15292
2824
1252
1756
10052
6685
3797
3913
2755
5074
4382
1287
4571
30536
2149
971
14017
1126
3289
869
2347
1890
4332
1433
2189
4317
2198
4146
1129
366
470
817
1575
684
311
995
623
919
8441
165
1198
570
866
758
546
337
2126
551
691
1037
482
1360
1511
318
279
463
0
0
0
454
133
1001
94
413
751
269
276
715
843
342
976
805
704
5543
1309
880
2475
2777
13467
946
2954
532
497
2954
24309
733
1775
4766
2894
747
3167
1215
1324
405
2062
2362
5078
496
4512
2003
9856
1163
1273
9270
377
1830
902
760
502
4206
16933
534
736
880
508
467
2139
979
1804
972
807
332
1074
8078
369
855
1737
355
376
3076
1103
1891
1815
819
1035
564
1610
2469
1488
688
694
2790
8642
8827
1830
3250
1133
834
6552
3843
12381
38176
650
913
767
10215
2330
1286
23677
1097
12118
1851
1343
6111
3736
6164
2868
2492
33910
2624
10359
4525
4254
3562
2752
1997
15127
1701
3299
7044
902
3461
3982
3619
1978
1131
586
3849
1624
990
1486
1375
1322
3580
1032
2762
1206
1502
446
710
758
504
476
169
215
675
714
578
1570
1343
741
1093
517
6394
860
19807
1022
193
210
1153
755
454
133
1001
0
0
0
123
151
350
704
710
598
369
957
139
5192
642
513
3199
651
545
580
1419
3436
5994
2690
1554
998
472
354
1177
380
1068
5062
963
8403
632
1672
610
1868
1417
6803
1255
3304
931
1718
2058
13145
4248
1051
3958
692
12599
419
742
1692
528
1161
2394
1886
1250
2774
1123
2027
886
2727
910
995
3222
714
1156
537
420
1552
675
3794
13413
9806
11978
1864
1002
839
11091
3097
504
266
731
1660
275
1969
4281
1209
2086
3081
3773
2741
1618
6688
5354
875
1137
2547
1145
3284
3655
8795
2297
1765
2569
2470
1123
1385
1133
2217
2022
2123
647
2202
2339
3604
3844
2976
866
3666
2443
1558
11060
2978
1476
2421
2475
7501
838
2796
2739
18081
3314
8994
2586
1313
2911
1487
543
1774
2988
1653
4477
521
315
546
3098
398
1730
361
423
28591
783
650
3230
1388
662
1954
196
270
325
94
413
751
123
151
350
0
0
0
5020
858
2786
4822
797
1024
734
5587
830
1564
1842
3696
4708
1013
735
4951
568
7902
5956
4524
1082
875
1114
1504
3446
12001
2223
1963
870
1245
2102
1189
2688
5317
710
3427
666
1387
673
31073
934
745
1419
902
13961
5197
835
1428
1193
12431
3226
729
1147
2020
2059
1542
414
1725
8577
2737
2522
601
2119
1469
1031
821
2187
2122
1464
573
2660
385
5780
3903
3345
2717
961
757
424
668
2299
5130
1497
3776
2055
2124
3869
2328
1492
472
578
843
854
429
2960
2886
423
1480
5145
2611
5245
4119
2241
1048
2231
10567
2783
23767
6371
8700
2979
9856
8956
3321
10098
4449
2858
1056
1658
1325
2302
2280
1042
938
1837
6784
1371
9527
4470
945
220
282
449
283
314
282
683
864
266
95
129
769
3519
777
532
404
582
565
732
229
335
7271
644
3008
8235
21438
269
276
715
704
710
598
5020
858
2786
0
0
0
379
276
3830
305
198
418
520
969
997
262
953
2770
587
134
174
940
849
657
874
327
2054
508
629
3733
4465
573
452
528
3673
2696
1472
3915
556
1458
536
812
761
1536
788
187
365
2171
433
1018
658
293
1852
816
1336
815
751
822
6153
1133
2205
4154
760
2178
4258
1588
4708
1875
2803
723
4280
1982
1267
1702
1148
1568
8796
2674
3800
5028
1352
2347
1883
1093
2869
7044
6145
2649
1034
36436
12753
1328
1566
1466
2061
5635
344
1692
1482
964
974
1284
18349
5821
2130
500
4979
1138
8568
2270
1108
2888
3399
4623
10795
2720
1150
1779
3605
2437
4069
3042
1728
14283
1855
4993
2351
3581
1743
14238
1569
15441
203
411
885
459
1258
1107
539
467
666
2835
1716
1494
213
2608
3763
1163
1571
462
916
932
1354
962
845
496
1331
1056
19857
843
342
976
369
957
139
4822
797
1024
379
276
3830
0
0
0
158
796
92
429
539
1018
1033
1550
309
11211
406
2261
178
1222
410
19157
3159
379
8683
349
20047
325
568
2575
792
437
1579
1332
4442
6160
1706
963
1495
771
11110
1666
935
2295
2515
669
519
526
1065
2505
2377
586
1968
3079
1255
602
2157
2594
13022
722
1832
655
2122
1048
12636
3726
1589
543
1831
752
517
271
890
766
2029
2418
1650
1585
8951
3092
2213
837
1282
18071
7081
3350
1058
413
747
459
1822
499
719
5346
2679
1499
9564
1020
1308
8125
5956
16374
4886
2297
3048
10512
3099
15941
18429
15833
5827
3772
3897
3119
50209
1480
2096
5021
1353
2277
1321
30185
1821
5097
1731
2683
2458
25245
4421
18400
584
428
2017
858
769
639
3543
597
3604
278
265
996
520
859
187
370
803
463
5810
356
666
334
3022
4742
892
2793
805
704
5543
5192
642
513
734
5587
830
305
198
418
158
796
92
0
0
0
2593
739
1200
553
211
372
360
329
145
225
719
663
1816
1700
493
3211
1074
6677
233
755
309
5625
21893
878
1533
1053
3660
928
3572
801
3929
22417
539
1827
601
4694
844
537
1597
1015
1899
3538
25055
4990
2284
1160
6025
340
3819
2347
4074
1938
13112
3489
4081
3365
730
925
1637
616
1059
615
2918
1049
1557
2012
1691
643
4659
3920
6859
1320
9917
1383
3129
1203
1013
8795
1331
422
849
2040
298
1997
1194
2248
4093
334
964
415
3698
55811
3721
2182
4408
8291
2212
2247
1872
7801
4149
915
15181
1605
1683
2313
12305
3789
3488
626
3004
6895
15117
3051
1465
3825
2367
2666
9400
7481
661
4741
241
4823
991
1149
836
576
755
1620
720
1470
2130
18077
1649
574
1088
5240
3413
696
1549
632
1853
310
817
1532
1381
1309
880
2475
3199
651
545
1564
1842
3696
520
969
997
429
539
1018
2593
739
1200
0
0
0
183
602
181
2369
468
342
290
796
250
493
3941
2361
1233
343
5305
613
773
452
537
3285
4645
1770
891
1964
6087
2196
608
553
15960
367
245
4410
846
11704
1305
655
3859
6160
3864
792
1088
594
1695
371
2438
1631
2049
557
718
1690
1260
730
510
1816
14965
621
2022
500
1168
1383
13074
23754
2183
3772
1050
5459
7327
1753
1758
1895
988
1937
999
913
893
1498
1694
1172
415
1544
1372
654
1308
11903
1077
517
435
1031
10398
1173
1082
808
511
3279
3430
1831
3851
1483
3124
3601
3823
2757
2679
33931
12216
1181
4218
1349
1496
1663
9104
8788
1977
2569
6686
3344
4650
5328
1308
226
510
507
392
500
485
1113
395
412
629
550
3580
1134
2241
4477
3519
3060
669
535
595
942
1057
5350
4656
2311
2777
13467
946
580
1419
3436
4708
1013
735
262
953
2770
1033
1550
309
553
211
372
183
602
181
0
0
0
333
277
79
365
152
72
4238
651
317
892
445
559
1439
1098
1670
9269
1456
857
4426
2933
3942
1369
9025
827
519
368
1618
554
727
1274
5930
4251
855
1028
1590
1403
544
2413
1995
1112
870
1342
6897
1224
5166
2171
1323
800
3286
1812
2846
537
965
2293
1882
813
5287
3558
1886
2063
3632
3704
2496
964
2043
1622
15415
4445
1373
2876
1474
550
1401
1629
7074
13938
2575
3815
2673
373
428
1276
600
343
6309
3735
1722
1611
2398
2466
4264
2204
2620
2122
2107
4018
10234
1775
1122
990
5611
1955
1020
3832
2933
804
8560
1472
9291
6384
3241
1353
4245
15750
755
874
6846
606
314
595
926
515
1459
1413
2473
839
704
580
2562
1338
1413
2733
3313
534
945
238
10385
356
1350
1088
1533
2954
532
497
5994
2690
1554
4951
568
7902
587
134
174
11211
406
2261
360
329
145
2369
468
342
333
277
79
0
0
0
1018
258
1681
1434
3368
1162
1952
1731
1030
364
258
530
784
12278
719
784
731
732
384
2162
1901
4737
928
1227
822
662
2549
1149
812
506
20897
22889
1744
861
569
4267
2853
4930
1019
667
1310
4874
996
675
905
1338
3151
3016
338
2071
1470
4356
7258
989
1199
762
1225
2727
1326
1199
993
2962
4525
3539
2249
604
637
1283
3885
1804
2826
2713
756
1624
644
3137
376
1980
2154
2512
737
2072
1604
6749
4712
14242
1733
1633
1208
1421
2446
11220
9282
3282
4628
14339
5651
1910
2296
1562
2264
4369
1240
1060
2383
9623
1032
8652
2912
3130
4601
1114
422
1061
382
579
1184
528
1404
941
975
950
578
8626
641
891
800
2718
840
964
893
1240
1834
4924
5995
1054
996
9004
2954
24309
733
998
472
354
5956
4524
1082
940
849
657
178
1222
410
225
719
663
290
796
250
365
152
72
1018
258
1681
0
0
0
424
1754
178
352
248
1283
880
319
430
584
1061
649
3795
4236
6822
1044
570
843
328
1519
1274
1386
789
890
1960
703
7758
561
1615
2483
2613
794
1604
565
458
521
1692
2316
899
1415
522
2080
19340
1764
657
745
361
1030
9901
2109
1786
1896
2135
3192
556
1069
1852
2959
1116
3324
7648
878
3227
6105
355
773
1609
628
841
1275
806
535
349
1468
349
2475
2834
18567
8886
7383
3353
1450
2967
4355
2918
1361
2260
5677
3008
8171
2519
3189
1010
1457
2229
7900
3103
3595
1715
2032
7004
7049
8395
2252
4914
6747
2757
4318
225
383
382
617
1269
7144
242
1179
1026
956
3795
656
11195
840
3672
436
441
2663
176
462
293
887
660
1836
1155
8419
1824
1775
4766
2894
1177
380
1068
875
1114
1504
874
327
2054
19157
3159
379
1816
1700
493
493
3941
2361
4238
651
317
1434
3368
1162
424
1754
178
0
0
0
82
2738
121
1003
109
92
353
174
840
1000
365
979
1018
5248
210
212
456
2595
3611
334
485
3981
332
1109
696
143
1423
388
506
913
645
216
960
2050
2649
1288
2183
9752
1493
9857
1780
3764
4442
2351
1215
467
1519
803
6135
2528
1218
1693
4191
1392
907
1759
1476
470
1983
482
1339
3698
1147
1943
1221
598
1417
579
1083
3149
294
1113
22182
1013
4142
1854
23404
2326
1027
328
5860
1587
2425
979
1397
1120
7008
953
1176
984
814
2660
1406
6840
18522
672
1424
2121
1457
4087
11042
6012
1484
1948
11585
2626
535
769
6533
555
2839
835
1560
481
1769
3914
616
603
2218
1076
1072
2214
425
874
1265
1423
9518
1619
5344
1792
1124
1030
747
3167
1215
5062
963
8403
3446
12001
2223
508
629
3733
8683
349
20047
3211
1074
6677
1233
343
5305
892
445
559
1952
1731
1030
352
248
1283
82
2738
121
0
0
0
434
76
505
449
794
934
375
296
2084
1172
402
464
3693
501
582
494
4795
469
3520
683
3778
832
754
2636
756
2012
488
3584
411
3229
5063
7466
447
3446
1406
755
2182
2135
2714
3236
1829
578
1952
13666
6918
4389
1247
10531
1588
1504
3258
27332
2167
1094
355
700
3095
2217
1478
1239
3804
1288
2388
17575
7125
2385
20985
4590
2966
2720
682
6281
788
645
2510
549
3461
1695
1031
2018
763
1985
10138
1596
3476
901
698
1531
3856
4541
751
2398
943
15808
970
12459
12452
3262
7523
5614
1242
9922
127
305
226
479
228
487
773
821
345
11888
255
5573
1523
763
2889
2582
1190
674
311
329
308
7181
787
391
828
1566
945
1324
405
2062
632
1672
610
1963
870
1245
4465
573
452
325
568
2575
233
755
309
613
773
452
1439
1098
1670
364
258
530
880
319
430
1003
109
92
434
76
505
0
0
0
327
242
836
606
1527
2754
412
649
277
400
329
254
176
279
1467
1571
428
799
475
489
240
1002
195
3662
649
624
580
5090
915
13192
780
446
1278
3026
764
4599
11250
3713
5391
15493
3709
19113
1031
4260
2288
1751
2575
2378
1856
987
4931
2505
5298
3394
3865
1206
1796
670
2805
6996
6064
1393
1268
584
1700
331
3809
786
7505
15606
2480
3000
1270
558
770
2271
651
39382
2896
626
48398
9448
1050
2520
4448
2377
2949
1684
2690
2280
3739
1105
751
2741
2289
1197
2759
939
6805
479
574
386
1335
1765
1053
473
424
343
1160
868
489
494
1865
1747
678
1107
1114
672
306
339
520
390
982
2176
2124
3103
2362
5078
496
1868
1417
6803
2102
1189
2688
528
3673
2696
792
437
1579
5625
21893
878
537
3285
4645
9269
1456
857
784
12278
719
584
1061
649
353
174
840
449
794
934
327
242
836
0
0
0
972
211
132
120
179
512
188
1193
68
667
1121
1318
4938
271
560
572
837
220
1376
2166
621
938
380
311
1415
2569
3870
2881
1659
10776
3652
873
1812
2639
706
650
6868
844
6807
28558
8435
1737
594
1166
2587
3483
2977
714
1502
475
3886
1478
7493
2491
3404
52266
1748
4746
1741
1335
983
3224
3618
801
4070
2732
1255
1800
2937
2230
958
3715
2766
1579
2103
1564
3756
1860
3765
683
1674
3027
2637
5727
7886
2556
699
2124
2444
4296
1636
675
4801
2541
1864
29329
932
6488
749
1716
718
1335
3769
615
2736
3467
542
929
1501
1117
328
355
11992
6571
1212
753
5859
1686
2222
7055
4409
5690
1561
4512
2003
9856
1255
3304
931
5317
710
3427
1472
3915
556
1332
4442
6160
1533
1053
3660
1770
891
1964
4426
2933
3942
784
731
732
3795
4236
6822
1000
365
979
375
296
2084
606
1527
2754
972
211
132
0
0
0
279
646
809
171
1041
660
1504
989
755
803
2820
696
7729
448
2092
298
449
837
1289
1736
1014
516
957
723
877
471
672
1071
2158
620
2293
1468
671
5942
5765
2502
2588
2760
27567
2718
7478
862
3767
9127
2694
1714
258
1117
5178
1040
803
5404
9629
7078
2522
1538
33741
4504
711
976
1086
1844
1686
525
5015
626
3066
8824
1188
2130
12108
2271
2475
4102
1421
2192
9776
5234
4667
1178
2775
2884
2089
1491
12525
1895
10533
15766
3041
1091
2186
1287
5203
735
572
6425
2162
812
187
1376
402
279
6009
4176
1015
454
466
890
967
278
2335
226
488
3073
2729
1292
960
604
1138
1099
1163
1273
9270
1718
2058
13145
666
1387
673
1458
536
812
1706
963
1495
928
3572
801
6087
2196
608
1369
9025
827
384
2162
1901
1044
570
843
1018
5248
210
1172
402
464
412
649
277
120
179
512
279
646
809
0
0
0
43
14
336
276
704
465
111
233
215
1214
222
781
213
93
144
609
521
934
1603
408
1292
3690
316
442
3204
317
936
468
506
805
3347
1760
2947
5369
3200
1621
1782
2263
1521
1823
1071
1384
3539
17179
852
831
632
806
1359
4719
7572
811
30173
6840
1483
3342
37684
2150
3969
1210
753
3832
2782
1330
4032
516
9912
1086
2385
4845
404
765
1425
2454
5785
46488
2892
1511
859
331
507
3324
7281
7898
1516
6687
3517
2182
6380
4873
1250
977
256
1477
614
412
330
485
3538
4298
472
1900
580
2637
628
1095
815
5110
969
1235
2478
1319
30790
6035
669
1601
1259
377
1830
902
4248
1051
3958
31073
934
745
761
1536
788
771
11110
1666
3929
22417
539
553
15960
367
519
368
1618
4737
928
1227
328
1519
1274
212
456
2595
3693
501
582
400
329
254
188
1193
68
171
1041
660
43
14
336
0
0
0
587
278
591
326
572
532
168
1312
382
422
374
1359
4954
497
8854
1597
1591
1318
424
1641
2442
606
1184
1395
5435
1220
1510
435
3465
557
1217
2719
4756
1647
1253
5511
2172
1975
6857
3213
15561
662
3463
724
1715
1340
11747
6457
1745
3824
3534
2740
259
4653
11733
3485
564
934
1033
1014
812
4932
19057
1723
465
7780
2237
527
637
6548
1043
1138
17758
1030
1373
1252
433
645
12247
1593
1667
8721
2124
1338
7438
2258
4811
393
803
117
295
596
594
323
193
866
363
278
287
676
1421
490
418
240
564
173
454
1481
939
384
1526
24622
758
633
760
502
4206
692
12599
419
1419
902
13961
187
365
2171
935
2295
2515
1827
601
4694
245
4410
846
554
727
1274
822
662
2549
1386
789
890
3611
334
485
494
4795
469
176
279
1467
667
1121
1318
1504
989
755
276
704
465
587
278
591
0
0
0
500
291
271
762
487
173
62
189
156
149
1821
536
525
3973
506
688
1947
681
2562
2419
490
345
183
181
2201
14783
1030
22002
991
2263
1902
2275
2317
5372
3604
6362
877
2071
18269
3106
1219
4334
2186
3475
1532
1379
6675
1321
2763
942
3302
2087
2006
6019
10563
2654
2178
997
1066
1285
7074
890
23848
1669
2660
1139
15229
10617
2954
3661
806
4518
2136
2511
1314
1815
10439
1191
779
6278
643
12918
1034
1961
2065
335
1388
650
588
3787
2185
186
351
253
649
1030
378
588
208
888
2734
337
325
776
709
728
397
6649
1234
1284
809
16933
534
736
742
1692
528
5197
835
1428
433
1018
658
669
519
526
844
537
1597
11704
1305
655
5930
4251
855
1149
812
506
1960
703
7758
3981
332
1109
3520
683
3778
1571
428
799
4938
271
560
803
2820
696
111
233
215
326
572
532
500
291
271
0
0
0
296
425
31
78
53
371
247
564
499
1397
1768
15286
1043
542
1609
1841
693
666
340
238
606
2610
2353
4228
14484
975
1101
10576
2603
1218
4929
1985
3222
823
6580
23369
2469
2022
1659
921
2375
2097
448
2034
1703
508
1922
16633
3209
3683
4072
8654
2596
1525
8474
1134
1187
3494
4174
971
1774
1048
3479
1343
1646
2453
1139
2563
3676
2019
782
1079
10649
1024
2533
3554
1509
10457
2424
998
18180
339
1966
819
1144
329
232
636
1166
2772
509
1153
528
511
388
214
384
486
1708
441
544
1053
679
588
654
12672
347
1153
880
508
467
1161
2394
1886
1193
12431
3226
293
1852
816
1065
2505
2377
1015
1899
3538
3859
6160
3864
1028
1590
1403
20897
22889
1744
561
1615
2483
696
143
1423
832
754
2636
475
489
240
572
837
220
7729
448
2092
1214
222
781
168
1312
382
762
487
173
296
425
31
0
0
0
79
52
93
217
195
495
1875
4559
3135
1481
1100
924
415
1594
1525
521
609
775
4448
3896
692
2180
1067
3065
3927
1413
1929
879
1090
626
1423
1158
3633
1853
3061
4410
7536
3509
5140
1457
847
3718
3258
849
990
816
8812
3781
1682
1393
2366
2059
4457
922
1610
7062
634
3387
1057
829
1622
1601
1533
2196
2197
1192
634
446
403
1086
1123
1071
1082
3536
3060
2427
3882
1981
1281
406
829
266
232
225
748
5306
1780
335
800
645
309
278
220
810
533
2431
811
332
630
2506
947
2872
755
768
270
2139
979
1804
1250
2774
1123
729
1147
2020
1336
815
751
586
1968
3079
25055
4990
2284
792
1088
594
544
2413
1995
861
569
4267
2613
794
1604
388
506
913
756
2012
488
1002
195
3662
1376
2166
621
298
449
837
213
93
144
422
374
1359
62
189
156
78
53
371
79
52
93
0
0
0
158
95
438
7830
727
882
431
273
419
553
1118
484
751
4020
1747
2580
10407
2315
1840
2456
1329
919
3276
1534
4535
1396
2502
1219
1315
1630
1222
1272
3082
3079
3004
1181
2586
712
1224
1212
2609
643
9646
2240
3935
960
762
1265
10128
4159
1691
19563
2724
3310
2234
2228
14468
1805
1842
721
2612
2334
1154
821
1550
4450
2224
1824
1498
19586
1203
702
3577
4725
755
132
683
2518
217
144
5808
1096
474
116
266
1340
1617
356
441
1574
820
131
279
342
183
365
325
617
477
1005
595
478
972
807
332
2027
886
2727
2059
1542
414
822
6153
1133
1255
602
2157
1160
6025
340
1695
371
2438
1112
870
1342
2853
4930
1019
565
458
521
645
216
960
3584
411
3229
649
624
580
938
380
311
1289
1736
1014
609
521
934
4954
497
8854
149
1821
536
247
564
499
217
195
495
158
95
438
0
0
0
1097
285
471
2099
571
7988
1138
2535
768
249
1602
642
2017
9613
1495
2694
2191
1905
1480
2857
2145
9851
2565
434
6348
13558
2786
2483
985
1866
1617
1696
5396
898
2606
1105
1167
2375
2513
5509
3593
22232
7066
3082
1212
1347
1734
4349
2066
1849
16087
3289
7625
4324
600
770
743
1651
2734
3088
725
488
1166
2579
6507
2783
4772
21511
2561
2038
1179
2811
311
1016
1095
1909
414
7591
1197
2591
2319
2056
2718
2889
2235
2577
941
959
623
1595
430
874
627
293
936
905
835
249
728
1074
8078
369
910
995
3222
1725
8577
2737
2205
4154
760
2594
13022
722
3819
2347
4074
1631
2049
557
6897
1224
5166
667
1310
4874
1692
2316
899
2050
2649
1288
5063
7466
447
5090
915
13192
1415
2569
3870
516
957
723
1603
408
1292
1597
1591
1318
525
3973
506
1397
1768
15286
1875
4559
3135
7830
727
882
1097
285
471
0
0
0
312
131
304
49
64
133
144
186
274
1863
3265
3078
1994
1389
1480
862
1369
1321
4005
45278
1778
897
1365
4071
21081
1020
1441
15483
11595
4982
3402
1195
1552
25252
832
1260
4275
3204
2213
1054
2837
9057
6804
1679
1874
7903
30015
3140
2064
1797
3089
1796
3045
1774
3677
1045
25207
582
841
200
3148
1750
2712
3051
947
869
2027
40827
970
1206
1658
2030
3738
548
454
1387
6626
1033
938
650
1595
5119
408
577
412
464
1153
509
561
377
361
3665
253
251
538
2749
855
1737
355
714
1156
537
2522
601
2119
2178
4258
1588
1832
655
2122
1938
13112
3489
718
1690
1260
2171
1323
800
996
675
905
1415
522
2080
2183
9752
1493
3446
1406
755
780
446
1278
2881
1659
10776
877
471
672
3690
316
442
424
1641
2442
688
1947
681
1043
542
1609
1481
1100
924
431
273
419
2099
571
7988
312
131
304
0
0
0
337
2143
106
227
373
766
520
1389
890
705
394
497
1852
1201
1188
993
2062
2245
1367
3421
1107
2966
2358
11441
12930
2261
1820
1979
670
8506
19961
6998
1638
29338
2327
38183
2035
1017
770
6601
2880
4043
19896
2376
1669
2229
2152
1468
5684
11803
1892
1579
5074
612
700
495
542
3280
5215
431
2478
3197
1569
785
1397
2757
2079
5747
985
1099
9926
506
4583
500
2921
866
14755
1793
761
6021
693
753
854
837
979
526
4615
768
5828
909
1040
562
546
376
3076
1103
420
1552
675
1469
1031
821
4708
1875
2803
1048
12636
3726
4081
3365
730
730
510
1816
3286
1812
2846
1338
3151
3016
19340
1764
657
9857
1780
3764
2182
2135
2714
3026
764
4599
3652
873
1812
1071
2158
620
3204
317
936
606
1184
1395
2562
2419
490
1841
693
666
415
1594
1525
553
1118
484
1138
2535
768
49
64
133
337
2143
106
0
0
0
176
248
120
7765
1781
1409
1126
2002
1855
773
3041
1783
3854
1614
1142
1890
2329
2920
1643
4000
1190
2873
7058
2441
1777
2579
698
1364
2595
3209
3771
2372
3442
2273
1372
6350
904
7158
1903
2796
4629
4715
1700
1614
2345
8108
3226
2677
587
1013
2152
504
2098
3019
2529
3191
1351
345
15529
1338
1160
3836
1283
1347
567
390
3006
313
396
1812
9980
1650
274
407
268
1630
509
487
239
626
1497
1090
211
387
535
8292
5814
1013
1413
1463
1891
1815
819
3794
13413
9806
2187
2122
1464
723
4280
1982
1589
543
1831
925
1637
616
14965
621
2022
537
965
2293
338
2071
1470
745
361
1030
4442
2351
1215
3236
1829
578
11250
3713
5391
2639
706
650
2293
1468
671
468
506
805
5435
1220
1510
345
183
181
340
238
606
521
609
775
751
4020
1747
249
1602
642
144
186
274
227
373
766
176
248
120
0
0
0
1879
1807
3989
557
1629
2395
14017
1444
12106
10459
2052
1408
3870
1718
1165
2622
6048
35038
41486
951
7251
3786
989
1616
4311
1400
1408
3934
3248
13464
1045
754
874
2116
3299
1609
21746
55838
3744
2803
4826
18520
4986
6731
2741
2612
1261
1707
240
1686
739
2416
3468
416
2693
1176
702
917
20928
9187
1821
1450
2037
1177
931
882
3412
802
2044
487
867
2306
1042
2928
831
5578
1465
496
804
11014
3138
2868
529
2244
5045
2518
1676
1035
564
1610
11978
1864
1002
573
2660
385
1267
1702
1148
752
517
271
1059
615
2918
500
1168
1383
1882
813
5287
4356
7258
989
9901
2109
1786
467
1519
803
1952
13666
6918
15493
3709
19113
6868
844
6807
5942
5765
2502
3347
1760
2947
435
3465
557
2201
14783
1030
2610
2353
4228
4448
3896
692
2580
10407
2315
2017
9613
1495
1863
3265
3078
520
1389
890
7765
1781
1409
1879
1807
3989
0
0
0
1184
1198
760
1112
5347
1415
800
758
921
9716
2965
1897
3492
1728
3776
357
228
110
78
170
42
1033
66028
747
477
402
275
9287
8466
2967
10159
2133
6047
2501
1155
14367
15298
3299
4093
3450
2899
10998
2089
2628
18065
2058
10733
13378
5220
5254
2465
3872
3875
3353
1936
1683
2820
3251
6307
2526
2959
2442
5404
5153
537
3654
12661
1897
2926
493
1227
2042
671
1440
1738
9311
568
3682
352
1398
529
2221
1223
18557
2469
1488
688
839
11091
3097
5780
3903
3345
1568
8796
2674
890
766
2029
1049
1557
2012
13074
23754
2183
3558
1886
2063
1199
762
1225
1896
2135
3192
6135
2528
1218
4389
1247
10531
1031
4260
2288
28558
8435
1737
2588
2760
27567
5369
3200
1621
1217
2719
4756
22002
991
2263
14484
975
1101
2180
1067
3065
1840
2456
1329
2694
2191
1905
1994
1389
1480
705
394
497
1126
2002
1855
557
1629
2395
1184
1198
760
0
0
0
6466
422
542
1543
837
1360
8938
2264
66418
8902
3457
19789
2252
2250
45025
1780
2751
2334
1704
7864
25017
4279
1540
17275
4876
11207
5531
4178
6774
19608
1018
3466
12423
14961
1906
2509
3780
11001
2057
3423
2078
7789
1013
5831
813
623
668
2536
1759
1316
456
3230
832
704
10311
889
11149
3556
1551
2506
15100
1003
1265
903
4573
2299
1243
2026
1180
2298
4207
600
4659
766
1669
4636
15966
6800
594
539
25156
694
2790
8642
504
266
731
2717
961
757
3800
5028
1352
2418
1650
1585
1691
643
4659
3772
1050
5459
3632
3704
2496
2727
1326
1199
556
1069
1852
1693
4191
1392
1588
1504
3258
1751
2575
2378
594
1166
2587
2718
7478
862
1782
2263
1521
1647
1253
5511
1902
2275
2317
10576
2603
1218
3927
1413
1929
919
3276
1534
1480
2857
2145
862
1369
1321
1852
1201
1188
773
3041
1783
14017
1444
12106
1112
5347
1415
6466
422
542
0
0
0
562
109
333
13804
5067
24041
1067
19377
4793
9012
1215
1564
639
933
2418
1654
2193
1657
1093
1538
894
5480
3986
1626
6441
1673
619
31546
2427
2874
3688
75049
3393
2613
2536
6559
1355
3238
3423
13600
1760
83580
2185
1852
4811
1699
1107
3761
27718
729
988
4109
4265
1517
2484
1114
3018
5078
723
1276
21400
1303
1736
1873
1337
843
10376
2922
768
733
1518
7152
2486
2950
836
8208
1861
1138
8827
1830
3250
1660
275
1969
424
668
2299
2347
1883
1093
8951
3092
2213
3920
6859
1320
7327
1753
1758
964
2043
1622
993
2962
4525
2959
1116
3324
907
1759
1476
27332
2167
1094
1856
987
4931
3483
2977
714
3767
9127
2694
1823
1071
1384
2172
1975
6857
5372
3604
6362
4929
1985
3222
879
1090
626
4535
1396
2502
9851
2565
434
4005
45278
1778
993
2062
2245
3854
1614
1142
10459
2052
1408
800
758
921
1543
837
1360
562
109
333
0
0
0
8377
11496
10218
3534
4530
1240
2984
1056
909
1123
1918
2624
2091
2050
13977
1616
22256
4484
6272
2098
3003
6164
2201
40506
3481
3759
2077
9654
3616
3517
56626
2286
1776
2058
14551
1100
769
3108
4635
2465
1869
758
1864
4642
10183
7750
8776
3383
1036
2626
1933
5281
1942
942
2068
2902
1235
1440
3786
1303
1063
1072
5285
2258
5833
1044
4946
754
998
15780
1753
4325
13688
3291
5016
1133
834
6552
4281
1209
2086
5130
1497
3776
2869
7044
6145
837
1282
18071
9917
1383
3129
1895
988
1937
15415
4445
1373
3539
2249
604
7648
878
3227
470
1983
482
355
700
3095
2505
5298
3394
1502
475
3886
1714
258
1117
3539
17179
852
3213
15561
662
877
2071
18269
823
6580
23369
1423
1158
3633
1219
1315
1630
6348
13558
2786
897
1365
4071
1367
3421
1107
1890
2329
2920
3870
1718
1165
9716
2965
1897
8938
2264
66418
13804
5067
24041
8377
11496
10218
0
0
0
15891
779
594
4829
1592
3837
2151
577
3594
814
6322
20801
14630
6049
1652
2437
1629
1171
834
1471
1245
296
307
686
1254
13331
1767
6553
1365
1333
1611
4030
36753
3024
1684
2141
9943
861
6078
2845
5187
2995
1296
29958
1995
1346
3971
3055
1281
979
1262
2901
2561
1366
696
1076
752
5307
5475
2402
1324
2087
2624
19592
2630
1397
1889
1799
33071
2250
2221
1323
3843
12381
38176
3081
3773
2741
2055
2124
3869
2649
1034
36436
7081
3350
1058
1203
1013
8795
999
913
893
2876
1474
550
637
1283
3885
6105
355
773
1339
3698
1147
2217
1478
1239
3865
1206
1796
1478
7493
2491
5178
1040
803
831
632
806
3463
724
1715
3106
1219
4334
2469
2022
1659
1853
3061
4410
1222
1272
3082
2483
985
1866
21081
1020
1441
2966
2358
11441
1643
4000
1190
2622
6048
35038
3492
1728
3776
8902
3457
19789
1067
19377
4793
3534
4530
1240
15891
779
594
0
0
0
902
1163
12145
4405
4093
4286
664
345
130
2730
437
656
1832
5110
1710
7177
524
1729
1134
33174
415
2939
1768
1736
994
1999
7793
1606
4186
51841
1458
3890
1851
1766
2649
8366
12828
3602
2826
6108
5231
8365
1091
13101
3700
1182
1632
2529
1404
2795
2633
1676
777
904
1958
1502
671
22923
4713
59641
14433
2738
1893
1786
1781
2511
13727
8464
7370
650
913
767
1618
6688
5354
2328
1492
472
12753
1328
1566
413
747
459
1331
422
849
1498
1694
1172
1401
1629
7074
1804
2826
2713
1609
628
841
1943
1221
598
3804
1288
2388
670
2805
6996
3404
52266
1748
5404
9629
7078
1359
4719
7572
1340
11747
6457
2186
3475
1532
921
2375
2097
7536
3509
5140
3079
3004
1181
1617
1696
5396
15483
11595
4982
12930
2261
1820
2873
7058
2441
41486
951
7251
357
228
110
2252
2250
45025
9012
1215
1564
2984
1056
909
4829
1592
3837
902
1163
12145
0
0
0
319
1758
489
3895
1508
2998
170
1334
523
7552
9295
2989
3113
732
1493
5837
3847
12012
5177
2389
3479
4058
3729
1274
11454
80615
1098
6063
6879
3902
5270
14049
10710
10377
3277
8611
13552
1945
3518
2498
1104
31607
752
3062
1943
1247
3135
8704
2434
732
2206
302
961
3232
1621
10776
1512
1931
1371
15073
1115
1532
941
12844
883
5805
10215
2330
1286
875
1137
2547
578
843
854
1466
2061
5635
1822
499
719
2040
298
1997
415
1544
1372
13938
2575
3815
756
1624
644
1275
806
535
1417
579
1083
17575
7125
2385
6064
1393
1268
4746
1741
1335
2522
1538
33741
811
30173
6840
1745
3824
3534
1379
6675
1321
448
2034
1703
1457
847
3718
2586
712
1224
898
2606
1105
3402
1195
1552
1979
670
8506
1777
2579
698
3786
989
1616
78
170
42
1780
2751
2334
639
933
2418
1123
1918
2624
2151
577
3594
4405
4093
4286
319
1758
489
0
0
0
1172
2712
457
689
557
1226
3840
1333
17760
7080
3094
1654
3186
4758
4188
2111
9504
2987
701
6810
7687
3432
9042
9632
1581
11165
1039
31556
2497
4169
4682
1144
2204
4678
7979
44012
905
5471
1320
3718
1479
1749
771
6263
11846
5626
3332
2289
1909
2475
1467
4301
1861
1668
1078
1099
1636
1271
6320
2056
35605
663
3712
23677
1097
12118
1145
3284
3655
429
2960
2886
344
1692
1482
5346
2679
1499
1194
2248
4093
654
1308
11903
2673
373
428
3137
376
1980
349
1468
349
3149
294
1113
20985
4590
2966
584
1700
331
983
3224
3618
4504
711
976
1483
3342
37684
2740
259
4653
2763
942
3302
508
1922
16633
3258
849
990
1212
2609
643
1167
2375
2513
25252
832
1260
19961
6998
1638
1364
2595
3209
4311
1400
1408
1033
66028
747
1704
7864
25017
1654
2193
1657
2091
2050
13977
814
6322
20801
664
345
130
3895
1508
2998
1172
2712
457
0
0
0
1496
2608
436
2749
8521
3295
3396
971
1384
673
1947
1778
2446
2357
3449
9563
2787
1926
2097
8864
4299
9981
7969
14676
2400
1771
14767
4230
7648
2556
3736
24597
1628
797
4382
369
3995
1955
1100
1690
9277
4603
6113
1561
614
2016
1929
1809
3339
1155
1204
1097
1127
2284
1463
2323
5323
2149
5051
1538
1851
1343
6111
8795
2297
1765
423
1480
5145
964
974
1284
9564
1020
1308
334
964
415
1077
517
435
1276
600
343
2154
2512
737
2475
2834
18567
22182
1013
4142
2720
682
6281
3809
786
7505
801
4070
2732
1086
1844
1686
2150
3969
1210
11733
3485
564
2087
2006
6019
3209
3683
4072
816
8812
3781
9646
2240
3935
5509
3593
22232
4275
3204
2213
29338
2327
38183
3771
2372
3442
3934
3248
13464
477
402
275
4279
1540
17275
1093
1538
894
1616
22256
4484
14630
6049
1652
2730
437
656
170
1334
523
689
557
1226
1496
2608
436
0
0
0
6169
2603
3303
1417
2401
1470
6211
5354
1107
5922
3456
21650
1466
2681
1472
3093
2638
5924
4423
1684
1457
1529
2117
1218
5476
5440
16287
2468
12120
6675
3543
859
3581
6096
1167
784
6089
1611
2170
10840
2806
1682
12655
17953
975
2510
13204
1482
2871
55546
4147
1609
1866
1007
1173
15292
2824
3736
6164
2868
2569
2470
1123
2611
5245
4119
18349
5821
2130
8125
5956
16374
3698
55811
3721
1031
10398
1173
6309
3735
1722
2072
1604
6749
8886
7383
3353
1854
23404
2326
788
645
2510
15606
2480
3000
1255
1800
2937
525
5015
626
753
3832
2782
934
1033
1014
10563
2654
2178
8654
2596
1525
1682
1393
2366
960
762
1265
7066
3082
1212
1054
2837
9057
2035
1017
770
2273
1372
6350
1045
754
874
9287
8466
2967
4876
11207
5531
5480
3986
1626
6272
2098
3003
2437
1629
1171
1832
5110
1710
7552
9295
2989
3840
1333
17760
2749
8521
3295
6169
2603
3303
0
0
0
912
1001
839
2734
698
1739
178
901
229
4255
1126
1668
3863
2735
15997
14892
1115
676
2801
2905
1698
1323
13006
3404
1250
4824
11300
1342
1365
20329
713
966
9211
798
584
3413
2482
12494
1568
850
5995
2327
10061
1594
37518
5453
3746
1816
9017
985
1259
1252
1756
10052
2492
33910
2624
1385
1133
2217
2241
1048
2231
500
4979
1138
4886
2297
3048
2182
4408
8291
1082
808
511
1611
2398
2466
4712
14242
1733
1450
2967
4355
1027
328
5860
549
3461
1695
1270
558
770
2230
958
3715
3066
8824
1188
1330
4032
516
812
4932
19057
997
1066
1285
8474
1134
1187
2059
4457
922
10128
4159
1691
1347
1734
4349
6804
1679
1874
6601
2880
4043
904
7158
1903
2116
3299
1609
10159
2133
6047
4178
6774
19608
6441
1673
619
6164
2201
40506
834
1471
1245
7177
524
1729
3113
732
1493
7080
3094
1654
3396
971
1384
1417
2401
1470
912
1001
839
0
0
0
777
1447
443
2324
3246
737
1605
522
157
8416
13385
1235
6893
1211
2540
6764
2202
883
1995
2127
959
2472
39723
2628
1378
5526
4075
695
1637
1222
4497
2014
4163
2557
1533
590
2016
790
15763
5565
6637
975
2726
1747
3449
7692
1580
5570
6685
3797
3913
10359
4525
4254
2022
2123
647
10567
2783
23767
8568
2270
1108
10512
3099
15941
2212
2247
1872
3279
3430
1831
4264
2204
2620
1633
1208
1421
2918
1361
2260
1587
2425
979
1031
2018
763
2271
651
39382
2766
1579
2103
2130
12108
2271
9912
1086
2385
1723
465
7780
7074
890
23848
3494
4174
971
1610
7062
634
19563
2724
3310
2066
1849
16087
7903
30015
3140
19896
2376
1669
2796
4629
4715
21746
55838
3744
2501
1155
14367
1018
3466
12423
31546
2427
2874
3481
3759
2077
296
307
686
1134
33174
415
5837
3847
12012
3186
4758
4188
673
1947
1778
6211
5354
1107
2734
698
1739
777
1447
443
0
0
0
1719
1391
1295
1355
469
203
1390
5526
2330
4517
3331
2509
10405
6880
38366
3303
9884
29785
8925
1928
6247
807
7977
2650
1726
35424
36038
1436
6378
7944
23778
7707
2482
1651
8031
1424
7845
4737
3648
1168
5265
1185
4583
4406
4874
2755
5074
4382
3562
2752
1997
2202
2339
3604
6371
8700
2979
2888
3399
4623
18429
15833
5827
7801
4149
915
3851
1483
3124
2122
2107
4018
2446
11220
9282
5677
3008
8171
1397
1120
7008
1985
10138
1596
2896
626
48398
1564
3756
1860
2475
4102
1421
4845
404
765
2237
527
637
1669
2660
1139
1774
1048
3479
3387
1057
829
2234
2228
14468
3289
7625
4324
2064
1797
3089
2229
2152
1468
1700
1614
2345
2803
4826
18520
15298
3299
4093
14961
1906
2509
3688
75049
3393
9654
3616
3517
1254
13331
1767
2939
1768
1736
5177
2389
3479
2111
9504
2987
2446
2357
3449
5922
3456
21650
178
901
229
2324
3246
737
1719
1391
1295
0
0
0
2136
1710
6937
4182
1002
468
1635
651
1844
3688
1765
1649
2348
2093
1638
23221
3468
1068
2203
3386
683
24058
1489
2296
1279
1120
1790
5311
2709
1475
1280
10176
1019
5622
358
1993
11779
3256
15815
3245
5371
1363
1287
4571
30536
15127
1701
3299
3844
2976
866
9856
8956
3321
10795
2720
1150
3772
3897
3119
15181
1605
1683
3601
3823
2757
10234
1775
1122
3282
4628
14339
2519
3189
1010
953
1176
984
3476
901
698
9448
1050
2520
3765
683
1674
2192
9776
5234
1425
2454
5785
6548
1043
1138
15229
10617
2954
1343
1646
2453
1622
1601
1533
1805
1842
721
600
770
743
1796
3045
1774
5684
11803
1892
8108
3226
2677
4986
6731
2741
3450
2899
10998
3780
11001
2057
2613
2536
6559
56626
2286
1776
6553
1365
1333
994
1999
7793
4058
3729
1274
701
6810
7687
9563
2787
1926
1466
2681
1472
4255
1126
1668
1605
522
157
1355
469
203
2136
1710
6937
0
0
0
4068
3514
6014
1676
4876
2614
5650
7749
2638
2371
11504
11159
2030
6776
3475
18490
1414
4361
2674
4017
2736
1480
3592
2371
1241
20768
5279
11167
2892
2669
1553
5017
1865
8106
4668
1344
2359
4177
11147
2149
971
14017
7044
902
3461
3666
2443
1558
10098
4449
2858
1779
3605
2437
50209
1480
2096
2313
12305
3789
2679
33931
12216
990
5611
1955
5651
1910
2296
1457
2229
7900
814
2660
1406
1531
3856
4541
4448
2377
2949
3027
2637
5727
4667
1178
2775
46488
2892
1511
17758
1030
1373
3661
806
4518
1139
2563
3676
2196
2197
1192
2612
2334
1154
1651
2734
3088
3677
1045
25207
1579
5074
612
587
1013
2152
2612
1261
1707
2089
2628
18065
3423
2078
7789
1355
3238
3423
2058
14551
1100
1611
4030
36753
1606
4186
51841
11454
80615
1098
3432
9042
9632
2097
8864
4299
3093
2638
5924
3863
2735
15997
8416
13385
1235
1390
5526
2330
4182
1002
468
4068
3514
6014
0
0
0
570
2412
2442
795
4659
2647
6524
3551
5836
1343
2246
18101
11480
1712
7251
1901
1250
1245
4188
4292
2745
1918
805
876
381
2908
5562
1765
2645
2707
3532
1513
4677
668
2973
3170
1126
3289
869
3982
3619
1978
11060
2978
1476
1056
1658
1325
4069
3042
1728
5021
1353
2277
3488
626
3004
1181
4218
1349
1020
3832
2933
1562
2264
4369
3103
3595
1715
6840
18522
672
751
2398
943
1684
2690
2280
7886
2556
699
2884
2089
1491
859
331
507
1252
433
645
2136
2511
1314
2019
782
1079
634
446
403
821
1550
4450
725
488
1166
582
841
200
700
495
542
504
2098
3019
240
1686
739
2058
10733
13378
1013
5831
813
13600
1760
83580
769
3108
4635
3024
1684
2141
1458
3890
1851
6063
6879
3902
1581
11165
1039
9981
7969
14676
4423
1684
1457
14892
1115
676
6893
1211
2540
4517
3331
2509
1635
651
1844
1676
4876
2614
570
2412
2442
0
0
0
1122
432
468
1256
883
1146
6067
3273
764
2097
1109
1395
2137
5057
1666
1700
1313
3931
6981
1869
5275
5527
2920
2277
6586
4575
3499
3185
2337
26472
865
2144
2363
2347
1890
4332
1131
586
3849
2421
2475
7501
2302
2280
1042
14283
1855
4993
1321
30185
1821
6895
15117
3051
1496
1663
9104
804
8560
1472
1240
1060
2383
2032
7004
7049
1424
2121
1457
15808
970
12459
3739
1105
751
2124
2444
4296
12525
1895
10533
3324
7281
7898
12247
1593
1667
1815
10439
1191
10649
1024
2533
1086
1123
1071
2224
1824
1498
2579
6507
2783
3148
1750
2712
3280
5215
431
2529
3191
1351
2416
3468
416
5220
5254
2465
623
668
2536
2185
1852
4811
2465
1869
758
9943
861
6078
1766
2649
8366
5270
14049
10710
31556
2497
4169
2400
1771
14767
1529
2117
1218
2801
2905
1698
6764
2202
883
10405
6880
38366
3688
1765
1649
5650
7749
2638
795
4659
2647
1122
432
468
0
0
0
440
312
385
328
630
460
3903
1633
7186
1147
1676
2674
2721
3179
2146
2519
2002
2290
23228
2041
1632
1177
4971
2096
20440
1524
3442
914
1510
1715
1433
2189
4317
1624
990
1486
838
2796
2739
938
1837
6784
2351
3581
1743
5097
1731
2683
1465
3825
2367
8788
1977
2569
9291
6384
3241
9623
1032
8652
8395
2252
4914
4087
11042
6012
12452
3262
7523
2741
2289
1197
1636
675
4801
15766
3041
1091
1516
6687
3517
8721
2124
1338
779
6278
643
3554
1509
10457
1082
3536
3060
19586
1203
702
4772
21511
2561
3051
947
869
2478
3197
1569
345
15529
1338
2693
1176
702
3872
3875
3353
1759
1316
456
1699
1107
3761
1864
4642
10183
2845
5187
2995
12828
3602
2826
10377
3277
8611
4682
1144
2204
4230
7648
2556
5476
5440
16287
1323
13006
3404
1995
2127
959
3303
9884
29785
2348
2093
1638
2371
11504
11159
6524
3551
5836
1256
883
1146
440
312
385
0
0
0
393
581
1781
2967
26229
4061
2888
3688
5537
1181
3087
2055
837
25467
23497
5954
1804
3907
4507
6462
2696
1488
14416
3975
657
2339
12667
2198
4146
1129
1375
1322
3580
18081
3314
8994
1371
9527
4470
14238
1569
15441
2458
25245
4421
2666
9400
7481
6686
3344
4650
1353
4245
15750
2912
3130
4601
6747
2757
4318
1484
1948
11585
5614
1242
9922
2759
939
6805
2541
1864
29329
2186
1287
5203
2182
6380
4873
7438
2258
4811
12918
1034
1961
2424
998
18180
2427
3882
1981
3577
4725
755
2038
1179
2811
2027
40827
970
785
1397
2757
1160
3836
1283
917
20928
9187
1936
1683
2820
3230
832
704
27718
729
988
7750
8776
3383
1296
29958
1995
6108
5231
8365
13552
1945
3518
4678
7979
44012
3736
24597
1628
2468
12120
6675
1250
4824
11300
2472
39723
2628
8925
1928
6247
23221
3468
1068
2030
6776
3475
1343
2246
18101
6067
3273
764
328
630
460
393
581
1781
0
0
0
