reGenerators:  FULTON_GEO FULTON_GEO2 FULTON_HYDRO HUMBOLDT_BIO MC_CALL_HYDRO MESA_CAL_HYDRO ROUND_MT_BIO ROUND_MT_HYDRO SUMMIT_HYDRO TESLA_BIO TESLA_HYDRO
1     633         237        25.4815        38.7        466.947        277.051       229           773.026       57.3343     139.3    1110.08
2     619.2       231.9       6.19635       37.8        426.123        269.844       224           743.187       53.6292     136.3     833.816
3     610.6       228.6      13.0928        37.3        416.784        268           220.9         741.708       51          134.4     768.217
4     607.6       227.5      13.8575        37.1        427.247        268           219.8         739.2         51          133.7     728.739
5     610.6       228.6      15.8954        37.3        423.644        268           220.9         741.257       52.8825     134.4     763.316
6     619.2       231.9      14.3492        37.8        471.655        271.669       224           759.074       53.6292     136.3    1012.4
7     633         237        14.6381        38.7        595.061        291.12        229           826.306       70.0179     139.3    1302.81
8     651         243.8      15.5862        39.8        834.646        434.584       235.5        1414.8         99.1859     143.3    1339.45
9     671.9       251.6      14.6585        41         1107.89         540.5         243.1        1761.3        129.513      147.9    1489.04
10    694.4       260        15.8954        42.4       1152.18         712.138       251.2        2220.52       148.282      152.8    1586.47
11    716.9       268.4      14.6585        43.8       1382.67         834.846       259.3        2414.97       154.637      157.7    1612.98
12    737.8       276.3      15.8954        45.1       1308.91         896.481       266.9        2486.54       167.855      162.4    1866.72
13    755.8       283        14.04          46.1       1212.29         934.155       273.4        2422.01       194.878      166.3    2268.43
14    769.6       288.1      16.8231        47         1119.18         992.736       278.4        2478.01       169.209      169.3    2420.18
15    778.2       291.4      15.2769        47.5       1096.99         989.205       281.5        2390.95       185.736      171.2    2620.05
16    781.2       292.5      13.7308        47.7       1142.42        1053.7         282.6        2544.54       171.149      171.9    2549.43
17    778.2       291.4      14.9677        47.5       1236.97        1023.76        281.5        2591.84       179.832      171.2    2584.21
18    769.6       288.1      16.2046        47         1280.77         970.292       278.4        2463.84       167.04       169.3    2621.33
19    755.8       283        14.9677        46.1       1373.83         798.792       273.4        2504.23       185.589      166.3    2453.61
20    737.8       276.3      17.1323        45.1       1361.93         738.421       266.9        2430.04       164.936      162.4    2118.39
21    716.9       268.4      12.8031        43.8       1436.87         954.143       259.3        2437.93       169.737      157.7    1866.05
22    694.4       260        16.2046        42.4       1417.08         770.192       251.2        2519.39       158.07       152.8    1575.55
23    671.9       251.6      15.5862        41         1193.37         531.038       243.1        1931.42       120.867      147.9    1500.92
24    651         243.8      14.3492        39.8        802.535        285.932       235.5        1007.74        77.2923     143.3    1375.45