reGenerators:  FULTON_GEO FULTON_GEO2 FULTON_HYDRO HUMBOLDT_BIO MC_CALL_HYDRO MESA_CAL_HYDRO ROUND_MT_BIO ROUND_MT_HYDRO SUMMIT_HYDRO TESLA_BIO TESLA_HYDRO
1     633         237        25.3269        38.7        507.1          279.474       229           940.109       53.7235     139.3    1319.76
2     619.2       231.9       6.32811       37.8        507.1          268           224           759.298       51          136.3    1038.68
3     610.6       228.6      13.6556        37.3        455.15         269.102       220.9         753.574       54.6465     134.4     960.188
4     607.6       227.5      12.1846        37.1        455.15         268           219.8         755.784       51          133.7     904.049
5     610.6       228.6      16.05          37.3        434.249        268           220.9         758.644       57.5731     134.4    1068.76
6     619.2       231.9      14.5038        37.8        507.1          268           224           890.537       51          136.3    1500.97
7     633         237        14.5038        38.7        834.141        414.393       229          1264.3        106.271      139.3    1769.46
8     651         243.8      14.5038        39.8       1199.34         641.658       235.5        2075.75       105.408      143.3    1551.7
9     671.9       251.6      12.1846        41         1581.48         712.068       243.1        2406.88       122.279      147.9    1328.62
10    694.4       260        16.8231        42.4       1530.95         877.317       251.2        2573.43       159.19       152.8    1671.16
11    716.9       268.4      17.5962        43.8       1575.03         943.12        259.3        2460.43       143.023      157.7    2124.93
12    737.8       276.3      12.9577        45.1       1210.85        1109.23        266.9        2581.49       143.023      162.4    2461.37
13    755.8       283        12.9577        46.1       1046.08        1115.69        273.4        2467.76       183.239      166.3    2608.73
14    769.6       288.1      19.1423        47          990.755       1131.27        278.4        2416.8        175.888      169.3    2697.39
15    778.2       291.4      14.5038        47.5        985.65        1131.27        281.5        2627.34       198.632      171.2    2581.94
16    781.2       292.5      15.2769        47.7       1209.62        1096.74        282.6        2596.96       169.94       171.9    2556.26
17    778.2       291.4      10.6385        47.5       1073.87        1130.66        281.5        2559.03       182.462      171.2    2608.88
18    769.6       288.1      19.9154        47         1335.79        1165.8         278.4        2440.28       156.169      169.3    2255.88
19    755.8       283        12.9577        46.1       1407.99         854.239       273.4        2689.05       149.596      166.3    2409.36
20    737.8       276.3      17.5962        45.1       1311.35         969.247       266.9        2635.08       162.742      162.4    2370.8
21    716.9       268.4      12.1846        43.8       1474.01         931.965       259.3        2764.41       124.717      157.7    2068.39
22    694.4       260        16.8231        42.4       1599.78         788.956       251.2        2654.18       130.582      152.8    1264.9
23    671.9       251.6      16.05          41         1243.94         548.021       243.1        1895.63       154.871      147.9    1447.56
24    651         243.8      13.7308        39.8        652            281.726       235.5        1010.6         78.8062     143.3    1903.39