C_ijk
0
0
0
62
97
65
61
59
68
311
288
372
69
161
1060
1578
612
575
228
319
155
575
626
800
478
685
169
285
848
1845
98
118
101
2854
2494
167
337
683
452
3252
341
451
1715
438
1372
1160
313
567
1469
1370
1559
490
533
1180
3506
2033
245
521
2502
566
601
2867
399
1537
2438
152
1012
495
1829
224
8492
1032
240
352
214
468
1449
662
549
443
2665
1462
278
707
220
420
411
384
340
323
7371
430
338
155
260
172
584
658
678
699
370
419
184
379
512
229
642
389
1156
847
4755
1372
2539
1185
2823
969
1232
441
798
5369
747
4958
872
11881
2319
8529
1154
763
816
5132
1579
2466
4097
1593
1221
704
3023
4566
827
1737
4386
2628
676
1135
3529
616
9160
982
1688
1671
3292
718
2174
1120
705
6835
9340
1687
2023
13778
1094
533
2869
1159
627
11663
1054
2906
62
97
65
0
0
0
259
231
203
49
102
239
251
119
2208
789
616
587
657
532
155
311
5918
554
1151
655
5966
782
269
666
320
122
547
1463
143
840
1859
975
2459
2151
1135
422
658
853
880
371
253
300
418
466
919
532
947
3070
672
442
442
1842
626
415
4069
723
444
370
239
449
945
2139
742
3633
2292
1966
551
236
250
418
5386
263
456
145
162
605
185
186
338
845
489
142
327
91
275
331
690
1855
130
666
662
152
432
826
800
181
1897
638
223
226
742
403
3635
4969
660
1642
844
8171
1093
3342
399
4208
661
624
731
574
6002
788
5095
607
11615
983
571
22914
1547
22259
366
701
9300
1730
1198
44220
2137
748
8200
1656
681
1990
1417
2666
1757
11177
1349
5888
1316
3501
1886
612
7307
1623
2068
1315
2883
1369
1878
2149
637
360
1605
3565
1160
1908
61
59
68
259
231
203
0
0
0
519
115
255
149
993
240
273
507
2866
258
824
170
1578
595
706
2585
328
8655
512
550
361
559
674
137
124
269
247
371
898
13633
664
533
1166
792
1317
856
858
223
467
635
1247
5526
620
410
483
984
569
474
390
548
3637
249
297
1358
614
357
206
1110
717
301
405
2103
789
221
186
296
246
232
395
231
286
1876
1690
142
230
571
1007
1293
332
565
189
3926
1133
658
560
125
327
1178
232
448
484
11857
486
624
334
533
1171
304
383
1304
807
740
1406
695
2725
560
675
1468
528
3280
808
7128
576
883
1068
1885
1265
1109
433
7992
874
996
937
17454
3398
1094
1404
770
925
14504
2036
1289
800
1126
1246
540
1124
802
3533
876
16804
1243
751
3176
420
1615
1279
3075
2418
712
628
7380
935
3105
1804
910
5741
6466
1040
311
288
372
49
102
239
519
115
255
0
0
0
305
924
3607
676
550
390
1377
178
289
480
655
429
973
715
751
642
498
683
602
711
667
1999
356
505
499
1328
878
1251
492
570
470
735
758
154
132
255
1344
828
305
555
333
2041
798
344
925
502
492
2729
830
439
921
300
276
177
140
421
278
581
236
921
153
241
74
4070
516
982
1095
396
192
277
89
73
856
251
643
226
149
105
743
870
255
174
452
135
747
5201
732
358
873
1116
1018
1039
222
396
960
2172
8735
841
1068
928
4481
2214
902
336
755
2376
2934
7953
2105
4625
20926
1283
2432
4325
980
1316
789
2155
1330
1308
835
19480
1131
1554
5916
1601
927
2601
3530
2294
6855
2182
3293
3224
1230
1998
1826
9666
2422
1287
2525
3410
7813
686
1114
1632
877
1931
3402
495
2544
1876
984
2020
1775
4387
69
161
1060
251
119
2208
149
993
240
305
924
3607
0
0
0
298
238
498
730
214
23
759
278
295
1214
340
456
714
3138
704
637
288
695
3491
333
359
782
953
848
511
1552
674
595
1026
466
271
1176
306
567
392
1293
1544
2060
752
473
2541
497
5137
414
1538
4338
457
298
568
522
541
2299
6089
307
950
1519
11391
244
493
198
450
2532
910
346
1243
583
529
494
5454
846
709
697
521
375
1815
8034
582
8753
261
560
593
250
1026
417
147
691
385
1007
1086
250
194
338
5282
703
1006
451
1520
884
342
1657
1388
949
7608
1731
6671
1570
668
506
7304
1592
836
2199
12211
1180
3059
761
1433
684
2602
2119
1307
1357
1160
1250
2210
1917
1082
3775
1753
1340
4790
1561
1424
2790
4233
8752
5149
2441
780
449
586
1020
550
1033
11797
4474
4635
1944
13275
3249
1694
6451
2310
1578
612
575
789
616
587
273
507
2866
676
550
390
298
238
498
0
0
0
1609
1975
180
156
237
338
758
690
1922
210
216
1029
448
316
332
1026
953
209
1935
942
5681
1583
566
704
1232
993
719
527
631
2331
3860
780
2615
8033
1352
549
1378
2364
2590
437
3760
1485
4369
1180
2968
1188
219
1511
554
1020
3617
449
9851
731
1029
1107
3512
23922
858
640
1608
4376
777
291
1966
466
682
8000
347
789
665
575
508
384
915
3199
571
372
193
427
360
540
589
718
447
408
1052
428
494
608
1664
12008
2294
6297
880
1100
440
1324
362
13386
3746
1735
3339
9823
7894
833
2344
1538
18172
1988
2189
2780
1204
15945
1588
4859
29224
4241
10527
967
840
2111
1523
1899
1456
1197
6253
3475
20218
2142
1328
5305
1265
6470
2066
1251
1058
2330
867
2125
2291
357
2595
438
974
684
1198
4217
1445
712
228
319
155
657
532
155
258
824
170
1377
178
289
730
214
23
1609
1975
180
0
0
0
1469
356
1019
562
6570
685
201
176
491
318
299
193
3512
487
171
2165
1142
314
994
420
843
327
472
625
545
554
6589
10666
1118
2616
16590
330
554
426
1018
4727
1571
622
1028
3189
2848
773
1900
542
1260
938
1539
340
10014
1152
713
718
1321
330
659
541
3758
926
1228
2623
917
146
262
729
737
1601
491
676
1722
524
1500
476
448
315
431
630
740
2017
1449
830
1694
253
577
1460
431
271
1451
419
2303
11121
4827
2468
851
2020
1731
6985
1120
1277
1949
2582
3653
522
2142
15635
3584
1082
40190
1396
11254
5304
672
1052
1152
3143
2857
6063
3348
2988
6796
5094
945
1657
1712
1652
1125
2588
731
437
1901
614
3189
950
344
12985
2821
1261
4877
3314
1438
523
423
902
2933
589
1137
3007
6478
575
626
800
311
5918
554
1578
595
706
480
655
429
759
278
295
156
237
338
1469
356
1019
0
0
0
81
319
210
10
30
26
449
468
2161
2454
721
1157
156
367
764
692
1940
143
255
594
302
325
358
737
700
463
510
582
926
539
1277
1055
1499
700
392
436
618
2493
1211
1732
638
2383
976
571
625
1387
932
5213
972
924
1575
1189
1110
3119
833
1963
1634
522
1037
844
881
1844
10034
1169
605
1505
907
3662
2044
1280
1401
443
1204
2012
401
330
647
527
654
556
5039
888
671
413
1034
1582
4059
16917
351
1188
1303
564
991
403
573
498
3097
759
694
7262
10299
1681
825
1269
771
557
1026
697
1344
591
814
6495
1132
1049
3852
1739
3883
3052
16428
3127
4485
2288
1818
2183
1349
6325
818
674
1245
528
19588
906
1500
3117
939
378
682
5300
2357
3459
15469
866
13536
18227
478
685
169
1151
655
5966
2585
328
8655
973
715
751
1214
340
456
758
690
1922
562
6570
685
81
319
210
0
0
0
47
300
98
311
368
581
1405
436
1295
568
244
278
1702
420
344
225
285
3204
10058
1044
673
3875
347
779
1256
4760
748
332
617
1539
489
2242
787
486
1050
846
2262
3259
311
461
11701
1013
1151
859
1186
967
1089
854
3384
285
2906
455
1326
962
24598
3000
2094
4309
2346
2840
2801
996
878
35176
4090
475
735
14406
1896
1043
685
292
1715
1911
2121
656
663
474
2316
935
727
871
3248
553
827
1938
812
371
287
1012
2059
382
607
349
338
571
15928
1071
5160
1369
1046
1002
19492
1391
2752
5931
722
955
823
1260
709
4706
4832
2080
1223
7496
3181
3570
3765
2873
869
1092
1289
2247
743
7394
442
736
1210
1034
1443
5714
1029
2354
566
5214
979
819
950
2692
3037
285
848
1845
782
269
666
512
550
361
642
498
683
714
3138
704
210
216
1029
201
176
491
10
30
26
47
300
98
0
0
0
238
429
432
602
1198
502
626
204
2366
363
454
455
3597
894
798
1288
372
860
959
1783
1039
498
369
1527
717
1467
1173
1328
4946
444
643
738
7184
1243
535
8169
3530
1109
5413
1317
3567
12207
478
3410
562
954
1090
5804
819
1619
2760
9396
894
610
2636
704
1536
1080
616
780
825
1316
8405
1127
1009
863
1276
1781
915
488
493
1786
362
1747
509
1210
653
905
2513
1290
3156
724
738
3175
278
881
5381
1084
4357
338
1578
391
1275
8230
1096
3606
3478
1538
2155
1049
741
4669
2361
780
12693
695
3809
1217
6595
4734
2572
6103
1522
741
1472
1630
1154
664
1037
2282
873
1063
1481
822
897
6262
2676
5682
798
24931
3243
507
1504
2805
1227
677
2576
1737
98
118
101
320
122
547
559
674
137
602
711
667
637
288
695
448
316
332
318
299
193
449
468
2161
311
368
581
238
429
432
0
0
0
275
250
575
326
364
2618
815
419
1199
524
379
1040
320
1130
786
6562
264
530
2617
655
276
649
461
926
524
368
624
203
11892
519
3888
362
116
1789
436
935
577
6024
1250
704
266
244
870
438
1904
7173
2830
476
3867
5476
494
958
355
582
1070
193
305
457
1238
560
440
394
340
965
174
1397
506
1051
1665
847
288
198
262
1266
450
705
3974
2040
1080
714
790
2565
2297
463
322
3594
1013
1176
2642
1316
1303
2209
1461
1731
663
686
3806
487
3082
924
1945
813
1164
1602
534
1807
1847
884
2455
12459
8771
16985
2336
1126
10311
820
1567
1684
765
4598
1778
430
2106
42192
1196
1216
2692
790
3084
616
3466
508
2031
4804
1384
2854
2494
167
1463
143
840
124
269
247
1999
356
505
3491
333
359
1026
953
209
3512
487
171
2454
721
1157
1405
436
1295
602
1198
502
275
250
575
0
0
0
11013
236
550
209
344
284
1096
261
303
498
179
145
1603
392
999
1414
329
493
293
192
542
273
813
660
2677
1094
1368
151
154
228
3017
9338
629
458
1645
526
4506
1297
186
3798
1529
1823
824
1122
2251
544
252
508
4995
1507
1988
710
324
172
17886
1726
1116
728
682
2380
1366
1403
3603
511
484
2582
4627
345
2392
560
578
325
706
1777
4100
33926
1590
3857
1272
1660
2330
2057
1260
852
787
842
1528
460
1335
520
5801
481
1047
743
1283
894
973
1079
1896
4961
3516
1016
5339
2290
1190
1114
795
1366
1525
9028
1084
2145
7105
616
2836
1387
11355
4878
1153
23505
879
4786
19186
638
3074
793
2582
10590
1353
1990
932
539
337
683
452
1859
975
2459
371
898
13633
499
1328
878
782
953
848
1935
942
5681
2165
1142
314
156
367
764
568
244
278
626
204
2366
326
364
2618
11013
236
550
0
0
0
38
62
91
146
201
324
1008
678
558
651
481
402
248
4419
757
543
187
785
933
136
233
396
4753
362
347
255
1124
381
443
586
1960
1078
969
2333
918
5763
1544
2925
782
2952
589
1156
924
2903
1583
1301
1061
2959
523
2644
585
2023
1746
1870
950
1835
14852
3450
709
508
6573
421
638
586
830
1286
535
2920
721
896
1966
13221
1632
978
10470
321
520
1850
2393
1881
1392
936
2523
1518
3341
587
1357
1376
1316
1633
10785
429
596
710
690
4371
1413
890
977
15851
2629
10375
947
660
1025
1465
1947
1030
11401
2039
1291
4915
3016
1296
4907
3454
5935
951
710
3871
2427
34454
12912
1452
56362
27346
2946
638
532
3252
341
451
2151
1135
422
664
533
1166
1251
492
570
511
1552
674
1583
566
704
994
420
843
692
1940
143
1702
420
344
363
454
455
815
419
1199
209
344
284
38
62
91
0
0
0
157
116
238
621
809
1025
3018
332
487
323
326
242
3498
369
1392
871
393
362
480
1564
271
1065
374
1213
831
536
631
992
454
595
989
713
608
503
9343
962
963
2909
550
996
508
456
782
801
7110
355
363
1418
5122
479
1683
1773
12019
9753
1686
775
2681
452
17452
1625
1117
730
842
508
2041
2235
6515
13320
5220
4331
4311
1540
515
3358
2314
1461
1506
2133
996
4980
1439
1855
1715
1188
794
1429
952
1150
980
2287
454
1501
3499
711
3084
8694
3508
761
2838
1157
1572
2662
3347
2049
2933
2822
19860
3147
1606
5594
3007
702
4346
2997
2052
3831
2819
935
875
14589
24721
1281
2573
603
8736
712
1715
438
1372
658
853
880
792
1317
856
470
735
758
595
1026
466
1232
993
719
327
472
625
255
594
302
225
285
3204
3597
894
798
524
379
1040
1096
261
303
146
201
324
157
116
238
0
0
0
377
579
655
890
372
1668
997
405
366
4605
247
344
258
270
1353
928
616
268
6269
2365
1979
395
360
363
455
436
797
450
835
475
1432
738
7564
2806
915
599
810
1014
443
661
938
1959
1164
1783
722
2797
845
3233
2183
338
253
7937
2059
3491
1108
1217
4026
9261
1379
507
1807
2456
732
1799
1254
13827
739
5074
1572
2469
617
478
1157
1595
1344
1158
5765
445
1853
857
502
1794
505
655
3689
1246
1988
8357
467
450
302
1656
1572
1658
871
12505
787
21983
896
1503
876
3069
12669
790
4202
3555
4700
1522
2781
578
2686
2575
2615
1038
5490
727
1079
961
8716
1136
615
604
1390
1160
313
567
371
253
300
858
223
467
154
132
255
271
1176
306
527
631
2331
545
554
6589
325
358
737
10058
1044
673
1288
372
860
320
1130
786
498
179
145
1008
678
558
621
809
1025
377
579
655
0
0
0
221
1171
161
220
253
229
153
329
278
318
5501
184
4873
263
148
2825
260
85
274
2999
196
496
884
2429
118
180
213
545
873
1477
631
297
564
284
741
283
631
659
607
461
351
4176
758
2131
803
742
499
528
673
6508
732
1851
928
4475
593
297
8191
740
788
270
4530
6371
7500
3428
3173
1108
284
2593
1593
2454
1098
1301
1327
8175
12415
818
2257
759
658
726
596
850
3641
3472
755
674
2235
2153
4490
828
1280
3226
1275
2058
2480
703
5345
1261
6370
1521
1686
1513
1870
4710
976
2881
1802
6343
1009
5798
482
7881
1001
9570
4195
853
2693
1460
2344
1279
1469
1370
1559
418
466
919
635
1247
5526
1344
828
305
567
392
1293
3860
780
2615
10666
1118
2616
700
463
510
3875
347
779
959
1783
1039
6562
264
530
1603
392
999
651
481
402
3018
332
487
890
372
1668
221
1171
161
0
0
0
93
133
46
80
169
97
106
88
86
593
4136
6666
839
1264
674
523
341
196
167
284
469
8327
2366
633
266
3074
271
812
3415
581
545
319
2436
692
1758
724
635
1796
1909
2842
4745
1957
2178
638
1453
562
7141
943
2197
776
2842
825
18950
703
1065
17377
1136
2882
1221
1227
4148
13509
1521
2343
1327
4552
3015
573
3950
1866
1197
1063
5930
6565
1717
241
377
4532
2694
1672
542
716
595
446
1709
1099
338
1532
2190
1293
693
812
1141
5700
950
2403
3790
1144
1885
1258
7577
7574
1111
1178
3545
8104
5575
2605
3102
1145
3045
1355
1668
1743
2051
4868
2348
490
533
1180
532
947
3070
620
410
483
555
333
2041
1544
2060
752
8033
1352
549
16590
330
554
582
926
539
1256
4760
748
498
369
1527
2617
655
276
1414
329
493
248
4419
757
323
326
242
997
405
366
220
253
229
93
133
46
0
0
0
780
140
59
128
145
138
573
308
598
346
1626
134
2887
178
134
920
387
312
1372
2666
3325
3799
782
3898
452
352
408
1138
10257
450
1008
1095
1472
823
1155
296
436
519
789
4396
1735
580
4193
606
537
15340
1540
731
1747
761
750
7605
1062
607
1467
7040
862
21314
30518
3770
780
943
698
3951
2624
1797
3024
4516
3195
917
2786
4077
554
2404
1272
689
804
634
1417
327
736
655
1190
688
3463
1258
461
8679
3694
634
974
2938
1537
1296
11252
1770
5910
2026
3650
2795
3734
1058
4763
19716
4840
2035
2940
1499
1438
2136
4209
25232
2455
4079
3506
2033
245
672
442
442
984
569
474
798
344
925
473
2541
497
1378
2364
2590
426
1018
4727
1277
1055
1499
332
617
1539
717
1467
1173
649
461
926
293
192
542
543
187
785
3498
369
1392
4605
247
344
153
329
278
80
169
97
780
140
59
0
0
0
75
65
95
271
376
220
4804
203
3770
280
213
1122
795
211
2778
583
660
282
1773
312
541
1342
1134
3257
1071
484
244
559
19257
658
2789
221
1760
1234
1889
990
220
424
882
639
494
2109
371
9581
6499
6427
1146
750
402
633
945
1291
899
26988
1091
1070
4263
709
1800
657
491
1037
1577
1502
4238
1523
487
347
1578
1051
673
298
2483
3059
679
630
927
420
498
3146
827
1906
1730
1570
5118
837
2347
1021
3558
862
1269
7646
1971
3048
4738
1911
1660
1567
1362
1539
3107
1365
7445
920
1007
2012
8183
1600
735
1287
32657
521
2502
566
1842
626
415
390
548
3637
502
492
2729
5137
414
1538
437
3760
1485
1571
622
1028
700
392
436
489
2242
787
1328
4946
444
524
368
624
273
813
660
933
136
233
871
393
362
258
270
1353
318
5501
184
106
88
86
128
145
138
75
65
95
0
0
0
2095
3939
436
1333
2193
1496
838
914
136
606
258
350
2704
1372
7168
5482
490
705
318
644
1244
437
3086
21076
1661
1022
705
309
518
822
1128
658
861
298
2239
781
1525
1296
2647
808
1131
1698
5463
7554
693
1780
1392
4388
2348
5618
4136
2320
1528
1465
781
962
526
779
2842
611
3187
3735
1101
533
5098
335
1162
12767
417
1482
4035
2588
597
1001
4127
1588
490
760
1709
3185
743
1193
26652
3188
577
12594
973
1165
824
1557
788
1858
1605
1363
2045
1717
2171
864
3084
6358
2226
1619
1466
10163
2511
7442
1775
1393
601
2867
399
4069
723
444
249
297
1358
830
439
921
4338
457
298
4369
1180
2968
3189
2848
773
618
2493
1211
486
1050
846
643
738
7184
203
11892
519
2677
1094
1368
396
4753
362
480
1564
271
928
616
268
4873
263
148
593
4136
6666
573
308
598
271
376
220
2095
3939
436
0
0
0
652
436
228
96
360
73
127
43
64
716
936
240
244
1707
776
267
1125
623
251
453
1428
528
1354
1256
579
1883
1064
410
3186
946
373
1326
527
1703
638
758
2661
4638
17400
2258
844
573
5321
625
601
10776
6334
3206
1107
1449
3834
673
448
3234
1273
1202
1804
741
2986
3216
371
1387
939
516
2051
713
1857
1227
905
431
3654
1251
891
2732
1172
455
3211
4773
4019
376
1762
434
961
731
734
4575
1096
4229
4931
15769
1385
1036
754
4971
1212
18111
1145
1786
1317
671
2648
1445
11324
2615
24631
1537
2438
152
370
239
449
614
357
206
300
276
177
568
522
541
1188
219
1511
1900
542
1260
1732
638
2383
2262
3259
311
1243
535
8169
3888
362
116
151
154
228
347
255
1124
1065
374
1213
6269
2365
1979
2825
260
85
839
1264
674
346
1626
134
4804
203
3770
1333
2193
1496
652
436
228
0
0
0
384
594
154
304
849
4389
135
149
768
966
1627
1108
145
551
1093
191
94
424
4941
1078
798
627
429
722
403
164
1110
163
217
196
408
458
652
1253
2355
1454
888
244
2627
622
3161
430
1545
874
2871
8556
4903
1336
534
1327
29673
2161
15416
1034
658
959
1830
754
1460
885
1181
3060
854
2831
2506
945
2555
456
380
1039
1085
5279
1407
1337
1186
646
610
855
1231
537
2417
1018
3514
1212
1963
1571
11296
732
984
1750
9447
2689
729
5522
4635
1005
8225
6290
2741
921
2695
1328
1012
495
1829
945
2139
742
1110
717
301
140
421
278
2299
6089
307
554
1020
3617
938
1539
340
976
571
625
461
11701
1013
3530
1109
5413
1789
436
935
3017
9338
629
381
443
586
831
536
631
395
360
363
274
2999
196
523
341
196
2887
178
134
280
213
1122
838
914
136
96
360
73
384
594
154
0
0
0
3979
374
500
377
181
315
508
230
669
128
130
1182
413
178
375
589
564
381
2219
651
1153
1521
361
3216
3858
733
604
328
423
3233
2285
2271
2122
300
624
3448
1849
747
1109
1251
3872
2672
6005
5660
1216
10491
8427
1016
1504
1851
4891
1977
762
2984
1606
1101
3370
1554
635
2596
1919
2617
2455
733
421
495
642
4475
1129
1362
874
349
1757
424
1202
1066
812
805
4204
2942
523
2647
4125
2370
1588
626
2192
2333
832
1224
2945
3329
741
15657
1076
1420
1636
3114
2815
224
8492
1032
3633
2292
1966
405
2103
789
581
236
921
950
1519
11391
449
9851
731
10014
1152
713
1387
932
5213
1151
859
1186
1317
3567
12207
577
6024
1250
458
1645
526
1960
1078
969
992
454
595
455
436
797
496
884
2429
167
284
469
920
387
312
795
211
2778
606
258
350
127
43
64
304
849
4389
3979
374
500
0
0
0
436
2600
640
287
497
201
241
693
228
272
839
513
673
511
1185
448
1394
631
613
724
616
1223
1464
1353
1301
2690
6452
912
1111
6967
8220
2939
1573
748
2932
1354
3898
1900
2668
2721
2178
17252
6052
646
1826
4335
46264
1301
2425
3077
1684
969
553
343
633
506
273
7511
2402
2544
379
245
589
896
1402
5722
1991
584
1916
8450
880
245
743
1760
888
1824
1493
496
1739
856
2221
1326
1659
1589
1282
1828
1651
1618
1194
4235
12228
696
3356
1182
2145
1143
240
352
214
551
236
250
221
186
296
153
241
74
244
493
198
1029
1107
3512
718
1321
330
972
924
1575
967
1089
854
478
3410
562
704
266
244
4506
1297
186
2333
918
5763
989
713
608
450
835
475
118
180
213
8327
2366
633
1372
2666
3325
583
660
282
2704
1372
7168
716
936
240
135
149
768
377
181
315
436
2600
640
0
0
0
194
227
375
204
279
144
314
142
31
451
492
362
102
98
183
225
218
2004
228
213
115
2762
630
1306
595
1050
570
197
1058
282
550
665
357
2377
1898
2002
1871
2188
2017
2044
1194
1627
690
979
1092
1004
1081
6259
857
1876
2169
11279
1034
593
5107
1200
2201
5212
1155
893
2007
921
4038
969
509
1499
1092
1193
469
1078
2357
1666
2281
3505
500
1151
3871
3272
1169
1359
1882
1100
1800
1560
1414
714
7479
2138
3580
1275
1547
2612
3206
468
1449
662
418
5386
263
246
232
395
4070
516
982
450
2532
910
23922
858
640
659
541
3758
1189
1110
3119
3384
285
2906
954
1090
5804
870
438
1904
3798
1529
1823
1544
2925
782
503
9343
962
1432
738
7564
545
873
1477
266
3074
271
3799
782
3898
1773
312
541
5482
490
705
244
1707
776
966
1627
1108
508
230
669
287
497
201
194
227
375
0
0
0
219
123
236
471
633
152
806
1427
309
228
277
438
191
100
1284
130
346
324
1260
1498
343
4416
594
800
3111
4496
1322
1177
1081
677
3332
5775
1391
8573
29556
32808
1665
1621
3035
1976
2298
1932
2080
811
1775
4004
1091
626
4445
1082
450
10021
1127
5843
1327
515
1724
814
5221
32630
8063
1322
755
600
669
313
2512
1282
541
436
1675
5045
2809
720
2704
1106
681
1597
721
2372
1217
8063
1148
3764
1185
9243
13978
701
1421
1308
549
443
2665
456
145
162
231
286
1876
1095
396
192
346
1243
583
1608
4376
777
926
1228
2623
833
1963
1634
455
1326
962
819
1619
2760
7173
2830
476
824
1122
2251
2952
589
1156
963
2909
550
2806
915
599
631
297
564
812
3415
581
452
352
408
1342
1134
3257
318
644
1244
267
1125
623
145
551
1093
128
130
1182
241
693
228
204
279
144
219
123
236
0
0
0
52
2157
82
955
991
273
187
379
205
1260
268
502
106
456
255
358
661
315
6074
569
338
520
765
482
408
853
712
3354
1211
843
3626
7724
5699
1164
1991
9134
1186
5828
1507
3842
2491
4348
2643
530
1427
706
1607
1213
1398
1393
4300
723
559
1204
732
921
573
1182
580
1528
762
1051
7930
870
795
1563
1058
1771
325
4651
4828
864
4104
531
2596
2011
1334
1150
1696
1950
631
994
1109
1277
1855
2959
1382
1462
278
707
605
185
186
1690
142
230
277
89
73
529
494
5454
291
1966
466
917
146
262
522
1037
844
24598
3000
2094
9396
894
610
3867
5476
494
544
252
508
924
2903
1583
996
508
456
810
1014
443
284
741
283
545
319
2436
1138
10257
450
1071
484
244
437
3086
21076
251
453
1428
191
94
424
413
178
375
272
839
513
314
142
31
471
633
152
52
2157
82
0
0
0
5427
273
429
121
1090
399
806
170
3618
144
89
149
964
322
930
828
477
5504
401
432
450
5184
3051
744
4297
1235
1624
10446
3968
2200
7898
1982
857
1386
3777
1281
3705
466
13166
2721
2533
1074
1164
951
530
3156
595
8513
584
482
935
2175
1083
1193
906
9332
2138
1256
1246
680
629
1691
622
2448
761
586
1830
2467
1597
2691
14121
1866
804
852
901
1135
6141
2204
4351
1269
605
4822
1935
1923
220
420
411
338
845
489
571
1007
1293
856
251
643
846
709
697
682
8000
347
729
737
1601
881
1844
10034
4309
2346
2840
2636
704
1536
958
355
582
4995
1507
1988
1301
1061
2959
782
801
7110
661
938
1959
631
659
607
692
1758
724
1008
1095
1472
559
19257
658
1661
1022
705
528
1354
1256
4941
1078
798
589
564
381
673
511
1185
451
492
362
806
1427
309
955
991
273
5427
273
429
0
0
0
433
653
134
160
367
90
179
4525
7279
576
716
424
326
496
175
477
465
402
1256
392
175
1830
2610
1480
1760
6529
1529
4342
698
2940
12574
7135
813
6163
1262
2406
583
2022
2597
845
6377
652
2356
1889
1450
1071
18353
16625
1861
1052
2484
1274
1198
2721
648
890
2206
6072
2544
2612
552
1287
462
7003
6019
1573
1387
2474
578
457
2263
586
45982
712
2021
950
2229
1274
1458
5282
1835
384
340
323
142
327
91
332
565
189
226
149
105
521
375
1815
789
665
575
491
676
1722
1169
605
1505
2801
996
878
1080
616
780
1070
193
305
710
324
172
523
2644
585
355
363
1418
1164
1783
722
461
351
4176
635
1796
1909
823
1155
296
2789
221
1760
309
518
822
579
1883
1064
627
429
722
2219
651
1153
448
1394
631
102
98
183
228
277
438
187
379
205
121
1090
399
433
653
134
0
0
0
1222
1272
754
721
149
35
271
275
557
1251
1557
660
403
247
308
208
318
791
2449
2185
815
1241
1398
12501
4319
980
4957
817
555
694
1734
711
1985
934
18026
1004
11631
4044
1377
1182
1766
1100
8205
445
1149
1337
1703
1262
1483
4452
967
1992
878
424
4618
2319
2731
335
1374
2761
10017
16514
3396
1496
2524
722
1284
607
987
29567
1607
943
2084
2427
925
3560
1478
1707
7371
430
338
275
331
690
3926
1133
658
743
870
255
8034
582
8753
508
384
915
524
1500
476
907
3662
2044
35176
4090
475
825
1316
8405
457
1238
560
17886
1726
1116
2023
1746
1870
5122
479
1683
2797
845
3233
758
2131
803
2842
4745
1957
436
519
789
1234
1889
990
1128
658
861
410
3186
946
403
164
1110
1521
361
3216
613
724
616
225
218
2004
191
100
1284
1260
268
502
806
170
3618
160
367
90
1222
1272
754
0
0
0
139
296
107
793
362
3020
2324
467
400
208
413
1095
2275
656
1981
2169
987
11560
30798
3050
884
2373
860
5700
6177
15502
3353
1489
8484
1182
6037
2160
2188
1658
1471
2055
2006
8405
2006
915
3052
6835
1738
2287
3671
653
2612
2826
1542
1759
450
1117
2256
527
781
403
1190
2062
12433
989
1560
765
22791
849
626
319
14046
19736
5517
3052
1019
5282
7135
1799
1564
155
260
172
1855
130
666
560
125
327
174
452
135
261
560
593
3199
571
372
448
315
431
1280
1401
443
735
14406
1896
1127
1009
863
440
394
340
728
682
2380
950
1835
14852
1773
12019
9753
2183
338
253
742
499
528
2178
638
1453
4396
1735
580
220
424
882
298
2239
781
373
1326
527
163
217
196
3858
733
604
1223
1464
1353
228
213
115
130
346
324
106
456
255
144
89
149
179
4525
7279
721
149
35
139
296
107
0
0
0
177
400
7603
394
812
172
513
836
461
358
1109
303
3202
808
3988
1708
505
2763
963
651
4139
1072
4481
872
2959
4424
1558
1907
9119
2225
687
9496
557
38120
3478
4725
981
1209
1076
1525
968
881
3818
3482
1852
2935
605
1082
32673
1168
2989
731
2228
500
1433
1487
3799
636
494
11660
1156
1723
525
6710
1110
699
3095
10538
714
5141
1216
1338
584
658
678
662
152
432
1178
232
448
747
5201
732
250
1026
417
193
427
360
630
740
2017
1204
2012
401
1043
685
292
1276
1781
915
965
174
1397
1366
1403
3603
3450
709
508
1686
775
2681
7937
2059
3491
673
6508
732
562
7141
943
4193
606
537
639
494
2109
1525
1296
2647
1703
638
758
408
458
652
328
423
3233
1301
2690
6452
2762
630
1306
1260
1498
343
358
661
315
964
322
930
576
716
424
271
275
557
793
362
3020
177
400
7603
0
0
0
1236
2465
384
64
126
108
76
110
148
1439
3270
3013
1669
1420
45330
4810
562
896
5077
491
1660
320
3215
651
1655
2958
4928
845
1180
12850
7631
786
10247
11718
868
4818
1293
5644
1063
6481
2328
2005
8006
1097
2841
4199
34563
3473
1130
5398
754
1533
1571
5620
1085
1458
6368
2923
13440
3373
300
1199
516
6500
602
497
1900
2718
2497
699
370
419
826
800
181
484
11857
486
358
873
1116
147
691
385
540
589
718
1449
830
1694
330
647
527
1715
1911
2121
488
493
1786
506
1051
1665
511
484
2582
6573
421
638
452
17452
1625
1108
1217
4026
1851
928
4475
2197
776
2842
15340
1540
731
371
9581
6499
808
1131
1698
2661
4638
17400
1253
2355
1454
2285
2271
2122
912
1111
6967
595
1050
570
4416
594
800
6074
569
338
828
477
5504
326
496
175
1251
1557
660
2324
467
400
394
812
172
1236
2465
384
0
0
0
146
107
248
79
3707
54
2926
7488
1738
1977
1129
7181
351
4770
2581
1515
6636
8739
503
406
589
8380
2745
1963
1880
12826
3218
884
1687
1840
981
687
2480
12385
3926
3513
28299
4657
2200
2262
1097
3071
3299
888
2555
1263
10704
574
1501
645
1348
1030
1421
633
738
1632
721
623
1727
483
600
1161
722
1724
2398
831
184
379
512
1897
638
223
624
334
533
1018
1039
222
1007
1086
250
447
408
1052
253
577
1460
654
556
5039
656
663
474
362
1747
509
847
288
198
4627
345
2392
586
830
1286
1117
730
842
9261
1379
507
593
297
8191
825
18950
703
1747
761
750
6427
1146
750
5463
7554
693
2258
844
573
888
244
2627
300
624
3448
8220
2939
1573
197
1058
282
3111
4496
1322
520
765
482
401
432
450
477
465
402
403
247
308
208
413
1095
513
836
461
64
126
108
146
107
248
0
0
0
1153
162
277
676
4653
27480
2247
628
3669
1861
1051
2557
860
2433
3648
1749
1123
640
1339
2191
6877
773
6174
3688
1190
6106
3694
11377
3744
6823
909
777
1430
5913
1402
16353
2846
2045
4623
2092
2878
2319
935
1101
680
30594
9935
4481
4789
521
478
12396
664
1146
3634
2065
1325
425
16792
2753
1963
1921
2092
229
642
389
226
742
403
1171
304
383
396
960
2172
194
338
5282
428
494
608
431
271
1451
888
671
413
2316
935
727
1210
653
905
262
1266
450
560
578
325
535
2920
721
508
2041
2235
1807
2456
732
740
788
270
1065
17377
1136
7605
1062
607
402
633
945
1780
1392
4388
5321
625
601
622
3161
430
1849
747
1109
748
2932
1354
550
665
357
1177
1081
677
408
853
712
5184
3051
744
1256
392
175
208
318
791
2275
656
1981
358
1109
303
76
110
148
79
3707
54
1153
162
277
0
0
0
928
1836
1307
5335
636
496
1274
1481
1443
914
1548
2000
1185
535
1967
1162
4274
4272
1001
1919
1638
929
17154
1545
1499
1263
1200
1479
735
1954
2892
1391
1020
3772
791
6386
11095
1103
4608
582
1208
1126
2326
1153
2805
458
2441
1068
1114
7864
453
834
1381
608
438
3119
571
2588
1994
2579
1156
847
4755
3635
4969
660
1304
807
740
8735
841
1068
703
1006
451
1664
12008
2294
419
2303
11121
1034
1582
4059
871
3248
553
2513
1290
3156
705
3974
2040
706
1777
4100
896
1966
13221
6515
13320
5220
1799
1254
13827
4530
6371
7500
2882
1221
1227
1467
7040
862
1291
899
26988
2348
5618
4136
10776
6334
3206
1545
874
2871
1251
3872
2672
3898
1900
2668
2377
1898
2002
3332
5775
1391
3354
1211
843
4297
1235
1624
1830
2610
1480
2449
2185
815
2169
987
11560
3202
808
3988
1439
3270
3013
2926
7488
1738
676
4653
27480
928
1836
1307
0
0
0
258
552
526
670
518
1159
333
1485
1235
228
423
227
4893
3334
3516
2128
2946
5759
44308
3096
1613
3209
4025
3072
5287
1195
3445
2304
17930
2847
2638
1595
4607
2792
1860
3329
3943
2154
1763
132
247
123
539
1168
1024
1968
774
1610
146
127
195
1906
647
1179
1421
873
1632
1372
2539
1185
1642
844
8171
1406
695
2725
928
4481
2214
1520
884
342
6297
880
1100
4827
2468
851
16917
351
1188
827
1938
812
724
738
3175
1080
714
790
33926
1590
3857
1632
978
10470
4331
4311
1540
739
5074
1572
3428
3173
1108
4148
13509
1521
21314
30518
3770
1091
1070
4263
2320
1528
1465
1107
1449
3834
8556
4903
1336
6005
5660
1216
2721
2178
17252
1871
2188
2017
8573
29556
32808
3626
7724
5699
10446
3968
2200
1760
6529
1529
1241
1398
12501
30798
3050
884
1708
505
2763
1669
1420
45330
1977
1129
7181
2247
628
3669
5335
636
496
258
552
526
0
0
0
2444
591
611
463
290
855
584
158
222
6447
2270
4395
1689
20897
4626
2403
1581
2119
1792
5275
2839
3986
5950
26921
1524
13594
1550
5061
1350
4127
2322
2203
12322
3127
1187
15936
280
642
482
1097
897
384
1662
4148
2088
983
747
739
822
811
3667
1003
2804
2912
2823
969
1232
1093
3342
399
560
675
1468
902
336
755
1657
1388
949
440
1324
362
2020
1731
6985
1303
564
991
371
287
1012
278
881
5381
2565
2297
463
1272
1660
2330
321
520
1850
515
3358
2314
2469
617
478
284
2593
1593
2343
1327
4552
780
943
698
709
1800
657
781
962
526
673
448
3234
534
1327
29673
10491
8427
1016
6052
646
1826
2044
1194
1627
1665
1621
3035
1164
1991
9134
7898
1982
857
4342
698
2940
4319
980
4957
2373
860
5700
963
651
4139
4810
562
896
351
4770
2581
1861
1051
2557
1274
1481
1443
670
518
1159
2444
591
611
0
0
0
160
188
81
198
1617
290
3175
2868
7260
4243
716
4413
1917
1210
12519
12625
22611
4151
4290
1655
1953
3440
2950
1531
4472
15008
6436
1632
1786
1221
6110
1881
3329
884
3197
410
600
542
1362
1527
777
1363
810
1525
598
1870
2562
1981
1024
1903
569
441
798
5369
4208
661
624
528
3280
808
2376
2934
7953
7608
1731
6671
13386
3746
1735
1120
1277
1949
403
573
498
2059
382
607
1084
4357
338
322
3594
1013
2057
1260
852
2393
1881
1392
1461
1506
2133
1157
1595
1344
2454
1098
1301
3015
573
3950
3951
2624
1797
491
1037
1577
779
2842
611
1273
1202
1804
2161
15416
1034
1504
1851
4891
4335
46264
1301
690
979
1092
1976
2298
1932
1186
5828
1507
1386
3777
1281
12574
7135
813
817
555
694
6177
15502
3353
1072
4481
872
5077
491
1660
1515
6636
8739
860
2433
3648
914
1548
2000
333
1485
1235
463
290
855
160
188
81
0
0
0
310
501
363
962
2171
1473
1648
2487
1748
284
2877
3510
5532
3253
4490
1246
3463
2821
5174
2537
4653
1002
2673
1745
1604
1026
1165
2437
876
1119
639
1670
1781
965
2419
315
1810
1199
3081
1095
1048
1174
7564
8638
1425
1209
870
769
747
4958
872
731
574
6002
7128
576
883
2105
4625
20926
1570
668
506
3339
9823
7894
2582
3653
522
3097
759
694
349
338
571
1578
391
1275
1176
2642
1316
787
842
1528
936
2523
1518
996
4980
1439
1158
5765
445
1327
8175
12415
1866
1197
1063
3024
4516
3195
1502
4238
1523
3187
3735
1101
741
2986
3216
658
959
1830
1977
762
2984
2425
3077
1684
1004
1081
6259
2080
811
1775
3842
2491
4348
3705
466
13166
6163
1262
2406
1734
711
1985
1489
8484
1182
2959
4424
1558
320
3215
651
503
406
589
1749
1123
640
1185
535
1967
228
423
227
584
158
222
198
1617
290
310
501
363
0
0
0
2115
11804
1916
13152
7262
648
2281
3793
3095
2263
1892
857
1790
979
11406
4170
7149
1842
14862
9578
16707
2719
42671
1664
951
14911
1139
751
4890
220
646
561
24642
3646
6932
2348
542
281
999
8508
1209
902
5379
1128
1626
11881
2319
8529
788
5095
607
1068
1885
1265
1283
2432
4325
7304
1592
836
833
2344
1538
2142
15635
3584
7262
10299
1681
15928
1071
5160
8230
1096
3606
1303
2209
1461
460
1335
520
3341
587
1357
1855
1715
1188
1853
857
502
818
2257
759
5930
6565
1717
917
2786
4077
487
347
1578
533
5098
335
371
1387
939
754
1460
885
1606
1101
3370
969
553
343
857
1876
2169
4004
1091
626
2643
530
1427
2721
2533
1074
583
2022
2597
934
18026
1004
6037
2160
2188
1907
9119
2225
1655
2958
4928
8380
2745
1963
1339
2191
6877
1162
4274
4272
4893
3334
3516
6447
2270
4395
3175
2868
7260
962
2171
1473
2115
11804
1916
0
0
0
221
4475
138
3938
4834
3330
218
124
302
1036
8246
5756
3230
231
315
249
156
444
561
407
522
2495
2063
1394
1884
49202
12499
20774
1412
3398
2423
2480
1714
1089
7056
5260
4008
6614
4295
6237
28847
2216
1154
763
816
11615
983
571
1109
433
7992
980
1316
789
2199
12211
1180
18172
1988
2189
1082
40190
1396
825
1269
771
1369
1046
1002
3478
1538
2155
1731
663
686
5801
481
1047
1376
1316
1633
794
1429
952
1794
505
655
658
726
596
241
377
4532
554
2404
1272
1051
673
298
1162
12767
417
516
2051
713
1181
3060
854
1554
635
2596
633
506
273
11279
1034
593
4445
1082
450
706
1607
1213
1164
951
530
845
6377
652
11631
4044
1377
1658
1471
2055
687
9496
557
845
1180
12850
1880
12826
3218
773
6174
3688
1001
1919
1638
2128
2946
5759
1689
20897
4626
4243
716
4413
1648
2487
1748
13152
7262
648
221
4475
138
0
0
0
1303
3301
2357
139
143
69
428
949
1508
409
574
462
241
795
163
403
463
7726
19128
806
1056
3212
5754
1939
2235
1593
1355
1564
11448
927
8299
1810
28248
5953
2343
4854
988
2731
1332
5132
1579
2466
22914
1547
22259
874
996
937
2155
1330
1308
3059
761
1433
2780
1204
15945
11254
5304
672
557
1026
697
19492
1391
2752
1049
741
4669
3806
487
3082
743
1283
894
10785
429
596
1150
980
2287
3689
1246
1988
850
3641
3472
2694
1672
542
689
804
634
2483
3059
679
1482
4035
2588
1857
1227
905
2831
2506
945
1919
2617
2455
7511
2402
2544
5107
1200
2201
10021
1127
5843
1398
1393
4300
3156
595
8513
2356
1889
1450
1182
1766
1100
2006
8405
2006
38120
3478
4725
7631
786
10247
884
1687
1840
1190
6106
3694
929
17154
1545
44308
3096
1613
2403
1581
2119
1917
1210
12519
284
2877
3510
2281
3793
3095
3938
4834
3330
1303
3301
2357
0
0
0
1808
1136
1062
535
808
635
5996
3544
886
2692
2389
903
4053
1143
3668
6202
8941
19781
1929
1975
4070
2282
1460
1438
1128
2968
9103
1033
5732
21008
6011
11358
856
1532
391
585
4097
1593
1221
366
701
9300
17454
3398
1094
835
19480
1131
684
2602
2119
1588
4859
29224
1052
1152
3143
1344
591
814
5931
722
955
2361
780
12693
924
1945
813
973
1079
1896
710
690
4371
454
1501
3499
8357
467
450
755
674
2235
716
595
446
1417
327
736
630
927
420
597
1001
4127
431
3654
1251
2555
456
380
733
421
495
379
245
589
5212
1155
893
1327
515
1724
723
559
1204
584
482
935
1071
18353
16625
8205
445
1149
915
3052
6835
981
1209
1076
11718
868
4818
981
687
2480
11377
3744
6823
1499
1263
1200
3209
4025
3072
1792
5275
2839
12625
22611
4151
5532
3253
4490
2263
1892
857
218
124
302
139
143
69
1808
1136
1062
0
0
0
936
1923
987
1156
2275
402
244
178
225
1021
1443
3066
831
670
5582
16442
2839
3168
4813
2628
881
1721
3420
6692
15989
10302
1951
3690
4492
4194
1166
3785
3916
704
3023
4566
1730
1198
44220
1404
770
925
1554
5916
1601
1307
1357
1160
4241
10527
967
2857
6063
3348
6495
1132
1049
823
1260
709
695
3809
1217
1164
1602
534
4961
3516
1016
1413
890
977
711
3084
8694
302
1656
1572
2153
4490
828
1709
1099
338
655
1190
688
498
3146
827
1588
490
760
891
2732
1172
1039
1085
5279
642
4475
1129
896
1402
5722
2007
921
4038
814
5221
32630
732
921
573
2175
1083
1193
1861
1052
2484
1337
1703
1262
1738
2287
3671
1525
968
881
1293
5644
1063
12385
3926
3513
909
777
1430
1479
735
1954
5287
1195
3445
3986
5950
26921
4290
1655
1953
1246
3463
2821
1790
979
11406
1036
8246
5756
428
949
1508
535
808
635
936
1923
987
0
0
0
1124
1800
4825
723
3368
3480
2603
748
1402
1197
7074
13357
2859
2974
1360
1703
2808
2594
4350
3725
2846
10312
2373
2264
1222
7044
8601
2825
821
4051
827
1737
4386
2137
748
8200
14504
2036
1289
927
2601
3530
1250
2210
1917
840
2111
1523
2988
6796
5094
3852
1739
3883
4706
4832
2080
6595
4734
2572
1807
1847
884
5339
2290
1190
15851
2629
10375
3508
761
2838
1658
871
12505
1280
3226
1275
1532
2190
1293
3463
1258
461
1906
1730
1570
1709
3185
743
455
3211
4773
1407
1337
1186
1362
874
349
1991
584
1916
969
509
1499
8063
1322
755
1182
580
1528
906
9332
2138
1274
1198
2721
1483
4452
967
653
2612
2826
3818
3482
1852
6481
2328
2005
28299
4657
2200
5913
1402
16353
2892
1391
1020
2304
17930
2847
1524
13594
1550
3440
2950
1531
5174
2537
4653
4170
7149
1842
3230
231
315
409
574
462
5996
3544
886
1156
2275
402
1124
1800
4825
0
0
0
1068
203
327
244
619
89
1689
1102
1323
2221
2310
906
1126
1706
1133
2012
4853
2673
1773
5181
3471
17790
6940
4745
4509
1672
2612
2628
676
1135
1656
681
1990
800
1126
1246
2294
6855
2182
1082
3775
1753
1899
1456
1197
945
1657
1712
3052
16428
3127
1223
7496
3181
6103
1522
741
2455
12459
8771
1114
795
1366
947
660
1025
1157
1572
2662
787
21983
896
2058
2480
703
693
812
1141
8679
3694
634
5118
837
2347
1193
26652
3188
4019
376
1762
646
610
855
1757
424
1202
8450
880
245
1092
1193
469
600
669
313
762
1051
7930
1256
1246
680
648
890
2206
1992
878
424
1542
1759
450
2935
605
1082
8006
1097
2841
2262
1097
3071
2846
2045
4623
3772
791
6386
2638
1595
4607
5061
1350
4127
4472
15008
6436
1002
2673
1745
14862
9578
16707
249
156
444
241
795
163
2692
2389
903
244
178
225
723
3368
3480
1068
203
327
0
0
0
2783
1737
531
601
722
4155
2061
17118
2273
1203
1697
1798
1695
3613
11225
3393
20441
2625
2864
1452
1485
2828
6844
1432
3529
616
9160
1417
2666
1757
540
1124
802
3293
3224
1230
1340
4790
1561
6253
3475
20218
1652
1125
2588
4485
2288
1818
3570
3765
2873
1472
1630
1154
16985
2336
1126
1525
9028
1084
1465
1947
1030
3347
2049
2933
1503
876
3069
5345
1261
6370
5700
950
2403
974
2938
1537
1021
3558
862
577
12594
973
434
961
731
1231
537
2417
1066
812
805
743
1760
888
1078
2357
1666
2512
1282
541
870
795
1563
629
1691
622
6072
2544
2612
4618
2319
2731
1117
2256
527
32673
1168
2989
4199
34563
3473
3299
888
2555
2092
2878
2319
11095
1103
4608
2792
1860
3329
2322
2203
12322
1632
1786
1221
1604
1026
1165
2719
42671
1664
561
407
522
403
463
7726
4053
1143
3668
1021
1443
3066
2603
748
1402
244
619
89
2783
1737
531
0
0
0
1224
8033
1219
3083
2685
988
4662
3058
14962
992
14756
3194
3195
1526
2100
1455
1170
6822
65404
1561
3616
982
1688
1671
11177
1349
5888
3533
876
16804
1998
1826
9666
1424
2790
4233
2142
1328
5305
731
437
1901
2183
1349
6325
869
1092
1289
664
1037
2282
10311
820
1567
2145
7105
616
11401
2039
1291
2822
19860
3147
12669
790
4202
1521
1686
1513
3790
1144
1885
1296
11252
1770
1269
7646
1971
1165
824
1557
734
4575
1096
1018
3514
1212
4204
2942
523
1824
1493
496
2281
3505
500
436
1675
5045
1058
1771
325
2448
761
586
552
1287
462
335
1374
2761
781
403
1190
731
2228
500
1130
5398
754
1263
10704
574
935
1101
680
582
1208
1126
3943
2154
1763
3127
1187
15936
6110
1881
3329
2437
876
1119
951
14911
1139
2495
2063
1394
19128
806
1056
6202
8941
19781
831
670
5582
1197
7074
13357
1689
1102
1323
601
722
4155
1224
8033
1219
0
0
0
11539
10000
1003
20096
950
1272
435
1277
4621
892
11636
1462
17886
640
958
2862
5864
3881
3292
718
2174
1316
3501
1886
1243
751
3176
2422
1287
2525
8752
5149
2441
1265
6470
2066
614
3189
950
818
674
1245
2247
743
7394
873
1063
1481
1684
765
4598
2836
1387
11355
4915
3016
1296
1606
5594
3007
3555
4700
1522
1870
4710
976
1258
7577
7574
5910
2026
3650
3048
4738
1911
788
1858
1605
4229
4931
15769
1963
1571
11296
2647
4125
2370
1739
856
2221
1151
3871
3272
2809
720
2704
4651
4828
864
1830
2467
1597
7003
6019
1573
10017
16514
3396
2062
12433
989
1433
1487
3799
1533
1571
5620
1501
645
1348
30594
9935
4481
2326
1153
2805
132
247
123
280
642
482
884
3197
410
639
1670
1781
751
4890
220
1884
49202
12499
3212
5754
1939
1929
1975
4070
16442
2839
3168
2859
2974
1360
2221
2310
906
2061
17118
2273
3083
2685
988
11539
10000
1003
0
0
0
525
1053
731
2647
1702
815
1386
637
376
2532
885
687
1705
1397
9982
1120
705
6835
612
7307
1623
420
1615
1279
3410
7813
686
780
449
586
1251
1058
2330
344
12985
2821
528
19588
906
442
736
1210
822
897
6262
1778
430
2106
4878
1153
23505
4907
3454
5935
702
4346
2997
2781
578
2686
2881
1802
6343
1111
1178
3545
2795
3734
1058
1660
1567
1362
1363
2045
1717
1385
1036
754
732
984
1750
1588
626
2192
1326
1659
1589
1169
1359
1882
1106
681
1597
4104
531
2596
2691
14121
1866
1387
2474
578
1496
2524
722
1560
765
22791
636
494
11660
1085
1458
6368
1030
1421
633
4789
521
478
458
2441
1068
539
1168
1024
1097
897
384
600
542
1362
965
2419
315
646
561
24642
20774
1412
3398
2235
1593
1355
2282
1460
1438
4813
2628
881
1703
2808
2594
1126
1706
1133
1203
1697
1798
4662
3058
14962
20096
950
1272
525
1053
731
0
0
0
552
589
913
386
1281
2257
283
837
426
1182
2425
16471
9340
1687
2023
2068
1315
2883
3075
2418
712
1114
1632
877
1020
550
1033
867
2125
2291
1261
4877
3314
1500
3117
939
1034
1443
5714
2676
5682
798
42192
1196
1216
879
4786
19186
951
710
3871
2052
3831
2819
2575
2615
1038
1009
5798
482
8104
5575
2605
4763
19716
4840
1539
3107
1365
2171
864
3084
4971
1212
18111
9447
2689
729
2333
832
1224
1282
1828
1651
1100
1800
1560
721
2372
1217
2011
1334
1150
804
852
901
457
2263
586
1284
607
987
849
626
319
1156
1723
525
2923
13440
3373
738
1632
721
12396
664
1146
1114
7864
453
1968
774
1610
1662
4148
2088
1527
777
1363
1810
1199
3081
3646
6932
2348
2423
2480
1714
1564
11448
927
1128
2968
9103
1721
3420
6692
4350
3725
2846
2012
4853
2673
1695
3613
11225
992
14756
3194
435
1277
4621
2647
1702
815
552
589
913
0
0
0
2120
2040
648
4504
563
518
2855
1503
5138
13778
1094
533
1369
1878
2149
628
7380
935
1931
3402
495
11797
4474
4635
357
2595
438
1438
523
423
378
682
5300
1029
2354
566
24931
3243
507
2692
790
3084
638
3074
793
2427
34454
12912
935
875
14589
5490
727
1079
7881
1001
9570
3102
1145
3045
2035
2940
1499
7445
920
1007
6358
2226
1619
1145
1786
1317
5522
4635
1005
2945
3329
741
1618
1194
4235
1414
714
7479
8063
1148
3764
1696
1950
631
1135
6141
2204
45982
712
2021
29567
1607
943
14046
19736
5517
6710
1110
699
300
1199
516
623
1727
483
3634
2065
1325
834
1381
608
146
127
195
983
747
739
810
1525
598
1095
1048
1174
542
281
999
1089
7056
5260
8299
1810
28248
1033
5732
21008
15989
10302
1951
10312
2373
2264
1773
5181
3471
3393
20441
2625
3195
1526
2100
892
11636
1462
1386
637
376
386
1281
2257
2120
2040
648
0
0
0
4635
1041
375
51577
1335
8271
2869
1159
627
637
360
1605
3105
1804
910
2544
1876
984
1944
13275
3249
974
684
1198
902
2933
589
2357
3459
15469
5214
979
819
1504
2805
1227
616
3466
508
2582
10590
1353
1452
56362
27346
24721
1281
2573
961
8716
1136
4195
853
2693
1355
1668
1743
1438
2136
4209
2012
8183
1600
1466
10163
2511
671
2648
1445
8225
6290
2741
15657
1076
1420
12228
696
3356
2138
3580
1275
1185
9243
13978
994
1109
1277
4351
1269
605
950
2229
1274
2084
2427
925
3052
1019
5282
3095
10538
714
6500
602
497
600
1161
722
425
16792
2753
438
3119
571
1906
647
1179
822
811
3667
1870
2562
1981
7564
8638
1425
8508
1209
902
4008
6614
4295
5953
2343
4854
6011
11358
856
3690
4492
4194
1222
7044
8601
17790
6940
4745
2864
1452
1485
1455
1170
6822
17886
640
958
2532
885
687
283
837
426
4504
563
518
4635
1041
375
0
0
0
1952
1548
2557
11663
1054
2906
3565
1160
1908
5741
6466
1040
2020
1775
4387
1694
6451
2310
4217
1445
712
1137
3007
6478
866
13536
18227
950
2692
3037
677
2576
1737
2031
4804
1384
1990
932
539
2946
638
532
603
8736
712
615
604
1390
1460
2344
1279
2051
4868
2348
25232
2455
4079
735
1287
32657
7442
1775
1393
11324
2615
24631
921
2695
1328
1636
3114
2815
1182
2145
1143
1547
2612
3206
701
1421
1308
1855
2959
1382
4822
1935
1923
1458
5282
1835
3560
1478
1707
7135
1799
1564
5141
1216
1338
1900
2718
2497
1724
2398
831
1963
1921
2092
2588
1994
2579
1421
873
1632
1003
2804
2912
1024
1903
569
1209
870
769
5379
1128
1626
6237
28847
2216
988
2731
1332
1532
391
585
1166
3785
3916
2825
821
4051
4509
1672
2612
2828
6844
1432
65404
1561
3616
2862
5864
3881
1705
1397
9982
1182
2425
16471
2855
1503
5138
51577
1335
8271
1952
1548
2557
0
0
0
