C_ijk
0
0
0
50
86
46
352
2293
106
246
556
352
395
241
110
3674
258
526
143
2693
804
898
650
315
352
1141
2120
466
11176
307
349
150
101
179
469
196
2153
1182
9459
239
567
246
2072
309
231
328
442
379
455
1591
2479
6562
339
411
2822
759
1218
2054
568
1149
802
240
1885
915
144
1345
794
426
1266
339
883
301
139
245
429
2019
469
414
753
351
555
5723
258
844
350
829
375
2338
175
164
232
759
469
508
363
379
430
205
553
938
466
1207
571
1405
2396
3947
706
533
1362
2755
969
4995
817
2013
539
985
838
946
6065
695
966
2640
1053
1396
2492
1467
858
1954
1024
1646
1124
3721
4104
1602
1156
4457
3374
3819
2565
1354
1143
2271
730
6099
1746
1898
1344
441
2772
2333
7449
1110
3368
4738
2405
805
1286
1603
4659
1232
6429
3663
2267
1353
4223
1002
1283
678
50
86
46
0
0
0
175
258
630
164
229
936
991
157
160
822
240
496
161
378
443
896
1027
439
650
1576
1006
1345
1782
682
175
1325
105
215
296
312
667
579
447
1136
331
6361
1606
1319
2084
212
272
207
436
3260
1176
3850
3375
634
1346
1222
480
393
373
376
367
468
519
207
602
983
1625
795
3336
341
14504
1236
137
162
1011
427
830
1129
206
1766
198
310
196
188
288
1799
221
136
76
128
243
176
441
141
145
119
2005
150
552
494
3533
294
149
201
697
299
910
456
7481
7631
1012
1001
15427
1587
2690
1545
3300
7215
1596
724
1318
1608
4533
1283
1975
3480
483
1572
3122
801
2730
8935
1289
8661
2762
1066
2416
1401
1298
3078
2818
897
3093
3453
1569
2137
3169
11333
2891
540
3514
884
5120
892
10635
776
1068
1370
1051
2398
1132
657
1189
3881
555
3946
1491
1302
352
2293
106
175
258
630
0
0
0
132
181
98
414
224
902
197
1465
840
313
247
188
557
183
779
1678
1115
454
369
728
1847
149
165
177
1899
140
309
529
825
2480
763
923
1887
436
286
676
565
596
344
2526
1498
501
486
1301
552
433
617
2923
505
463
623
309
733
601
246
168
249
405
207
384
639
3620
1674
308
1354
105
1911
218
629
189
381
339
1485
113
183
720
380
796
152
142
1337
537
224
266
156
428
144
427
527
176
1016
608
997
1198
1720
593
459
371
380
707
4313
770
2679
2026
3496
1599
540
471
904
3985
813
710
1374
1727
1666
1382
2173
2702
1073
843
3912
1766
1588
975
534
444
1754
1260
1385
3867
1560
1363
7010
1184
539
1425
4231
1153
2063
2248
973
522
3380
27216
1760
1086
1569
534
46902
865
29592
3577
1343
4064
1219
3569
1330
1570
1089
246
556
352
164
229
936
132
181
98
0
0
0
255
326
344
918
14801
726
313
390
813
1415
714
1377
617
11717
2584
284
913
1953
481
131
852
191
308
906
7457
1324
1759
1039
974
664
523
358
659
132
714
442
609
765
775
3005
459
6912
1124
6258
699
355
394
738
1422
241
267
336
91
281
384
248
1265
578
493
330
105
58
96
2460
322
4547
128
556
377
80
108
148
3779
1118
604
217
4079
982
1405
1566
535
444
219
243
385
387
522
813
573
647
778
223
245
745
937
804
7827
2351
997
18013
1279
1797
26192
1063
1398
4589
870
2109
536
1209
1663
1629
6936
1481
857
1169
19565
944
7425
699
813
2500
745
1540
568
1726
1943
854
13400
926
2095
1186
1239
2568
1642
447
676
625
6166
1632
3219
633
1107
1471
1829
723
1973
15327
3915
1018
3800
758
742
1100
3337
2697
395
241
110
991
157
160
414
224
902
255
326
344
0
0
0
532
152
228
399
180
24
559
899
272
638
142
4110
450
770
163
481
5403
373
824
313
1371
1608
522
2537
736
4166
635
2094
201
1386
797
249
613
926
716
4235
750
971
6225
468
1490
3173
1112
2110
1345
2859
531
358
1453
448
366
1521
2123
578
2858
606
661
891
1130
7247
2120
346
593
8322
979
3710
612
453
928
834
781
1116
1192
1929
309
4386
498
2107
327
124
273
721
214
143
521
648
962
2796
588
1290
440
966
333
871
4713
7633
2362
1264
446
555
668
302
1558
2009
2716
4536
1906
1229
854
631
1999
2595
824
6262
1661
1730
14915
1291
870
1128
734
9529
5411
1392
9771
734
809
1230
4087
60728
3123
1103
32201
1370
1162
2636
930
2932
1706
1625
1287
9014
2645
1933
961
4681
1503
743
1655
3486
3176
919
1554
3674
258
526
822
240
496
197
1465
840
918
14801
726
532
152
228
0
0
0
113
1615
343
1124
1191
842
509
253
864
1160
3478
1611
1258
540
673
511
3511
1096
1606
4090
1495
435
749
3855
894
1393
370
470
1265
2855
13485
464
1897
1188
4439
2897
358
839
1645
2671
1329
1515
1315
2082
497
1485
525
1341
2949
1128
675
1440
1205
546
1117
257
603
1222
742
681
531
665
797
966
491
2421
660
1340
395
2557
711
652
7891
478
1034
732
1877
1197
943
172
591
295
267
485
930
563
442
356
1401
1222
1243
954
608
1448
1124
2710
783
432
376
731
1504
4966
1867
1102
2955
7350
2100
18644
2919
6342
774
2164
1290
1620
1129
1059
1464
1181
5007
760
10203
8324
2190
1017
1805
2305
4207
1386
6688
1333
2213
4227
1882
691
1232
639
1758
1688
1175
4871
444
2466
3194
586
790
3986
7317
8898
1169
2094
143
2693
804
161
378
443
313
247
188
313
390
813
399
180
24
113
1615
343
0
0
0
721
1949
414
394
609
6083
501
2727
6413
353
119
168
258
145
1130
760
1406
330
465
832
1210
426
1303
8300
1069
222
745
428
852
795
607
1441
1047
1874
625
701
939
1040
1044
628
3745
8692
412
483
726
14618
644
1179
2244
2015
1980
211
1731
697
762
818
4390
737
626
517
324
336
699
697
626
2396
748
225
510
839
835
476
282
704
390
376
383
3507
246
820
480
736
273
996
314
294
1133
1826
496
1053
479
564
1147
1361
734
1038
2345
1579
416
4043
963
604
2932
870
1233
4345
595
1147
1906
8746
821
6442
3825
1111
520
1532
21946
1896
2578
3409
951
8839
2099
4505
2118
3463
883
2543
1713
804
2618
5259
732
408
1113
1429
2122
919
1383
720
1042
4179
6575
842
1307
1491
1743
898
650
315
896
1027
439
557
183
779
1415
714
1377
559
899
272
1124
1191
842
721
1949
414
0
0
0
220
412
40
11
33
249
460
335
586
185
327
1174
1102
1983
296
785
247
209
6142
394
176
1723
1355
768
3791
841
1143
790
1589
1347
313
554
6734
835
642
9050
2651
2073
2429
868
1329
1466
1998
1340
2286
928
8517
6397
9834
3710
774
1395
1482
982
1181
631
863
302
711
4374
2500
1783
4277
367
911
482
529
513
967
3585
1248
1783
726
182
1299
488
2410
1823
767
1138
2018
2450
887
462
1492
1639
1259
287
422
2155
938
696
176
460
236
301
547
872
1057
1007
1139
1268
6771
896
1140
677
1380
2392
4797
1097
1025
1396
1634
967
4842
1356
39534
821
3646
14189
12263
1600
1173
2511
1186
1789
741
1732
1610
1317
2899
2312
12952
2635
1141
786
893
750
2075
8801
1180
808
2204
1376
352
1141
2120
650
1576
1006
1678
1115
454
617
11717
2584
638
142
4110
509
253
864
394
609
6083
220
412
40
0
0
0
66
54
94
1535
489
322
334
740
673
461
558
263
1614
1059
796
269
6546
4675
11314
3697
1014
3558
567
671
739
2121
1041
7697
1041
583
675
937
3708
2119
719
478
1073
8226
573
1399
351
951
16614
1206
1085
818
437
1504
792
2960
792
6128
9759
658
893
794
473
686
796
1352
2615
1021
567
4669
1888
610
1432
593
5804
5048
16256
780
1254
697
1664
755
434
666
7939
297
606
2669
1519
1282
1063
1397
779
6081
258
218
650
1088
2024
548
877
278
744
3136
1143
1236
1500
4411
483
1237
13488
2951
829
933
1649
29660
1016
8078
13809
810
3171
19640
1871
1928
4418
1932
1710
1470
2006
1361
482
2655
5010
749
699
2323
1786
924
905
807
722
25490
1565
1229
780
11791
1374
466
11176
307
1345
1782
682
369
728
1847
284
913
1953
450
770
163
1160
3478
1611
501
2727
6413
11
33
249
66
54
94
0
0
0
661
378
251
5109
897
385
429
1334
712
445
782
2102
935
294
462
1209
327
2378
677
3979
1219
901
2921
484
453
845
492
833
1271
1836
1884
767
1492
590
1151
938
436
2492
761
764
921
494
542
2460
3219
1161
1517
3986
1540
1847
396
517
670
1699
634
1477
676
269
913
817
5244
5972
674
1678
1324
6314
308
877
1614
3137
1199
16582
1122
1027
504
574
1525
3068
677
761
1140
617
570
936
650
424
436
896
1730
1998
985
437
815
907
14516
4058
1519
11136
3062
1248
941
2006
918
3386
1152
1479
2489
2983
1703
2333
15555
4486
1116
3372
4421
4681
2624
783
5571
25747
2360
678
1776
849
1002
5373
5899
4111
725
965
584
3329
14110
1260
1299
4826
1262
2517
349
150
101
175
1325
105
149
165
177
481
131
852
481
5403
373
1258
540
673
353
119
168
460
335
586
1535
489
322
661
378
251
0
0
0
134
152
815
854
457
866
360
1142
769
86
488
237
498
291
535
1215
360
1261
5187
3001
484
209
622
548
19372
769
546
4825
852
587
505
287
289
1152
864
229
2784
1143
1519
150
1326
992
2087
1731
1388
2029
466
4679
165
741
317
1082
469
4771
510
456
575
2534
1996
1400
454
282
2975
1062
1415
2828
442
217
486
539
410
284
383
1452
806
7432
1737
1027
1312
13414
1149
1638
24327
1396
622
839
2923
575
894
1047
1645
561
498
1912
3048
1059
14760
2428
1238
1134
6220
2455
2643
4573
4912
976
1334
797
1415
806
850
5062
2960
1168
942
1277
2734
1202
1076
608
808
2353
1880
3244
1137
4076
653
1047
6892
1438
735
1576
1346
1364
4370
179
469
196
215
296
312
1899
140
309
191
308
906
824
313
1371
511
3511
1096
258
145
1130
185
327
1174
334
740
673
5109
897
385
134
152
815
0
0
0
408
163
2389
638
881
415
118
182
2577
163
190
319
762
554
901
1802
1348
220
209
6178
213
273
235
2192
385
463
883
226
737
222
826
474
622
399
794
363
594
1194
352
556
2800
634
1917
2324
625
2089
317
2103
442
2711
731
721
955
2078
2320
378
893
303
3406
332
501
1071
605
1458
1113
3425
305
1348
1096
353
14615
2405
1438
692
3783
831
1277
312
2125
3726
544
2318
1357
357
1934
1903
570
1508
1263
1164
408
2176
4486
803
430
4485
9581
15877
22606
579
1494
3892
1316
2793
5890
1314
1063
742
2044
964
984
3828
2262
3100
6878
5706
811
1187
1676
1642
718
1669
643
704
16792
1441
588
1711
946
10347
3641
1018
2153
1182
9459
667
579
447
529
825
2480
7457
1324
1759
1608
522
2537
1606
4090
1495
760
1406
330
1102
1983
296
461
558
263
429
1334
712
854
457
866
408
163
2389
0
0
0
45
122
38
589
102
429
353
575
7701
698
4883
205
1218
169
759
1015
958
956
667
360
957
881
632
375
687
1603
753
1250
677
651
952
6415
752
1090
982
1376
433
1995
716
1149
566
1640
2842
697
867
3157
1414
1235
900
494
765
643
975
995
954
1513
10289
903
539
3407
1330
670
1866
960
1762
449
586
13622
8463
2693
1095
2306
2418
670
853
1050
1127
725
1280
957
1796
13721
2206
676
11504
729
886
4916
4391
2230
669
569
1345
1161
674
760
1078
521
485
1159
30445
3147
806
11337
1327
1359
1456
751
909
1202
10417
714
2558
8459
813
522
1070
1678
1226
1206
1191
2156
10094
1877
2728
3360
1214
2949
1262
239
567
246
1136
331
6361
763
923
1887
1039
974
664
736
4166
635
435
749
3855
465
832
1210
785
247
209
1614
1059
796
445
782
2102
360
1142
769
638
881
415
45
122
38
0
0
0
83
130
198
416
429
231
943
667
627
429
701
451
600
1392
2067
1544
661
271
366
1304
1697
1737
657
495
383
8312
726
2540
3395
461
1187
629
1609
750
2826
2055
775
4239
2928
938
599
949
2951
902
2847
755
766
8158
2514
941
3952
882
2106
896
486
777
925
2456
2734
3993
9494
2544
2265
3062
1494
5051
782
1293
2534
961
766
1014
393
312
15422
615
3486
726
1521
1015
4853
1932
5027
2795
692
3937
5765
4969
1270
698
1188
2570
1535
1067
1218
373
3720
14984
2308
1147
1029
1507
1580
1045
3100
3510
2484
1277
8676
3171
781
5534
781
7798
3043
1707
1817
12696
5554
1360
761
3809
1885
1325
1187
1158
2072
309
231
1606
1319
2084
436
286
676
523
358
659
2094
201
1386
894
1393
370
426
1303
8300
6142
394
176
269
6546
4675
935
294
462
86
488
237
118
182
2577
589
102
429
83
130
198
0
0
0
558
248
1845
301
175
339
1646
324
312
178
333
301
4622
233
228
666
1048
502
347
500
306
345
546
1028
517
10622
1115
1247
574
1884
831
291
468
536
1176
2172
3552
1881
2993
861
1416
1439
1223
558
7110
536
1065
1269
4883
798
2138
1932
489
13354
2175
509
8395
270
873
1333
1023
537
667
1067
3022
11625
1026
1661
710
1400
5418
733
1249
1504
3261
621
1049
5957
11830
1322
508
804
1362
2164
869
714
796
20314
9100
6496
13504
1869
486
1027
1087
1619
2505
1009
801
1598
744
2764
2082
827
18155
5180
1707
1078
2045
2837
7449
797
1376
2141
2610
11328
2757
1618
1576
7566
1894
2208
5928
328
442
379
212
272
207
565
596
344
132
714
442
797
249
613
470
1265
2855
1069
222
745
1723
1355
768
11314
3697
1014
1209
327
2378
498
291
535
163
190
319
353
575
7701
416
429
231
558
248
1845
0
0
0
4373
512
433
554
97
524
337
223
617
1722
264
271
1180
301
2119
144
143
95
170
1535
55
1907
453
1853
1956
192
191
296
1481
754
329
1054
1538
443
256
393
1217
450
445
659
4112
423
318
957
1098
355
369
655
890
543
454
971
686
2089
529
3403
566
2425
736
510
1641
1407
1222
16391
3974
11440
655
3482
3374
1463
419
852
867
4667
1751
632
1476
782
789
1407
733
6059
3219
11766
1649
449
617
950
884
431
4854
856
1223
18905
1181
500
887
5465
3503
1903
3802
3795
1381
1100
895
1141
1513
1149
1838
1250
5992
1077
21163
848
2187
3729
13817
1695
965
2081
455
1591
2479
436
3260
1176
2526
1498
501
609
765
775
926
716
4235
13485
464
1897
428
852
795
3791
841
1143
3558
567
671
677
3979
1219
1215
360
1261
762
554
901
698
4883
205
943
667
627
301
175
339
4373
512
433
0
0
0
68
107
209
283
153
414
300
192
475
126
349
4847
500
1266
256
507
438
158
257
1116
1785
1407
558
400
354
826
988
505
483
538
2210
600
391
1131
1577
824
1212
1240
8742
2023
376
1676
1147
7760
554
3845
604
611
891
6642
741
19949
3015
507
1184
885
1924
6743
793
1673
1064
3044
2102
2300
1461
1837
936
8996
2189
8629
5951
15111
2682
230
1353
460
5911
446
1967
495
1243
346
649
6517
405
691
1263
602
1079
2174
1530
4015
1299
1712
949
1740
3889
748
2130
11983
2216
2370
1265
2830
2912
860
1447
1605
1937
1853
2148
4682
2242
4422
1532
2768
846
6562
339
411
3850
3375
634
486
1301
552
3005
459
6912
750
971
6225
1188
4439
2897
607
1441
1047
790
1589
1347
739
2121
1041
901
2921
484
5187
3001
484
1802
1348
220
1218
169
759
429
701
451
1646
324
312
554
97
524
68
107
209
0
0
0
33
57
236
160
177
3289
335
525
3558
309
192
3571
201
466
200
678
753
965
603
884
907
1648
1063
273
349
245
269
308
231
418
4604
15289
982
692
762
7334
7751
1994
532
565
10187
2215
19997
1537
4835
684
1458
828
11085
2757
650
1056
2586
749
1158
1505
4836
1919
7937
1267
955
1567
2790
1521
706
2123
5319
36902
7448
894
5285
970
766
402
423
1417
2232
2376
2144
658
841
3739
8216
955
597
2741
1716
1139
1258
2470
915
1843
1285
1631
1465
1152
1332
2333
3236
1639
2171
961
3129
1300
3422
1022
3000
767
3247
11704
1784
1623
2132
6379
2822
759
1218
1346
1222
480
433
617
2923
1124
6258
699
468
1490
3173
358
839
1645
1874
625
701
313
554
6734
7697
1041
583
453
845
492
209
622
548
209
6178
213
1015
958
956
600
1392
2067
178
333
301
337
223
617
283
153
414
33
57
236
0
0
0
99
123
705
255
2018
152
5637
191
971
493
173
150
1292
417
793
6736
702
630
1851
304
1254
287
349
666
942
525
12890
1856
555
2591
1154
5869
7295
1178
1787
637
450
427
1780
999
1354
2279
556
541
1321
1447
11794
550
1942
1123
2738
2030
1872
1687
2276
1483
2190
1254
2053
29448
2065
12390
1553
1356
10639
1204
1434
1581
1190
1302
690
497
1384
2958
370
2271
968
427
465
436
778
2534
674
6143
563
1705
374
14603
541
1203
1126
4557
6484
4035
1713
574
1263
2044
713
2144
1155
6274
1064
6243
1258
2283
882
19668
1681
1256
1249
2054
568
1149
393
373
376
505
463
623
355
394
738
1112
2110
1345
2671
1329
1515
939
1040
1044
835
642
9050
675
937
3708
833
1271
1836
19372
769
546
273
235
2192
667
360
957
1544
661
271
4622
233
228
1722
264
271
300
192
475
160
177
3289
99
123
705
0
0
0
1006
9655
649
281
257
453
620
503
395
9024
1252
2931
4362
944
712
972
646
710
758
2292
9341
392
663
5233
992
400
1455
522
577
942
2072
556
7911
354
312
777
1662
690
2371
1043
14868
1119
823
1335
1188
2477
2860
1487
2304
1761
6484
888
675
9065
978
810
1488
438
1237
661
4811
2845
1675
1329
492
1447
939
1872
3084
492
1448
1923
736
646
5761
697
8818
563
465
2526
951
1118
920
2025
1400
898
2849
1354
1186
1770
1608
2382
1602
2263
2360
664
858
2810
1782
1098
9033
4744
4384
5151
5452
1924
21801
838
802
240
1885
367
468
519
309
733
601
1422
241
267
2859
531
358
1315
2082
497
628
3745
8692
2651
2073
2429
2119
719
478
1884
767
1492
4825
852
587
385
463
883
881
632
375
366
1304
1697
666
1048
502
1180
301
2119
126
349
4847
335
525
3558
255
2018
152
1006
9655
649
0
0
0
105
1056
985
190
2277
182
178
2398
90
483
422
348
584
792
591
452
312
177
346
960
1745
3212
564
498
9499
1090
555
469
614
983
391
324
349
849
1364
683
1722
3478
7557
875
2808
1189
506
1250
486
2389
5746
2958
1692
1511
8241
951
1085
1406
5760
2457
1048
2906
2713
3076
456
578
366
481
15882
1810
786
1181
1298
3154
491
899
1392
41576
1579
1676
2621
3103
5215
346
285
1476
1293
6763
668
2406
1054
676
2637
2426
818
3983
14186
983
1463
2455
3577
1788
1300
903
61114
1583
2032
1999
1352
915
144
1345
207
602
983
246
168
249
336
91
281
1453
448
366
1485
525
1341
412
483
726
868
1329
1466
1073
8226
573
590
1151
938
505
287
289
226
737
222
687
1603
753
1737
657
495
347
500
306
144
143
95
500
1266
256
309
192
3571
5637
191
971
281
257
453
105
1056
985
0
0
0
196
200
273
3752
411
634
295
216
181
380
92
215
1009
4288
352
148
132
515
577
473
730
228
602
2519
2727
523
1156
453
591
399
973
619
904
16072
665
3786
953
476
391
1189
821
1201
1089
2252
1058
5956
1996
1754
3139
493
1124
934
3918
1249
1130
3075
1505
1883
7426
1016
2183
1205
1038
1561
2112
1100
1176
1113
462
7765
556
2680
1358
5524
1155
1238
388
5262
529
844
2199
1231
833
2568
5443
2410
1458
3049
8613
1408
1121
852
574
2282
1959
1430
1801
968
1697
1147
1103
1622
794
426
1266
1625
795
3336
405
207
384
384
248
1265
1521
2123
578
2949
1128
675
14618
644
1179
1998
1340
2286
1399
351
951
436
2492
761
1152
864
229
826
474
622
1250
677
651
383
8312
726
345
546
1028
170
1535
55
507
438
158
201
466
200
493
173
150
620
503
395
190
2277
182
196
200
273
0
0
0
306
458
220
771
315
273
709
551
698
312
946
410
97
2701
638
3222
507
491
346
567
869
327
385
1357
327
436
563
1317
315
429
326
790
489
676
4292
584
6004
1362
2489
4551
2767
1435
1839
1214
1520
644
1289
4269
1133
1997
3982
1690
2440
2180
4051
1383
767
1069
2148
2242
2101
626
9918
2132
2704
457
8479
772
1256
552
1463
4108
3553
4631
13071
832
6065
2315
527
1209
850
2211
3474
2993
1041
3277
1789
916
3611
1885
6999
1243
1482
1128
2703
1884
14621
2994
1375
339
883
301
341
14504
1236
639
3620
1674
578
493
330
2858
606
661
1440
1205
546
2244
2015
1980
928
8517
6397
16614
1206
1085
764
921
494
2784
1143
1519
399
794
363
952
6415
752
2540
3395
461
517
10622
1115
1907
453
1853
257
1116
1785
678
753
965
1292
417
793
9024
1252
2931
178
2398
90
3752
411
634
306
458
220
0
0
0
473
382
297
1177
577
358
6074
321
511
774
286
561
465
2352
290
945
1000
2220
706
428
494
2509
755
680
1858
1522
1279
3822
758
1056
3952
1857
2831
2458
1549
682
1309
1446
16840
686
2406
1797
2991
2707
2571
16878
1428
1914
3655
7018
1976
933
693
298
765
323
778
1618
2493
1087
266
318
374
12239
683
740
985
1273
5420
992
399
533
2257
1519
3201
2618
902
3374
1413
1198
2136
22677
1506
4665
1544
3564
862
1951
1122
2892
1048
842
3084
1446
1677
2014
139
245
429
137
162
1011
308
1354
105
105
58
96
891
1130
7247
1117
257
603
211
1731
697
9834
3710
774
818
437
1504
542
2460
3219
150
1326
992
594
1194
352
1090
982
1376
1187
629
1609
1247
574
1884
1956
192
191
1407
558
400
603
884
907
6736
702
630
4362
944
712
483
422
348
295
216
181
771
315
273
473
382
297
0
0
0
499
312
566
133
187
438
139
14
22
518
404
1420
789
223
422
2720
204
689
630
101
181
335
531
2101
305
1432
576
1259
1969
1048
831
5302
811
2688
2577
18777
1966
6039
2186
4073
18987
1129
1098
1736
1747
585
1475
1119
4700
4322
4913
2078
1377
2912
1088
4506
2761
950
1957
1546
1209
1282
5536
900
1412
1978
1276
1673
942
966
2477
2327
863
1027
2129
3815
1111
1605
663
756
1177
7455
707
918
4423
2219
3739
2566
2493
1145
1479
2870
2858
2019
469
414
427
830
1129
1911
218
629
2460
322
4547
2120
346
593
1222
742
681
762
818
4390
1395
1482
982
792
2960
792
1161
1517
3986
2087
1731
1388
556
2800
634
433
1995
716
750
2826
2055
831
291
468
296
1481
754
354
826
988
1648
1063
273
1851
304
1254
972
646
710
584
792
591
380
92
215
709
551
698
1177
577
358
499
312
566
0
0
0
877
113
152
349
206
226
379
274
241
2859
265
264
308
705
285
387
487
482
1037
1820
950
1997
592
3537
691
554
335
1006
896
477
834
1479
1593
1803
3515
5632
1016
8329
1046
1572
1148
956
5929
2807
1118
2114
876
1174
760
6979
1091
1602
2095
3285
506
1302
649
1339
22143
4573
2753
4033
1646
531
1060
1886
649
3652
1011
701
1305
3892
11891
2464
8556
899
2398
1206
811
3229
1062
13989
2304
9734
1394
1086
2324
2712
570
31825
753
351
555
206
1766
198
189
381
339
128
556
377
8322
979
3710
531
665
797
737
626
517
1181
631
863
6128
9759
658
1540
1847
396
2029
466
4679
1917
2324
625
1149
566
1640
775
4239
2928
536
1176
2172
329
1054
1538
505
483
538
349
245
269
287
349
666
758
2292
9341
452
312
177
1009
4288
352
312
946
410
6074
321
511
133
187
438
877
113
152
0
0
0
259
335
100
650
1605
1814
135
663
318
272
396
258
775
148
231
314
1067
764
448
353
3104
825
312
1233
469
741
1945
9219
1349
1995
2048
1581
1010
1721
1537
3955
2354
9878
7749
1158
995
6447
26128
1220
1981
589
961
526
2394
2014
7129
922
5176
946
2180
1780
1275
680
1576
6007
7801
1112
559
1722
3394
1051
811
3850
1666
1065
1125
1460
1251
791
6849
1639
10971
5087
5022
1446
717
1565
5077
1581
31268
6486
3566
5723
258
844
310
196
188
1485
113
183
80
108
148
612
453
928
966
491
2421
324
336
699
302
711
4374
893
794
473
517
670
1699
165
741
317
2089
317
2103
2842
697
867
938
599
949
3552
1881
2993
443
256
393
2210
600
391
308
231
418
942
525
12890
392
663
5233
346
960
1745
148
132
515
97
2701
638
774
286
561
139
14
22
349
206
226
259
335
100
0
0
0
725
343
1103
76
4088
286
6770
438
372
97
279
261
495
984
421
543
1543
471
1307
1086
591
589
2938
347
4841
1228
2574
780
1891
1351
1831
933
802
1599
517
839
14993
2032
755
1388
614
2722
510
736
1144
5301
2918
1351
968
1013
563
11654
1330
1339
839
625
1338
285
680
2821
1763
1232
929
1341
3813
1373
1378
1424
4309
1146
1072
965
2061
1301
639
663
1547
855
1353
1797
1054
2267
1739
2322
350
829
375
288
1799
221
720
380
796
3779
1118
604
834
781
1116
660
1340
395
697
626
2396
2500
1783
4277
686
796
1352
634
1477
676
1082
469
4771
442
2711
731
3157
1414
1235
2951
902
2847
861
1416
1439
1217
450
445
1131
1577
824
4604
15289
982
1856
555
2591
992
400
1455
3212
564
498
577
473
730
3222
507
491
465
2352
290
518
404
1420
379
274
241
650
1605
1814
725
343
1103
0
0
0
318
1596
264
351
81
67
732
534
474
637
453
392
523
6905
4178
219
1937
783
688
460
618
1610
2907
4882
7916
2016
10440
994
1770
8288
16440
2638
1814
1238
5298
2183
11135
1347
3103
1875
2638
852
1960
2134
2728
1889
21594
1394
2880
12580
9424
1010
1589
1426
6703
1429
969
2483
4931
8279
397
613
270
1466
1886
1266
365
6155
632
602
1917
791
610
2659
8870
1136
1249
695
1398
3806
1918
2338
175
164
136
76
128
152
142
1337
217
4079
982
1192
1929
309
2557
711
652
748
225
510
367
911
482
2615
1021
567
269
913
817
510
456
575
721
955
2078
900
494
765
755
766
8158
1223
558
7110
659
4112
423
1212
1240
8742
692
762
7334
1154
5869
7295
522
577
942
9499
1090
555
228
602
2519
346
567
869
945
1000
2220
789
223
422
2859
265
264
135
663
318
76
4088
286
318
1596
264
0
0
0
367
860
183
143
118
60
735
661
7430
858
292
367
112
182
110
341
819
1050
1479
5475
2766
7455
2938
772
702
14285
1080
1018
993
3075
758
1894
831
5212
1153
1506
3867
2174
1414
878
1529
1381
3587
1725
1335
1331
1041
1312
502
4731
1014
540
1881
1631
955
2338
26831
554
1650
575
2265
4656
608
776
573
2082
2226
1291
629
608
1051
2990
1853
10133
1448
17902
1333
11262
232
759
469
243
176
441
537
224
266
1405
1566
535
4386
498
2107
7891
478
1034
839
835
476
529
513
967
4669
1888
610
5244
5972
674
2534
1996
1400
2320
378
893
643
975
995
2514
941
3952
536
1065
1269
318
957
1098
2023
376
1676
7751
1994
532
1178
1787
637
2072
556
7911
469
614
983
2727
523
1156
327
385
1357
706
428
494
2720
204
689
308
705
285
272
396
258
6770
438
372
351
81
67
367
860
183
0
0
0
188
391
667
778
793
627
1093
492
10823
187
180
835
412
298
413
982
1254
1457
8077
4556
1343
3176
1132
1733
2996
754
6224
19512
1391
6254
1538
1011
1514
514
7822
1018
2616
2634
1633
810
963
3978
1237
2118
1468
1917
2136
2519
1272
4670
717
2406
1151
1837
402
765
1553
808
1782
1300
1041
1798
1435
721
801
1991
566
2386
4379
3996
517
1870
945
827
2904
508
363
379
141
145
119
156
428
144
444
219
243
327
124
273
732
1877
1197
282
704
390
3585
1248
1783
1432
593
5804
1678
1324
6314
454
282
2975
303
3406
332
954
1513
10289
882
2106
896
4883
798
2138
355
369
655
1147
7760
554
565
10187
2215
450
427
1780
354
312
777
391
324
349
453
591
399
327
436
563
2509
755
680
630
101
181
387
487
482
775
148
231
97
279
261
732
534
474
143
118
60
188
391
667
0
0
0
363
296
3769
1045
437
829
235
307
298
979
836
306
1472
1421
1142
2023
881
531
532
13833
1787
2936
749
1227
5188
818
718
1106
18612
866
8356
2771
661
1137
1663
5141
780
1028
1162
18845
2133
1496
1029
801
3406
2129
558
1515
3894
1057
1549
6845
1039
3474
13249
833
886
1965
1258
1112
659
909
847
615
17669
647
2406
1532
1866
1899
1911
1129
430
205
553
2005
150
552
427
527
176
385
387
522
721
214
143
943
172
591
376
383
3507
726
182
1299
5048
16256
780
308
877
1614
1062
1415
2828
501
1071
605
903
539
3407
486
777
925
1932
489
13354
890
543
454
3845
604
611
19997
1537
4835
999
1354
2279
1662
690
2371
849
1364
683
973
619
904
1317
315
429
1858
1522
1279
335
531
2101
1037
1820
950
314
1067
764
495
984
421
637
453
392
735
661
7430
778
793
627
363
296
3769
0
0
0
81
1839
94
71
653
1042
1020
64
177
715
711
4658
2501
1974
1994
1904
1762
791
2800
1143
4546
711
430
1150
1988
1416
3753
1522
1994
20918
973
1043
10579
4119
4544
832
6080
2545
3834
1742
1430
2070
10812
893
2952
13976
3283
3174
4656
4930
2445
1672
10778
865
516
668
1733
668
563
1490
1060
468
1541
818
1006
627
9424
2414
3276
938
466
1207
494
3533
294
1016
608
997
813
573
647
521
648
962
295
267
485
246
820
480
488
2410
1823
1254
697
1664
3137
1199
16582
442
217
486
1458
1113
3425
1330
670
1866
2456
2734
3993
2175
509
8395
971
686
2089
891
6642
741
684
1458
828
556
541
1321
1043
14868
1119
1722
3478
7557
16072
665
3786
326
790
489
3822
758
1056
305
1432
576
1997
592
3537
448
353
3104
543
1543
471
523
6905
4178
858
292
367
1093
492
10823
1045
437
829
81
1839
94
0
0
0
353
410
209
261
160
64
1269
1361
1209
1461
4771
2712
2185
4597
1094
735
807
937
322
1428
1525
1547
12385
1627
1113
965
828
12656
2639
5692
646
643
971
7148
13598
3484
8450
808
1734
1303
16837
853
1684
4886
6953
2817
25217
711
1203
369
3425
1016
225
1109
1296
2210
2153
11691
3524
3548
466
659
579
3491
6424
2519
571
1405
2396
149
201
697
1198
1720
593
778
223
245
2796
588
1290
930
563
442
736
273
996
767
1138
2018
755
434
666
1122
1027
504
539
410
284
305
1348
1096
960
1762
449
9494
2544
2265
270
873
1333
529
3403
566
19949
3015
507
11085
2757
650
1447
11794
550
823
1335
1188
875
2808
1189
953
476
391
676
4292
584
3952
1857
2831
1259
1969
1048
691
554
335
825
312
1233
1307
1086
591
219
1937
783
112
182
110
187
180
835
235
307
298
71
653
1042
353
410
209
0
0
0
387
518
152
2571
641
3540
1252
722
2342
1750
1873
3412
545
855
31616
7897
3248
1306
1115
5582
2133
779
2165
1692
7133
3333
1051
1103
1922
799
3427
1774
3215
2639
2532
2004
826
3604
1868
4180
1765
1816
2187
524
909
1892
1428
2163
359
306
1469
256
4229
10809
1040
2355
7396
598
3576
2391
2653
3130
4756
3947
706
533
299
910
456
459
371
380
745
937
804
440
966
333
356
1401
1222
314
294
1133
2450
887
462
7939
297
606
574
1525
3068
383
1452
806
353
14615
2405
586
13622
8463
3062
1494
5051
1023
537
667
2425
736
510
1184
885
1924
1056
2586
749
1942
1123
2738
2477
2860
1487
506
1250
486
1189
821
1201
6004
1362
2489
2458
1549
682
831
5302
811
1006
896
477
469
741
1945
589
2938
347
688
460
618
341
819
1050
412
298
413
979
836
306
1020
64
177
261
160
64
387
518
152
0
0
0
1178
1419
4049
2515
1265
673
1465
1128
8062
838
11267
1351
517
510
1315
2643
3733
1547
2881
1760
1652
5638
4931
1193
7216
2273
7459
4198
1745
1023
1360
883
1395
933
5617
946
690
1964
2636
889
913
324
9317
10947
940
614
644
1061
5232
341
2273
1128
285
1147
527
2118
456
1158
4172
2640
1362
2755
969
7481
7631
1012
707
4313
770
7827
2351
997
871
4713
7633
1243
954
608
1826
496
1053
1492
1639
1259
2669
1519
1282
677
761
1140
7432
1737
1027
1438
692
3783
2693
1095
2306
782
1293
2534
1067
3022
11625
1641
1407
1222
6743
793
1673
1158
1505
4836
2030
1872
1687
2304
1761
6484
2389
5746
2958
1089
2252
1058
4551
2767
1435
1309
1446
16840
2688
2577
18777
834
1479
1593
9219
1349
1995
4841
1228
2574
1610
2907
4882
1479
5475
2766
982
1254
1457
1472
1421
1142
715
711
4658
1269
1361
1209
2571
641
3540
1178
1419
4049
0
0
0
1274
678
626
1806
3026
12576
4900
2935
2385
793
634
592
5105
24954
3835
2551
3703
1238
1587
3671
1767
13055
2530
4589
4054
9990
902
2683
2269
16535
6115
1579
8172
7008
4356
10418
2791
2713
1589
85
1722
107
586
2644
618
1065
1649
1029
656
424
1079
967
1850
6976
2149
9429
4943
4995
817
2013
1001
15427
1587
2679
2026
3496
18013
1279
1797
2362
1264
446
1448
1124
2710
479
564
1147
287
422
2155
1063
1397
779
617
570
936
1312
13414
1149
831
1277
312
2418
670
853
961
766
1014
1026
1661
710
16391
3974
11440
1064
3044
2102
1919
7937
1267
2276
1483
2190
888
675
9065
1692
1511
8241
5956
1996
1754
1839
1214
1520
686
2406
1797
1966
6039
2186
1803
3515
5632
2048
1581
1010
780
1891
1351
7916
2016
10440
7455
2938
772
8077
4556
1343
2023
881
531
2501
1974
1994
1461
4771
2712
1252
722
2342
2515
1265
673
1274
678
626
0
0
0
1002
4137
2935
407
305
407
2283
1762
2470
1982
2941
5231
1905
4819
4578
1574
995
968
2213
40227
1808
3523
1984
1999
11684
2103
2792
10158
2817
6783
4733
1696
15878
2754
23408
1309
335
249
1327
609
5070
1023
25907
1716
1170
336
1767
1758
893
3312
2888
1885
1781
699
539
985
838
2690
1545
3300
1599
540
471
26192
1063
1398
555
668
302
783
432
376
1361
734
1038
938
696
176
6081
258
218
650
424
436
1638
24327
1396
2125
3726
544
1050
1127
725
393
312
15422
1400
5418
733
655
3482
3374
2300
1461
1837
955
1567
2790
1254
2053
29448
978
810
1488
951
1085
1406
3139
493
1124
644
1289
4269
2991
2707
2571
4073
18987
1129
1016
8329
1046
1721
1537
3955
1831
933
802
994
1770
8288
702
14285
1080
3176
1132
1733
532
13833
1787
1904
1762
791
2185
4597
1094
1750
1873
3412
1465
1128
8062
1806
3026
12576
1002
4137
2935
0
0
0
257
143
130
520
413
207
1192
2859
941
1794
9790
3750
2302
972
776
1369
3251
1438
1827
503
2567
6246
2543
11909
1763
1223
2816
101273
1170
10904
1987
10625
5099
807
2709
3820
1650
916
941
893
7202
769
2014
732
690
4889
4943
1597
1628
632
735
946
6065
695
7215
1596
724
904
3985
813
4589
870
2109
1558
2009
2716
731
1504
4966
2345
1579
416
460
236
301
650
1088
2024
896
1730
1998
622
839
2923
2318
1357
357
1280
957
1796
615
3486
726
1249
1504
3261
1463
419
852
936
8996
2189
1521
706
2123
2065
12390
1553
438
1237
661
5760
2457
1048
934
3918
1249
1133
1997
3982
16878
1428
1914
1098
1736
1747
1572
1148
956
2354
9878
7749
1599
517
839
16440
2638
1814
1018
993
3075
2996
754
6224
2936
749
1227
2800
1143
4546
735
807
937
545
855
31616
838
11267
1351
4900
2935
2385
407
305
407
257
143
130
0
0
0
4731
982
526
9224
2282
5153
2447
1381
4124
3967
544
2869
1867
4891
1071
1799
1497
1800
3383
10941
2185
20870
1479
2086
11559
29294
2926
10628
2374
705
1484
1107
1044
1382
2594
1764
6172
1024
12130
1086
3907
3342
926
985
1264
986
909
397
966
2640
1053
1318
1608
4533
710
1374
1727
536
1209
1663
4536
1906
1229
1867
1102
2955
4043
963
604
547
872
1057
548
877
278
985
437
815
575
894
1047
1934
1903
570
13721
2206
676
1521
1015
4853
621
1049
5957
867
4667
1751
8629
5951
15111
5319
36902
7448
1356
10639
1204
4811
2845
1675
2906
2713
3076
1130
3075
1505
1690
2440
2180
3655
7018
1976
585
1475
1119
5929
2807
1118
1158
995
6447
14993
2032
755
1238
5298
2183
758
1894
831
19512
1391
6254
5188
818
718
711
430
1150
322
1428
1525
7897
3248
1306
517
510
1315
793
634
592
2283
1762
2470
520
413
207
4731
982
526
0
0
0
18942
1728
12355
3966
3492
4694
1349
4297
1347
1044
1156
6837
1440
1025
2268
2667
2412
3186
3942
3099
2140
20433
6305
2632
3098
2796
1341
226
462
2719
1008
1049
481
2607
2655
2094
1525
411
723
9222
1428
2454
6250
7661
831
1396
2492
1467
1283
1975
3480
1666
1382
2173
1629
6936
1481
854
631
1999
7350
2100
18644
2932
870
1233
1007
1139
1268
744
3136
1143
907
14516
4058
1645
561
498
1508
1263
1164
11504
729
886
1932
5027
2795
11830
1322
508
632
1476
782
2682
230
1353
894
5285
970
1434
1581
1190
1329
492
1447
456
578
366
1883
7426
1016
4051
1383
767
933
693
298
4700
4322
4913
2114
876
1174
26128
1220
1981
1388
614
2722
11135
1347
3103
5212
1153
1506
1538
1011
1514
1106
18612
866
1988
1416
3753
1547
12385
1627
1115
5582
2133
2643
3733
1547
5105
24954
3835
1982
2941
5231
1192
2859
941
9224
2282
5153
18942
1728
12355
0
0
0
659
192
173
11748
1361
1810
602
2381
778
1120
1026
558
256
255
2016
687
469
674
2795
2856
3500
1239
2762
677
12755
12432
28648
12528
25166
2525
15232
2897
2372
4134
1853
4888
12609
4489
15959
4772
2246
3539
858
1954
1024
483
1572
3122
2702
1073
843
857
1169
19565
2595
824
6262
2919
6342
774
4345
595
1147
6771
896
1140
1236
1500
4411
1519
11136
3062
1912
3048
1059
408
2176
4486
4916
4391
2230
692
3937
5765
804
1362
2164
789
1407
733
460
5911
446
766
402
423
1302
690
497
939
1872
3084
481
15882
1810
2183
1205
1038
1069
2148
2242
765
323
778
2078
1377
2912
760
6979
1091
589
961
526
510
736
1144
1875
2638
852
3867
2174
1414
514
7822
1018
8356
2771
661
1522
1994
20918
1113
965
828
779
2165
1692
2881
1760
1652
2551
3703
1238
1905
4819
4578
1794
9790
3750
2447
1381
4124
3966
3492
4694
659
192
173
0
0
0
2525
3360
863
66
73
94
18886
1014
921
294
463
262
85
223
259
854
489
1425
1387
1866
931
2284
3163
5346
1946
3086
813
1187
651
2042
4082
2877
4292
3359
1538
7306
1691
6811
2131
1646
1124
3721
801
2730
8935
3912
1766
1588
944
7425
699
1661
1730
14915
2164
1290
1620
1906
8746
821
677
1380
2392
483
1237
13488
1248
941
2006
14760
2428
1238
803
430
4485
669
569
1345
4969
1270
698
869
714
796
6059
3219
11766
1967
495
1243
1417
2232
2376
1384
2958
370
492
1448
1923
786
1181
1298
1561
2112
1100
2101
626
9918
1618
2493
1087
1088
4506
2761
1602
2095
3285
2394
2014
7129
5301
2918
1351
1960
2134
2728
878
1529
1381
2616
2634
1633
1137
1663
5141
973
1043
10579
12656
2639
5692
7133
3333
1051
5638
4931
1193
1587
3671
1767
1574
995
968
2302
972
776
3967
544
2869
1349
4297
1347
11748
1361
1810
2525
3360
863
0
0
0
729
1553
9733
1601
495
1224
1120
545
870
4530
5037
3960
1786
3444
1200
5997
2190
4266
1214
1192
4479
3406
4746
6114
1856
8921
4266
5615
3798
3773
2713
1685
1145
145
374
198
4104
1602
1156
1289
8661
2762
975
534
444
813
2500
745
1291
870
1128
1129
1059
1464
6442
3825
1111
4797
1097
1025
2951
829
933
918
3386
1152
1134
6220
2455
9581
15877
22606
1161
674
760
1188
2570
1535
20314
9100
6496
1649
449
617
346
649
6517
2144
658
841
2271
968
427
736
646
5761
3154
491
899
1176
1113
462
2132
2704
457
266
318
374
950
1957
1546
506
1302
649
922
5176
946
968
1013
563
1889
21594
1394
3587
1725
1335
810
963
3978
780
1028
1162
4119
4544
832
646
643
971
1103
1922
799
7216
2273
7459
13055
2530
4589
2213
40227
1808
1369
3251
1438
1867
4891
1071
1044
1156
6837
602
2381
778
66
73
94
729
1553
9733
0
0
0
1396
760
612
649
1763
780
382
1315
166
453
641
6762
1040
1606
959
879
5576
1995
3951
2519
2349
579
1609
3957
20332
3924
1195
938
1251
1476
2758
29373
1099
4457
3374
3819
1066
2416
1401
1754
1260
1385
1540
568
1726
734
9529
5411
1181
5007
760
520
1532
21946
1396
1634
967
1649
29660
1016
1479
2489
2983
2643
4573
4912
579
1494
3892
1078
521
485
1067
1218
373
13504
1869
486
950
884
431
405
691
1263
3739
8216
955
465
436
778
697
8818
563
1392
41576
1579
7765
556
2680
8479
772
1256
12239
683
740
1209
1282
5536
1339
22143
4573
2180
1780
1275
11654
1330
1339
2880
12580
9424
1331
1041
1312
1237
2118
1468
18845
2133
1496
6080
2545
3834
7148
13598
3484
3427
1774
3215
4198
1745
1023
4054
9990
902
3523
1984
1999
1827
503
2567
1799
1497
1800
1440
1025
2268
1120
1026
558
18886
1014
921
1601
495
1224
1396
760
612
0
0
0
2599
893
1637
1018
7121
601
4745
1925
790
1309
9214
3136
2249
2634
4742
3462
2808
1100
3505
1601
11397
1916
4116
3737
1230
5969
1307
1412
1678
1204
2565
1354
1143
1298
3078
2818
3867
1560
1363
1943
854
13400
1392
9771
734
10203
8324
2190
1896
2578
3409
4842
1356
39534
8078
13809
810
1703
2333
15555
976
1334
797
1316
2793
5890
1159
30445
3147
3720
14984
2308
1027
1087
1619
4854
856
1223
602
1079
2174
597
2741
1716
2534
674
6143
465
2526
951
1676
2621
3103
1358
5524
1155
552
1463
4108
985
1273
5420
900
1412
1978
2753
4033
1646
680
1576
6007
839
625
1338
1010
1589
1426
502
4731
1014
1917
2136
2519
1029
801
3406
1742
1430
2070
8450
808
1734
2639
2532
2004
1360
883
1395
2683
2269
16535
11684
2103
2792
6246
2543
11909
3383
10941
2185
2667
2412
3186
256
255
2016
294
463
262
1120
545
870
649
1763
780
2599
893
1637
0
0
0
454
357
581
1238
257
538
781
1482
3742
2643
3420
3760
5199
8579
1797
3456
1642
2969
1716
1199
969
2591
5388
1270
27275
3017
1376
2271
730
6099
897
3093
3453
7010
1184
539
926
2095
1186
809
1230
4087
1017
1805
2305
951
8839
2099
821
3646
14189
3171
19640
1871
4486
1116
3372
1415
806
850
1314
1063
742
806
11337
1327
1147
1029
1507
2505
1009
801
18905
1181
500
1530
4015
1299
1139
1258
2470
563
1705
374
1118
920
2025
5215
346
285
1238
388
5262
3553
4631
13071
992
399
533
1276
1673
942
531
1060
1886
7801
1112
559
285
680
2821
6703
1429
969
540
1881
1631
1272
4670
717
2129
558
1515
10812
893
2952
1303
16837
853
826
3604
1868
933
5617
946
6115
1579
8172
10158
2817
6783
1763
1223
2816
20870
1479
2086
3942
3099
2140
687
469
674
85
223
259
4530
5037
3960
382
1315
166
1018
7121
601
454
357
581
0
0
0
1107
716
305
5741
13935
6101
17913
2751
1769
7970
5268
1647
1960
925
1164
1835
1958
3739
1992
42678
6484
1499
2583
1676
1746
1898
1344
1569
2137
3169
1425
4231
1153
1239
2568
1642
60728
3123
1103
4207
1386
6688
4505
2118
3463
12263
1600
1173
1928
4418
1932
4421
4681
2624
5062
2960
1168
2044
964
984
1359
1456
751
1580
1045
3100
1598
744
2764
887
5465
3503
1712
949
1740
915
1843
1285
14603
541
1203
1400
898
2849
1476
1293
6763
529
844
2199
832
6065
2315
2257
1519
3201
966
2477
2327
649
3652
1011
1722
3394
1051
1763
1232
929
2483
4931
8279
955
2338
26831
2406
1151
1837
3894
1057
1549
13976
3283
3174
1684
4886
6953
4180
1765
1816
690
1964
2636
7008
4356
10418
4733
1696
15878
101273
1170
10904
11559
29294
2926
20433
6305
2632
2795
2856
3500
854
489
1425
1786
3444
1200
453
641
6762
4745
1925
790
1238
257
538
1107
716
305
0
0
0
1190
2368
1823
4177
10615
8886
2106
1577
2287
2274
1562
1434
2487
14881
15644
1739
5483
1941
3377
2615
17628
441
2772
2333
11333
2891
540
2063
2248
973
447
676
625
32201
1370
1162
1333
2213
4227
883
2543
1713
2511
1186
1789
1710
1470
2006
783
5571
25747
942
1277
2734
3828
2262
3100
909
1202
10417
3510
2484
1277
2082
827
18155
1903
3802
3795
3889
748
2130
1631
1465
1152
1126
4557
6484
1354
1186
1770
668
2406
1054
1231
833
2568
527
1209
850
2618
902
3374
863
1027
2129
701
1305
3892
811
3850
1666
1341
3813
1373
397
613
270
554
1650
575
402
765
1553
6845
1039
3474
4656
4930
2445
2817
25217
711
2187
524
909
889
913
324
2791
2713
1589
2754
23408
1309
1987
10625
5099
10628
2374
705
3098
2796
1341
1239
2762
677
1387
1866
931
5997
2190
4266
1040
1606
959
1309
9214
3136
781
1482
3742
5741
13935
6101
1190
2368
1823
0
0
0
5295
4084
3233
1124
1289
681
832
1947
2660
5367
1515
1817
2152
1242
930
7258
2242
6182
7449
1110
3368
3514
884
5120
522
3380
27216
6166
1632
3219
2636
930
2932
1882
691
1232
804
2618
5259
741
1732
1610
1361
482
2655
2360
678
1776
1202
1076
608
6878
5706
811
714
2558
8459
8676
3171
781
5180
1707
1078
1381
1100
895
11983
2216
2370
1332
2333
3236
4035
1713
574
1608
2382
1602
676
2637
2426
5443
2410
1458
2211
3474
2993
1413
1198
2136
3815
1111
1605
11891
2464
8556
1065
1125
1460
1378
1424
4309
1466
1886
1266
2265
4656
608
808
1782
1300
13249
833
886
1672
10778
865
1203
369
3425
1892
1428
2163
9317
10947
940
85
1722
107
335
249
1327
807
2709
3820
1484
1107
1044
226
462
2719
12755
12432
28648
2284
3163
5346
1214
1192
4479
879
5576
1995
2249
2634
4742
2643
3420
3760
17913
2751
1769
4177
10615
8886
5295
4084
3233
0
0
0
9502
1233
5191
2773
4094
1629
208
395
548
1033
14884
2767
1822
1944
2402
4738
2405
805
892
10635
776
1760
1086
1569
633
1107
1471
1706
1625
1287
639
1758
1688
732
408
1113
1317
2899
2312
5010
749
699
849
1002
5373
808
2353
1880
1187
1676
1642
813
522
1070
5534
781
7798
2045
2837
7449
1141
1513
1149
1265
2830
2912
1639
2171
961
1263
2044
713
2263
2360
664
818
3983
14186
3049
8613
1408
1041
3277
1789
22677
1506
4665
663
756
1177
899
2398
1206
1251
791
6849
1146
1072
965
365
6155
632
776
573
2082
1041
1798
1435
1965
1258
1112
516
668
1733
1016
225
1109
359
306
1469
614
644
1061
586
2644
618
609
5070
1023
1650
916
941
1382
2594
1764
1008
1049
481
12528
25166
2525
1946
3086
813
3406
4746
6114
3951
2519
2349
3462
2808
1100
5199
8579
1797
7970
5268
1647
2106
1577
2287
1124
1289
681
9502
1233
5191
0
0
0
2539
1242
632
1473
636
527
371
1630
1100
25450
2040
938
1286
1603
4659
1068
1370
1051
534
46902
865
1829
723
1973
9014
2645
1933
1175
4871
444
1429
2122
919
12952
2635
1141
2323
1786
924
5899
4111
725
3244
1137
4076
718
1669
643
1678
1226
1206
3043
1707
1817
797
1376
2141
1838
1250
5992
860
1447
1605
3129
1300
3422
2144
1155
6274
858
2810
1782
983
1463
2455
1121
852
574
916
3611
1885
1544
3564
862
7455
707
918
811
3229
1062
1639
10971
5087
2061
1301
639
602
1917
791
2226
1291
629
721
801
1991
659
909
847
668
563
1490
1296
2210
2153
256
4229
10809
5232
341
2273
1065
1649
1029
25907
1716
1170
893
7202
769
6172
1024
12130
2607
2655
2094
15232
2897
2372
1187
651
2042
1856
8921
4266
579
1609
3957
3505
1601
11397
3456
1642
2969
1960
925
1164
2274
1562
1434
832
1947
2660
2773
4094
1629
2539
1242
632
0
0
0
533
491
1090
1770
4362
2381
3527
12418
2288
1232
6429
3663
2398
1132
657
29592
3577
1343
15327
3915
1018
961
4681
1503
2466
3194
586
1383
720
1042
786
893
750
905
807
722
965
584
3329
653
1047
6892
704
16792
1441
1191
2156
10094
12696
5554
1360
2610
11328
2757
1077
21163
848
1937
1853
2148
1022
3000
767
1064
6243
1258
1098
9033
4744
3577
1788
1300
2282
1959
1430
6999
1243
1482
1951
1122
2892
4423
2219
3739
13989
2304
9734
5022
1446
717
663
1547
855
610
2659
8870
608
1051
2990
566
2386
4379
615
17669
647
1060
468
1541
11691
3524
3548
1040
2355
7396
1128
285
1147
656
424
1079
336
1767
1758
2014
732
690
1086
3907
3342
1525
411
723
4134
1853
4888
4082
2877
4292
5615
3798
3773
20332
3924
1195
1916
4116
3737
1716
1199
969
1835
1958
3739
2487
14881
15644
5367
1515
1817
208
395
548
1473
636
527
533
491
1090
0
0
0
2151
3924
718
1658
2670
2274
2267
1353
4223
1189
3881
555
4064
1219
3569
3800
758
742
743
1655
3486
790
3986
7317
4179
6575
842
2075
8801
1180
25490
1565
1229
14110
1260
1299
1438
735
1576
588
1711
946
1877
2728
3360
761
3809
1885
1618
1576
7566
2187
3729
13817
4682
2242
4422
3247
11704
1784
2283
882
19668
4384
5151
5452
903
61114
1583
1801
968
1697
1128
2703
1884
1048
842
3084
2566
2493
1145
1394
1086
2324
1565
5077
1581
1353
1797
1054
1136
1249
695
1853
10133
1448
3996
517
1870
2406
1532
1866
818
1006
627
466
659
579
598
3576
2391
527
2118
456
967
1850
6976
893
3312
2888
4889
4943
1597
926
985
1264
9222
1428
2454
12609
4489
15959
3359
1538
7306
2713
1685
1145
938
1251
1476
1230
5969
1307
2591
5388
1270
1992
42678
6484
1739
5483
1941
2152
1242
930
1033
14884
2767
371
1630
1100
1770
4362
2381
2151
3924
718
0
0
0
2918
1623
4438
1002
1283
678
3946
1491
1302
1330
1570
1089
1100
3337
2697
3176
919
1554
8898
1169
2094
1307
1491
1743
808
2204
1376
780
11791
1374
4826
1262
2517
1346
1364
4370
10347
3641
1018
1214
2949
1262
1325
1187
1158
1894
2208
5928
1695
965
2081
1532
2768
846
1623
2132
6379
1681
1256
1249
1924
21801
838
2032
1999
1352
1147
1103
1622
14621
2994
1375
1446
1677
2014
1479
2870
2858
2712
570
31825
31268
6486
3566
2267
1739
2322
1398
3806
1918
17902
1333
11262
945
827
2904
1899
1911
1129
9424
2414
3276
3491
6424
2519
2653
3130
4756
1158
4172
2640
2149
9429
4943
1885
1781
699
1628
632
735
986
909
397
6250
7661
831
4772
2246
3539
1691
6811
2131
145
374
198
2758
29373
1099
1412
1678
1204
27275
3017
1376
1499
2583
1676
3377
2615
17628
7258
2242
6182
1822
1944
2402
25450
2040
938
3527
12418
2288
1658
2670
2274
2918
1623
4438
0
0
0
