C_ijk
0
0
0
40
54
80
104
82
210
131
304
870
198
1549
156
554
4489
1445
158
3253
1069
374
310
1187
540
493
1189
527
1269
261
530
196
776
485
530
588
1481
720
369
304
865
755
1040
3657
452
640
916
379
2224
1567
355
261
571
342
1123
602
1752
8329
16277
312
1139
1320
748
584
2433
325
440
1478
907
773
1882
2710
147
215
557
671
512
1707
243
157
337
873
3051
210
293
4662
366
1964
204
251
826
409
708
311
121
5338
417
1023
689
340
504
313
450
1483
2209
600
327
285
2763
30348
4140
6702
1845
9898
3301
463
299
7200
921
9177
847
1904
304
1294
838
7625
4962
1509
2267
3557
732
1786
669
1186
750
9065
1762
1270
800
1295
1507
1530
1446
415
47590
1670
1201
757
799
2326
10137
19693
1727
728
1219
6010
3313
1236
2186
1122
1898
1701
5126
1342
7492
994
699
5843
40
54
80
0
0
0
76
265
98
126
128
134
177
330
120
680
350
573
93
1120
139
396
349
1318
1115
1313
996
992
327
254
141
1276
224
576
610
910
823
666
981
1117
560
515
2047
1689
966
1903
566
445
249
7040
327
655
490
2274
1242
819
1758
463
965
1346
713
845
1314
302
4650
343
188
1088
267
389
359
328
120
2173
304
471
678
350
289
160
235
362
201
609
352
240
2744
164
149
224
2469
259
151
189
3094
79
4152
272
385
225
211
638
229
540
3624
427
150
388
659
1499
1083
2485
2045
1705
2627
619
1747
754
645
5420
569
2887
1638
5042
649
1551
2122
9467
1013
22456
2290
2600
3678
518
912
4095
849
2532
636
1794
1257
1054
3658
2859
4623
460
4538
1678
5314
743
2783
1690
1283
926
642
1071
2242
767
1411
2324
4494
1599
1727
6091
1184
1466
14593
17776
104
82
210
76
265
98
0
0
0
818
94
90
243
204
479
454
1914
9285
737
383
2500
1044
768
4213
457
344
7315
826
647
979
162
163
292
2357
276
432
908
496
826
795
841
670
303
190
449
641
146
158
8405
607
1054
1983
384
417
331
243
1091
634
2505
512
325
216
1831
905
178
138
1750
293
168
749
779
704
131
126
241
269
233
1234
307
1869
292
256
371
3174
349
258
561
213
289
1215
1184
418
314
495
103
192
1415
198
510
702
392
1080
286
993
416
668
749
398
4175
4016
6465
3171
1756
1204
2286
1960
436
1910
648
657
1473
1046
1296
1559
588
10576
4453
2290
574
1131
1105
1546
3806
1367
5543
1461
7752
1125
15498
2942
2593
998
1234
652
1576
4180
961
12198
837
581
1837
1118
32156
800
1206
6773
1089
6352
1558
4085
722
1127
1427
633
4541
1874
1424
4002
131
304
870
126
128
134
818
94
90
0
0
0
552
332
142
6989
1288
2803
975
352
188
1271
298
1058
894
5879
834
726
862
1357
194
659
305
251
407
408
258
639
2716
773
331
398
820
279
383
545
1358
3546
363
432
1083
1975
1966
768
4999
322
1880
3805
676
314
397
1131
183
230
200
145
1152
1446
1806
189
652
469
103
103
50
371
227
3079
194
177
178
128
557
301
4122
611
277
516
232
67
1479
829
796
144
229
179
373
183
650
3517
285
387
1529
390
417
1099
778
329
1948
948
845
1598
1359
814
1973
27304
968
763
866
3857
1865
2623
9693
1933
698
634
2780
7483
2149
11523
1604
1663
804
431
758
1168
1812
45661
3908
1411
2206
1021
3800
739
1138
1082
2272
1918
2916
1075
2542
8097
5350
947
787
851
1177
896
2690
2754
24730
785
1316
973
725
6810
2277
10835
198
1549
156
177
330
120
243
204
479
552
332
142
0
0
0
254
238
423
52
53
386
596
1807
638
1883
356
3434
297
847
287
299
211
1427
342
2091
234
5632
1943
2514
846
3235
5204
1672
456
1843
613
808
4930
705
1012
1227
660
2817
904
4478
16527
567
1330
1144
1381
1675
511
2227
6125
1701
487
427
7659
256
1188
450
600
4191
364
1147
1038
374
725
696
819
843
269
1651
472
649
979
472
98
114
281
408
1230
1296
369
187
702
701
1223
178
321
1232
235
366
1589
195
480
213
163
2499
1541
682
32017
1619
674
740
292
1432
662
473
556
282
3413
868
1711
812
1583
1232
716
3317
3417
994
2319
362
833
2620
1226
1397
876
483
799
4065
23166
2481
6437
979
1824
1775
2437
793
2004
911
982
6471
2565
1014
632
1763
15370
3379
1275
1049
2134
4924
892
470
4024
7978
16142
554
4489
1445
680
350
573
454
1914
9285
6989
1288
2803
254
238
423
0
0
0
296
402
256
291
419
804
614
1194
231
1002
511
407
1949
256
627
256
563
381
257
1314
1259
370
449
394
1667
624
724
1754
693
2236
844
1348
2757
379
8828
969
2131
756
1119
3592
803
1364
5683
728
2059
701
808
654
415
1387
1720
3827
2426
11710
1317
506
597
7423
573
645
710
1571
4394
390
520
627
405
1098
436
489
466
1980
595
1615
266
254
454
345
249
198
760
1050
192
494
4530
2234
569
364
231
978
654
1594
1388
550
7953
2814
1071
701
587
892
10129
906
438
1661
309
4217
6309
868
1045
2832
461
1359
6708
670
61317
4878
918
679
1685
2311
40107
2753
4000
652
1455
6687
3744
2356
4538
2692
8055
5188
4834
1061
555
456
347
827
1077
973
3192
2406
1290
337
1679
1066
1366
5393
1021
626
158
3253
1069
93
1120
139
737
383
2500
975
352
188
52
53
386
296
402
256
0
0
0
246
358
194
294
806
989
494
324
573
352
156
690
262
434
2082
272
2637
685
644
287
758
722
412
3569
856
754
400
1851
10560
333
5503
957
700
585
506
1059
741
3332
13636
499
1049
592
447
343
2281
470
459
450
1061
656
3848
253
576
143
2858
630
4247
839
350
230
1051
184
438
597
561
479
102
900
269
457
435
696
685
1673
1417
133
95
675
201
591
1354
1625
363
455
742
289
379
1422
6139
2278
11434
402
1611
10286
588
648
980
593
1095
1064
464
2023
1553
1048
1357
2740
5336
993
8682
1527
1938
887
1258
1284
8860
25710
2300
2185
6663
2128
653
455
3572
1575
1518
664
1478
3459
1714
2561
576
1348
648
5260
494
17588
819
1955
1718
7650
4550
1724
2836
883
1222
1075
1526
374
310
1187
396
349
1318
1044
768
4213
1271
298
1058
596
1807
638
291
419
804
246
358
194
0
0
0
45
43
111
20
14
12
534
262
336
367
260
1602
771
626
486
445
435
388
298
453
382
4482
851
1980
817
578
463
6136
557
4976
5320
753
593
989
465
508
1680
801
904
378
599
515
1034
655
675
1741
1517
1124
18973
581
875
4355
1082
658
1859
584
4832
1533
4835
459
1299
1015
5793
2578
414
931
856
5340
629
2842
6376
970
546
537
578
1151
599
525
811
693
1430
1076
445
318
660
634
984
857
1675
602
853
1298
387
514
949
23153
420
337
940
776
1663
1397
1158
1978
1052
949
954
1331
1552
2149
680
1194
1091
2009
3653
1599
2134
1191
5298
938
7355
1774
3348
1142
1030
1100
2185
1394
2067
678
1305
3511
2398
3860
607
1003
2994
1195
755
8061
2722
595
3178
1590
540
493
1189
1115
1313
996
457
344
7315
894
5879
834
1883
356
3434
614
1194
231
294
806
989
45
43
111
0
0
0
560
175
173
271
760
997
379
784
320
1306
237
2788
2661
993
542
11485
1278
532
739
441
2777
876
4885
7511
695
410
1819
363
1234
2074
1147
333
594
2989
953
4929
1101
1070
421
4636
22111
1637
1875
2092
1553
1195
1337
759
1072
4564
1473
1123
1007
6636
2271
1503
261
2284
1888
1126
663
562
953
567
2002
869
377
1631
2713
579
894
867
1873
464
357
738
1210
1112
1310
1457
449
1114
1513
1459
1288
2877
2897
309
1599
366
596
2201
1003
751
1735
1544
714
1056
1428
1050
622
1241
1862
895
9346
1172
961
1282
4190
826
2737
1354
2172
652
680
886
2528
3465
1167
2046
2481
13263
663
1353
2482
2529
3010
383
1547
3961
504
3481
395
1864
679
1388
3667
1317
1361
6017
439
527
1269
261
992
327
254
826
647
979
726
862
1357
297
847
287
1002
511
407
494
324
573
20
14
12
560
175
173
0
0
0
291
353
2750
749
509
552
3117
1310
343
3645
327
458
332
782
2302
660
705
550
1423
1423
894
525
17991
1026
823
627
1114
587
431
580
7123
1587
1782
3578
1166
798
693
4113
2509
785
538
680
859
592
561
1695
762
1011
2905
1850
410
469
864
2298
849
778
1804
580
1096
1205
2082
1049
1154
806
4438
891
439
730
1482
5238
490
1901
893
809
1131
638
598
974
876
1110
24971
1795
997
1219
271
385
769
418
296
1141
1093
4699
325
9040
1210
7383
943
10781
725
2791
566
684
649
985
1503
3453
845
1174
4818
2252
2675
1117
1494
2110
2116
1186
750
1227
1971
2892
1884
5575
482
1130
786
1089
1726
1149
1083
546
962
953
1078
1525
2512
846
2635
2253
530
196
776
141
1276
224
162
163
292
194
659
305
299
211
1427
1949
256
627
352
156
690
534
262
336
271
760
997
291
353
2750
0
0
0
1762
209
605
1848
3563
2827
310
509
2148
151
535
1664
164
611
290
1889
361
716
707
220
660
449
312
481
433
208
369
1218
631
854
301
509
392
740
944
1006
345
565
2543
226
355
736
759
1708
2584
955
1532
266
4186
408
2250
480
9768
2828
452
1421
326
1160
5605
1344
308
296
337
10757
2295
2807
750
1124
623
484
971
258
492
278
227
2561
408
7702
918
1085
3483
3797
389
262
2384
5916
1188
1233
809
3053
415
23336
31411
888
2451
1769
837
1213
3196
612
589
788
1296
4290
25669
574
920
1869
1623
912
540
1593
22959
1691
672
3327
1970
1024
9382
1247
515
1817
1560
1939
1472
1758
6020
893
3219
4419
973
4126
577
968
863
485
530
588
576
610
910
2357
276
432
251
407
408
342
2091
234
256
563
381
262
434
2082
367
260
1602
379
784
320
749
509
552
1762
209
605
0
0
0
229
711
2360
220
435
349
153
153
144
281
418
344
478
2739
4063
326
223
404
3066
284
473
390
236
239
289
266
1565
224
545
444
408
235
266
353
1934
449
227
614
370
615
1769
834
712
557
8840
668
347
2223
1412
372
1063
423
541
2443
963
707
1484
2233
701
619
835
1174
417
883
1802
2273
3461
517
550
619
484
826
3347
1414
1408
948
1196
1626
3010
711
626
3322
1391
315
2227
1496
538
1631
5339
9767
2831
13316
8938
499
6437
1031
415
1754
1014
1189
1961
1351
1523
2679
3591
7966
519
12636
932
21538
14419
991
1400
4154
1047
6886
6751
15636
5354
4106
17217
1140
1046
4835
923
4675
3222
1850
1407
1313
770
1459
1481
720
369
823
666
981
908
496
826
258
639
2716
5632
1943
2514
257
1314
1259
272
2637
685
771
626
486
1306
237
2788
3117
1310
343
1848
3563
2827
229
711
2360
0
0
0
186
76
29
90
107
871
1449
414
7463
1000
1215
331
698
2135
301
219
765
311
241
429
1156
7018
1764
982
1506
597
766
4166
3602
2945
498
1318
573
974
1008
1670
2007
1036
1277
741
901
12041
761
914
9205
2230
2160
476
585
6285
9900
1130
8381
1068
1839
2034
416
2291
957
602
755
1170
381
763
692
1461
1519
982
4081
1121
5889
4402
6559
1337
2495
4706
3485
775
7793
971
6456
1611
931
800
2209
1176
2249
1527
666
1644
1064
422
3984
560
4677
498
428
723
1499
983
1070
1339
2891
854
849
3805
938
2989
1166
1900
656
1823
16844
8076
2714
1024
1472
1754
834
4634
1544
1132
917
1503
27167
9848
1333
566
1236
304
865
755
1117
560
515
795
841
670
773
331
398
846
3235
5204
370
449
394
644
287
758
445
435
388
2661
993
542
3645
327
458
310
509
2148
220
435
349
186
76
29
0
0
0
104
45
356
269
763
1083
1326
2064
489
1457
2644
3103
403
248
1071
354
1754
1147
877
637
1534
2954
628
1078
874
1215
1416
4854
1083
826
1819
5010
878
1086
1001
1288
828
420
4773
2966
807
468
496
1042
891
617
423
1028
5581
994
1567
389
637
755
616
870
491
857
1509
772
7446
2060
541
1370
521
4123
9852
1467
4292
916
2273
1543
996
381
278
692
333
1055
1108
1123
1346
452
714
1021
775
1533
2467
2259
735
301
711
1239
681
1255
474
1331
3169
836
1200
18990
1653
1416
30503
1586
4373
4049
2938
8504
995
1410
3320
27665
2034
935
2142
1119
1512
1367
6495
1244
1561
913
2932
1321
1126
921
1040
3657
452
2047
1689
966
303
190
449
820
279
383
1672
456
1843
1667
624
724
722
412
3569
298
453
382
11485
1278
532
332
782
2302
151
535
1664
153
153
144
90
107
871
104
45
356
0
0
0
311
312
1494
293
536
1178
230
722
256
253
1408
190
234
4573
241
513
1159
18396
271
520
297
8626
405
392
1653
425
948
1037
1940
1999
712
1777
1351
753
630
843
395
1063
3007
1901
700
783
1580
689
1878
15320
7076
1630
854
408
1439
821
6314
267
752
5836
280
8440
2332
705
549
1992
1663
2522
3918
1555
631
537
1095
781
818
316
568
996
602
12035
1983
8564
2775
1609
1191
5007
1506
892
10192
572
8581
21151
16566
6767
1080
1297
970
887
1129
3047
1724
1140
891
14095
1692
3508
3411
2805
2795
1596
931
982
7429
1275
1888
816
1283
2071
2960
1016
1691
1131
3471
2128
808
6786
754
640
916
379
1903
566
445
641
146
158
545
1358
3546
613
808
4930
1754
693
2236
856
754
400
4482
851
1980
739
441
2777
660
705
550
164
611
290
281
418
344
1449
414
7463
269
763
1083
311
312
1494
0
0
0
213
421
1663
876
444
996
596
405
1406
402
2097
390
345
697
219
185
440
159
172
298
5557
4358
2092
3447
158
488
774
6019
364
774
738
324
122
209
769
145
4249
2858
3776
272
389
1087
17976
1228
3753
385
452
427
420
806
374
2733
2733
2635
325
708
1151
979
652
704
2131
1221
2459
4889
2513
552
633
1499
1537
11358
1279
1471
5381
1342
829
1678
2263
1450
2956
472
2885
5108
1419
25281
898
546
391
950
1621
11714
1020
3542
1158
1078
1810
2210
3828
3943
4975
982
1084
1100
10040
664
1114
2091
1805
1057
741
1855
1417
12335
6757
1142
1304
3970
8275
898
1733
5626
2224
1567
355
249
7040
327
8405
607
1054
363
432
1083
705
1012
1227
844
1348
2757
1851
10560
333
817
578
463
876
4885
7511
1423
1423
894
1889
361
716
478
2739
4063
1000
1215
331
1326
2064
489
293
536
1178
213
421
1663
0
0
0
44
39
82
218
64
201
592
350
303
2325
566
1294
522
205
1023
266
522
743
253
626
634
373
2489
10285
10154
3579
741
403
394
496
457
914
1615
359
2494
8686
1594
1587
1037
4123
851
1815
863
496
1321
604
5447
2074
1287
1143
867
584
4220
677
1500
801
756
1411
8646
2314
1227
1087
943
1341
1335
665
1414
736
862
2794
1129
2744
509
579
958
350
348
1667
1180
545
1533
320
325
419
1164
861
628
5469
792
1956
983
817
1991
636
638
596
2521
1164
1575
1874
3110
2270
1570
1464
1840
3828
2795
2874
1276
1249
2151
1650
960
2305
5738
1665
1328
261
571
342
655
490
2274
1983
384
417
1975
1966
768
660
2817
904
379
8828
969
5503
957
700
6136
557
4976
695
410
1819
525
17991
1026
707
220
660
326
223
404
698
2135
301
1457
2644
3103
230
722
256
876
444
996
44
39
82
0
0
0
117
69
39
948
128
85
285
217
225
373
216
2664
569
486
364
293
224
904
596
550
1652
4007
953
789
528
709
1794
242
620
352
7133
364
510
1728
1314
1278
638
1324
1396
1100
12946
618
470
1204
1162
1465
805
612
2461
1308
1526
1490
986
4337
3921
1627
4602
955
671
2008
1777
1636
1549
872
973
688
595
9188
3127
5458
1389
1081
472
509
2269
779
1805
4675
514
1442
393
3007
1838
23709
3014
2590
2396
2504
632
2516
722
456
4485
2127
1397
1799
967
1650
3148
1946
1162
4144
1494
1721
7136
3118
7510
1156
2321
627
988
1353
3459
1416
1123
602
1752
1242
819
1758
331
243
1091
4999
322
1880
4478
16527
567
2131
756
1119
585
506
1059
5320
753
593
363
1234
2074
823
627
1114
449
312
481
3066
284
473
219
765
311
403
248
1071
253
1408
190
596
405
1406
218
64
201
117
69
39
0
0
0
81
48
56
2309
729
677
370
293
321
401
230
157
433
3001
1028
286
1150
513
483
406
1139
265
578
765
310
902
3587
3387
1351
806
1692
618
389
1110
1256
29820
785
1442
2210
1025
1854
5162
1387
2352
3310
1351
1656
1473
1530
776
2076
1650
6352
5220
5663
877
1725
2297
2118
1992
478
21823
957
12740
2664
1006
1007
1003
1248
1077
432
392
2907
1900
494
641
419
1116
2384
1184
2137
921
1680
2139
7213
1582
1608
1702
4488
958
1189
2359
3334
1525
2269
2945
3157
1604
2044
1563
3384
15437
5478
1782
16989
3294
2509
4694
2056
22359
1937
8329
16277
312
463
965
1346
634
2505
512
3805
676
314
1330
1144
1381
3592
803
1364
741
3332
13636
989
465
508
1147
333
594
587
431
580
433
208
369
390
236
239
241
429
1156
354
1754
1147
234
4573
241
402
2097
390
592
350
303
948
128
85
81
48
56
0
0
0
639
354
1257
7857
186
547
602
589
405
510
1656
234
1266
502
708
3652
1321
3179
253
516
524
1211
626
529
492
727
16451
608
866
843
3227
1753
463
726
3489
1261
655
2411
3125
1105
1581
667
9458
2776
488
2125
820
1624
914
3699
3389
3143
826
4400
5725
7972
1371
2618
2227
484
930
7118
13916
3260
1323
770
9373
7448
1378
614
723
523
1629
1475
3176
954
910
1160
5299
1738
6696
365
11284
5144
2295
1228
667
6283
569
3054
4393
2220
1209
3975
881
4427
7622
2888
1527
1342
1012
1242
2336
1360
10961
1521
1849
3012
1139
1320
748
713
845
1314
325
216
1831
397
1131
183
1675
511
2227
5683
728
2059
499
1049
592
1680
801
904
2989
953
4929
7123
1587
1782
1218
631
854
289
266
1565
7018
1764
982
877
637
1534
513
1159
18396
345
697
219
2325
566
1294
285
217
225
2309
729
677
639
354
1257
0
0
0
242
328
380
123
103
94
695
112
61
201
539
199
189
294
648
253
1729
350
187
231
868
1550
648
8628
602
536
1098
4448
1445
2048
486
520
3632
850
912
669
736
27147
6573
785
3333
610
1408
11125
1388
4383
1906
1124
1538
1284
1615
4362
1833
1293
1750
2284
13555
1423
1688
1226
307
604
2441
425
810
850
1071
5290
2732
783
1639
413
3623
922
5529
1372
958
716
343
839
2175
1270
1517
1926
28093
601
1359
2635
2281
4755
5297
1208
2770
1863
22156
1714
1566
1157
2298
1014
4439
1296
3135
1893
4737
584
2433
325
302
4650
343
905
178
138
230
200
145
6125
1701
487
701
808
654
447
343
2281
378
599
515
1101
1070
421
3578
1166
798
301
509
392
224
545
444
1506
597
766
2954
628
1078
271
520
297
185
440
159
522
205
1023
373
216
2664
370
293
321
7857
186
547
242
328
380
0
0
0
119
375
210
1341
490
10384
155
82
180
822
281
403
264
207
151
269
156
451
491
367
1387
799
321
1982
343
275
769
2185
532
237
866
1090
533
417
470
1092
392
480
525
5412
903
1320
9356
877
1725
14200
961
5487
1643
4353
1085
1183
1871
1163
1154
1049
4397
778
902
3643
650
541
1616
3022
27559
1006
1120
662
768
1006
1110
1560
1064
7523
871
758
609
494
905
1891
1971
362
14206
17400
2976
2657
8530
1688
720
881
2207
660
1127
1896
1044
9565
3311
1509
1269
1378
912
8120
440
1478
907
188
1088
267
1750
293
168
1152
1446
1806
427
7659
256
415
1387
1720
470
459
450
1034
655
675
4636
22111
1637
693
4113
2509
740
944
1006
408
235
266
4166
3602
2945
874
1215
1416
8626
405
392
172
298
5557
266
522
743
569
486
364
401
230
157
602
589
405
123
103
94
119
375
210
0
0
0
151
144
241
117
194
3837
447
383
201
1043
369
206
201
251
619
1349
550
861
587
1006
767
573
960
762
541
242
488
631
4264
1086
6630
1172
1102
284
1118
1604
1115
479
1770
4161
1063
1264
1334
6840
1207
1292
1269
5998
1316
10601
1127
3107
3087
956
3145
1489
862
518
1187
984
5086
659
10955
596
925
824
487
1974
855
630
2806
1359
8344
910
570
635
874
905
1032
1106
3806
3587
2962
3648
1354
8766
1629
1031
1923
1588
740
2956
10639
2174
558
984
727
2100
12910
773
1882
2710
389
359
328
749
779
704
189
652
469
1188
450
600
3827
2426
11710
1061
656
3848
1741
1517
1124
1875
2092
1553
785
538
680
345
565
2543
353
1934
449
498
1318
573
4854
1083
826
1653
425
948
4358
2092
3447
253
626
634
293
224
904
433
3001
1028
510
1656
234
695
112
61
1341
490
10384
151
144
241
0
0
0
726
474
485
186
281
627
230
459
826
7178
180
814
1338
682
408
452
581
3364
1716
612
10977
683
932
668
859
1141
1329
2253
1048
619
1381
1133
1132
928
1458
1120
14759
1412
1909
1748
4936
1394
828
884
1441
1262
3382
2220
692
1438
3447
1093
340
532
2760
807
3597
6698
1297
1216
687
326
440
494
1462
1168
7486
717
643
997
569
549
797
3596
1221
779
845
1381
3412
1922
1359
1031
2294
1518
511
1418
1464
7096
12477
21213
1274
2727
1519
1941
1273
1407
147
215
557
120
2173
304
131
126
241
103
103
50
4191
364
1147
1317
506
597
253
576
143
18973
581
875
1195
1337
759
859
592
561
226
355
736
227
614
370
974
1008
1670
1819
5010
878
1037
1940
1999
158
488
774
373
2489
10285
596
550
1652
286
1150
513
1266
502
708
201
539
199
155
82
180
117
194
3837
726
474
485
0
0
0
1053
109
198
149
1132
684
14
70
37
1812
611
913
203
172
60
214
283
365
81
226
173
328
281
2365
498
2428
1013
540
416
6359
538
670
1368
1472
1618
11547
534
18340
8091
757
664
2025
1834
863
3501
677
1202
3191
1057
1100
3107
2164
944
3332
3333
829
6353
450
1660
1016
2312
9175
1075
1127
1736
1023
866
1534
3425
3833
1166
1432
407
389
7077
1103
2542
850
659
2912
1034
2713
2229
1590
758
640
4863
455
951
2732
3934
5962
3173
671
512
1707
471
678
350
269
233
1234
371
227
3079
1038
374
725
7423
573
645
2858
630
4247
4355
1082
658
1072
4564
1473
1695
762
1011
759
1708
2584
615
1769
834
2007
1036
1277
1086
1001
1288
712
1777
1351
6019
364
774
10154
3579
741
4007
953
789
483
406
1139
3652
1321
3179
189
294
648
822
281
403
447
383
201
186
281
627
1053
109
198
0
0
0
189
202
433
333
831
2959
3803
382
247
338
302
368
319
172
768
356
480
2098
4144
640
945
4507
13004
1697
316
338
344
469
1481
772
3260
9819
5754
1823
4553
1378
976
878
4273
2201
1021
5907
2342
1764
752
714
1133
1491
314
1759
429
1300
1940
835
2016
1192
3221
9204
726
1791
924
7034
6225
10528
906
1516
6046
1602
987
1405
1168
860
1588
1534
849
719
1350
1543
10551
4753
1847
7698
1711
2486
2115
1913
1120
18294
9640
5852
243
157
337
289
160
235
307
1869
292
194
177
178
696
819
843
710
1571
4394
839
350
230
1859
584
4832
1123
1007
6636
2905
1850
410
955
1532
266
712
557
8840
741
901
12041
828
420
4773
753
630
843
738
324
122
403
394
496
528
709
1794
265
578
765
253
516
524
253
1729
350
264
207
151
1043
369
206
230
459
826
149
1132
684
189
202
433
0
0
0
234
176
128
1863
187
462
258
179
302
1059
221
155
186
732
99
442
716
491
1246
483
468
291
10976
1270
469
609
1409
1396
1872
27362
1884
2777
1332
753
919
2650
934
3985
1044
1666
5641
1550
1734
741
970
623
890
5757
3316
3613
2245
2530
404
561
644
1597
3407
23367
2802
8662
570
529
1203
2184
2040
9211
894
380
1069
7910
1493
10999
820
10451
2225
1338
4477
1534
1445
3542
5433
2115
1241
502
925
2441
773
873
3051
210
362
201
609
256
371
3174
128
557
301
269
1651
472
390
520
627
1051
184
438
1533
4835
459
2271
1503
261
469
864
2298
4186
408
2250
668
347
2223
761
914
9205
2966
807
468
395
1063
3007
209
769
145
457
914
1615
242
620
352
310
902
3587
1211
626
529
187
231
868
269
156
451
201
251
619
7178
180
814
14
70
37
333
831
2959
234
176
128
0
0
0
592
438
769
1210
3461
139
403
163
3804
56
245
124
4871
523
819
1566
375
1663
1611
1012
886
1381
342
723
6068
1657
1993
1375
794
2499
2071
19899
2803
1572
1030
2814
1904
4023
2149
1410
1917
6600
566
861
1442
5416
4129
1869
1473
7608
4686
1672
662
1955
915
20939
4828
2477
1423
517
1105
1092
7722
1178
1042
1147
1683
17765
1233
1160
697
2562
1252
1723
1034
1024
3329
1621
5705
842
20953
1676
4800
1560
293
4662
366
352
240
2744
349
258
561
4122
611
277
649
979
472
405
1098
436
597
561
479
1299
1015
5793
2284
1888
1126
849
778
1804
480
9768
2828
1412
372
1063
2230
2160
476
496
1042
891
1901
700
783
4249
2858
3776
359
2494
8686
7133
364
510
3387
1351
806
492
727
16451
1550
648
8628
491
367
1387
1349
550
861
1338
682
408
1812
611
913
3803
382
247
1863
187
462
592
438
769
0
0
0
217
374
686
4456
301
358
118
447
259
3052
596
3773
1559
323
918
171
268
1167
291
469
2009
1489
1172
2372
2406
1290
840
1709
2343
1120
5107
1208
1571
1951
1418
1204
2113
840
1195
3119
1127
2299
13356
2796
1764
9772
7143
2683
11332
1999
1441
4399
1085
1960
889
1167
5139
4939
960
1796
221
511
970
23701
1562
3700
2374
1640
1246
1092
723
307
3174
3733
860
2374
774
4110
1787
11666
2759
1964
204
251
164
149
224
213
289
1215
516
232
67
98
114
281
489
466
1980
102
900
269
2578
414
931
663
562
953
580
1096
1205
452
1421
326
423
541
2443
585
6285
9900
617
423
1028
1580
689
1878
272
389
1087
1594
1587
1037
1728
1314
1278
1692
618
389
608
866
843
602
536
1098
799
321
1982
587
1006
767
452
581
3364
203
172
60
338
302
368
258
179
302
1210
3461
139
217
374
686
0
0
0
180
335
414
147
779
219
220
347
552
373
297
400
579
929
483
588
284
456
2047
4673
2418
850
4257
7635
1256
911
1112
1567
986
2110
8959
2275
628
3917
1470
2592
1877
1241
3222
739
1938
1331
6290
688
1095
731
1438
1581
2538
3478
6410
1458
1248
920
1916
781
564
2102
1435
2703
7071
23578
1344
463
451
1053
2882
1568
1420
783
868
507
21357
1982
933
1574
1089
12058
826
409
708
2469
259
151
1184
418
314
1479
829
796
408
1230
1296
595
1615
266
457
435
696
856
5340
629
567
2002
869
2082
1049
1154
1160
5605
1344
963
707
1484
1130
8381
1068
5581
994
1567
15320
7076
1630
17976
1228
3753
4123
851
1815
638
1324
1396
1110
1256
29820
3227
1753
463
4448
1445
2048
343
275
769
573
960
762
1716
612
10977
214
283
365
319
172
768
1059
221
155
403
163
3804
4456
301
358
180
335
414
0
0
0
102
259
737
406
1206
820
362
300
702
652
3743
1168
285
1796
388
2466
2101
9470
1675
6391
3914
2203
3626
6851
1446
4687
1765
889
1249
1400
6324
11769
1364
33195
1069
1929
4675
1383
8681
10891
903
2715
1110
2482
523
1650
3560
2224
1909
811
2033
1258
950
632
7487
752
533
6783
1366
5508
6496
400
3629
945
799
1470
2400
2063
5303
8977
1469
1015
1486
1737
12438
311
121
5338
189
3094
79
495
103
192
144
229
179
369
187
702
254
454
345
685
1673
1417
2842
6376
970
377
1631
2713
806
4438
891
308
296
337
2233
701
619
1839
2034
416
389
637
755
854
408
1439
385
452
427
863
496
1321
1100
12946
618
785
1442
2210
726
3489
1261
486
520
3632
2185
532
237
541
242
488
683
932
668
81
226
173
356
480
2098
186
732
99
56
245
124
118
447
259
147
779
219
102
259
737
0
0
0
380
368
1441
791
481
368
279
380
1815
537
510
479
1359
812
5291
575
600
1251
1515
1010
2157
6505
1024
1602
398
1825
3642
1054
2742
906
1012
772
2009
6512
3960
5415
2727
1568
13692
3363
1167
2588
1554
892
1662
1946
1133
3197
2356
25870
10713
433
393
2382
38301
2507
1962
1412
496
953
1175
6387
529
571
1448
6058
3085
1321
2519
1286
3201
1185
417
1023
689
4152
272
385
1415
198
510
373
183
650
701
1223
178
249
198
760
133
95
675
546
537
578
579
894
867
439
730
1482
10757
2295
2807
835
1174
417
2291
957
602
616
870
491
821
6314
267
420
806
374
604
5447
2074
470
1204
1162
1025
1854
5162
655
2411
3125
850
912
669
866
1090
533
631
4264
1086
859
1141
1329
328
281
2365
4144
640
945
442
716
491
4871
523
819
3052
596
3773
220
347
552
406
1206
820
380
368
1441
0
0
0
121
252
195
176
364
55
193
160
63
859
1713
9125
1286
3337
1102
816
1034
9615
944
15731
2208
625
1106
2701
2742
1534
5242
8433
1884
998
1152
798
7630
838
1666
2403
1189
1390
1567
1780
6664
921
550
4086
5257
1731
623
1819
1797
645
1872
818
1293
638
274
4329
316
744
2681
10113
353
481
1023
582
448
941
4856
2284
805
340
504
313
225
211
638
702
392
1080
3517
285
387
321
1232
235
1050
192
494
201
591
1354
1151
599
525
1873
464
357
5238
490
1901
750
1124
623
883
1802
2273
755
1170
381
857
1509
772
752
5836
280
2733
2733
2635
1287
1143
867
1465
805
612
1387
2352
3310
1105
1581
667
736
27147
6573
417
470
1092
6630
1172
1102
2253
1048
619
498
2428
1013
4507
13004
1697
1246
483
468
1566
375
1663
1559
323
918
373
297
400
362
300
702
791
481
368
121
252
195
0
0
0
620
119
319
189
103
50
2512
808
2115
1919
1422
874
8273
3069
1850
821
2045
661
2739
649
651
947
1156
1616
1715
1673
1079
1802
1117
1197
959
1881
739
1391
2807
19691
3418
16118
1411
1242
641
1567
23279
15930
1094
1380
2168
548
785
1298
523
194
258
480
1753
561
757
636
1505
2033
507
1302
1615
1517
3153
1690
450
1483
2209
229
540
3624
286
993
416
1529
390
417
366
1589
195
4530
2234
569
1625
363
455
811
693
1430
738
1210
1112
893
809
1131
484
971
258
3461
517
550
763
692
1461
7446
2060
541
8440
2332
705
325
708
1151
584
4220
677
2461
1308
1526
1351
1656
1473
9458
2776
488
785
3333
610
392
480
525
284
1118
1604
1381
1133
1132
540
416
6359
316
338
344
291
10976
1270
1611
1012
886
171
268
1167
579
929
483
652
3743
1168
279
380
1815
176
364
55
620
119
319
0
0
0
121
79
72
6117
1797
5357
4499
1678
526
3992
3238
1481
8888
894
2143
991
326
1105
1554
4519
950
816
1935
5062
2652
2234
3326
1428
6027
1246
35078
1778
6604
2197
1235
4783
1100
4769
612
4472
1138
1676
830
1117
902
3648
3965
8183
608
619
728
1068
2457
734
776
956
2528
1267
574
415
5838
1693
1869
600
327
285
427
150
388
668
749
398
1099
778
329
480
213
163
364
231
978
742
289
379
1076
445
318
1310
1457
449
638
598
974
492
278
227
619
484
826
1519
982
4081
1370
521
4123
549
1992
1663
979
652
704
1500
801
756
1490
986
4337
1530
776
2076
2125
820
1624
1408
11125
1388
5412
903
1320
1115
479
1770
928
1458
1120
538
670
1368
469
1481
772
469
609
1409
1381
342
723
291
469
2009
588
284
456
285
1796
388
537
510
479
193
160
63
189
103
50
121
79
72
0
0
0
2836
3188
818
928
2676
713
798
2039
8369
8488
681
1422
2398
471
1191
950
3007
2607
1774
3540
1743
1123
1221
1789
1178
2815
1326
7390
9435
4789
10233
10958
876
3750
971
2505
12971
1965
2067
884
562
1279
1173
692
3477
585
1289
388
508
1093
1674
436
330
7140
289
852
722
1533
8661
1655
2763
30348
4140
659
1499
1083
4175
4016
6465
1948
948
845
2499
1541
682
654
1594
1388
1422
6139
2278
660
634
984
1114
1513
1459
876
1110
24971
2561
408
7702
3347
1414
1408
1121
5889
4402
9852
1467
4292
2522
3918
1555
2131
1221
2459
1411
8646
2314
3921
1627
4602
1650
6352
5220
914
3699
3389
4383
1906
1124
9356
877
1725
4161
1063
1264
14759
1412
1909
1472
1618
11547
3260
9819
5754
1396
1872
27362
6068
1657
1993
1489
1172
2372
2047
4673
2418
2466
2101
9470
1359
812
5291
859
1713
9125
2512
808
2115
6117
1797
5357
2836
3188
818
0
0
0
538
644
626
2201
467
3538
4854
10549
883
271
4393
507
2561
7947
14872
1382
2046
1382
2075
3305
10777
2935
1757
2631
1312
2420
12523
3980
5428
10363
2976
1407
1190
1701
3108
3316
25360
1931
957
104
630
171
441
837
361
952
2213
1088
538
339
490
684
5645
1817
3949
1462
1772
6702
1845
9898
2485
2045
1705
3171
1756
1204
1598
1359
814
32017
1619
674
550
7953
2814
11434
402
1611
857
1675
602
1288
2877
2897
1795
997
1219
918
1085
3483
948
1196
1626
6559
1337
2495
916
2273
1543
631
537
1095
4889
2513
552
1227
1087
943
955
671
2008
5663
877
1725
3143
826
4400
1538
1284
1615
14200
961
5487
1334
6840
1207
1748
4936
1394
534
18340
8091
1823
4553
1378
1884
2777
1332
1375
794
2499
2406
1290
840
850
4257
7635
1675
6391
3914
575
600
1251
1286
3337
1102
1919
1422
874
4499
1678
526
928
2676
713
538
644
626
0
0
0
4115
370
676
591
661
425
222
731
113
10342
2518
44713
983
1956
2430
11630
1593
2464
3064
1187
1117
12480
2252
1955
3904
3384
2443
2501
2131
1746
53516
1881
45365
7837
1776
1540
300
815
466
527
911
315
2605
1084
776
959
5351
935
1554
988
1117
10340
820
4788
3301
463
299
2627
619
1747
2286
1960
436
1973
27304
968
740
292
1432
1071
701
587
10286
588
648
853
1298
387
309
1599
366
271
385
769
3797
389
262
3010
711
626
4706
3485
775
996
381
278
781
818
316
633
1499
1537
1341
1335
665
1777
1636
1549
2297
2118
1992
5725
7972
1371
4362
1833
1293
1643
4353
1085
1292
1269
5998
828
884
1441
757
664
2025
976
878
4273
753
919
2650
2071
19899
2803
1709
2343
1120
1256
911
1112
2203
3626
6851
1515
1010
2157
816
1034
9615
8273
3069
1850
3992
3238
1481
798
2039
8369
2201
467
3538
4115
370
676
0
0
0
321
152
102
988
1281
783
24542
4294
5369
1612
1269
3715
1575
1155
519
3003
3776
2097
865
1518
1568
3761
9463
955
3124
42382
4269
1409
5212
1294
1503
1387
3714
3571
581
8319
608
516
3354
1614
2952
878
9646
558
894
2494
1518
945
1411
645
368
7200
921
9177
754
645
5420
1910
648
657
763
866
3857
662
473
556
892
10129
906
980
593
1095
514
949
23153
596
2201
1003
418
296
1141
2384
5916
1188
3322
1391
315
7793
971
6456
692
333
1055
568
996
602
11358
1279
1471
1414
736
862
872
973
688
478
21823
957
2618
2227
484
1750
2284
13555
1183
1871
1163
1316
10601
1127
1262
3382
2220
1834
863
3501
2201
1021
5907
934
3985
1044
1572
1030
2814
5107
1208
1571
1567
986
2110
1446
4687
1765
6505
1024
1602
944
15731
2208
821
2045
661
8888
894
2143
8488
681
1422
4854
10549
883
591
661
425
321
152
102
0
0
0
965
4606
252
1334
5119
12025
2991
3803
1390
1191
390
508
1191
924
1130
2186
3390
3986
3702
2268
11787
13301
2363
1514
9344
1164
1413
1675
1748
6449
1280
528
4041
5050
2324
1537
1324
3544
1219
2230
1065
758
557
1055
17687
2445
1491
5564
847
1904
304
569
2887
1638
1473
1046
1296
1865
2623
9693
282
3413
868
438
1661
309
1064
464
2023
420
337
940
751
1735
1544
1093
4699
325
1233
809
3053
2227
1496
538
1611
931
800
1108
1123
1346
12035
1983
8564
5381
1342
829
2794
1129
2744
595
9188
3127
12740
2664
1006
930
7118
13916
1423
1688
1226
1154
1049
4397
3107
3087
956
692
1438
3447
677
1202
3191
2342
1764
752
1666
5641
1550
1904
4023
2149
1951
1418
1204
8959
2275
628
889
1249
1400
398
1825
3642
625
1106
2701
2739
649
651
991
326
1105
2398
471
1191
271
4393
507
222
731
113
988
1281
783
965
4606
252
0
0
0
4057
3307
5687
2064
3831
6819
41803
1425
1787
2709
3503
1230
1413
3021
7198
2089
1828
2046
8005
1642
1742
5948
2739
1998
1352
1781
2723
283
2624
750
1490
2442
539
1667
4962
3457
702
624
478
1483
2859
815
1505
1113
2671
1294
838
7625
5042
649
1551
1559
588
10576
1933
698
634
1711
812
1583
4217
6309
868
1553
1048
1357
776
1663
1397
714
1056
1428
9040
1210
7383
415
23336
31411
1631
5339
9767
2209
1176
2249
452
714
1021
2775
1609
1191
1678
2263
1450
509
579
958
5458
1389
1081
1007
1003
1248
3260
1323
770
307
604
2441
778
902
3643
3145
1489
862
1093
340
532
1057
1100
3107
714
1133
1491
1734
741
970
1410
1917
6600
2113
840
1195
3917
1470
2592
6324
11769
1364
1054
2742
906
2742
1534
5242
947
1156
1616
1554
4519
950
950
3007
2607
2561
7947
14872
10342
2518
44713
24542
4294
5369
1334
5119
12025
4057
3307
5687
0
0
0
2014
201
408
3057
5055
2077
272
234
256
1366
2348
467
695
395
163
241
374
614
3012
417
682
829
1162
982
3653
10268
8767
1919
2349
5818
1401
2534
1620
21175
882
17979
1201
4381
4032
15033
1058
4119
4962
1509
2267
2122
9467
1013
4453
2290
574
2780
7483
2149
1232
716
3317
1045
2832
461
2740
5336
993
1158
1978
1052
1050
622
1241
943
10781
725
888
2451
1769
2831
13316
8938
1527
666
1644
775
1533
2467
5007
1506
892
2956
472
2885
350
348
1667
472
509
2269
1077
432
392
9373
7448
1378
425
810
850
650
541
1616
518
1187
984
2760
807
3597
2164
944
3332
314
1759
429
623
890
5757
566
861
1442
3119
1127
2299
1877
1241
3222
33195
1069
1929
1012
772
2009
8433
1884
998
1715
1673
1079
816
1935
5062
1774
3540
1743
1382
2046
1382
983
1956
2430
1612
1269
3715
2991
3803
1390
2064
3831
6819
2014
201
408
0
0
0
1535
2946
2317
176
115
370
2584
511
865
264
1226
2081
331
1882
721
769
980
1678
1913
3661
1723
2293
2293
3506
1753
3944
2235
3539
5790
2161
3696
2384
2568
4346
3191
3144
1176
919
1421
3557
732
1786
22456
2290
2600
1131
1105
1546
11523
1604
1663
3417
994
2319
1359
6708
670
8682
1527
1938
949
954
1331
1862
895
9346
2791
566
684
837
1213
3196
499
6437
1031
1064
422
3984
2259
735
301
10192
572
8581
5108
1419
25281
1180
545
1533
779
1805
4675
2907
1900
494
614
723
523
1071
5290
2732
3022
27559
1006
5086
659
10955
6698
1297
1216
3333
829
6353
1300
1940
835
3316
3613
2245
5416
4129
1869
13356
2796
1764
739
1938
1331
4675
1383
8681
6512
3960
5415
1152
798
7630
1802
1117
1197
2652
2234
3326
1123
1221
1789
2075
3305
10777
11630
1593
2464
1575
1155
519
1191
390
508
41803
1425
1787
3057
5055
2077
1535
2946
2317
0
0
0
981
2331
1034
1457
569
1460
7786
2745
14838
1016
764
1322
2071
1606
3799
6673
2191
1907
1861
2103
3784
1572
2771
4702
1921
1523
14942
2355
2203
2766
1169
4394
4169
837
416
923
669
1186
750
3678
518
912
3806
1367
5543
804
431
758
362
833
2620
61317
4878
918
887
1258
1284
1552
2149
680
1172
961
1282
649
985
1503
612
589
788
415
1754
1014
560
4677
498
711
1239
681
21151
16566
6767
898
546
391
320
325
419
514
1442
393
641
419
1116
1629
1475
3176
783
1639
413
1120
662
768
596
925
824
687
326
440
450
1660
1016
2016
1192
3221
2530
404
561
1473
7608
4686
9772
7143
2683
6290
688
1095
10891
903
2715
2727
1568
13692
838
1666
2403
959
1881
739
1428
6027
1246
1178
2815
1326
2935
1757
2631
3064
1187
1117
3003
3776
2097
1191
924
1130
2709
3503
1230
272
234
256
176
115
370
981
2331
1034
0
0
0
3478
391
3679
835
350
688
234
175
220
1123
4878
503
1205
5084
890
2562
1582
2141
4586
7384
2331
6959
8794
2245
3816
6103
1188
2319
5059
13480
2509
1428
1456
9065
1762
1270
4095
849
2532
1461
7752
1125
1168
1812
45661
1226
1397
876
679
1685
2311
8860
25710
2300
1194
1091
2009
4190
826
2737
3453
845
1174
1296
4290
25669
1189
1961
1351
428
723
1499
1255
474
1331
1080
1297
970
950
1621
11714
1164
861
628
3007
1838
23709
2384
1184
2137
954
910
1160
3623
922
5529
1006
1110
1560
487
1974
855
494
1462
1168
2312
9175
1075
9204
726
1791
644
1597
3407
1672
662
1955
11332
1999
1441
731
1438
1581
1110
2482
523
3363
1167
2588
1189
1390
1567
1391
2807
19691
35078
1778
6604
7390
9435
4789
1312
2420
12523
12480
2252
1955
865
1518
1568
2186
3390
3986
1413
3021
7198
1366
2348
467
2584
511
865
1457
569
1460
3478
391
3679
0
0
0
16714
1198
945
1822
847
719
3122
7395
1161
1573
3350
2141
2573
4400
36470
3222
2797
2791
1383
17998
3113
4802
1934
17653
5564
5504
1724
10548
1918
2552
800
1295
1507
636
1794
1257
15498
2942
2593
3908
1411
2206
483
799
4065
40107
2753
4000
2185
6663
2128
3653
1599
2134
1354
2172
652
4818
2252
2675
574
920
1869
1523
2679
3591
983
1070
1339
3169
836
1200
887
1129
3047
1020
3542
1158
5469
792
1956
3014
2590
2396
921
1680
2139
5299
1738
6696
1372
958
716
1064
7523
871
630
2806
1359
7486
717
643
1127
1736
1023
924
7034
6225
23367
2802
8662
915
20939
4828
4399
1085
1960
2538
3478
6410
1650
3560
2224
1554
892
1662
1780
6664
921
3418
16118
1411
2197
1235
4783
10233
10958
876
3980
5428
10363
3904
3384
2443
3761
9463
955
3702
2268
11787
2089
1828
2046
695
395
163
264
1226
2081
7786
2745
14838
835
350
688
16714
1198
945
0
0
0
147
1415
823
112
91
456
2102
2584
2440
4556
2011
4365
2871
9428
11235
1377
2752
1982
3347
3229
2457
1508
2613
3528
2644
1553
2570
1530
1446
415
1054
3658
2859
998
1234
652
1021
3800
739
23166
2481
6437
652
1455
6687
653
455
3572
1191
5298
938
680
886
2528
1117
1494
2110
1623
912
540
7966
519
12636
2891
854
849
18990
1653
1416
1724
1140
891
1078
1810
2210
983
817
1991
2504
632
2516
7213
1582
1608
365
11284
5144
343
839
2175
758
609
494
8344
910
570
997
569
549
866
1534
3425
10528
906
1516
570
529
1203
2477
1423
517
889
1167
5139
1458
1248
920
1909
811
2033
1946
1133
3197
550
4086
5257
1242
641
1567
1100
4769
612
3750
971
2505
2976
1407
1190
2501
2131
1746
3124
42382
4269
13301
2363
1514
8005
1642
1742
241
374
614
331
1882
721
1016
764
1322
234
175
220
1822
847
719
147
1415
823
0
0
0
11708
1182
3966
8865
598
918
2055
11649
1413
2610
1679
2248
2212
3371
4393
2209
32403
2727
1527
1221
2720
1396
2507
559
47590
1670
1201
4623
460
4538
1576
4180
961
1138
1082
2272
979
1824
1775
3744
2356
4538
1575
1518
664
7355
1774
3348
3465
1167
2046
2116
1186
750
1593
22959
1691
932
21538
14419
3805
938
2989
30503
1586
4373
14095
1692
3508
3828
3943
4975
636
638
596
722
456
4485
1702
4488
958
2295
1228
667
1270
1517
1926
905
1891
1971
635
874
905
797
3596
1221
3833
1166
1432
6046
1602
987
2184
2040
9211
1105
1092
7722
4939
960
1796
1916
781
564
1258
950
632
2356
25870
10713
1731
623
1819
23279
15930
1094
4472
1138
1676
12971
1965
2067
1701
3108
3316
53516
1881
45365
1409
5212
1294
9344
1164
1413
5948
2739
1998
3012
417
682
769
980
1678
2071
1606
3799
1123
4878
503
3122
7395
1161
112
91
456
11708
1182
3966
0
0
0
1587
1255
1163
4840
5576
1148
1776
1814
13894
9629
20738
7438
3238
1542
4031
3761
918
16127
6856
4805
4921
757
799
2326
1678
5314
743
12198
837
581
1918
2916
1075
2437
793
2004
2692
8055
5188
1478
3459
1714
1142
1030
1100
2481
13263
663
1227
1971
2892
672
3327
1970
991
1400
4154
1166
1900
656
4049
2938
8504
3411
2805
2795
982
1084
1100
2521
1164
1575
2127
1397
1799
1189
2359
3334
6283
569
3054
28093
601
1359
362
14206
17400
1032
1106
3806
779
845
1381
407
389
7077
1405
1168
860
894
380
1069
1178
1042
1147
221
511
970
2102
1435
2703
7487
752
533
433
393
2382
1797
645
1872
1380
2168
548
830
1117
902
884
562
1279
25360
1931
957
7837
1776
1540
1503
1387
3714
1675
1748
6449
1352
1781
2723
829
1162
982
1913
3661
1723
6673
2191
1907
1205
5084
890
1573
3350
2141
2102
2584
2440
8865
598
918
1587
1255
1163
0
0
0
2452
3487
2247
2483
1135
542
673
656
664
5121
1331
2251
11954
904
1824
1671
6189
9103
10137
19693
1727
2783
1690
1283
1837
1118
32156
2542
8097
5350
911
982
6471
4834
1061
555
2561
576
1348
2185
1394
2067
1353
2482
2529
1884
5575
482
1024
9382
1247
1047
6886
6751
1823
16844
8076
995
1410
3320
1596
931
982
10040
664
1114
1874
3110
2270
967
1650
3148
1525
2269
2945
4393
2220
1209
2635
2281
4755
2976
2657
8530
3587
2962
3648
3412
1922
1359
1103
2542
850
1588
1534
849
7910
1493
10999
1683
17765
1233
23701
1562
3700
7071
23578
1344
6783
1366
5508
38301
2507
1962
818
1293
638
785
1298
523
3648
3965
8183
1173
692
3477
104
630
171
300
815
466
3571
581
8319
1280
528
4041
283
2624
750
3653
10268
8767
2293
2293
3506
1861
2103
3784
2562
1582
2141
2573
4400
36470
4556
2011
4365
2055
11649
1413
4840
5576
1148
2452
3487
2247
0
0
0
1628
1588
13984
3895
2852
1596
2330
249
1044
982
1583
1849
2249
6949
1381
728
1219
6010
926
642
1071
800
1206
6773
947
787
851
2565
1014
632
456
347
827
648
5260
494
678
1305
3511
3010
383
1547
1130
786
1089
515
1817
1560
15636
5354
4106
2714
1024
1472
27665
2034
935
7429
1275
1888
2091
1805
1057
1570
1464
1840
1946
1162
4144
3157
1604
2044
3975
881
4427
5297
1208
2770
1688
720
881
1354
8766
1629
1031
2294
1518
659
2912
1034
719
1350
1543
820
10451
2225
1160
697
2562
2374
1640
1246
463
451
1053
6496
400
3629
1412
496
953
274
4329
316
194
258
480
608
619
728
585
1289
388
441
837
361
527
911
315
608
516
3354
5050
2324
1537
1490
2442
539
1919
2349
5818
1753
3944
2235
1572
2771
4702
4586
7384
2331
3222
2797
2791
2871
9428
11235
2610
1679
2248
1776
1814
13894
2483
1135
542
1628
1588
13984
0
0
0
363
359
593
910
1432
659
3797
440
698
4534
10192
2824
3313
1236
2186
2242
767
1411
1089
6352
1558
1177
896
2690
1763
15370
3379
1077
973
3192
17588
819
1955
2398
3860
607
3961
504
3481
1726
1149
1083
1939
1472
1758
17217
1140
1046
1754
834
4634
2142
1119
1512
816
1283
2071
741
1855
1417
3828
2795
2874
1494
1721
7136
1563
3384
15437
7622
2888
1527
1863
22156
1714
2207
660
1127
1031
1923
1588
511
1418
1464
2713
2229
1590
10551
4753
1847
1338
4477
1534
1252
1723
1034
1092
723
307
2882
1568
1420
945
799
1470
1175
6387
529
744
2681
10113
1753
561
757
1068
2457
734
508
1093
1674
952
2213
1088
2605
1084
776
1614
2952
878
1324
3544
1219
1667
4962
3457
1401
2534
1620
3539
5790
2161
1921
1523
14942
6959
8794
2245
1383
17998
3113
1377
2752
1982
2212
3371
4393
9629
20738
7438
673
656
664
3895
2852
1596
363
359
593
0
0
0
6375
6447
904
318
418
2991
26482
12211
12244
1122
1898
1701
2324
4494
1599
4085
722
1127
2754
24730
785
1275
1049
2134
2406
1290
337
1718
7650
4550
1003
2994
1195
395
1864
679
546
962
953
6020
893
3219
4835
923
4675
1544
1132
917
1367
6495
1244
2960
1016
1691
12335
6757
1142
1276
1249
2151
3118
7510
1156
5478
1782
16989
1342
1012
1242
1566
1157
2298
1896
1044
9565
740
2956
10639
7096
12477
21213
758
640
4863
7698
1711
2486
1445
3542
5433
1024
3329
1621
3174
3733
860
783
868
507
2400
2063
5303
571
1448
6058
353
481
1023
636
1505
2033
776
956
2528
436
330
7140
538
339
490
959
5351
935
9646
558
894
2230
1065
758
702
624
478
21175
882
17979
3696
2384
2568
2355
2203
2766
3816
6103
1188
4802
1934
17653
3347
3229
2457
2209
32403
2727
3238
1542
4031
5121
1331
2251
2330
249
1044
910
1432
659
6375
6447
904
0
0
0
931
2841
1972
9061
930
47408
5126
1342
7492
1727
6091
1184
1427
633
4541
1316
973
725
4924
892
470
1679
1066
1366
1724
2836
883
755
8061
2722
1388
3667
1317
1078
1525
2512
4419
973
4126
3222
1850
1407
1503
27167
9848
1561
913
2932
1131
3471
2128
1304
3970
8275
1650
960
2305
2321
627
988
3294
2509
4694
2336
1360
10961
1014
4439
1296
3311
1509
1269
2174
558
984
1274
2727
1519
455
951
2732
2115
1913
1120
2115
1241
502
5705
842
20953
2374
774
4110
21357
1982
933
8977
1469
1015
3085
1321
2519
582
448
941
507
1302
1615
1267
574
415
289
852
722
684
5645
1817
1554
988
1117
2494
1518
945
557
1055
17687
1483
2859
815
1201
4381
4032
4346
3191
3144
1169
4394
4169
2319
5059
13480
5564
5504
1724
1508
2613
3528
1527
1221
2720
3761
918
16127
11954
904
1824
982
1583
1849
3797
440
698
318
418
2991
931
2841
1972
0
0
0
2189
3608
45701
994
699
5843
1466
14593
17776
1874
1424
4002
6810
2277
10835
4024
7978
16142
5393
1021
626
1222
1075
1526
595
3178
1590
1361
6017
439
846
2635
2253
577
968
863
1313
770
1459
1333
566
1236
1321
1126
921
808
6786
754
898
1733
5626
5738
1665
1328
1353
3459
1416
2056
22359
1937
1521
1849
3012
3135
1893
4737
1378
912
8120
727
2100
12910
1941
1273
1407
3934
5962
3173
18294
9640
5852
925
2441
773
1676
4800
1560
1787
11666
2759
1574
1089
12058
1486
1737
12438
1286
3201
1185
4856
2284
805
1517
3153
1690
5838
1693
1869
1533
8661
1655
3949
1462
1772
10340
820
4788
1411
645
368
2445
1491
5564
1505
1113
2671
15033
1058
4119
1176
919
1421
837
416
923
2509
1428
1456
10548
1918
2552
2644
1553
2570
1396
2507
559
6856
4805
4921
1671
6189
9103
2249
6949
1381
4534
10192
2824
26482
12211
12244
9061
930
47408
2189
3608
45701
0
0
0
