C_ijk
0
0
0
63
234
61
97
134
55
148
350
353
331
267
141
282
866
310
249
109
125
291
581
372
625
612
692
466
2128
1377
750
428
173
2816
1156
3642
704
760
1615
437
1142
1237
1079
272
667
454
168
390
1667
1762
1250
783
1029
591
484
449
443
1490
5020
893
465
739
1937
303
289
190
1398
456
395
13713
1604
614
239
278
217
657
1268
6019
493
263
8605
570
793
187
861
315
1170
310
1385
316
458
1331
576
196
615
446
345
462
865
700
454
558
309
209
510
356
393
2211
3881
29821
812
1807
1125
2782
2595
1236
928
1210
621
598
422
9698
497
772
5145
1545
936
2130
1056
13673
7702
1941
858
3214
716
522
1690
18907
747
4987
3109
649
1311
929
1133
1204
20804
765
980
1987
2782
13361
9463
719
1635
1024
2040
1189
1656
1330
1496
3626
1549
1116
1479
1551
3018
2030
63
234
61
0
0
0
101
227
206
156
127
204
3807
132
170
1640
480
519
869
95
5718
533
1693
602
472
349
6377
800
1499
1897
3106
108
219
683
756
1354
498
4475
522
498
259
3281
476
3721
729
2954
232
214
2904
700
469
2723
437
579
540
404
6544
3727
339
383
496
264
461
2192
742
694
3002
361
356
720
1599
1813
118
666
84
467
1271
445
1785
510
152
503
1966
582
880
377
680
110
175
377
3144
1973
292
136
783
285
4169
518
254
743
778
358
722
1069
196
1183
415
473
1362
1966
874
1527
1673
1101
743
1559
3693
1026
1942
606
1559
22959
17893
4235
821
1556
2017
1056
1116
2139
16130
1486
468
650
1054
854
913
846
7857
1359
1090
1057
1173
697
1667
960
40325
436
497
11743
5427
1245
27017
2025
2058
1639
5264
1393
1164
1245
1004
1371
1322
1210
2221
3681
1190
4915
97
134
55
101
227
206
0
0
0
58
40
126
362
408
416
1091
375
1196
140
157
268
286
986
742
770
441
1287
2555
673
1969
158
143
233
1393
245
184
1221
508
553
1515
479
2151
505
5383
510
472
1245
997
994
329
1155
499
515
2013
1544
704
2297
472
592
734
1107
544
1546
157
117
202
298
251
3685
2241
352
1623
922
3058
211
592
8009
388
1680
2677
219
331
530
835
438
790
2056
301
402
275
2507
809
1393
291
355
483
652
377
213
486
855
2650
1328
444
218
344
254
771
3629
763
720
2646
1075
1874
512
1511
517
718
833
1767
5338
1276
3824
539
1405
27235
524
4658
1873
2558
3726
10029
545
15465
498
780
4726
1706
1066
2948
1961
1091
673
952
1029
703
2719
4000
1241
1415
3146
566
2768
1929
1293
1437
5906
1029
1357
1199
786
1182
7505
2063
1140
1914
9749
1848
148
350
353
156
127
204
58
40
126
0
0
0
2349
364
1395
940
428
997
505
204
449
575
939
13490
1254
869
2829
2954
619
1347
4870
1090
281
775
194
239
474
543
1885
712
2129
3040
540
1978
354
180
580
238
1740
648
619
236
2249
496
557
473
1074
301
650
798
473
274
1126
190
163
568
1770
182
1240
711
305
672
73
169
96
205
991
405
154
891
2217
126
409
115
511
235
271
318
127
651
749
585
280
166
127
1012
595
668
374
2500
2805
590
444
486
290
5271
687
2044
5316
4520
998
1132
1134
2257
626
732
447
1574
1435
972
1349
4714
692
1538
2724
28372
879
2377
1782
1800
1161
3227
980
1109
1390
1341
5201
1805
12507
544
7126
1473
641
3616
12698
4510
3221
2133
915
3560
2025
2138
3878
1011
2362
1520
2993
980
1509
963
1027
925
746
1462
1253
1296
2349
4889
331
267
141
3807
132
170
362
408
416
2349
364
1395
0
0
0
211
463
73
64
96
28
746
669
1472
378
2242
988
1598
356
989
214
217
259
9364
3719
186
584
462
3193
783
5384
2646
467
552
300
506
311
603
563
623
6084
1038
2409
664
2363
1901
1024
614
5496
428
1103
1189
1447
523
280
415
3645
634
457
694
599
1619
570
261
1621
2182
506
454
9601
713
276
922
3286
1006
261
2745
1091
303
409
265
571
322
6196
564
615
204
543
453
180
3023
399
1315
237
388
124
263
219
568
751
12192
853
3890
1321
914
722
1415
741
19743
1524
4426
1340
702
4466
1181
1281
1716
1411
1972
1770
1345
2856
1579
2589
5621
1065
8321
1413
2315
1708
1442
1984
1554
12317
15958
7964
1444
6419
1962
2396
24480
2867
1508
953
9426
2485
20785
2047
1640
586
1552
604
4526
1557
1149
9470
1118
10677
26534
282
866
310
1640
480
519
1091
375
1196
940
428
997
211
463
73
0
0
0
186
384
132
416
542
281
544
1180
865
726
510
1653
1933
11740
291
530
573
483
1225
3257
1864
4260
860
733
399
484
4335
2037
689
482
724
1508
1739
12905
3994
767
649
686
813
8901
435
1941
2551
1368
746
693
653
16721
1705
1044
1646
5416
889
1171
645
1265
3891
1796
920
447
1329
1061
24677
736
1552
2789
6668
589
581
1122
428
5927
2626
661
4698
417
666
685
825
129
657
395
167
737
243
1525
564
474
513
529
3513
963
2068
723
493
9504
1779
603
2736
9482
491
1856
410
828
751
1086
4861
1342
851
1434
1735
1391
1538
4101
1469
3887
992
1394
19025
21904
7655
7174
2889
1459
1818
2767
2391
1745
2798
1450
2922
1639
4358
1607
1084
686
4106
880
1186
680
909
772
4658
596
2280
8127
6117
3983
2393
1389
249
109
125
869
95
5718
140
157
268
505
204
449
64
96
28
186
384
132
0
0
0
866
562
244
1290
271
651
962
431
554
1509
164
216
298
377
1217
5381
9626
493
791
966
905
533
1125
2444
289
283
2156
342
1242
461
1254
2352
698
688
291
2223
1539
574
1007
2429
1071
967
317
631
356
1379
754
1413
452
533
628
8121
212
1979
8847
484
2303
15323
820
472
1010
769
2102
434
670
387
8831
308
695
220
861
484
903
387
226
323
249
472
252
114
1168
217
490
941
708
2662
462
4376
5154
11893
2366
1243
593
842
1839
599
1118
1746
554
2756
387
10828
6087
5139
1725
3874
1609
12364
3544
1482
1647
1876
5144
2182
3974
2048
1308
5919
19021
1626
936
1464
731
913
3505
2542
1317
7410
847
793
6072
1115
519
1044
516
1430
780
1614
1142
912
1920
2220
1577
2100
740
944
3123
291
581
372
533
1693
602
286
986
742
575
939
13490
746
669
1472
416
542
281
866
562
244
0
0
0
78
86
78
72
12
12
946
530
377
296
399
352
639
704
875
352
348
1463
630
647
253
587
341
1058
762
1236
462
626
1027
2081
4032
3270
665
8120
409
1514
510
1033
1368
1000
597
558
504
1803
1331
456
3181
1188
426
1387
2902
532
1232
3563
560
1024
919
1138
1199
3630
1274
1560
582
1321
840
1460
1795
3185
719
475
3817
1408
1640
6754
592
1173
1693
1024
489
469
344
505
4107
1005
2557
604
707
816
607
3884
618
1110
417
529
653
2314
649
551
583
2318
2230
4369
6216
1225
3042
1612
1521
3816
2731
3253
6394
1506
1420
2084
1631
2405
3718
7362
1457
1420
13046
1964
2061
8040
930
5087
21779
2019
826
917
744
3937
1972
5333
7641
3348
581
1353
725
1674
1224
5428
568
922
625
612
692
472
349
6377
770
441
1287
1254
869
2829
378
2242
988
544
1180
865
1290
271
651
78
86
78
0
0
0
70
161
62
797
142
904
337
3563
395
778
832
2219
702
186
315
3755
323
315
1649
1158
1786
299
1198
1828
6184
932
1898
726
5099
948
1050
613
2258
907
1266
1181
8741
651
3889
540
869
1746
514
3043
5369
606
2162
539
2643
942
1696
5979
544
598
2185
3596
307
1884
1474
1017
777
1006
1180
548
3269
4629
3301
1359
770
1156
6866
742
1186
2128
3696
1060
730
2725
568
630
3877
562
1318
2265
475
935
1304
1391
558
668
317
498
961
1190
933
984
1208
955
1965
686
1561
1133
1872
1693
6322
771
2419
4633
1660
1193
3204
957
1579
3246
1294
1010
828
1905
22846
5081
1474
1414
1372
842
525
2890
764
1019
620
3348
4579
4231
731
1275
505
977
578
2357
1054
1312
792
466
2128
1377
800
1499
1897
2555
673
1969
2954
619
1347
1598
356
989
726
510
1653
962
431
554
72
12
12
70
161
62
0
0
0
281
468
991
233
2541
217
1786
728
784
329
302
207
355
274
1157
1887
1609
528
1020
2099
1950
802
7806
691
1737
474
6082
384
3407
819
1776
3018
609
649
1869
712
3098
647
2667
733
689
26491
993
1955
2658
941
1040
1819
1123
948
2041
370
1245
493
513
685
1775
396
3343
657
6868
10240
786
2677
3046
2474
2952
1094
513
515
5350
1071
1324
13558
1255
427
880
1446
4233
2157
447
1416
1245
2009
485
468
515
713
204
1153
4346
598
2437
1526
7319
1446
1448
613
983
613
1867
1057
851
3830
1902
6919
928
942
5092
1058
1681
1512
4131
728
1487
4463
2599
5830
1979
11129
1004
2361
1591
1390
9204
1637
832
2488
1827
23906
1470
7537
2070
2577
1030
1803
1008
1467
750
428
173
3106
108
219
158
143
233
4870
1090
281
214
217
259
1933
11740
291
1509
164
216
946
530
377
797
142
904
281
468
991
0
0
0
2848
815
74
9982
407
4366
1001
521
712
329
454
220
710
309
168
998
1196
1239
856
2083
329
938
1169
1522
1041
331
766
549
1342
649
484
724
295
265
1009
784
1430
411
609
2675
1035
1637
6650
359
466
755
1006
260
338
231
9542
798
16861
1382
221
362
1958
798
1169
799
1151
713
186
265
1261
250
286
495
284
815
374
315
428
361
378
9500
860
1843
3419
1745
875
508
1715
354
524
783
710
5099
4427
405
2660
1227
3779
9418
2340
665
904
1852
1505
1141
17968
1123
1165
2677
919
2499
7807
8353
1387
2564
3611
1596
2502
14043
1822
1999
12016
1603
1726
1535
2022
2768
4184
1695
5067
13004
11361
844
501
1201
1345
1076
6906
1962
1213
2816
1156
3642
683
756
1354
1393
245
184
775
194
239
9364
3719
186
530
573
483
298
377
1217
296
399
352
337
3563
395
233
2541
217
2848
815
74
0
0
0
275
480
353
193
708
293
224
483
130
1034
274
191
511
226
1043
1350
620
544
338
194
292
1271
921
138
480
1360
569
230
1830
248
431
792
1250
465
2113
1251
683
986
1524
492
1243
604
293
719
259
717
311
2117
841
446
497
484
658
645
693
2237
1870
925
1581
579
595
773
1246
12448
441
583
2468
498
292
5424
505
1242
498
14572
2484
1180
2762
5089
10323
861
617
3086
2611
1144
1175
3269
1398
2264
936
1848
2110
1637
4059
1069
1793
1098
7079
902
1069
714
1820
1628
1042
1763
1644
6418
4672
1188
8806
2513
5302
1183
1683
1397
25816
8117
2063
5376
2047
1504
1773
14982
1886
1027
1092
712
3194
1152
1702
5402
1795
539
704
760
1615
498
4475
522
1221
508
553
474
543
1885
584
462
3193
1225
3257
1864
5381
9626
493
639
704
875
778
832
2219
1786
728
784
9982
407
4366
275
480
353
0
0
0
32
77
143
1950
621
213
541
341
297
740
578
380
723
298
416
496
4082
5527
3284
378
293
908
2997
1132
523
1274
341
291
7962
329
3896
2313
424
460
918
246
1824
4108
500
457
5694
654
370
276
510
1115
2497
692
924
532
463
690
7867
702
1246
1289
989
4294
1524
839
1687
7750
8146
1699
563
10256
833
447
963
1423
1013
8323
1514
689
912
8304
1369
316
2763
1315
816
1223
2540
1902
1181
2720
2587
1010
964
1984
2826
3078
607
919
1833
8866
1536
1184
4074
3627
2128
12754
4520
2093
1127
1881
2168
973
2744
10828
2347
1266
1414
1048
1501
1547
799
1819
5028
10327
1364
10264
13755
1574
12502
2371
1202
3581
8315
437
1142
1237
498
259
3281
1515
479
2151
712
2129
3040
783
5384
2646
4260
860
733
791
966
905
352
348
1463
702
186
315
329
302
207
1001
521
712
193
708
293
32
77
143
0
0
0
290
148
323
327
1583
913
6499
618
1361
241
1976
631
394
1615
359
1075
638
185
386
906
332
646
2311
1205
419
1560
1067
605
1056
611
1676
2711
752
901
1120
1293
1036
475
741
576
3067
531
4734
1622
1615
739
765
595
1577
1536
1403
1787
380
1933
1275
1203
18424
1173
863
763
1399
6204
1000
624
1234
8586
4277
6200
1636
1313
2367
36363
1583
1195
3309
2033
3339
5959
596
1262
1306
6510
28723
1658
453
2318
1890
494
2426
1082
1646
5897
812
560
20847
1823
607
984
12629
1021
759
1592
2668
4394
689
1481
890
2919
1531
4987
4354
1967
742
1525
4744
2027
1894
594
13043
1713
1183
2288
4959
1397
2534
2040
1079
272
667
476
3721
729
505
5383
510
540
1978
354
467
552
300
399
484
4335
533
1125
2444
630
647
253
3755
323
315
355
274
1157
329
454
220
224
483
130
1950
621
213
290
148
323
0
0
0
754
179
194
438
449
351
355
696
1406
1791
607
351
343
417
351
1015
4214
609
648
579
6035
1354
733
312
2922
470
673
1379
637
3386
567
7631
4450
1593
2233
455
2612
639
491
1117
3927
1032
861
15409
1940
945
1092
785
3049
1011
896
1505
1222
412
23319
7511
27710
1160
693
2796
1216
799
1071
16843
1772
2364
1385
23187
943
555
1388
521
756
3058
4001
10875
19956
1917
9014
716
3276
1038
343
1368
1311
912
1560
1831
795
628
456
2971
1250
492
937
1945
1489
545
1194
3147
1486
1127
1093
750
686
864
1159
2965
1950
5124
2829
6667
2356
1033
3351
1467
1299
8647
2922
1799
795
1443
1220
454
168
390
2954
232
214
472
1245
997
180
580
238
506
311
603
2037
689
482
289
283
2156
587
341
1058
1649
1158
1786
1887
1609
528
710
309
168
1034
274
191
541
341
297
327
1583
913
754
179
194
0
0
0
465
1904
2336
119
307
7791
124
225
1463
166
890
190
247
307
282
525
1015
677
166
431
6403
508
629
404
336
377
413
545
427
1846
567
204
217
463
688
379
279
608
872
944
1306
255
624
908
2779
662
678
1102
1238
1087
1049
671
4342
1835
4973
875
1001
722
2730
3377
1635
2550
1726
1096
2191
1156
2424
6871
1383
945
4827
896
825
3019
4585
6729
1914
738
2516
1775
2957
9148
29793
4611
3235
1596
811
468
1004
1087
8876
1278
903
1244
7216
991
1959
512
714
545
1091
1180
5194
1242
1227
2894
1447
2072
28503
7631
6931
2258
1433
966
2227
1326
1281
1289
1348
1486
1667
1762
1250
2904
700
469
994
329
1155
1740
648
619
563
623
6084
724
1508
1739
342
1242
461
762
1236
462
299
1198
1828
1020
2099
1950
998
1196
1239
511
226
1043
740
578
380
6499
618
1361
438
449
351
465
1904
2336
0
0
0
115
89
57
133
386
121
124
991
119
2483
981
286
489
858
725
610
986
265
380
384
275
537
1100
752
801
12517
1085
744
727
702
563
767
11090
871
608
2918
437
653
499
1222
2808
2497
2588
1034
1187
1180
29660
2311
2299
2597
2060
2304
762
392
1925
4110
4400
3051
2977
4410
2477
3281
1662
1195
520
21722
2869
1987
1264
1146
1436
2127
2818
1081
392
1437
305
616
644
2335
869
267
2535
560
452
5340
1194
1569
2449
1947
1534
595
628
2007
1431
1455
1261
1415
2467
4662
1952
16641
8133
2207
1055
3019
1025
3954
9595
1737
1036
2178
8289
3865
1839
1347
1636
783
1029
591
2723
437
579
499
515
2013
236
2249
496
1038
2409
664
12905
3994
767
1254
2352
698
626
1027
2081
6184
932
1898
802
7806
691
856
2083
329
1350
620
544
723
298
416
241
1976
631
355
696
1406
119
307
7791
115
89
57
0
0
0
30
58
119
43
793
98
299
877
369
314
358
302
4865
183
251
418
524
746
7431
480
270
446
450
419
885
465
587
4211
1606
461
1408
1550
1534
459
677
1529
2637
425
837
651
652
1446
550
2615
469
512
5304
2231
565
4314
3342
927
1429
3518
1509
2171
3413
6322
2172
1333
8479
1454
762
590
3423
1058
14483
1175
597
2241
645
2269
325
841
5685
4063
4244
13759
1117
605
654
735
524
2795
690
2303
4068
1065
4105
547
891
749
11108
1163
906
24277
4615
2121
4552
5484
1131
1859
4432
1635
1969
1731
1375
5120
6354
977
3279
5628
11182
777
484
449
443
540
404
6544
1544
704
2297
557
473
1074
2363
1901
1024
649
686
813
688
291
2223
4032
3270
665
726
5099
948
1737
474
6082
938
1169
1522
338
194
292
496
4082
5527
394
1615
359
1791
607
351
124
225
1463
133
386
121
30
58
119
0
0
0
67
34
66
263
354
209
297
456
1283
355
360
727
978
763
579
387
284
261
440
392
869
663
537
6565
1213
268
531
1014
1465
361
1107
2828
905
1479
6818
4218
664
1401
2002
2058
1335
2762
1142
1004
686
3203
7938
605
841
4150
652
1574
1097
4259
2947
2198
830
539
1574
605
1103
2808
707
14760
1025
4395
534
1352
1251
587
6830
990
771
1944
1775
777
2547
1475
453
634
862
596
2489
4924
931
842
1513
9196
1138
1331
1205
999
1647
1504
8710
2582
8449
24409
2567
1885
10606
2314
1289
3875
833
2532
2677
4225
2035
2253
15881
1490
5020
893
3727
339
383
472
592
734
301
650
798
614
5496
428
8901
435
1941
1539
574
1007
8120
409
1514
1050
613
2258
384
3407
819
1041
331
766
1271
921
138
3284
378
293
1075
638
185
343
417
351
166
890
190
124
991
119
43
793
98
67
34
66
0
0
0
211
757
598
888
686
286
435
262
318
618
2499
626
1396
438
1923
2285
1870
784
485
3280
355
962
429
578
1953
2376
721
288
355
343
4761
712
501
353
309
736
1633
399
1438
1391
1657
2206
1067
963
406
762
801
605
3014
3443
5608
1089
3315
4550
973
8101
1949
638
2353
616
23524
2631
652
4363
509
529
4277
694
989
741
683
1149
620
1382
3465
735
721
2105
5246
2154
3384
694
710
11938
2264
1788
2427
8730
1650
1274
972
11122
3046
1444
3327
1962
1832
1614
1485
1107
3494
22254
3336
1986
2639
6157
1311
7123
465
739
1937
496
264
461
1107
544
1546
473
274
1126
1103
1189
1447
2551
1368
746
2429
1071
967
510
1033
1368
907
1266
1181
1776
3018
609
549
1342
649
480
1360
569
908
2997
1132
386
906
332
1015
4214
609
247
307
282
2483
981
286
299
877
369
263
354
209
211
757
598
0
0
0
1434
2640
377
138
764
130
146
106
85
306
345
761
563
575
524
430
4808
184
202
351
5128
3063
576
606
3882
946
554
3349
334
2056
292
2360
593
1997
5570
725
1375
2654
1386
1323
7194
912
4514
834
5362
1097
1383
1116
3695
2307
3082
3817
2404
1808
970
1441
22395
8319
1084
1716
837
1738
928
302
954
1648
1280
797
1080
3080
613
437
895
1134
466
12642
1186
570
779
418
469
921
2480
1112
1867
2256
1748
4966
2721
9477
664
761
4750
4767
34039
1111
1192
10315
1504
4200
7121
3403
2398
860
33868
303
289
190
2192
742
694
157
117
202
190
163
568
523
280
415
693
653
16721
317
631
356
1000
597
558
8741
651
3889
649
1869
712
484
724
295
230
1830
248
523
1274
341
646
2311
1205
648
579
6035
525
1015
677
489
858
725
314
358
302
297
456
1283
888
686
286
1434
2640
377
0
0
0
246
93
147
297
158
213
333
183
121
607
1271
232
65
494
193
473
568
139
2938
514
444
279
434
195
535
422
4685
332
548
310
1687
659
7412
941
1870
1139
1357
320
445
1552
17517
895
1675
1324
1342
3336
1609
1315
618
703
3366
10971
4498
704
4475
5259
3387
1959
1092
606
2776
633
3437
1790
6221
8705
1410
563
933
2393
2383
19018
567
1136
1272
13376
681
1277
3726
1871
2340
2207
1685
3014
2359
9773
3544
6406
3020
4346
835
4451
2529
1460
999
1688
6204
2156
2641
6135
10613
9315
1398
456
395
3002
361
356
298
251
3685
1770
182
1240
3645
634
457
1705
1044
1646
1379
754
1413
504
1803
1331
540
869
1746
3098
647
2667
265
1009
784
431
792
1250
291
7962
329
419
1560
1067
1354
733
312
166
431
6403
610
986
265
4865
183
251
355
360
727
435
262
318
138
764
130
246
93
147
0
0
0
281
227
576
2378
468
764
283
287
219
585
577
169
1291
170
724
483
3662
721
353
1298
481
1226
950
663
1985
180
397
1270
491
671
1473
465
947
1645
2542
26329
2184
640
2332
6582
2053
1307
2236
4996
1732
665
2848
1328
1503
5872
6348
1311
736
986
1356
3442
1211
847
428
811
2258
1603
1863
465
762
646
1558
6053
1880
690
779
921
937
2458
14865
2583
16897
3673
2089
5570
475
2814
2936
689
7812
4330
1798
1852
1772
1934
13378
2373
3462
1928
964
1107
1877
4569
2785
13713
1604
614
720
1599
1813
2241
352
1623
711
305
672
694
599
1619
5416
889
1171
452
533
628
456
3181
1188
514
3043
5369
733
689
26491
1430
411
609
465
2113
1251
3896
2313
424
605
1056
611
2922
470
673
508
629
404
380
384
275
418
524
746
978
763
579
618
2499
626
146
106
85
297
158
213
281
227
576
0
0
0
264
323
451
547
306
241
457
210
346
836
380
739
581
911
1494
1737
509
486
870
1293
849
640
590
1171
2085
1112
438
828
892
1242
1294
839
3928
703
1039
11718
3563
1713
1927
21799
3647
6247
13956
2596
1980
6154
701
2353
991
2827
1886
1164
431
495
290
590
1719
2625
1600
2507
3977
1832
876
745
1230
1290
1189
1294
1212
748
288
194
1248
1677
6036
4336
2068
990
1653
1524
6010
1832
1463
2463
599
1239
1914
1601
21427
2653
4220
740
1641
2124
2831
2085
239
278
217
118
666
84
922
3058
211
73
169
96
570
261
1621
645
1265
3891
8121
212
1979
426
1387
2902
606
2162
539
993
1955
2658
2675
1035
1637
683
986
1524
460
918
246
1676
2711
752
1379
637
3386
336
377
413
537
1100
752
7431
480
270
387
284
261
1396
438
1923
306
345
761
333
183
121
2378
468
764
264
323
451
0
0
0
273
172
269
71
236
892
45
77
29
2921
230
350
97
138
466
586
951
469
92
227
161
599
1043
3851
3496
1648
467
1853
836
1233
1152
4012
1037
2012
41411
1498
785
3446
1394
868
828
6203
1079
1929
1242
749
993
669
2172
738
797
1997
757
836
3427
14717
3519
943
4143
485
711
10634
863
731
1179
7590
19573
505
7000
2024
3838
5678
537
1640
1460
1104
26033
1518
2188
753
1027
1092
5252
722
665
2992
6756
718
7280
2271
1359
1071
7390
657
1268
6019
467
1271
445
592
8009
388
205
991
405
2182
506
454
1796
920
447
8847
484
2303
532
1232
3563
2643
942
1696
941
1040
1819
6650
359
466
492
1243
604
1824
4108
500
901
1120
1293
567
7631
4450
545
427
1846
801
12517
1085
446
450
419
440
392
869
2285
1870
784
563
575
524
607
1271
232
283
287
219
547
306
241
273
172
269
0
0
0
162
86
113
431
378
137
425
2613
1446
419
8790
7562
513
345
379
173
218
1327
1148
684
5060
10317
1645
760
410
2186
8839
464
2811
7340
3381
2072
2099
2124
7560
4997
1155
1089
1314
1290
3260
1307
930
1428
6696
1979
836
2963
5646
1070
9726
10296
2188
2052
5599
535
664
1075
964
1204
1287
994
1976
2881
645
567
602
7857
827
2014
1298
638
1318
10146
5376
3305
1137
887
909
2521
834
2526
10321
1704
1758
893
585
2444
5737
1660
493
263
8605
1785
510
152
1680
2677
219
154
891
2217
9601
713
276
1329
1061
24677
15323
820
472
560
1024
919
5979
544
598
1123
948
2041
755
1006
260
293
719
259
457
5694
654
1036
475
741
1593
2233
455
567
204
217
744
727
702
885
465
587
663
537
6565
485
3280
355
430
4808
184
65
494
193
585
577
169
457
210
346
71
236
892
162
86
113
0
0
0
77
74
185
1665
330
462
220
1339
159
796
372
264
5409
213
484
406
916
3567
641
3401
530
347
228
879
814
346
4522
4019
19420
3781
2151
2452
1973
1207
2252
750
3488
1497
1303
2084
8259
2881
1981
6532
658
605
755
702
6502
1142
2500
1085
609
2370
2084
7277
31581
1777
5624
8072
5371
8249
726
1957
1025
2658
1333
394
1666
2592
1406
2611
2841
1045
1002
1298
2039
1455
1164
17256
1868
3139
6959
699
11661
10802
2099
570
793
187
503
1966
582
331
530
835
126
409
115
922
3286
1006
736
1552
2789
1010
769
2102
1138
1199
3630
2185
3596
307
370
1245
493
338
231
9542
717
311
2117
370
276
510
576
3067
531
2612
639
491
463
688
379
563
767
11090
4211
1606
461
1213
268
531
962
429
578
202
351
5128
473
568
139
1291
170
724
836
380
739
45
77
29
431
378
137
77
74
185
0
0
0
3496
447
877
318
195
208
235
740
555
420
723
238
320
224
275
416
621
505
1508
1714
333
333
571
348
1909
5254
828
3077
1030
2507
5344
3063
919
1006
1088
10654
7592
1770
13392
855
609
805
992
1226
839
5418
4200
2289
469
1032
1049
2015
991
15543
679
23847
3864
583
3086
1269
2747
1489
677
300
623
1026
789
4265
1784
9453
957
1668
7842
1464
1296
1489
13039
6009
964
2500
1442
1044
1627
4010
861
315
1170
880
377
680
438
790
2056
511
235
271
261
2745
1091
6668
589
581
434
670
387
1274
1560
582
1884
1474
1017
513
685
1775
798
16861
1382
841
446
497
1115
2497
692
4734
1622
1615
1117
3927
1032
279
608
872
871
608
2918
1408
1550
1534
1014
1465
361
1953
2376
721
3063
576
606
2938
514
444
483
3662
721
581
911
1494
2921
230
350
425
2613
1446
1665
330
462
3496
447
877
0
0
0
245
166
1119
68
70
114
417
134
463
329
264
1933
568
6510
513
393
404
190
726
4883
773
2446
1084
2142
1549
1038
2028
4307
1109
5090
1375
2166
1780
941
3677
28671
1181
13234
900
2942
1605
2455
1750
1891
1974
1258
699
2164
3501
37633
3634
1424
1771
1499
1025
1190
1117
1846
1908
6051
929
994
1130
1738
1308
801
531
1091
1113
599
455
543
2505
6527
2789
605
3709
1369
35128
1819
2524
310
1385
316
110
175
377
301
402
275
318
127
651
303
409
265
1122
428
5927
8831
308
695
1321
840
1460
777
1006
1180
396
3343
657
221
362
1958
484
658
645
924
532
463
739
765
595
861
15409
1940
944
1306
255
437
653
499
459
677
1529
1107
2828
905
288
355
343
3882
946
554
279
434
195
353
1298
481
1737
509
486
97
138
466
419
8790
7562
220
1339
159
318
195
208
245
166
1119
0
0
0
87
241
544
55
266
32
298
1687
733
390
597
271
209
764
393
311
164
375
779
5185
3828
1178
843
793
1530
1681
4069
681
1395
2005
1629
669
2201
3707
2326
1258
1231
869
1335
1627
1122
1938
950
1377
965
848
642
1254
1645
1043
1302
1323
1014
1326
1507
972
1728
633
1440
3510
649
3891
2184
1148
1749
631
6744
931
1875
2126
1257
1199
6475
1866
2999
3394
1934
2035
458
1331
576
3144
1973
292
2507
809
1393
749
585
280
571
322
6196
2626
661
4698
220
861
484
1795
3185
719
548
3269
4629
6868
10240
786
798
1169
799
693
2237
1870
690
7867
702
1577
1536
1403
945
1092
785
624
908
2779
1222
2808
2497
2637
425
837
1479
6818
4218
4761
712
501
3349
334
2056
535
422
4685
1226
950
663
870
1293
849
586
951
469
513
345
379
796
372
264
235
740
555
68
70
114
87
241
544
0
0
0
421
3931
248
927
902
1733
308
1008
1518
809
251
296
242
703
1006
10589
1175
828
3554
1628
23443
855
6582
1477
5247
9550
1953
6859
3787
941
958
2419
4504
4897
5154
16736
5616
1644
3172
999
635
1430
1913
1706
25810
913
2763
1326
1092
4478
1214
553
1456
3546
514
792
681
4247
2136
1944
1576
4040
4170
1832
699
837
13743
1012
10266
1815
785
715
1669
1127
1493
196
615
446
136
783
285
291
355
483
166
127
1012
564
615
204
417
666
685
903
387
226
475
3817
1408
3301
1359
770
2677
3046
2474
1151
713
186
925
1581
579
1246
1289
989
1787
380
1933
3049
1011
896
662
678
1102
2588
1034
1187
651
652
1446
664
1401
2002
353
309
736
292
2360
593
332
548
310
1985
180
397
640
590
1171
92
227
161
173
218
1327
5409
213
484
420
723
238
417
134
463
55
266
32
421
3931
248
0
0
0
3619
277
470
396
237
930
5192
274
401
367
872
507
2895
14789
1328
3309
1518
947
2235
14242
2167
887
1051
561
7259
2172
3523
2245
4703
1338
3736
3278
1637
8125
8544
5501
871
917
1025
2149
3061
1507
1659
4067
2038
1251
791
1177
10281
3034
3810
323
606
2519
5411
3087
16020
627
1509
762
680
1484
7340
6342
1626
631
734
3155
1880
8158
11114
756
345
462
865
4169
518
254
652
377
213
595
668
374
543
453
180
825
129
657
323
249
472
1640
6754
592
1156
6866
742
2952
1094
513
265
1261
250
595
773
1246
4294
1524
839
1275
1203
18424
1505
1222
412
1238
1087
1049
1180
29660
2311
550
2615
469
2058
1335
2762
1633
399
1438
1997
5570
725
1687
659
7412
1270
491
671
2085
1112
438
599
1043
3851
1148
684
5060
406
916
3567
320
224
275
329
264
1933
298
1687
733
927
902
1733
3619
277
470
0
0
0
120
124
336
1791
596
322
172
71
70
1209
548
1182
2677
768
1369
956
767
1190
787
1031
1173
1297
5835
433
2455
2107
4418
2076
10199
1498
3579
2235
3680
2063
3686
2336
8888
1417
1284
2931
2440
2407
3145
3901
6188
1916
1411
40011
1379
773
715
1566
1299
933
498
5757
1389
782
1865
7892
1137
3256
364
3687
698
3118
6517
4221
1795
700
454
558
743
778
358
486
855
2650
2500
2805
590
3023
399
1315
395
167
737
252
114
1168
1173
1693
1024
1186
2128
3696
515
5350
1071
286
495
284
12448
441
583
1687
7750
8146
1173
863
763
23319
7511
27710
671
4342
1835
2299
2597
2060
512
5304
2231
1142
1004
686
1391
1657
2206
1375
2654
1386
941
1870
1139
1473
465
947
828
892
1242
3496
1648
467
10317
1645
760
641
3401
530
416
621
505
568
6510
513
390
597
271
308
1008
1518
396
237
930
120
124
336
0
0
0
113
884
293
100
53
72
803
1831
2885
1409
718
1567
2008
972
1855
1355
652
1674
3286
858
1000
6989
2169
2626
1285
960
759
958
2710
2349
15194
1160
2072
6356
1555
2988
1755
14108
1069
1013
2528
1059
11338
1843
1256
3102
937
1735
2862
2478
5551
309
293
347
305
527
2202
1095
930
631
281
10307
1615
864
6517
3254
309
209
510
722
1069
196
1328
444
218
444
486
290
237
388
124
243
1525
564
217
490
941
489
469
344
1060
730
2725
1324
13558
1255
815
374
315
2468
498
292
1699
563
10256
1399
6204
1000
1160
693
2796
4973
875
1001
2304
762
392
565
4314
3342
3203
7938
605
1067
963
406
1323
7194
912
1357
320
445
1645
2542
26329
1294
839
3928
1853
836
1233
410
2186
8839
347
228
879
1508
1714
333
393
404
190
209
764
393
809
251
296
5192
274
401
1791
596
322
113
884
293
0
0
0
122
161
183
920
1789
2028
2381
9877
1062
661
2083
4538
1033
1027
2902
531
1990
1850
4074
2921
1282
1896
13740
2707
1700
2843
1409
1671
1599
1346
3950
5958
4623
5110
8701
5706
3590
3715
3859
2006
25331
1767
720
1786
1015
3337
1353
1594
706
247
239
4359
988
4048
616
925
1190
2623
1014
1845
7763
2289
2192
356
393
2211
1183
415
473
344
254
771
5271
687
2044
263
219
568
474
513
529
708
2662
462
505
4107
1005
568
630
3877
427
880
1446
428
361
378
5424
505
1242
833
447
963
624
1234
8586
1216
799
1071
722
2730
3377
1925
4110
4400
927
1429
3518
841
4150
652
762
801
605
4514
834
5362
1552
17517
895
2184
640
2332
703
1039
11718
1152
4012
1037
464
2811
7340
814
346
4522
333
571
348
726
4883
773
311
164
375
242
703
1006
367
872
507
172
71
70
100
53
72
122
161
183
0
0
0
3816
1261
1029
1574
2370
1259
545
3129
1048
1247
575
6773
506
3353
1146
2990
8326
1393
3747
12965
2878
4769
13902
680
1451
1098
928
1515
9785
3231
11778
1681
3023
1700
5037
56068
1174
2793
3176
1050
1714
2613
6139
1317
2933
554
382
2780
2091
3179
845
1725
2259
1198
1554
6622
1742
1144
1523
3465
3881
29821
812
1362
1966
874
3629
763
720
5316
4520
998
751
12192
853
3513
963
2068
4376
5154
11893
2557
604
707
562
1318
2265
4233
2157
447
9500
860
1843
498
14572
2484
1423
1013
8323
4277
6200
1636
16843
1772
2364
1635
2550
1726
3051
2977
4410
1509
2171
3413
1574
1097
4259
3014
3443
5608
1097
1383
1116
1675
1324
1342
6582
2053
1307
3563
1713
1927
2012
41411
1498
3381
2072
2099
4019
19420
3781
1909
5254
828
2446
1084
2142
779
5185
3828
10589
1175
828
2895
14789
1328
1209
548
1182
803
1831
2885
920
1789
2028
3816
1261
1029
0
0
0
351
470
914
911
569
785
822
1636
1249
3002
340
386
2902
7558
2516
1384
2626
1049
6525
2425
8675
18177
1064
1192
1370
2354
2833
3190
8049
3241
1877
2036
2374
1994
7118
6467
53300
4622
5392
104
135
107
1563
19431
1667
672
2180
13899
2361
652
631
520
1957
3284
17887
3330
3094
1807
1125
2782
1527
1673
1101
2646
1075
1874
1132
1134
2257
3890
1321
914
723
493
9504
2366
1243
593
816
607
3884
475
935
1304
1416
1245
2009
3419
1745
875
1180
2762
5089
1514
689
912
1313
2367
36363
1385
23187
943
1096
2191
1156
2477
3281
1662
6322
2172
1333
2947
2198
830
1089
3315
4550
3695
2307
3082
3336
1609
1315
2236
4996
1732
21799
3647
6247
785
3446
1394
2124
7560
4997
2151
2452
1973
3077
1030
2507
1549
1038
2028
1178
843
793
3554
1628
23443
3309
1518
947
2677
768
1369
1409
718
1567
2381
9877
1062
1574
2370
1259
351
470
914
0
0
0
1416
742
520
1284
908
471
304
795
616
1685
2114
3157
1735
3149
2442
910
5049
5018
10707
1187
1845
1808
6519
6947
18748
3191
2664
2101
4926
15894
1060
1591
4849
4639
2820
5177
2574
529
19535
2838
879
740
1137
17093
12937
967
440
662
1235
1943
2906
1784
894
6115
2595
1236
928
743
1559
3693
512
1511
517
626
732
447
722
1415
741
1779
603
2736
842
1839
599
618
1110
417
1391
558
668
485
468
515
508
1715
354
10323
861
617
8304
1369
316
1583
1195
3309
555
1388
521
2424
6871
1383
1195
520
21722
8479
1454
762
539
1574
605
973
8101
1949
3817
2404
1808
618
703
3366
665
2848
1328
13956
2596
1980
868
828
6203
1155
1089
1314
1207
2252
750
5344
3063
919
4307
1109
5090
1530
1681
4069
855
6582
1477
2235
14242
2167
956
767
1190
2008
972
1855
661
2083
4538
545
3129
1048
911
569
785
1416
742
520
0
0
0
180
125
411
534
832
727
931
11863
2427
1565
1964
2801
938
2354
644
1448
2247
9051
40378
23658
736
1806
1830
5991
1832
3282
1484
3183
6338
15360
743
1123
2855
1092
1606
1776
6910
818
8303
4287
25404
1197
6529
765
1606
16268
2422
1190
2329
714
3056
1210
621
598
1026
1942
606
718
833
1767
1574
1435
972
19743
1524
4426
9482
491
1856
1118
1746
554
529
653
2314
317
498
961
713
204
1153
524
783
710
3086
2611
1144
2763
1315
816
2033
3339
5959
756
3058
4001
945
4827
896
2869
1987
1264
590
3423
1058
1103
2808
707
638
2353
616
970
1441
22395
10971
4498
704
1503
5872
6348
6154
701
2353
1079
1929
1242
1290
3260
1307
3488
1497
1303
1006
1088
10654
1375
2166
1780
681
1395
2005
5247
9550
1953
887
1051
561
787
1031
1173
1355
652
1674
1033
1027
2902
1247
575
6773
822
1636
1249
1284
908
471
180
125
411
0
0
0
2983
421
1080
2258
3049
1365
1408
4981
2377
709
3556
488
1017
2250
2437
755
29409
12102
11693
6540
7074
1712
8654
3593
4067
978
23054
1800
3383
3171
1808
2142
461
1696
772
561
2949
1187
1375
1656
390
449
2562
1736
840
1533
909
902
422
9698
497
1559
22959
17893
5338
1276
3824
1349
4714
692
1340
702
4466
410
828
751
2756
387
10828
649
551
583
1190
933
984
4346
598
2437
5099
4427
405
1175
3269
1398
1223
2540
1902
596
1262
1306
10875
19956
1917
825
3019
4585
1146
1436
2127
14483
1175
597
14760
1025
4395
23524
2631
652
8319
1084
1716
4475
5259
3387
1311
736
986
991
2827
1886
749
993
669
930
1428
6696
2084
8259
2881
7592
1770
13392
941
3677
28671
1629
669
2201
6859
3787
941
7259
2172
3523
1297
5835
433
3286
858
1000
531
1990
1850
506
3353
1146
3002
340
386
304
795
616
534
832
727
2983
421
1080
0
0
0
4214
2315
4378
907
29292
8862
2343
1186
2750
3860
2882
5994
1820
3548
2190
39655
4279
1771
1975
5090
3108
50910
3094
2393
1557
7746
4036
967
295
695
2100
678
472
1162
899
7522
375
266
9609
1552
1806
543
1277
1474
3642
772
5145
1545
4235
821
1556
539
1405
27235
1538
2724
28372
1181
1281
1716
1086
4861
1342
6087
5139
1725
2318
2230
4369
1208
955
1965
1526
7319
1446
2660
1227
3779
2264
936
1848
1181
2720
2587
6510
28723
1658
9014
716
3276
6729
1914
738
2818
1081
392
2241
645
2269
534
1352
1251
4363
509
529
837
1738
928
1959
1092
606
1356
3442
1211
1164
431
495
2172
738
797
1979
836
2963
1981
6532
658
855
609
805
1181
13234
900
3707
2326
1258
958
2419
4504
2245
4703
1338
2455
2107
4418
6989
2169
2626
4074
2921
1282
2990
8326
1393
2902
7558
2516
1685
2114
3157
931
11863
2427
2258
3049
1365
4214
2315
4378
0
0
0
2895
248
2489
2561
1101
1710
138
585
139
930
957
20297
835
776
418
208
185
271
239
391
251
3246
1054
10633
16224
4294
9819
1305
873
1579
1583
2533
5236
17314
1997
3181
7312
4463
907
1153
2759
2537
936
2130
1056
2017
1056
1116
524
4658
1873
879
2377
1782
1411
1972
1770
851
1434
1735
3874
1609
12364
6216
1225
3042
686
1561
1133
1448
613
983
9418
2340
665
2110
1637
4059
1010
964
1984
453
2318
1890
1038
343
1368
2516
1775
2957
1437
305
616
325
841
5685
587
6830
990
4277
694
989
302
954
1648
2776
633
3437
847
428
811
290
590
1719
1997
757
836
5646
1070
9726
605
755
702
992
1226
839
2942
1605
2455
1231
869
1335
4897
5154
16736
3736
3278
1637
2076
10199
1498
1285
960
759
1896
13740
2707
3747
12965
2878
1384
2626
1049
1735
3149
2442
1565
1964
2801
1408
4981
2377
907
29292
8862
2895
248
2489
0
0
0
3720
5134
5070
47
116
91
457
2111
470
522
3129
739
118
114
329
1061
801
431
1814
5323
1112
4800
3379
4118
1477
1376
2865
1590
3084
12886
9294
4667
5133
8854
1112
4066
3511
2685
2487
13673
7702
1941
2139
16130
1486
2558
3726
10029
1800
1161
3227
1345
2856
1579
1391
1538
4101
3544
1482
1647
1612
1521
3816
1872
1693
6322
613
1867
1057
904
1852
1505
1069
1793
1098
2826
3078
607
494
2426
1082
1311
912
1560
9148
29793
4611
644
2335
869
4063
4244
13759
771
1944
1775
741
683
1149
1280
797
1080
1790
6221
8705
2258
1603
1863
2625
1600
2507
3427
14717
3519
10296
2188
2052
6502
1142
2500
5418
4200
2289
1750
1891
1974
1627
1122
1938
5616
1644
3172
8125
8544
5501
3579
2235
3680
958
2710
2349
1700
2843
1409
4769
13902
680
6525
2425
8675
910
5049
5018
938
2354
644
709
3556
488
2343
1186
2750
2561
1101
1710
3720
5134
5070
0
0
0
2603
2057
4234
465
611
717
3292
2010
934
901
10295
5800
1105
13933
1390
58937
1795
33644
4839
9529
17978
957
3558
2734
6197
1809
5596
2104
23703
6605
2414
3804
951
909
469
501
858
3214
716
468
650
1054
545
15465
498
980
1109
1390
2589
5621
1065
1469
3887
992
1876
5144
2182
2731
3253
6394
771
2419
4633
851
3830
1902
1141
17968
1123
7079
902
1069
919
1833
8866
1646
5897
812
1831
795
628
3235
1596
811
267
2535
560
1117
605
654
777
2547
1475
620
1382
3465
3080
613
437
1410
563
933
465
762
646
3977
1832
876
943
4143
485
5599
535
664
1085
609
2370
469
1032
1049
1258
699
2164
950
1377
965
999
635
1430
871
917
1025
2063
3686
2336
15194
1160
2072
1671
1599
1346
1451
1098
928
18177
1064
1192
10707
1187
1845
1448
2247
9051
1017
2250
2437
3860
2882
5994
138
585
139
47
116
91
2603
2057
4234
0
0
0
3400
632
3630
2735
585
687
103
56
284
499
489
404
4479
2021
1651
3309
1701
1839
4690
17775
1037
13246
892
1470
7625
1693
2627
2169
7028
3710
955
1295
1285
522
1690
18907
854
913
846
780
4726
1706
1341
5201
1805
8321
1413
2315
1394
19025
21904
3974
2048
1308
1506
1420
2084
1660
1193
3204
6919
928
942
1165
2677
919
714
1820
1628
1536
1184
4074
560
20847
1823
456
2971
1250
468
1004
1087
452
5340
1194
735
524
2795
453
634
862
735
721
2105
895
1134
466
2393
2383
19018
1558
6053
1880
745
1230
1290
711
10634
863
1075
964
1204
2084
7277
31581
2015
991
15543
3501
37633
3634
848
642
1254
1913
1706
25810
2149
3061
1507
8888
1417
1284
6356
1555
2988
3950
5958
4623
1515
9785
3231
1370
2354
2833
1808
6519
6947
40378
23658
736
755
29409
12102
1820
3548
2190
930
957
20297
457
2111
470
465
611
717
3400
632
3630
0
0
0
4606
1440
5662
1677
754
1837
1010
1659
1219
3044
5409
18351
12605
12914
16002
11729
1522
1778
5041
1151
3431
3892
6811
2987
1610
98365
3266
564
2449
4037
747
4987
3109
7857
1359
1090
1066
2948
1961
12507
544
7126
1708
1442
1984
7655
7174
2889
5919
19021
1626
1631
2405
3718
957
1579
3246
5092
1058
1681
2499
7807
8353
1042
1763
1644
3627
2128
12754
607
984
12629
492
937
1945
8876
1278
903
1569
2449
1947
690
2303
4068
596
2489
4924
5246
2154
3384
12642
1186
570
567
1136
1272
690
779
921
1189
1294
1212
731
1179
7590
1287
994
1976
1777
5624
8072
679
23847
3864
1424
1771
1499
1645
1043
1302
913
2763
1326
1659
4067
2038
2931
2440
2407
1755
14108
1069
5110
8701
5706
11778
1681
3023
3190
8049
3241
18748
3191
2664
1806
1830
5991
11693
6540
7074
39655
4279
1771
835
776
418
522
3129
739
3292
2010
934
2735
585
687
4606
1440
5662
0
0
0
480
617
1436
259
106
107
3080
1641
631
3768
3608
5729
2612
9625
5833
1346
1013
2269
14026
2196
15020
2648
4471
1930
1569
50338
2668
649
1311
929
1057
1173
697
1091
673
952
1473
641
3616
1554
12317
15958
1459
1818
2767
936
1464
731
7362
1457
1420
1294
1010
828
1512
4131
728
1387
2564
3611
6418
4672
1188
4520
2093
1127
1021
759
1592
1489
545
1194
1244
7216
991
1534
595
628
1065
4105
547
931
842
1513
694
710
11938
779
418
469
13376
681
1277
937
2458
14865
748
288
194
19573
505
7000
2881
645
567
5371
8249
726
583
3086
1269
1025
1190
1117
1323
1014
1326
1092
4478
1214
1251
791
1177
3145
3901
6188
1013
2528
1059
3590
3715
3859
1700
5037
56068
1877
2036
2374
2101
4926
15894
1832
3282
1484
1712
8654
3593
1975
5090
3108
208
185
271
118
114
329
901
10295
5800
103
56
284
1677
754
1837
480
617
1436
0
0
0
9666
1205
321
1755
2764
1627
31169
1895
3501
1021
1217
1783
661
6082
1924
4174
41567
25694
3319
1405
5165
14059
1738
4953
1133
1204
20804
1667
960
40325
1029
703
2719
12698
4510
3221
7964
1444
6419
2391
1745
2798
913
3505
2542
13046
1964
2061
1905
22846
5081
1487
4463
2599
1596
2502
14043
8806
2513
5302
1881
2168
973
2668
4394
689
3147
1486
1127
1959
512
714
2007
1431
1455
891
749
11108
9196
1138
1331
2264
1788
2427
921
2480
1112
3726
1871
2340
2583
16897
3673
1248
1677
6036
2024
3838
5678
602
7857
827
1957
1025
2658
2747
1489
677
1846
1908
6051
1507
972
1728
553
1456
3546
10281
3034
3810
1916
1411
40011
11338
1843
1256
2006
25331
1767
1174
2793
3176
1994
7118
6467
1060
1591
4849
3183
6338
15360
4067
978
23054
50910
3094
2393
239
391
251
1061
801
431
1105
13933
1390
499
489
404
1010
1659
1219
259
106
107
9666
1205
321
0
0
0
21259
1441
1105
1949
2195
5730
2489
5054
2641
1360
1110
1502
8103
921
5374
4731
2793
11230
1957
2844
4350
765
980
1987
436
497
11743
4000
1241
1415
2133
915
3560
1962
2396
24480
1450
2922
1639
1317
7410
847
8040
930
5087
1474
1414
1372
5830
1979
11129
1822
1999
12016
1183
1683
1397
2744
10828
2347
1481
890
2919
1093
750
686
545
1091
1180
1261
1415
2467
1163
906
24277
1205
999
1647
8730
1650
1274
1867
2256
1748
2207
1685
3014
2089
5570
475
4336
2068
990
537
1640
1460
2014
1298
638
1333
394
1666
300
623
1026
929
994
1130
633
1440
3510
514
792
681
323
606
2519
1379
773
715
3102
937
1735
720
1786
1015
1050
1714
2613
53300
4622
5392
4639
2820
5177
743
1123
2855
1800
3383
3171
1557
7746
4036
3246
1054
10633
1814
5323
1112
58937
1795
33644
4479
2021
1651
3044
5409
18351
3080
1641
631
1755
2764
1627
21259
1441
1105
0
0
0
1399
2321
1491
2579
789
1191
2207
635
577
789
7155
2764
1178
1334
983
5365
3606
1651
2782
13361
9463
5427
1245
27017
3146
566
2768
2025
2138
3878
2867
1508
953
4358
1607
1084
793
6072
1115
21779
2019
826
842
525
2890
1004
2361
1591
1603
1726
1535
25816
8117
2063
1266
1414
1048
1531
4987
4354
864
1159
2965
5194
1242
1227
4662
1952
16641
4615
2121
4552
1504
8710
2582
972
11122
3046
4966
2721
9477
2359
9773
3544
2814
2936
689
1653
1524
6010
1104
26033
1518
1318
10146
5376
2592
1406
2611
789
4265
1784
1738
1308
801
649
3891
2184
4247
2136
1944
5411
3087
16020
1566
1299
933
2862
2478
5551
3337
1353
1594
6139
1317
2933
104
135
107
2574
529
19535
1092
1606
1776
1808
2142
461
967
295
695
16224
4294
9819
4800
3379
4118
4839
9529
17978
3309
1701
1839
12605
12914
16002
3768
3608
5729
31169
1895
3501
1949
2195
5730
1399
2321
1491
0
0
0
281
3406
952
1439
22315
1733
227
333
795
618
4202
924
4063
4591
2646
719
1635
1024
2025
2058
1639
1929
1293
1437
1011
2362
1520
9426
2485
20785
686
4106
880
519
1044
516
917
744
3937
764
1019
620
1390
9204
1637
2022
2768
4184
5376
2047
1504
1501
1547
799
1967
742
1525
1950
5124
2829
2894
1447
2072
8133
2207
1055
5484
1131
1859
8449
24409
2567
1444
3327
1962
664
761
4750
6406
3020
4346
7812
4330
1798
1832
1463
2463
2188
753
1027
3305
1137
887
2841
1045
1002
9453
957
1668
531
1091
1113
1148
1749
631
1576
4040
4170
627
1509
762
498
5757
1389
309
293
347
706
247
239
554
382
2780
1563
19431
1667
2838
879
740
6910
818
8303
1696
772
561
2100
678
472
1305
873
1579
1477
1376
2865
957
3558
2734
4690
17775
1037
11729
1522
1778
2612
9625
5833
1021
1217
1783
2489
5054
2641
2579
789
1191
281
3406
952
0
0
0
6675
688
508
410
2002
1086
365
225
657
4508
4192
4778
2040
1189
1656
5264
1393
1164
5906
1029
1357
2993
980
1509
2047
1640
586
1186
680
909
1430
780
1614
1972
5333
7641
3348
4579
4231
832
2488
1827
1695
5067
13004
1773
14982
1886
1819
5028
10327
4744
2027
1894
6667
2356
1033
28503
7631
6931
3019
1025
3954
4432
1635
1969
1885
10606
2314
1832
1614
1485
4767
34039
1111
835
4451
2529
1852
1772
1934
599
1239
1914
1092
5252
722
909
2521
834
1298
2039
1455
7842
1464
1296
599
455
543
6744
931
1875
1832
699
837
680
1484
7340
782
1865
7892
305
527
2202
4359
988
4048
2091
3179
845
672
2180
13899
1137
17093
12937
4287
25404
1197
2949
1187
1375
1162
899
7522
1583
2533
5236
1590
3084
12886
6197
1809
5596
13246
892
1470
5041
1151
3431
1346
1013
2269
661
6082
1924
1360
1110
1502
2207
635
577
1439
22315
1733
6675
688
508
0
0
0
3629
2329
4733
544
892
663
4145
1797
3093
1330
1496
3626
1245
1004
1371
1199
786
1182
963
1027
925
1552
604
4526
772
4658
596
1142
912
1920
3348
581
1353
731
1275
505
23906
1470
7537
11361
844
501
1027
1092
712
1364
10264
13755
594
13043
1713
3351
1467
1299
2258
1433
966
9595
1737
1036
1731
1375
5120
1289
3875
833
1107
3494
22254
1192
10315
1504
1460
999
1688
13378
2373
3462
1601
21427
2653
665
2992
6756
2526
10321
1704
1164
17256
1868
1489
13039
6009
2505
6527
2789
2126
1257
1199
13743
1012
10266
6342
1626
631
1137
3256
364
1095
930
631
616
925
1190
1725
2259
1198
2361
652
631
967
440
662
6529
765
1606
1656
390
449
375
266
9609
17314
1997
3181
9294
4667
5133
2104
23703
6605
7625
1693
2627
3892
6811
2987
14026
2196
15020
4174
41567
25694
8103
921
5374
789
7155
2764
227
333
795
410
2002
1086
3629
2329
4733
0
0
0
1424
599
877
7543
2018
1218
1549
1116
1479
1322
1210
2221
7505
2063
1140
746
1462
1253
1557
1149
9470
2280
8127
6117
2220
1577
2100
725
1674
1224
977
578
2357
2070
2577
1030
1201
1345
1076
3194
1152
1702
1574
12502
2371
1183
2288
4959
8647
2922
1799
2227
1326
1281
2178
8289
3865
6354
977
3279
2532
2677
4225
3336
1986
2639
4200
7121
3403
6204
2156
2641
1928
964
1107
4220
740
1641
718
7280
2271
1758
893
585
3139
6959
699
964
2500
1442
605
3709
1369
6475
1866
2999
1815
785
715
734
3155
1880
3687
698
3118
281
10307
1615
2623
1014
1845
1554
6622
1742
520
1957
3284
1235
1943
2906
16268
2422
1190
2562
1736
840
1552
1806
543
7312
4463
907
8854
1112
4066
2414
3804
951
2169
7028
3710
1610
98365
3266
2648
4471
1930
3319
1405
5165
4731
2793
11230
1178
1334
983
618
4202
924
365
225
657
544
892
663
1424
599
877
0
0
0
1312
2135
1816
1551
3018
2030
3681
1190
4915
1914
9749
1848
1296
2349
4889
1118
10677
26534
3983
2393
1389
740
944
3123
5428
568
922
1054
1312
792
1803
1008
1467
6906
1962
1213
5402
1795
539
1202
3581
8315
1397
2534
2040
795
1443
1220
1289
1348
1486
1839
1347
1636
5628
11182
777
2035
2253
15881
6157
1311
7123
2398
860
33868
6135
10613
9315
1877
4569
2785
2124
2831
2085
1359
1071
7390
2444
5737
1660
11661
10802
2099
1044
1627
4010
35128
1819
2524
3394
1934
2035
1669
1127
1493
8158
11114
756
6517
4221
1795
864
6517
3254
7763
2289
2192
1144
1523
3465
17887
3330
3094
1784
894
6115
2329
714
3056
1533
909
902
1277
1474
3642
1153
2759
2537
3511
2685
2487
909
469
501
955
1295
1285
564
2449
4037
1569
50338
2668
14059
1738
4953
1957
2844
4350
5365
3606
1651
4063
4591
2646
4508
4192
4778
4145
1797
3093
7543
2018
1218
1312
2135
1816
0
0
0
