C_ijk
0
0
0
74
24
94
587
143
74
136
701
312
1132
1256
171
1083
612
1236
110
169
119
6620
420
755
2262
743
624
423
5792
1325
265
172
2350
91
295
357
246
1578
1708
514
5653
733
2475
265
437
127
279
1492
2629
467
504
657
1425
433
362
488
663
193
3760
219
1008
9114
647
790
189
385
667
451
260
614
715
729
615
157
318
1413
1596
385
333
511
843
2925
700
259
533
588
525
290
1328
195
1116
288
427
236
2440
404
518
389
164
562
229
430
448
339
481
726
282
1441
1146
751
1691
2830
12862
3258
3396
3495
2205
1432
2164
933
9035
760
662
1794
867
1147
733
1806
992
4318
5964
678
1211
1061
473
1596
1278
2009
2172
3906
2012
1082
1920
501
8450
700
3140
930
1251
4037
3574
3247
1566
391
1481
6586
995
4060
1224
2400
3727
1097
1153
627
13380
35239
2128
2850
74
24
94
0
0
0
70
132
26
255
89
207
553
1019
68
381
372
279
335
483
147
1048
7192
854
490
563
13422
1100
5812
1256
393
762
117
448
171
2499
304
482
551
1756
302
1750
348
271
2485
921
597
810
808
2745
1349
778
834
1512
977
447
1856
422
263
518
738
7612
420
559
142
198
832
6014
997
1365
300
1189
5528
635
149
1332
241
1056
912
592
496
1060
120
76
401
939
1797
726
138
180
460
927
390
125
91
123
411
213
1880
303
617
793
363
576
262
1893
698
667
901
1183
1685
1172
1818
738
773
13203
1557
5260
722
1312
2884
1359
787
998
2024
1745
1680
1612
774
1007
1772
1746
609
1172
1447
1127
1042
8439
967
2522
719
1063
1547
3126
1750
1153
910
1140
2369
861
997
1038
1626
588
2417
665
475
436
809
840
2771
941
6545
1563
17305
6053
1135
1100
587
143
74
70
132
26
0
0
0
270
72
45
518
626
280
6881
422
1149
198
226
607
790
1090
398
285
733
1827
1385
846
931
92
232
85
222
381
333
559
1224
295
2683
1148
674
349
3759
115
326
220
319
1574
2025
241
420
354
1761
3292
3272
240
1113
1168
697
663
906
904
290
408
116
550
244
272
343
831
275
294
315
1087
2634
204
588
2087
1759
531
394
165
251
474
835
400
147
540
115
804
1136
498
144
197
3970
595
780
393
1352
429
316
859
325
191
577
2392
4023
868
2348
27592
1424
2626
4934
948
1236
1555
461
2158
2373
1222
3551
1498
955
3840
10880
565
1781
3175
1556
1590
1554
1878
1443
814
2066
1882
2021
1260
1319
2860
1222
1405
5170
1408
2664
2998
1194
1093
2462
1704
791
1640
515
1049
3044
1696
536
7120
1260
1383
1445
1191
6708
2826
1009
4060
790
136
701
312
255
89
207
270
72
45
0
0
0
879
164
423
1339
965
700
2292
343
830
1001
758
1716
1333
1716
1122
369
950
412
214
1607
268
678
590
1288
730
893
1036
7610
1781
5280
496
827
424
579
166
292
327
604
425
7354
585
169
1230
520
3294
432
687
1500
278
4480
493
92
130
462
572
246
164
1866
2604
11594
125
79
66
228
154
1803
2032
167
203
88
70
191
1166
189
556
131
295
352
1230
699
866
165
668
340
411
824
4392
572
315
693
1502
535
1783
300
606
197
4165
1027
2632
1850
7837
2426
612
981
2342
505
552
480
829
638
705
1067
2640
1627
3373
730
1610
4649
769
1077
740
1042
1012
2561
2909
2236
826
1089
1400
801
6241
7867
978
4253
866
818
1403
23157
3644
1546
988
423
960
1557
1531
2224
1528
637
9364
5129
817
3139
4985
8034
13092
4719
1132
1256
171
553
1019
68
518
626
280
879
164
423
0
0
0
343
1812
174
38
62
41
425
1399
1121
411
343
2268
411
293
1058
528
332
208
403
3571
489
1041
1225
3043
1159
1344
1511
1067
458
1191
449
1379
521
462
384
2052
626
626
1029
2747
447
387
486
4904
530
1541
656
1590
305
2001
726
1016
1274
319
1119
4764
1286
2427
413
1660
843
3736
1011
400
394
3319
328
1000
1008
587
403
179
371
192
150
1712
803
486
579
469
265
103
219
56
173
1477
1419
302
2675
1283
501
360
1142
3465
928
1647
955
2175
991
736
1088
446
8279
710
1501
2103
601
676
960
5346
1917
4695
522
22357
5149
4073
2276
775
1060
1219
908
3557
839
1425
7752
2394
1403
20011
1086
15066
13673
1107
2386
1423
3350
966
1765
3821
547
523
649
846
3904
1812
1106
1073
1237
2077
4003
894
8628
2461
5422
1083
612
1236
381
372
279
6881
422
1149
1339
965
700
343
1812
174
0
0
0
356
262
436
340
1185
187
255
176
1065
211
177
225
2530
2764
507
233
1828
12852
538
1278
1448
1739
8810
2788
272
473
308
1455
268
395
421
430
1018
498
693
426
3076
733
2357
3371
1539
1397
1095
577
2760
926
1235
862
5119
910
1462
1788
1687
1093
3538
1712
493
1493
755
425
816
1835
1461
552
732
403
2132
2357
1221
230
398
765
886
840
1028
1932
288
205
488
773
285
1331
453
285
391
1305
210
896
218
472
5811
1091
576
1175
395
398
1115
642
458
4946
536
548
1712
1626
2234
1800
996
1794
1321
990
5946
1353
807
1364
2109
1227
1198
3634
21335
695
3393
29013
15494
1426
46364
1855
35373
2489
3889
17570
784
1160
736
2001
1124
2021
461
1896
1052
6271
1299
1418
3312
713
450
1474
542
3540
4949
1153
110
169
119
335
483
147
198
226
607
2292
343
830
38
62
41
356
262
436
0
0
0
264
204
499
349
3085
275
186
419
314
771
286
176
1388
496
705
1014
1973
1281
2096
652
680
679
581
950
313
1088
1523
3344
3563
663
631
7966
463
2549
879
888
552
522
1699
958
4168
510
364
704
1043
3981
551
654
572
436
708
246
418
4412
1863
1322
449
1391
2060
880
272
692
3491
362
5622
728
909
217
268
454
1026
693
240
475
1073
504
366
1059
210
1755
421
1676
952
792
410
1350
309
2576
863
949
2462
519
2774
790
826
639
1676
640
1092
797
716
461
2775
4412
1542
4106
2639
750
888
1512
4684
880
1381
2115
2807
3085
927
14208
898
594
2151
2380
6334
2903
3538
47946
446
2322
1984
387
1047
1408
579
2632
1122
2279
5795
14446
1377
1583
504
1672
1108
4629
1782
8465
1881
6620
420
755
1048
7192
854
790
1090
398
1001
758
1716
425
1399
1121
340
1185
187
264
204
499
0
0
0
64
40
60
8
7
10
750
6622
279
381
1604
688
6006
383
705
534
2848
248
607
3707
303
591
303
2102
1037
3038
1096
1571
2301
571
1171
7561
399
3135
1252
1928
1997
995
2014
3282
2149
364
838
649
11698
722
645
1633
545
608
956
4560
1664
649
1337
1227
792
4974
2314
1760
2618
3215
4691
398
4168
639
2974
696
1445
1182
698
7205
3173
525
773
397
619
920
373
242
348
915
1216
5884
2459
1731
962
630
5444
570
142
430
383
1105
385
339
540
819
335
1475
1826
1579
4289
723
3606
7535
3829
1298
2103
622
986
16174
1909
1069
2731
764
711
1178
1208
629
2696
1101
1119
4235
1856
2225
2058
1143
1164
4525
1789
1160
1892
1324
7899
3938
799
2066
787
1957
1457
759
1879
529
2262
743
624
490
563
13422
285
733
1827
1333
1716
1122
411
343
2268
255
176
1065
349
3085
275
64
40
60
0
0
0
60
26
189
379
712
584
1255
2961
200
2712
943
353
577
266
460
434
2530
1032
2073
632
485
1809
1113
554
857
528
402
590
2055
10837
884
4201
1227
2785
2367
1119
515
534
949
531
2384
2665
3086
1085
1454
7362
350
573
1595
3328
823
992
1912
828
748
512
2503
914
3633
2166
2987
388
817
1268
450
1885
5219
389
2627
354
1225
207
845
5357
1330
881
2721
2711
1432
670
973
503
1517
5856
781
1376
537
762
399
347
514
436
7495
1131
183
479
12447
6151
669
2220
1191
1392
13833
3178
7691
994
2115
433
7603
8808
9592
2210
2294
2603
743
973
860
63178
11304
1878
2054
2858
793
1161
5784
3517
2733
8435
1121
1190
1853
6539
1585
512
11915
1797
4143
385
1016
929
7485
423
5792
1325
1100
5812
1256
1385
846
931
369
950
412
411
293
1058
211
177
225
186
419
314
8
7
10
60
26
189
0
0
0
1369
1345
902
760
292
203
148
732
228
604
333
228
689
700
385
853
201
1029
1006
826
18065
884
1837
7334
859
1275
1698
1929
1616
14372
6019
1266
1221
2397
645
874
1812
420
1288
9904
926
3671
396
1883
2454
2194
2386
1703
4124
1341
1932
1596
482
3178
3731
1344
2562
2841
840
1454
1453
394
803
1675
3279
621
2742
903
3557
208
777
572
1692
368
652
432
5199
870
536
1485
735
4682
1066
2360
513
1100
443
606
9845
1414
431
1575
985
1833
1047
2075
849
1707
5167
661
645
2341
1315
1347
4287
6356
3576
1165
26991
1408
616
1539
946
9530
7161
1601
2671
9891
7951
868
407
16204
730
437
343
1263
6565
2409
1298
2330
390
827
3023
2805
1175
583
4882
651
265
172
2350
393
762
117
92
232
85
214
1607
268
528
332
208
2530
2764
507
771
286
176
750
6622
279
379
712
584
1369
1345
902
0
0
0
228
270
153
1497
533
1076
1541
219
321
284
487
535
147
152
798
346
303
1074
365
4243
287
301
1948
3072
410
1275
600
2911
2956
779
199
282
8896
632
283
1720
460
961
380
815
1629
6874
2984
528
510
494
281
1032
370
377
848
364
580
1183
1055
815
277
731
7448
2078
199
487
276
258
1121
800
5236
943
706
423
440
346
2446
507
180
3189
759
3151
2248
35838
676
458
582
1834
2394
3364
1222
1062
695
3806
771
11478
2001
6734
812
4763
4831
641
3248
9783
937
1754
4987
1940
3492
1814
1272
1514
3990
981
2763
5353
5855
2347
3192
411
955
1741
24948
1501
1363
743
7710
2346
1189
1254
2510
1001
1769
2124
8729
3100
4360
6219
1920
91
295
357
448
171
2499
222
381
333
678
590
1288
403
3571
489
233
1828
12852
1388
496
705
381
1604
688
1255
2961
200
760
292
203
228
270
153
0
0
0
185
142
462
709
7660
1438
703
108
783
6474
283
491
554
1109
2047
223
401
5610
382
1499
1026
844
963
784
1904
1192
800
2052
325
1291
488
2999
460
1702
685
712
451
1297
405
847
480
542
2883
1045
404
249
564
1048
2186
586
318
2385
350
672
630
2318
500
346
1003
2152
3032
1955
1381
1038
900
737
616
3984
1362
495
494
864
1570
2952
2762
24991
1515
504
873
400
7447
1342
406
5451
2668
1148
1264
2687
1239
916
1141
1675
1402
600
1089
3921
1450
1884
20178
2488
493
1512
599
925
1350
727
2614
665
40271
2030
2571
1360
836
1024
476
3976
6759
4072
744
1041
6684
1586
4602
1412
676
481
2951
3238
1065
1453
9641
2582
246
1578
1708
304
482
551
559
1224
295
730
893
1036
1041
1225
3043
538
1278
1448
1014
1973
1281
6006
383
705
2712
943
353
148
732
228
1497
533
1076
185
142
462
0
0
0
688
230
97
624
224
590
486
204
622
313
1475
336
267
170
226
517
534
312
410
520
12763
278
1574
585
1654
260
1110
1614
312
820
770
6381
1114
380
350
979
628
1504
758
1243
1735
2294
3961
1384
851
979
750
1002
632
1380
4672
7084
1030
1104
631
819
1275
7972
1311
2802
443
2526
996
1550
2728
974
2269
8890
690
6454
1354
1466
1692
1798
4078
275
1070
1137
3005
1328
1110
1006
1136
1345
3794
2902
1006
718
833
1131
598
612
777
1410
832
860
2137
10533
662
1212
1027
838
1131
7430
1929
1236
989
4399
5886
6614
1304
3531
927
1347
1395
12725
919
9287
1083
5874
1894
2729
5328
1271
27854
2760
2154
438
604
514
5653
733
1756
302
1750
2683
1148
674
7610
1781
5280
1159
1344
1511
1739
8810
2788
2096
652
680
534
2848
248
577
266
460
604
333
228
1541
219
321
709
7660
1438
688
230
97
0
0
0
971
147
195
866
304
1378
846
3315
548
1824
276
394
305
1140
346
586
985
283
859
850
1138
1042
11035
956
522
1282
500
3224
495
2115
980
1327
326
2730
665
1417
4968
11360
2010
247
653
1165
760
1719
2706
500
474
636
1017
4066
2656
561
2173
1269
13120
1434
3548
2587
2202
5024
1923
2663
641
5192
1863
1429
3909
42180
2072
1082
3778
477
1001
1124
3822
15063
4584
3445
2054
3008
3027
1481
2653
6288
1072
1030
638
2537
511
750
1740
1576
766
1704
1283
1103
9761
1026
3374
1600
1937
4182
9802
1355
863
2063
1758
2250
1746
5129
2212
1400
716
22262
3267
2575
2118
3884
829
778
3264
1013
1709
1759
1035
1283
2475
265
437
348
271
2485
349
3759
115
496
827
424
1067
458
1191
272
473
308
679
581
950
607
3707
303
434
2530
1032
689
700
385
284
487
535
703
108
783
624
224
590
971
147
195
0
0
0
780
406
637
152
365
349
220
911
610
767
435
166
311
174
314
973
627
260
315
1860
369
372
934
540
736
1031
586
787
1906
496
2595
735
3598
777
9169
506
727
316
1354
1161
10422
964
1960
967
1224
1254
11071
3269
632
504
713
2532
1025
1655
1738
6525
877
384
1099
1186
1159
663
3552
1036
4322
4942
851
799
821
1017
1292
464
807
1297
713
700
685
705
850
691
2802
369
967
1018
852
2108
636
984
819
15315
1479
2881
274
1075
1141
543
924
9600
2792
3080
1141
12500
2011
1933
1659
735
1149
10550
3406
3148
3503
3226
21050
1122
971
2220
1063
1362
2039
1304
1911
557
7796
127
279
1492
921
597
810
326
220
319
579
166
292
449
1379
521
1455
268
395
313
1088
1523
591
303
2102
2073
632
485
853
201
1029
147
152
798
6474
283
491
486
204
622
866
304
1378
780
406
637
0
0
0
366
136
2063
273
1153
1665
83
127
1068
249
367
1499
479
942
96
918
160
194
3513
341
927
372
268
1416
279
886
1080
655
3377
1025
1409
491
407
1019
192
1387
2783
785
3132
4784
935
1056
592
898
2992
490
821
286
805
764
784
3562
812
849
539
439
702
428
491
491
2080
7911
6733
3333
2303
2334
1719
658
2147
1862
608
2359
6308
4218
7707
2228
763
3450
1888
642
1031
632
389
4562
555
1282
588
476
4203
716
1119
1351
577
10289
3755
2258
2506
931
1471
580
947
991
818
3122
1438
1503
2581
648
2890
1186
3409
1322
2055
6655
10030
7056
3472
2410
2704
831
2629
467
504
808
2745
1349
1574
2025
241
327
604
425
462
384
2052
421
430
1018
3344
3563
663
1037
3038
1096
1809
1113
554
1006
826
18065
346
303
1074
554
1109
2047
313
1475
336
846
3315
548
152
365
349
366
136
2063
0
0
0
40
57
100
87
256
740
102
174
536
427
257
787
523
319
523
281
188
1217
493
210
332
2392
1012
482
1279
1446
509
594
532
5359
264
1440
334
6015
723
1157
725
465
1174
519
867
2388
694
2228
350
490
1377
1524
7562
965
37081
1504
503
3245
660
5658
1225
2863
2747
2178
1414
1994
1782
2166
800
1099
1398
4434
1133
793
4739
10663
352
829
1786
1220
389
285
717
1226
1151
348
354
629
3268
680
614
2233
1149
6589
321
1396
3035
681
654
773
15210
1006
2268
2886
1237
2893
10224
2097
6110
2123
2178
15923
9003
4073
2870
3191
3168
2414
815
1149
5759
657
1425
433
778
834
1512
420
354
1761
7354
585
169
626
626
1029
498
693
426
631
7966
463
1571
2301
571
857
528
402
884
1837
7334
365
4243
287
223
401
5610
267
170
226
1824
276
394
220
911
610
273
1153
1665
40
57
100
0
0
0
59
151
51
60
68
303
2255
213
188
442
752
185
542
539
300
357
205
2923
8140
286
489
649
556
3672
1160
553
362
324
860
800
275
3018
3082
988
610
1065
939
1134
347
831
421
226
991
6317
523
605
628
1474
783
1029
453
638
1029
861
10808
3053
3809
4383
1504
3236
843
19338
938
1517
736
550
1037
801
949
677
504
975
988
349
479
1272
35169
588
578
842
474
824
979
1337
1511
2153
826
1322
1802
2012
999
1269
988
15487
645
2093
4697
4261
1252
2443
3033
3911
6693
2169
7126
1109
1262
3523
2695
3997
937
1573
2048
1950
362
488
663
977
447
1856
3292
3272
240
1230
520
3294
2747
447
387
3076
733
2357
2549
879
888
1171
7561
399
590
2055
10837
859
1275
1698
301
1948
3072
382
1499
1026
517
534
312
305
1140
346
767
435
166
83
127
1068
87
256
740
59
151
51
0
0
0
87
27
166
1363
343
312
267
679
169
405
380
1813
612
5444
590
430
735
3947
192
511
638
856
323
484
685
3574
556
3131
2184
1683
1425
3287
810
611
2162
2691
1466
428
642
888
1333
530
663
1767
2064
1556
1206
1256
3423
1070
8016
4535
586
11471
1049
12213
908
838
5764
1963
458
622
1327
1750
4592
2019
3503
1087
1493
479
8607
1127
6960
1093
2930
4283
815
1226
1749
614
958
1536
2137
729
249
813
2121
1353
1105
14170
3634
5283
24027
7196
1726
45482
1356
753
1905
1204
2461
2757
926
830
1214
968
979
38704
1657
2477
2283
193
3760
219
422
263
518
1113
1168
697
432
687
1500
486
4904
530
3371
1539
1397
552
522
1699
3135
1252
1928
884
4201
1227
1929
1616
14372
410
1275
600
844
963
784
410
520
12763
586
985
283
311
174
314
249
367
1499
102
174
536
60
68
303
87
27
166
0
0
0
215
1525
1039
6275
460
192
3551
1339
190
818
449
853
668
1110
276
337
1024
446
588
318
295
475
514
556
1005
344
656
793
469
496
528
506
547
486
249
15231
2200
1021
1825
4971
4745
687
1481
1023
12665
546
4601
8698
5499
3335
16290
3704
32930
709
534
2378
4707
1389
779
18264
1475
775
2506
4349
941
871
2812
331
787
1289
2847
2042
11413
790
627
1733
747
1470
555
1598
1655
384
1065
1761
839
2086
837
915
778
745
991
3943
1704
1244
4720
8125
7726
1218
3055
1018
7187
2260
954
733
1452
1637
3741
1062
1008
9114
647
738
7612
420
663
906
904
278
4480
493
1541
656
1590
1095
577
2760
958
4168
510
1997
995
2014
2785
2367
1119
6019
1266
1221
2911
2956
779
1904
1192
800
278
1574
585
859
850
1138
973
627
260
479
942
96
427
257
787
2255
213
188
1363
343
312
215
1525
1039
0
0
0
259
826
152
1939
175
153
156
279
170
609
180
215
291
510
227
335
262
476
566
841
469
1293
683
868
23990
616
650
2168
1658
978
229
368
821
1880
838
1014
1758
2455
1488
860
1961
1306
535
392
1339
2478
3160
1169
8350
1834
17697
18292
464
883
1481
1433
4142
869
1211
2772
550
867
707
531
379
728
15246
916
1595
1373
883
292
19489
842
2866
547
1313
811
386
182
465
1500
2623
4439
3117
1259
1526
8664
1293
4863
1226
1240
1874
1459
1005
2313
1077
2857
2055
7548
1851
1423
5293
1581
1515
790
189
385
559
142
198
290
408
116
92
130
462
305
2001
726
926
1235
862
364
704
1043
3282
2149
364
515
534
949
2397
645
874
199
282
8896
2052
325
1291
1654
260
1110
1042
11035
956
315
1860
369
918
160
194
523
319
523
442
752
185
267
679
169
6275
460
192
259
826
152
0
0
0
2395
204
440
3282
9832
713
293
156
782
415
264
468
320
324
247
186
489
352
377
588
677
386
829
759
617
253
659
2157
455
279
422
1511
547
734
905
633
425
729
652
861
527
725
3721
25261
1586
3699
1178
3032
1706
1324
3588
3073
510
1667
1380
2648
895
9914
1117
529
2676
778
825
2329
1302
6455
426
1091
945
804
1239
591
1265
1014
746
1129
4983
3991
1511
1353
2656
1154
457
2366
975
10041
7543
961
1341
651
2312
1504
11833
8071
1188
2881
1354
624
3120
2448
3244
3442
667
451
260
832
6014
997
550
244
272
572
246
164
1016
1274
319
5119
910
1462
3981
551
654
838
649
11698
531
2384
2665
1812
420
1288
632
283
1720
488
2999
460
1614
312
820
522
1282
500
372
934
540
3513
341
927
281
188
1217
542
539
300
405
380
1813
3551
1339
190
1939
175
153
2395
204
440
0
0
0
1121
148
867
191
165
197
775
512
896
723
466
173
334
294
263
335
3773
793
2124
176
936
6341
375
4649
1969
637
552
1420
1517
697
999
289
1115
411
502
6303
4391
1002
3957
1568
2005
4355
1167
3552
1036
5265
6271
3236
1009
2637
15978
1952
1912
4865
388
307
260
1386
623
2941
1678
4694
1216
1903
992
1456
1239
1844
873
1550
1425
2323
391
581
255
1331
2339
512
1884
724
5105
841
1405
4813
4868
1188
3284
623
2794
6738
770
915
1138
1553
2300
1555
2651
1916
2072
614
715
729
1365
300
1189
343
831
275
1866
2604
11594
1119
4764
1286
1788
1687
1093
572
436
708
722
645
1633
3086
1085
1454
9904
926
3671
460
961
380
1702
685
712
770
6381
1114
3224
495
2115
736
1031
586
372
268
1416
493
210
332
357
205
2923
612
5444
590
818
449
853
156
279
170
3282
9832
713
1121
148
867
0
0
0
320
771
4486
570
584
891
605
903
218
226
471
296
449
9671
356
304
1324
3182
379
604
710
360
1794
403
439
2866
1388
448
1588
851
808
1336
2474
525
424
3682
1794
1476
1588
1383
5222
4641
3917
1550
2349
805
1188
2760
606
1212
772
1038
1544
704
344
634
559
1195
1199
845
291
2805
8290
5297
4865
1884
492
667
532
1466
636
409
2302
1185
529
1466
966
1185
15119
1889
3323
753
664
2202
1096
874
1367
77601
4729
22574
1024
4036
14946
1205
8047
8129
615
157
318
5528
635
149
294
315
1087
125
79
66
2427
413
1660
3538
1712
493
246
418
4412
545
608
956
7362
350
573
396
1883
2454
815
1629
6874
451
1297
405
380
350
979
980
1327
326
787
1906
496
279
886
1080
2392
1012
482
8140
286
489
430
735
3947
668
1110
276
609
180
215
293
156
782
191
165
197
320
771
4486
0
0
0
282
389
665
926
352
462
18
67
26
928
349
335
213
220
275
253
304
329
59
216
92
559
265
794
339
288
456
784
190
5194
841
209
4832
3447
835
2932
2808
6391
7576
2612
795
2274
5367
4979
1450
5522
1693
1089
3429
818
473
7614
4383
1144
38031
1169
6241
579
2638
4186
2410
688
25545
1374
980
1228
336
1106
776
1159
6308
1147
2513
1841
7090
775
1170
3964
1171
2522
10070
2128
6556
1084
1029
1746
2492
1433
2850
917
1559
2020
1637
1413
1596
385
1332
241
1056
2634
204
588
228
154
1803
843
3736
1011
1493
755
425
1863
1322
449
4560
1664
649
1595
3328
823
2194
2386
1703
2984
528
510
847
480
542
628
1504
758
2730
665
1417
2595
735
3598
655
3377
1025
1279
1446
509
649
556
3672
192
511
638
337
1024
446
291
510
227
415
264
468
775
512
896
570
584
891
282
389
665
0
0
0
59
219
333
577
333
89
270
493
963
229
164
199
324
230
233
775
3140
601
472
1325
1620
959
694
7622
11042
347
921
375
1412
413
1844
773
1062
1321
1822
1070
3699
1616
630
717
2498
1125
3366
2207
4722
1216
4649
870
1184
378
1037
1706
573
2722
466
8873
337
3383
894
3417
4295
529
1594
2293
1013
1324
2360
1545
1654
723
1317
3626
2993
1560
5014
7154
959
2545
981
4238
1277
1255
821
1752
2603
7378
898
1467
1382
659
333
511
843
912
592
496
2087
1759
531
2032
167
203
400
394
3319
816
1835
1461
1391
2060
880
1337
1227
792
992
1912
828
4124
1341
1932
494
281
1032
2883
1045
404
1243
1735
2294
4968
11360
2010
777
9169
506
1409
491
407
594
532
5359
1160
553
362
856
323
484
588
318
295
335
262
476
320
324
247
723
466
173
605
903
218
926
352
462
59
219
333
0
0
0
158
567
86
315
4219
473
1102
792
605
1409
225
292
297
176
423
3810
886
2453
3211
676
487
1394
872
237
1160
1351
1860
968
1341
1111
1073
1223
1875
2275
13397
774
915
1840
1139
4557
1797
1803
3241
1344
8862
1436
5101
1821
1313
3674
2283
4245
1395
571
681
818
16187
852
1514
504
9549
5162
10088
1808
1301
1071
1559
442
1355
3537
8630
1626
595
1432
8299
1177
1743
806
1886
658
20036
2595
1071
1701
1232
1091
2561
2925
700
259
1060
120
76
394
165
251
88
70
191
328
1000
1008
552
732
403
272
692
3491
4974
2314
1760
748
512
2503
1596
482
3178
370
377
848
249
564
1048
3961
1384
851
247
653
1165
727
316
1354
1019
192
1387
264
1440
334
324
860
800
685
3574
556
475
514
556
566
841
469
186
489
352
334
294
263
226
471
296
18
67
26
577
333
89
158
567
86
0
0
0
193
565
307
122
385
80
611
185
142
131
222
3835
567
3598
540
695
1387
396
598
2933
758
287
1162
509
1708
1171
7008
1170
9802
1884
824
6249
447
3484
1970
940
1049
1399
3440
20209
3390
869
618
742
682
4311
1238
1799
26515
936
566
4105
1805
1195
976
890
3410
12808
1997
1383
4298
1715
1276
871
3561
1040
3531
3146
1525
415
2733
2277
1356
867
1099
1453
1792
678
1353
1636
2426
27655
3954
898
533
588
525
401
939
1797
474
835
400
1166
189
556
587
403
179
2132
2357
1221
362
5622
728
2618
3215
4691
914
3633
2166
3731
1344
2562
364
580
1183
2186
586
318
979
750
1002
760
1719
2706
1161
10422
964
2783
785
3132
6015
723
1157
275
3018
3082
3131
2184
1683
1005
344
656
1293
683
868
377
588
677
335
3773
793
449
9671
356
928
349
335
270
493
963
315
4219
473
193
565
307
0
0
0
228
134
172
279
228
74
901
1383
618
238
408
506
1675
229
182
85
3384
4752
424
498
242
827
4052
1854
3401
1112
725
2237
2803
545
798
1274
1179
1690
3159
354
3204
1277
880
994
1137
3599
3463
38074
1154
11613
907
1584
11042
5290
2047
1264
881
967
1443
3968
2589
6054
11469
1645
1076
551
3099
1837
1430
1632
737
1047
818
395
742
698
6290
3628
751
1501
611
2155
5513
803
1927
290
1328
195
726
138
180
147
540
115
131
295
352
371
192
150
230
398
765
909
217
268
398
4168
639
2987
388
817
2841
840
1454
1055
815
277
2385
350
672
632
1380
4672
500
474
636
1960
967
1224
4784
935
1056
725
465
1174
988
610
1065
1425
3287
810
793
469
496
23990
616
650
386
829
759
2124
176
936
304
1324
3182
213
220
275
229
164
199
1102
792
605
122
385
80
228
134
172
0
0
0
312
318
161
31
72
39
369
876
482
486
575
895
1912
706
650
403
412
1478
609
754
698
1015
1053
3360
2339
893
1461
671
723
2371
1850
1140
3258
823
698
1757
585
2612
1771
648
1378
3991
2667
1398
3649
982
5492
2043
3058
7191
35565
534
1300
1696
1266
1685
4241
1356
8153
1729
1204
1680
32157
620
2469
1499
11623
1671
1520
5551
473
1034
13115
932
1904
635
6923
2143
1116
288
427
460
927
390
804
1136
498
1230
699
866
1712
803
486
886
840
1028
454
1026
693
2974
696
1445
1268
450
1885
1453
394
803
731
7448
2078
630
2318
500
7084
1030
1104
1017
4066
2656
1254
11071
3269
592
898
2992
519
867
2388
939
1134
347
611
2162
2691
528
506
547
2168
1658
978
617
253
659
6341
375
4649
379
604
710
253
304
329
324
230
233
1409
225
292
611
185
142
279
228
74
312
318
161
0
0
0
270
872
1135
190
4297
379
1640
341
506
1274
368
1034
623
408
158
3857
22880
3484
628
8912
2637
8318
2152
2306
582
2124
15876
789
721
1195
1586
5553
1763
1234
2033
2161
1395
1244
1326
1147
2856
4145
5377
1894
895
1171
4927
1253
971
458
831
628
12580
4073
3321
1725
630
1490
2127
965
692
483
1805
798
661
766
560
889
4847
1048
1171
1114
1418
7071
14711
236
2440
404
125
91
123
144
197
3970
165
668
340
579
469
265
1932
288
205
240
475
1073
1182
698
7205
5219
389
2627
1675
3279
621
199
487
276
346
1003
2152
631
819
1275
561
2173
1269
632
504
713
490
821
286
694
2228
350
831
421
226
1466
428
642
486
249
15231
229
368
821
2157
455
279
1969
637
552
360
1794
403
59
216
92
775
3140
601
297
176
423
131
222
3835
901
1383
618
31
72
39
270
872
1135
0
0
0
470
292
946
264
384
640
669
331
272
621
563
241
699
5387
910
1128
2570
962
7623
907
1351
1098
2288
9568
4715
2010
1572
2767
2556
1356
4619
1835
641
2249
850
7347
1280
1548
2600
494
1902
2306
1751
1605
48100
3832
795
936
1221
756
1875
2235
1019
1252
1448
3294
34449
600
1098
1041
4983
1202
3081
1302
881
3239
1808
1058
372
3118
2210
1081
518
389
164
411
213
1880
595
780
393
411
824
4392
103
219
56
488
773
285
504
366
1059
3173
525
773
354
1225
207
2742
903
3557
258
1121
800
3032
1955
1381
7972
1311
2802
13120
1434
3548
2532
1025
1655
805
764
784
490
1377
1524
991
6317
523
888
1333
530
2200
1021
1825
1880
838
1014
422
1511
547
1420
1517
697
439
2866
1388
559
265
794
472
1325
1620
3810
886
2453
567
3598
540
238
408
506
369
876
482
190
4297
379
470
292
946
0
0
0
84
66
73
125
32
199
50
58
156
11040
1160
983
2017
998
1857
9926
7486
1488
1331
1522
4404
543
1566
717
10444
3636
5029
992
3503
1937
931
1098
3309
4873
11113
1128
9977
1631
5935
961
3738
2434
12417
737
972
4734
2042
669
844
1533
933
2843
590
9832
152
432
4697
560
1199
1095
981
404
1026
4733
886
11291
1527
7558
3645
562
229
430
303
617
793
1352
429
316
572
315
693
173
1477
1419
1331
453
285
210
1755
421
397
619
920
845
5357
1330
208
777
572
5236
943
706
1038
900
737
443
2526
996
2587
2202
5024
1738
6525
877
3562
812
849
7562
965
37081
605
628
1474
663
1767
2064
4971
4745
687
1758
2455
1488
734
905
633
999
289
1115
448
1588
851
339
288
456
959
694
7622
3211
676
487
695
1387
396
1675
229
182
486
575
895
1640
341
506
264
384
640
84
66
73
0
0
0
107
257
3324
111
46
80
601
777
10490
10204
7741
3462
527
4617
2706
1160
391
726
691
2208
421
6098
944
2340
3057
5605
932
1904
3780
1572
1635
3100
1469
2762
670
2268
1552
11064
1461
1503
1219
1000
1782
3088
908
822
1989
871
848
1136
1307
496
2397
322
1200
279
634
399
2116
1221
355
1719
1287
1351
2989
2192
448
339
481
363
576
262
859
325
191
1502
535
1783
302
2675
1283
391
1305
210
1676
952
792
373
242
348
881
2721
2711
1692
368
652
423
440
346
616
3984
1362
1550
2728
974
1923
2663
641
384
1099
1186
539
439
702
1504
503
3245
783
1029
453
1556
1206
1256
1481
1023
12665
860
1961
1306
425
729
652
411
502
6303
808
1336
2474
784
190
5194
11042
347
921
1394
872
237
598
2933
758
85
3384
4752
1912
706
650
1274
368
1034
669
331
272
125
32
199
107
257
3324
0
0
0
213
81
82
1054
1284
12743
6934
1832
1037
2981
871
1529
664
1591
825
2703
1009
1383
823
733
2879
859
964
1501
1540
840
4510
949
3340
1856
1532
5658
1929
1548
1959
1272
4171
1945
1370
10731
8969
1596
3993
837
487
1589
1172
1731
11945
426
426
3872
1301
499
562
573
3263
1856
1343
940
1996
1256
31725
726
282
1441
1893
698
667
577
2392
4023
300
606
197
501
360
1142
896
218
472
410
1350
309
915
1216
5884
1432
670
973
432
5199
870
2446
507
180
495
494
864
2269
8890
690
5192
1863
1429
1159
663
3552
428
491
491
660
5658
1225
638
1029
861
3423
1070
8016
546
4601
8698
535
392
1339
861
527
725
4391
1002
3957
525
424
3682
841
209
4832
375
1412
413
1160
1351
1860
287
1162
509
424
498
242
403
412
1478
623
408
158
621
563
241
50
58
156
111
46
80
213
81
82
0
0
0
1752
2860
822
6043
1036
17265
892
4383
3241
12871
8913
1879
1169
3954
1302
1662
1414
3923
1496
3217
897
2338
10137
1435
5561
6146
1016
602
2152
1957
11473
756
4141
3296
1281
5008
1069
1917
3369
3600
679
1125
5065
2204
770
1162
1959
1113
2079
967
1024
1220
2361
401
3553
1025
406
25458
2730
922
1146
751
1691
901
1183
1685
868
2348
27592
4165
1027
2632
3465
928
1647
5811
1091
576
2576
863
949
2459
1731
962
503
1517
5856
536
1485
735
3189
759
3151
1570
2952
2762
6454
1354
1466
3909
42180
2072
1036
4322
4942
2080
7911
6733
2863
2747
2178
10808
3053
3809
4535
586
11471
5499
3335
16290
2478
3160
1169
3721
25261
1586
1568
2005
4355
1794
1476
1588
3447
835
2932
1844
773
1062
968
1341
1111
1708
1171
7008
827
4052
1854
609
754
698
3857
22880
3484
699
5387
910
11040
1160
983
601
777
10490
1054
1284
12743
1752
2860
822
0
0
0
1485
144
651
4460
686
502
1799
1185
1029
703
172
519
5145
2698
2743
13418
2744
3068
1584
8112
5539
2211
1621
2049
1033
1713
3378
1517
2066
2543
2730
1962
6539
1773
2968
2453
1445
2122
2959
129
112
169
435
507
809
3831
1129
725
193
935
159
1181
652
1398
1250
5048
1488
2830
12862
3258
1172
1818
738
1424
2626
4934
1850
7837
2426
955
2175
991
1175
395
398
2462
519
2774
630
5444
570
781
1376
537
4682
1066
2360
2248
35838
676
24991
1515
504
1692
1798
4078
1082
3778
477
851
799
821
3333
2303
2334
1414
1994
1782
4383
1504
3236
1049
12213
908
3704
32930
709
8350
1834
17697
3699
1178
3032
1167
3552
1036
1383
5222
4641
2808
6391
7576
1321
1822
1070
1073
1223
1875
1170
9802
1884
3401
1112
725
1015
1053
3360
628
8912
2637
1128
2570
962
2017
998
1857
10204
7741
3462
6934
1832
1037
6043
1036
17265
1485
144
651
0
0
0
336
685
658
1104
614
519
289
362
1277
5500
2753
2534
2190
649
8291
1172
4012
1129
1433
15765
2648
733
3421
1386
5171
21402
2887
1326
7361
2257
4177
2478
3463
2417
1112
9054
380
234
3827
939
946
1067
13124
2313
8189
632
889
1172
689
1239
1205
2103
2038
2277
3396
3495
2205
773
13203
1557
948
1236
1555
612
981
2342
736
1088
446
1115
642
458
790
826
639
142
430
383
762
399
347
513
1100
443
458
582
1834
873
400
7447
275
1070
1137
1001
1124
3822
1017
1292
464
1719
658
2147
2166
800
1099
843
19338
938
838
5764
1963
534
2378
4707
18292
464
883
1706
1324
3588
5265
6271
3236
3917
1550
2349
2612
795
2274
3699
1616
630
2275
13397
774
824
6249
447
2237
2803
545
2339
893
1461
8318
2152
2306
7623
907
1351
9926
7486
1488
527
4617
2706
2981
871
1529
892
4383
3241
4460
686
502
336
685
658
0
0
0
442
170
367
5838
528
517
1413
8268
2522
1655
8371
1068
17688
1115
3811
1646
3379
1326
4110
8258
1669
1765
1191
4008
35705
1858
6001
1554
1770
1220
1815
1276
2359
779
3988
2939
11342
701
3352
1407
4899
1008
2107
5671
385
3219
1009
1780
1509
1940
2107
1432
2164
933
5260
722
1312
461
2158
2373
505
552
480
8279
710
1501
4946
536
548
1676
640
1092
1105
385
339
514
436
7495
606
9845
1414
2394
3364
1222
1342
406
5451
3005
1328
1110
15063
4584
3445
807
1297
713
1862
608
2359
1398
4434
1133
1517
736
550
458
622
1327
1389
779
18264
1481
1433
4142
3073
510
1667
1009
2637
15978
805
1188
2760
5367
4979
1450
717
2498
1125
915
1840
1139
3484
1970
940
798
1274
1179
671
723
2371
582
2124
15876
1098
2288
9568
1331
1522
4404
1160
391
726
664
1591
825
12871
8913
1879
1799
1185
1029
1104
614
519
442
170
367
0
0
0
435
975
1990
2077
1624
3211
1723
1920
2023
713
1090
26482
1836
1167
12135
22265
4337
1334
6276
3086
3762
32378
5004
1985
1753
1747
2111
1723
1076
18807
806
319
1059
872
2713
791
1750
2421
1135
8476
689
846
4300
1930
1515
14202
537
551
9035
760
662
2884
1359
787
1222
3551
1498
829
638
705
2103
601
676
1712
1626
2234
797
716
461
540
819
335
1131
183
479
431
1575
985
1062
695
3806
2668
1148
1264
1006
1136
1345
2054
3008
3027
700
685
705
6308
4218
7707
793
4739
10663
1037
801
949
1750
4592
2019
1475
775
2506
869
1211
2772
1380
2648
895
1952
1912
4865
606
1212
772
5522
1693
1089
3366
2207
4722
4557
1797
1803
1049
1399
3440
1690
3159
354
1850
1140
3258
789
721
1195
4715
2010
1572
543
1566
717
691
2208
421
2703
1009
1383
1169
3954
1302
703
172
519
289
362
1277
5838
528
517
435
975
1990
0
0
0
2199
1985
2036
1463
843
2350
6111
2944
21546
1194
2077
14261
1294
2617
1928
3999
1744
1051
1597
4617
9175
2144
3195
1582
7677
4119
1483
305
366
761
432
384
311
1297
1632
20703
709
564
1229
3367
4130
2594
1475
9086
1782
1794
867
1147
998
2024
1745
955
3840
10880
1067
2640
1627
960
5346
1917
1800
996
1794
2775
4412
1542
1475
1826
1579
12447
6151
669
1833
1047
2075
771
11478
2001
2687
1239
916
3794
2902
1006
1481
2653
6288
850
691
2802
2228
763
3450
352
829
1786
677
504
975
3503
1087
1493
4349
941
871
550
867
707
9914
1117
529
388
307
260
1038
1544
704
3429
818
473
1216
4649
870
3241
1344
8862
20209
3390
869
3204
1277
880
823
698
1757
1586
5553
1763
2767
2556
1356
10444
3636
5029
6098
944
2340
823
733
2879
1662
1414
3923
5145
2698
2743
5500
2753
2534
1413
8268
2522
2077
1624
3211
2199
1985
2036
0
0
0
347
213
226
2586
3869
1919
103
473
295
690
2069
1256
615
2169
203
196
158
100
250
316
517
1050
1320
3112
5864
6440
2032
1291
4186
9500
4148
17388
13918
42827
3999
2565
11459
81771
2873
2367
2957
1069
733
1806
992
1680
1612
774
565
1781
3175
3373
730
1610
4695
522
22357
1321
990
5946
4106
2639
750
4289
723
3606
2220
1191
1392
849
1707
5167
6734
812
4763
1141
1675
1402
718
833
1131
1072
1030
638
369
967
1018
1888
642
1031
1220
389
285
988
349
479
479
8607
1127
2812
331
787
531
379
728
2676
778
825
1386
623
2941
344
634
559
7614
4383
1144
1184
378
1037
1436
5101
1821
618
742
682
994
1137
3599
585
2612
1771
1234
2033
2161
4619
1835
641
992
3503
1937
3057
5605
932
859
964
1501
1496
3217
897
13418
2744
3068
2190
649
8291
1655
8371
1068
1723
1920
2023
1463
843
2350
347
213
226
0
0
0
4582
5501
2058
55
93
115
1866
569
1101
608
715
886
405
261
254
759
1411
831
558
5104
3562
981
2632
2920
1911
5766
3874
4678
2273
1294
8182
3298
5226
3352
1583
2163
6194
719
10432
4318
5964
678
1007
1772
1746
1556
1590
1554
4649
769
1077
5149
4073
2276
1353
807
1364
888
1512
4684
7535
3829
1298
13833
3178
7691
661
645
2341
4831
641
3248
600
1089
3921
598
612
777
2537
511
750
852
2108
636
632
389
4562
717
1226
1151
1272
35169
588
6960
1093
2930
1289
2847
2042
15246
916
1595
2329
1302
6455
1678
4694
1216
1195
1199
845
38031
1169
6241
1706
573
2722
1313
3674
2283
4311
1238
1799
3463
38074
1154
648
1378
3991
1395
1244
1326
2249
850
7347
931
1098
3309
1904
3780
1572
1540
840
4510
2338
10137
1435
1584
8112
5539
1172
4012
1129
17688
1115
3811
713
1090
26482
6111
2944
21546
2586
3869
1919
4582
5501
2058
0
0
0
1799
1006
1739
1227
3425
4377
1801
1861
2002
942
5183
8061
3207
1568
2208
1381
1216
3385
1771
4749
5295
2104
3787
2160
3085
31563
1192
9462
1462
2714
3165
2750
20338
1718
1051
1372
1211
1061
473
609
1172
1447
1878
1443
814
740
1042
1012
775
1060
1219
2109
1227
1198
880
1381
2115
2103
622
986
994
2115
433
1315
1347
4287
9783
937
1754
1450
1884
20178
1410
832
860
1740
1576
766
984
819
15315
555
1282
588
348
354
629
578
842
474
4283
815
1226
11413
790
627
1373
883
292
426
1091
945
1903
992
1456
291
2805
8290
579
2638
4186
466
8873
337
4245
1395
571
26515
936
566
11613
907
1584
2667
1398
3649
1147
2856
4145
1280
1548
2600
4873
11113
1128
1635
3100
1469
949
3340
1856
5561
6146
1016
2211
1621
2049
1433
15765
2648
1646
3379
1326
1836
1167
12135
1194
2077
14261
103
473
295
55
93
115
1799
1006
1739
0
0
0
396
737
530
488
1725
783
67
62
986
848
820
702
15413
980
903
15530
2967
5123
3348
2582
1939
1405
1404
1853
1079
9871
2098
3827
1454
2351
2135
9916
1933
1596
1278
2009
1127
1042
8439
2066
1882
2021
2561
2909
2236
908
3557
839
3634
21335
695
2807
3085
927
16174
1909
1069
7603
8808
9592
6356
3576
1165
4987
1940
3492
2488
493
1512
2137
10533
662
1704
1283
1103
1479
2881
274
476
4203
716
3268
680
614
824
979
1337
1749
614
958
1733
747
1470
19489
842
2866
804
1239
591
1239
1844
873
5297
4865
1884
2410
688
25545
3383
894
3417
681
818
16187
4105
1805
1195
11042
5290
2047
982
5492
2043
5377
1894
895
494
1902
2306
9977
1631
5935
2762
670
2268
1532
5658
1929
602
2152
1957
1033
1713
3378
733
3421
1386
4110
8258
1669
22265
4337
1334
1294
2617
1928
690
2069
1256
1866
569
1101
1227
3425
4377
396
737
530
0
0
0
1269
8476
4002
1365
1490
774
2879
2694
1186
1745
3001
2489
1441
9921
2000
4902
1044
1587
5687
2235
14815
2188
4827
2302
4882
2196
3486
3443
447
7765
2172
3906
2012
967
2522
719
1260
1319
2860
826
1089
1400
1425
7752
2394
3393
29013
15494
14208
898
594
2731
764
711
2210
2294
2603
26991
1408
616
1814
1272
1514
599
925
1350
1212
1027
838
9761
1026
3374
1075
1141
543
1119
1351
577
2233
1149
6589
1511
2153
826
1536
2137
729
555
1598
1655
547
1313
811
1265
1014
746
1550
1425
2323
492
667
532
1374
980
1228
4295
529
1594
852
1514
504
976
890
3410
1264
881
967
3058
7191
35565
1171
4927
1253
1751
1605
48100
961
3738
2434
1552
11064
1461
1548
1959
1272
11473
756
4141
1517
2066
2543
5171
21402
2887
1765
1191
4008
6276
3086
3762
3999
1744
1051
615
2169
203
608
715
886
1801
1861
2002
488
1725
783
1269
8476
4002
0
0
0
422
257
353
167
4777
276
1597
1914
19224
2791
13200
5795
1446
1945
1410
38528
47801
9811
3929
1575
1756
1441
3266
10361
1719
3356
1343
1082
1920
501
1063
1547
3126
1222
1405
5170
801
6241
7867
1403
20011
1086
1426
46364
1855
2151
2380
6334
1178
1208
629
743
973
860
1539
946
9530
3990
981
2763
727
2614
665
1131
7430
1929
1600
1937
4182
924
9600
2792
10289
3755
2258
321
1396
3035
1322
1802
2012
249
813
2121
384
1065
1761
386
182
465
1129
4983
3991
391
581
255
1466
636
409
336
1106
776
2293
1013
1324
9549
5162
10088
12808
1997
1383
1443
3968
2589
534
1300
1696
971
458
831
3832
795
936
12417
737
972
1503
1219
1000
4171
1945
1370
3296
1281
5008
2730
1962
6539
1326
7361
2257
35705
1858
6001
32378
5004
1985
1597
4617
9175
196
158
100
405
261
254
942
5183
8061
67
62
986
1365
1490
774
422
257
353
0
0
0
4849
1557
2608
980
1599
1906
7155
4386
1349
1797
3981
1450
867
1657
1044
7433
3194
4023
8064
1750
2271
6679
2065
1063
8450
700
3140
1750
1153
910
1408
2664
2998
978
4253
866
15066
13673
1107
35373
2489
3889
2903
3538
47946
2696
1101
1119
63178
11304
1878
7161
1601
2671
5353
5855
2347
40271
2030
2571
1236
989
4399
9802
1355
863
3080
1141
12500
2506
931
1471
681
654
773
999
1269
988
1353
1105
14170
839
2086
837
1500
2623
4439
1511
1353
2656
1331
2339
512
2302
1185
529
1159
6308
1147
2360
1545
1654
1808
1301
1071
4298
1715
1276
6054
11469
1645
1266
1685
4241
628
12580
4073
1221
756
1875
4734
2042
669
1782
3088
908
10731
8969
1596
1069
1917
3369
1773
2968
2453
4177
2478
3463
1554
1770
1220
1753
1747
2111
2144
3195
1582
250
316
517
759
1411
831
3207
1568
2208
848
820
702
2879
2694
1186
167
4777
276
4849
1557
2608
0
0
0
4806
1020
1372
1768
3609
6415
7342
723
4075
6240
1200
15352
10671
1943
2084
1838
2002
2881
37611
3182
2159
930
1251
4037
1140
2369
861
1194
1093
2462
818
1403
23157
2386
1423
3350
17570
784
1160
446
2322
1984
4235
1856
2225
2054
2858
793
9891
7951
868
3192
411
955
1360
836
1024
5886
6614
1304
2063
1758
2250
2011
1933
1659
580
947
991
15210
1006
2268
15487
645
2093
3634
5283
24027
915
778
745
3117
1259
1526
1154
457
2366
1884
724
5105
1466
966
1185
2513
1841
7090
723
1317
3626
1559
442
1355
871
3561
1040
1076
551
3099
1356
8153
1729
3321
1725
630
2235
1019
1252
844
1533
933
822
1989
871
3993
837
487
3600
679
1125
1445
2122
2959
2417
1112
9054
1815
1276
2359
1723
1076
18807
7677
4119
1483
1050
1320
3112
558
5104
3562
1381
1216
3385
15413
980
903
1745
3001
2489
1597
1914
19224
980
1599
1906
4806
1020
1372
0
0
0
12100
2886
2825
8841
6170
681
1316
3804
757
1313
1628
5280
1899
2827
7034
1380
5382
7532
3574
3247
1566
997
1038
1626
1704
791
1640
3644
1546
988
966
1765
3821
736
2001
1124
387
1047
1408
2058
1143
1164
1161
5784
3517
407
16204
730
1741
24948
1501
476
3976
6759
3531
927
1347
1746
5129
2212
735
1149
10550
818
3122
1438
2886
1237
2893
4697
4261
1252
7196
1726
45482
991
3943
1704
8664
1293
4863
975
10041
7543
841
1405
4813
15119
1889
3323
775
1170
3964
2993
1560
5014
3537
8630
1626
3531
3146
1525
1837
1430
1632
1204
1680
32157
1490
2127
965
1448
3294
34449
2843
590
9832
848
1136
1307
1589
1172
1731
5065
2204
770
129
112
169
380
234
3827
779
3988
2939
806
319
1059
305
366
761
5864
6440
2032
981
2632
2920
1771
4749
5295
15530
2967
5123
1441
9921
2000
2791
13200
5795
7155
4386
1349
1768
3609
6415
12100
2886
2825
0
0
0
687
1751
6047
1497
27152
9969
2526
195
649
3765
1620
1073
950
2194
4006
391
1481
6586
588
2417
665
515
1049
3044
423
960
1557
547
523
649
2021
461
1896
579
2632
1122
4525
1789
1160
2733
8435
1121
437
343
1263
1363
743
7710
4072
744
1041
1395
12725
919
1400
716
22262
3406
3148
3503
1503
2581
648
10224
2097
6110
2443
3033
3911
1356
753
1905
1244
4720
8125
1226
1240
1874
961
1341
651
4868
1188
3284
753
664
2202
1171
2522
10070
7154
959
2545
595
1432
8299
415
2733
2277
737
1047
818
620
2469
1499
692
483
1805
600
1098
1041
152
432
4697
496
2397
322
11945
426
426
1162
1959
1113
435
507
809
939
946
1067
11342
701
3352
872
2713
791
432
384
311
1291
4186
9500
1911
5766
3874
2104
3787
2160
3348
2582
1939
4902
1044
1587
1446
1945
1410
1797
3981
1450
7342
723
4075
8841
6170
681
687
1751
6047
0
0
0
2746
3325
1213
394
463
4267
502
216
6369
4471
2618
18548
995
4060
1224
475
436
809
1696
536
7120
1531
2224
1528
846
3904
1812
1052
6271
1299
2279
5795
14446
1892
1324
7899
1190
1853
6539
6565
2409
1298
2346
1189
1254
6684
1586
4602
9287
1083
5874
3267
2575
2118
3226
21050
1122
2890
1186
3409
2123
2178
15923
6693
2169
7126
1204
2461
2757
7726
1218
3055
1459
1005
2313
2312
1504
11833
623
2794
6738
1096
874
1367
2128
6556
1084
981
4238
1277
1177
1743
806
1356
867
1099
395
742
698
11623
1671
1520
798
661
766
4983
1202
3081
560
1199
1095
1200
279
634
3872
1301
499
2079
967
1024
3831
1129
725
13124
2313
8189
1407
4899
1008
1750
2421
1135
1297
1632
20703
4148
17388
13918
4678
2273
1294
3085
31563
1192
1405
1404
1853
5687
2235
14815
38528
47801
9811
867
1657
1044
6240
1200
15352
1316
3804
757
1497
27152
9969
2746
3325
1213
0
0
0
15266
951
1591
351
875
499
1118
3251
7627
2400
3727
1097
840
2771
941
1260
1383
1445
637
9364
5129
1106
1073
1237
1418
3312
713
1377
1583
504
3938
799
2066
1585
512
11915
2330
390
827
2510
1001
1769
1412
676
481
1894
2729
5328
3884
829
778
971
2220
1063
1322
2055
6655
9003
4073
2870
1109
1262
3523
926
830
1214
1018
7187
2260
1077
2857
2055
8071
1188
2881
770
915
1138
77601
4729
22574
1029
1746
2492
1255
821
1752
1886
658
20036
1453
1792
678
6290
3628
751
5551
473
1034
560
889
4847
1302
881
3239
981
404
1026
399
2116
1221
562
573
3263
1220
2361
401
193
935
159
632
889
1172
2107
5671
385
8476
689
846
709
564
1229
42827
3999
2565
8182
3298
5226
9462
1462
2714
1079
9871
2098
2188
4827
2302
3929
1575
1756
7433
3194
4023
10671
1943
2084
1313
1628
5280
2526
195
649
394
463
4267
15266
951
1591
0
0
0
1081
456
1120
822
13531
633
1153
627
13380
6545
1563
17305
1191
6708
2826
817
3139
4985
2077
4003
894
450
1474
542
1672
1108
4629
787
1957
1457
1797
4143
385
3023
2805
1175
2124
8729
3100
2951
3238
1065
1271
27854
2760
3264
1013
1709
1362
2039
1304
10030
7056
3472
3191
3168
2414
2695
3997
937
968
979
38704
954
733
1452
7548
1851
1423
1354
624
3120
1553
2300
1555
1024
4036
14946
1433
2850
917
2603
7378
898
2595
1071
1701
1353
1636
2426
1501
611
2155
13115
932
1904
1048
1171
1114
1808
1058
372
4733
886
11291
355
1719
1287
1856
1343
940
3553
1025
406
1181
652
1398
689
1239
1205
3219
1009
1780
4300
1930
1515
3367
4130
2594
11459
81771
2873
3352
1583
2163
3165
2750
20338
3827
1454
2351
4882
2196
3486
1441
3266
10361
8064
1750
2271
1838
2002
2881
1899
2827
7034
3765
1620
1073
502
216
6369
351
875
499
1081
456
1120
0
0
0
3704
3768
6967
35239
2128
2850
6053
1135
1100
1009
4060
790
8034
13092
4719
8628
2461
5422
3540
4949
1153
1782
8465
1881
759
1879
529
1016
929
7485
583
4882
651
4360
6219
1920
1453
9641
2582
2154
438
604
1759
1035
1283
1911
557
7796
2410
2704
831
815
1149
5759
1573
2048
1950
1657
2477
2283
1637
3741
1062
5293
1581
1515
2448
3244
3442
2651
1916
2072
1205
8047
8129
1559
2020
1637
1467
1382
659
1232
1091
2561
27655
3954
898
5513
803
1927
635
6923
2143
1418
7071
14711
3118
2210
1081
1527
7558
3645
1351
2989
2192
1996
1256
31725
25458
2730
922
1250
5048
1488
2103
2038
2277
1509
1940
2107
14202
537
551
1475
9086
1782
2367
2957
1069
6194
719
10432
1718
1051
1372
2135
9916
1933
3443
447
7765
1719
3356
1343
6679
2065
1063
37611
3182
2159
1380
5382
7532
950
2194
4006
4471
2618
18548
1118
3251
7627
822
13531
633
3704
3768
6967
0
0
0
