C_ijk
0
0
0
71
115
70
253
52
245
759
112
121
185
232
299
528
1467
1317
329
130
180
450
317
1529
239
955
1151
387
3011
534
103
180
140
492
301
1344
1181
3840
1135
429
711
303
2448
763
1403
201
996
286
1954
700
575
317
512
406
343
329
304
1687
1758
521
471
551
2989
1433
280
302
398
1351
279
422
276
1263
117
164
82
1160
147
238
432
579
199
158
467
3089
656
559
804
275
550
201
690
806
519
209
400
299
1480
273
445
269
2360
465
915
5493
236
3451
3740
437
766
1362
750
3772
745
625
356
776
289
538
900
1745
3561
949
1541
1500
2518
3340
1396
464
1042
1432
1861
3091
1984
1264
1257
1281
2310
1773
8183
2026
4050
8393
501
651
1964
1467
2888
6152
1618
1711
6551
2707
1378
2092
1504
4857
5128
508
1631
533
1834
7626
2326
2579
993
1554
1545
1469
71
115
70
0
0
0
195
919
106
50
92
286
394
289
323
1737
1460
589
159
358
1629
5746
288
1296
523
433
287
380
2218
2262
1202
1633
907
343
922
3469
469
1170
826
8135
449
918
1453
2129
497
353
116
104
1146
401
3672
769
1182
1065
307
609
486
576
641
3226
2258
317
348
162
167
542
868
477
762
1112
4136
278
1350
117
2094
398
1487
812
615
1686
338
168
876
145
342
1095
247
459
1084
1083
280
1188
411
357
127
418
319
434
738
1591
535
225
456
462
211
1294
249
3204
1206
14283
827
968
10702
1369
834
515
1020
6270
3803
2239
1841
542
554
1620
839
5073
769
2101
3089
2721
2244
2987
672
1444
8770
7508
11079
21751
1539
1324
2778
799
13941
1520
35010
1235
2699
1012
651
1059
1320
30244
6206
2530
1989
764
1672
1321
2898
2018
6777
1801
430
1062
2756
775
1346
2169
253
52
245
195
919
106
0
0
0
94
61
92
1089
758
840
666
310
8111
170
329
1213
391
1159
4492
613
681
1063
2642
415
364
389
988
372
218
193
415
6778
1139
557
767
6068
879
542
384
460
337
475
1457
2553
4446
1207
529
2675
453
5338
419
4650
1522
374
470
384
1511
438
290
101
755
1997
749
395
754
725
672
188
200
135
375
323
2107
1220
185
271
1135
123
214
419
470
647
74
188
165
952
422
558
238
287
537
172
151
802
1183
568
194
571
231
240
704
5903
552
5014
13986
1035
2194
2475
1664
4117
3566
1663
8897
891
1642
3290
491
3639
1313
17407
4015
1499
1691
361
2357
973
1592
547
307
647
9724
1533
2423
980
1986
11295
765
2555
1551
2525
14608
1898
1130
635
1710
3456
1450
1599
1569
4403
4455
1059
916
1424
1580
919
20086
2286
1996
627
4304
825
5099
759
112
121
50
92
286
94
61
92
0
0
0
342
422
315
942
580
1058
192
699
373
487
340
700
8588
892
972
162
807
240
1575
1187
1653
410
288
197
757
1956
2273
597
995
210
313
359
251
1990
430
304
1122
513
4586
748
4100
1583
891
2192
156
397
644
556
306
370
188
158
85
86
176
320
172
372
235
620
66
132
46
1108
183
240
150
104
163
84
107
80
392
729
536
368
113
259
368
467
957
644
602
196
2136
504
457
284
853
608
1781
705
455
1424
683
448
1207
3335
592
584
838
15566
559
833
876
1813
3694
4601
2022
1305
2822
689
960
503
478
325
2730
2539
1219
1880
973
2049
1371
3394
1639
708
668
856
2534
815
1203
1033
1848
3750
764
449
13642
559
12224
5799
1219
2131
716
1534
611
4349
6031
2906
1492
6315
1502
1211
6154
4738
4371
829
185
232
299
394
289
323
1089
758
840
342
422
315
0
0
0
1009
237
84
42
558
166
282
219
238
1538
170
944
900
963
4173
415
300
157
4329
1507
1445
346
535
968
2037
517
1763
1661
470
1051
149
491
386
1096
547
328
5104
392
309
980
564
336
1416
374
872
7961
664
2904
940
1103
834
216
8642
591
817
1966
616
384
268
642
806
662
1095
599
421
653
208
651
258
499
764
1263
255
398
342
2405
724
1296
563
2203
913
143
214
132
204
349
946
247
1211
184
181
530
273
571
583
1357
1626
487
5170
1796
822
1070
1048
693
760
766
718
1005
1816
21605
2794
746
715
3371
778
1288
1282
684
712
1066
2617
1924
2721
4904
3830
8234
1538
491
6489
4279
1040
4311
6725
1062
7110
2011
8930
4212
1034
1773
1896
576
4187
1011
28851
851
5632
2560
951
1613
4695
1743
4231
528
1467
1317
1737
1460
589
666
310
8111
942
580
1058
1009
237
84
0
0
0
230
294
370
520
3108
220
312
10276
391
272
400
200
192
269
409
573
1621
2808
1282
4246
1016
1869
955
622
1131
565
337
3269
323
7383
653
5869
874
722
2474
563
2786
387
359
1190
763
6323
4157
900
3274
587
748
492
1166
847
1001
1954
539
3221
497
4702
639
831
955
725
1156
512
7544
1077
270
1481
853
552
481
389
10622
468
1065
660
921
562
1314
484
455
270
515
172
653
244
3190
477
2896
668
617
168
1656
982
1107
1144
429
1415
494
350
515
989
714
1345
3546
2673
816
801
1719
1050
638
2352
1116
1284
1245
4018
1043
2306
1447
2542
850
1257
2174
2793
1546
2521
793
2229
1221
25392
27524
646
641
1169
1107
1191
2456
989
12704
1349
1579
1640
1403
952
1119
268
1450
2282
754
1388
645
852
329
130
180
159
358
1629
170
329
1213
192
699
373
42
558
166
230
294
370
0
0
0
285
694
346
170
350
463
817
234
264
180
101
2162
319
229
5607
945
250
4921
2106
573
1008
341
480
829
232
832
190
1449
1459
830
8522
379
552
395
1678
3428
1090
730
503
1716
1242
1067
348
521
537
317
18915
9177
680
10665
450
638
233
907
519
571
792
1216
910
693
2760
521
1336
794
892
577
253
1028
250
1068
641
16072
3145
187
344
225
6028
248
936
346
3303
381
381
4432
178
379
274
6409
850
916
1233
424
739
1381
464
4618
1408
2533
1227
1648
2068
1290
2800
4267
2225
675
5385
3660
821
686
18533
2224
866
2460
1154
10161
808
965
11022
721
996
6013
1476
3088
10435
1431
738
5318
795
445
1460
1463
10514
1267
505
1164
906
717
787
1761
304
1433
957
6640
9466
1429
1993
450
317
1529
5746
288
1296
391
1159
4492
487
340
700
282
219
238
520
3108
220
285
694
346
0
0
0
47
138
32
14
67
7
332
705
1861
179
289
655
348
414
660
637
1974
2759
536
494
1996
303
997
1172
1023
1202
3535
6441
12182
588
1946
11529
2775
735
1018
920
3382
898
2189
584
648
409
3664
2944
3381
2634
446
993
1345
857
1846
860
498
1123
862
742
1582
1575
1384
1001
440
31312
582
834
1032
535
1460
819
2001
1081
567
413
498
470
1034
6958
753
5247
1697
4144
720
2561
680
717
4470
2290
1815
1311
9680
1379
633
511
358
547
738
514
546
1617
575
698
4797
1494
1937
751
695
1286
2023
364
4767
1905
1103
1951
1849
1294
2120
517
1652
1247
1016
6388
2417
4306
2508
2178
2284
11363
736
3919
807
2046
699
3121
1092
798
10383
1491
793
998
522
1037
888
13222
1264
1277
239
955
1151
523
433
287
613
681
1063
8588
892
972
1538
170
944
312
10276
391
170
350
463
47
138
32
0
0
0
54
289
38
168
575
353
508
402
918
629
144
464
672
507
2048
1727
240
1086
827
461
422
433
848
487
314
632
1676
1026
1061
300
1795
1477
828
10482
11845
438
1564
527
727
973
1160
1234
927
1222
890
1490
931
846
1257
2113
1946
701
481
2862
1424
731
1239
411
1389
7008
1104
4754
655
1014
824
1331
766
1678
541
2046
1267
330
1379
475
1445
777
829
318
1537
613
781
3799
675
789
18121
867
7781
331
387
258
188
292
292
4738
345
744
2332
14889
1101
7061
2492
1345
513
1118
572
919
2263
8539
3646
2451
4992
1499
879
1803
3740
2301
5486
6843
2863
8818
2672
1809
1505
2621
937
1997
2224
829
9495
1403
1676
11247
3346
640
1287
2226
1886
1226
700
1801
1812
387
3011
534
380
2218
2262
2642
415
364
162
807
240
900
963
4173
272
400
200
817
234
264
14
67
7
54
289
38
0
0
0
689
648
7760
2109
1216
282
9256
232
7583
629
231
437
327
210
330
1194
662
12570
439
877
631
1191
551
2602
2125
496
503
597
461
510
5421
557
4252
383
713
760
2615
4855
799
657
2980
938
549
1671
637
884
2639
818
6978
618
3644
2115
574
322
609
893
4460
632
795
247
7225
544
541
1890
1692
1644
1228
391
712
1136
1231
732
766
3698
1086
4774
829
324
6284
3956
1790
365
1698
3524
202
297
474
904
1534
688
464
718
895
2917
537
1297
855
1331
1058
459
756
1349
547
960
3814
1587
3384
1783
10925
551
1168
8367
10408
2185
580
2486
1211
1308
911
1154
617
658
1964
10940
782
1565
1787
3042
1160
482
579
3205
628
8582
2697
968
3707
1211
103
180
140
1202
1633
907
389
988
372
1575
1187
1653
415
300
157
192
269
409
180
101
2162
332
705
1861
168
575
353
689
648
7760
0
0
0
314
139
262
309
651
893
628
1426
166
854
114
653
205
987
507
294
1919
4339
2814
264
487
5937
512
1966
896
714
179
358
227
903
535
346
673
414
212
297
299
1119
1102
631
6209
201
716
639
444
549
245
679
2536
2473
500
3039
774
713
201
1971
427
295
352
641
154
438
421
643
304
406
386
439
1583
375
627
2500
10887
167
451
3038
1411
2292
1573
563
5194
1411
1021
1032
403
2956
5700
843
7399
691
1590
2125
2363
1331
1930
3399
819
707
839
1717
689
1319
1316
576
1099
1211
3409
1120
632
1693
504
3558
10345
585
4367
892
4914
2000
3284
1266
644
1498
1193
3822
1053
20510
766
1310
2306
3926
4943
2896
925
10176
1777
492
301
1344
343
922
3469
218
193
415
410
288
197
4329
1507
1445
573
1621
2808
319
229
5607
179
289
655
508
402
918
2109
1216
282
314
139
262
0
0
0
207
551
287
164
508
2244
155
122
2638
457
460
421
4797
582
5832
490
905
353
406
315
370
263
375
646
366
1508
218
1904
384
404
331
3490
331
1835
771
8381
319
929
316
844
629
337
576
244
552
807
1148
484
2450
791
515
353
837
660
550
619
1648
355
879
4199
478
248
763
513
4640
973
2066
509
309
1668
726
760
3522
29343
6235
18555
10109
879
835
515
522
1399
629
889
11561
4379
759
390
1084
708
493
3047
5348
1164
4854
3714
2021
763
578
710
4491
430
4907
22478
2535
814
2125
2635
1449
910
3349
1127
1645
1573
4295
1331
986
1708
1895
1668
2312
1676
905
10477
2497
558
1498
2542
795
2156
4177
407
1181
3840
1135
469
1170
826
6778
1139
557
757
1956
2273
346
535
968
1282
4246
1016
945
250
4921
348
414
660
629
144
464
9256
232
7583
309
651
893
207
551
287
0
0
0
32
106
83
866
71
223
481
1372
371
3972
2541
266
5616
685
254
248
223
3953
988
680
419
1553
3560
1763
387
1335
2087
303
236
4436
9547
1667
392
493
731
409
389
1745
2243
618
622
3618
1585
6038
2457
1426
6565
23925
863
1212
567
1288
2016
1767
1485
1376
865
2115
2281
947
8490
789
1162
980
1000
878
987
583
1801
11270
1725
669
4224
749
925
1182
3151
436
749
1684
622
9955
1858
1589
1091
2812
1690
1118
11021
7364
893
1229
394
942
3709
851
6203
1056
1131
994
2946
6103
582
1738
492
1817
2873
777
2880
5645
955
14815
6333
1150
1506
1218
3560
30855
5964
1173
1306
651
720
3565
1180
1168
1067
2388
2705
429
711
303
8135
449
918
767
6068
879
597
995
210
2037
517
1763
1869
955
622
2106
573
1008
637
1974
2759
672
507
2048
629
231
437
628
1426
166
164
508
2244
32
106
83
0
0
0
137
80
114
250
611
352
728
1745
297
291
846
392
266
213
1639
221
274
182
1619
1874
1546
6756
2597
1073
380
1783
1025
5309
618
453
8376
1022
1668
6765
789
3209
1349
1226
515
465
507
1667
1902
583
1376
496
972
915
686
1330
6400
1189
3655
879
785
928
579
1393
1817
1325
1666
1048
1850
805
1634
1725
1481
3724
1342
27204
728
1110
516
468
545
432
2683
834
2819
913
495
4982
2729
1356
972
1571
2035
1262
1111
545
3091
1466
1176
1130
677
8467
2984
471
1184
5711
881
1287
4271
2080
1205
739
940
1805
2245
17510
6838
3081
1023
7214
19436
3232
1983
1095
836
2021
4684
541
1639
368
3998
761
2448
763
1403
1453
2129
497
542
384
460
313
359
251
1661
470
1051
1131
565
337
341
480
829
536
494
1996
1727
240
1086
327
210
330
854
114
653
155
122
2638
866
71
223
137
80
114
0
0
0
817
953
314
271
226
259
717
2428
237
384
258
337
440
281
354
459
477
247
719
458
742
1544
756
533
2397
214
978
865
13453
1044
772
2805
1161
1137
612
7068
653
1356
1493
4099
950
1940
312
958
493
462
1177
850
329
1478
752
1462
541
747
2454
2232
1207
906
950
385
1919
2467
8479
6717
2216
2664
6323
1020
2380
1355
484
996
605
10575
900
3584
501
605
879
1076
2133
15978
4997
2119
17391
3188
1703
7584
1187
2281
1398
3651
619
590
1341
1036
1080
1952
21674
5760
4203
12792
1883
3391
1162
1407
646
12778
1175
14222
1993
11498
1213
12326
1050
3162
7916
4096
2656
8751
717
1654
2468
201
996
286
353
116
104
337
475
1457
1990
430
304
149
491
386
3269
323
7383
232
832
190
303
997
1172
827
461
422
1194
662
12570
205
987
507
457
460
421
481
1372
371
250
611
352
817
953
314
0
0
0
169
436
273
252
404
771
601
271
314
149
269
455
407
728
670
78
505
121
355
244
955
2320
471
295
237
357
264
300
558
399
591
244
188
253
381
201
2227
431
722
1017
2661
243
831
690
2131
387
555
186
876
482
588
663
703
1905
412
384
438
782
675
2578
2004
3060
1707
1301
527
1129
946
635
1766
815
20141
1044
1022
494
1298
1307
680
791
692
498
1754
901
6317
9394
2430
1028
669
4107
1077
1584
600
793
1392
1323
1478
1224
1825
5515
3984
546
1299
614
1567
1711
1377
2740
712
5907
2102
1394
5748
12051
1670
3963
9808
572
14224
1962
4555
1984
1954
700
575
1146
401
3672
2553
4446
1207
1122
513
4586
1096
547
328
653
5869
874
1449
1459
830
1023
1202
3535
433
848
487
439
877
631
294
1919
4339
4797
582
5832
3972
2541
266
728
1745
297
271
226
259
169
436
273
0
0
0
103
133
43
359
433
273
719
191
878
1106
135
281
699
374
942
162
173
298
284
1712
252
620
476
301
438
1523
6723
437
2034
969
894
1786
472
2443
1595
880
1980
352
10262
1332
1619
5590
927
877
974
1375
1214
921
518
662
1845
647
488
1901
3603
689
2666
3002
13008
1352
1510
3618
2338
1704
602
2931
1224
2112
1416
703
1634
6535
372
565
853
212
268
1018
1036
858
454
728
459
398
517
566
1098
1064
2543
1054
1349
4873
539
822
744
1048
1048
1658
1825
2620
2336
2012
953
792
2690
1032
2889
34768
4769
6426
1851
2092
6906
3721
2367
541
1602
317
512
406
769
1182
1065
529
2675
453
748
4100
1583
5104
392
309
722
2474
563
8522
379
552
6441
12182
588
314
632
1676
1191
551
2602
2814
264
487
490
905
353
5616
685
254
291
846
392
717
2428
237
252
404
771
103
133
43
0
0
0
64
210
70
437
771
49
740
148
180
422
625
1118
470
279
223
3606
263
492
637
10610
363
2010
2969
883
262
288
278
324
870
510
2922
1762
478
1903
3425
1304
599
389
1074
494
1632
458
2427
4377
1430
1662
1143
585
2226
7280
713
1946
2157
411
6987
2690
1728
862
4642
982
6731
857
1975
1601
2383
623
971
1340
1435
1167
2335
3319
355
954
8924
2478
480
1143
2485
4353
903
4144
1814
373
452
1951
699
801
517
971
1756
1603
2746
12146
1339
562
1386
36329
15524
2133
3931
8548
1103
4344
3060
966
3268
1597
1894
883
11760
1731
4246
1249
343
329
304
307
609
486
5338
419
4650
891
2192
156
980
564
336
2786
387
359
395
1678
3428
1946
11529
2775
1026
1061
300
2125
496
503
5937
512
1966
406
315
370
248
223
3953
266
213
1639
384
258
337
601
271
314
359
433
273
64
210
70
0
0
0
63
182
51
164
130
1102
315
149
1918
286
223
276
387
476
1680
383
447
2676
440
1509
2261
510
214
3531
694
829
559
2905
347
2661
4471
429
900
507
1141
1196
2242
464
9842
1067
608
548
567
782
818
4095
5828
591
945
1774
1235
2279
2313
872
13813
5068
1705
3914
936
1022
2105
3264
1262
1013
6185
1670
600
621
1178
431
493
3835
2140
757
1797
665
327
310
355
623
625
1095
746
38426
997
560
322
632
545
3194
1212
586
846
1288
784
2961
4295
1959
36328
2584
9756
794
1918
3812
29141
1686
1007
778
1508
3287
995
1687
1758
521
576
641
3226
1522
374
470
397
644
556
1416
374
872
1190
763
6323
1090
730
503
735
1018
920
1795
1477
828
597
461
510
896
714
179
263
375
646
988
680
419
221
274
182
440
281
354
149
269
455
719
191
878
437
771
49
63
182
51
0
0
0
311
207
1411
424
969
2937
297
513
1291
380
291
1349
619
766
366
818
427
528
1346
11151
571
1190
3491
615
2680
709
1621
5092
4004
1273
488
581
675
449
246
459
627
1041
502
706
560
603
1706
5272
905
3599
1540
2695
2675
1339
2126
883
8720
7886
1084
1104
599
51662
577
2850
18255
798
1649
670
2697
1093
876
855
12000
2270
483
2534
1077
6726
975
278
913
16041
1271
1516
1108
565
953
1054
7779
1145
2553
2702
1503
3490
1395
4307
2768
4172
770
1627
1316
8753
4422
8434
1503
1131
2864
5960
2365
1338
19346
1093
471
551
2989
2258
317
348
384
1511
438
306
370
188
7961
664
2904
4157
900
3274
1716
1242
1067
3382
898
2189
10482
11845
438
5421
557
4252
358
227
903
366
1508
218
1553
3560
1763
1619
1874
1546
459
477
247
407
728
670
1106
135
281
740
148
180
164
130
1102
311
207
1411
0
0
0
194
652
583
201
108
125
64
129
95
288
410
286
156
311
216
203
221
343
141
484
155
426
857
5406
307
800
1308
373
303
935
1620
3802
1033
6018
968
1378
989
797
1187
469
11292
2055
2704
12183
18894
808
961
1338
5416
3271
2357
640
2052
1641
1189
3325
1709
1734
1328
762
582
987
330
373
394
9155
25527
805
966
4710
555
741
975
756
1973
609
966
1974
231
721
733
2338
1269
1044
3319
591
707
1345
3597
1538
15223
1117
1306
6225
2457
1162
1707
4386
609
1435
1025
1747
2474
1699
1325
1433
280
302
162
167
542
290
101
755
158
85
86
940
1103
834
587
748
492
348
521
537
584
648
409
1564
527
727
383
713
760
535
346
673
1904
384
404
387
1335
2087
6756
2597
1073
719
458
742
78
505
121
699
374
942
422
625
1118
315
149
1918
424
969
2937
194
652
583
0
0
0
62
139
440
4106
199
2330
141
115
69
321
958
233
1716
191
91
493
313
257
986
2925
935
244
827
246
347
212
346
336
179
407
1148
763
410
923
765
914
393
212
315
797
1247
1765
1000
1126
2937
1668
1052
2797
523
772
2409
3339
818
3670
1445
2057
1024
1424
1684
1339
8756
1404
1602
483
1765
14584
492
933
542
1440
1728
4323
1213
686
3098
2940
4930
425
2967
420
675
3734
5447
952
1383
1279
4485
844
2444
5092
1462
8139
1582
1722
2264
6109
5181
1892
1013
2956
2287
2031
398
1351
279
868
477
762
1997
749
395
176
320
172
216
8642
591
1166
847
1001
317
18915
9177
3664
2944
3381
973
1160
1234
2615
4855
799
414
212
297
331
3490
331
303
236
4436
380
1783
1025
1544
756
533
355
244
955
162
173
298
470
279
223
286
223
276
297
513
1291
201
108
125
62
139
440
0
0
0
1969
157
120
367
859
458
1567
380
516
469
473
1192
184
205
131
981
599
8437
336
516
778
516
451
249
3088
446
388
980
3290
827
483
359
527
703
8154
929
840
1394
8584
1735
4432
4520
1125
1975
8595
1813
1638
3591
5341
1420
1379
880
875
2275
1148
414
1195
741
773
402
800
1928
6423
481
669
6912
656
797
1118
729
4798
664
345
781
435
5725
443
2409
951
669
7300
1122
8659
1108
1889
676
1474
2850
1172
833
630
908
1056
1691
6095
643
2449
15085
1318
422
276
1263
1112
4136
278
754
725
672
372
235
620
817
1966
616
1954
539
3221
680
10665
450
2634
446
993
927
1222
890
657
2980
938
299
1119
1102
1835
771
8381
9547
1667
392
5309
618
453
2397
214
978
2320
471
295
284
1712
252
3606
263
492
387
476
1680
380
291
1349
64
129
95
4106
199
2330
1969
157
120
0
0
0
274
317
295
308
1134
1883
695
1024
5536
1621
312
365
2255
361
13388
371
1866
902
290
1533
249
1238
327
1221
350
2311
401
868
6696
1279
5207
1290
3701
1449
4664
434
7165
709
2038
7799
1479
6500
1251
1630
1050
1862
3167
1419
6894
1096
1847
706
4150
322
669
323
972
2569
7549
713
395
855
1272
1097
1471
619
1390
376
697
157
218
787
443
668
561
1548
604
7720
1038
1746
2796
1387
758
691
2187
1129
4811
1834
1062
6134
1494
1025
9093
1091
3117
1375
117
164
82
1350
117
2094
188
200
135
66
132
46
384
268
642
497
4702
639
638
233
907
1345
857
1846
1490
931
846
549
1671
637
631
6209
201
319
929
316
493
731
409
8376
1022
1668
865
13453
1044
237
357
264
620
476
301
637
10610
363
383
447
2676
619
766
366
288
410
286
141
115
69
367
859
458
274
317
295
0
0
0
181
326
841
306
240
122
64
88
57
318
285
260
187
6527
86
215
278
325
81
1081
132
314
260
612
1352
307
235
720
1389
243
4674
1130
1791
2908
2315
1562
28191
1853
8627
5425
549
625
626
5864
1677
1429
4467
879
401
3429
800
1361
1274
567
1100
902
771
485
494
348
6369
1125
585
537
744
18885
1711
1449
401
666
2116
1224
720
675
593
1317
5168
963
1236
6737
723
1502
1418
2192
1577
902
1528
1399
1119
3138
8994
839
3169
1160
147
238
398
1487
812
375
323
2107
1108
183
240
806
662
1095
831
955
725
519
571
792
860
498
1123
1257
2113
1946
884
2639
818
716
639
444
844
629
337
389
1745
2243
6765
789
3209
772
2805
1161
300
558
399
438
1523
6723
2010
2969
883
440
1509
2261
818
427
528
156
311
216
321
958
233
1567
380
516
308
1134
1883
181
326
841
0
0
0
233
101
169
186
394
506
297
645
484
166
200
428
235
474
314
1387
860
121
537
378
681
10394
712
604
362
1667
239
1204
264
511
3159
908
1818
612
992
4420
1512
3133
1081
1120
1059
916
863
1571
1524
1002
1856
605
563
4316
1509
750
973
1171
542
523
282
1141
872
3142
2318
1824
1411
2819
765
962
2748
588
4213
3810
15237
2806
1231
17915
2593
1723
1223
1835
931
1440
1884
3013
13974
2131
1623
11041
4014
1194
834
2889
432
579
199
615
1686
338
1220
185
271
150
104
163
599
421
653
1156
512
7544
1216
910
693
862
742
1582
701
481
2862
6978
618
3644
549
245
679
576
244
552
618
622
3618
1349
1226
515
1137
612
7068
591
244
188
437
2034
969
262
288
278
510
214
3531
1346
11151
571
203
221
343
1716
191
91
469
473
1192
695
1024
5536
306
240
122
233
101
169
0
0
0
80
1019
106
1440
362
182
281
241
312
253
672
1303
194
788
227
519
166
239
422
3540
444
872
330
412
991
523
5423
1475
1339
807
710
2037
1102
535
1186
718
652
2030
3127
934
4202
3119
839
1533
2123
4338
2798
4701
1037
7642
2111
1047
289
1495
972
2515
1066
3328
641
1058
846
306
987
1442
832
708
540
551
252
1303
1347
4710
1861
847
706
1110
5443
2860
7153
1092
632
5373
5470
16510
2222
2932
1341
158
467
3089
168
876
145
1135
123
214
84
107
80
208
651
258
1077
270
1481
2760
521
1336
1575
1384
1001
1424
731
1239
2115
574
322
2536
2473
500
807
1148
484
1585
6038
2457
465
507
1667
653
1356
1493
253
381
201
894
1786
472
324
870
510
694
829
559
1190
3491
615
141
484
155
493
313
257
184
205
131
1621
312
365
64
88
57
186
394
506
80
1019
106
0
0
0
828
1483
371
758
206
173
986
182
334
286
60
170
1562
739
2005
355
710
1577
361
201
294
553
429
1972
1394
1130
2734
1370
4350
1545
1480
3287
860
4177
673
1882
1669
4856
1070
740
2591
1289
2157
1005
1460
10898
3361
1406
429
1550
836
3381
1159
1352
975
1787
4189
946
333
12414
1087
850
1203
412
385
1052
1107
3138
864
1004
1178
18475
1257
1296
3644
1118
2744
570
1120
661
2171
826
3135
3108
656
559
804
342
1095
247
419
470
647
392
729
536
499
764
1263
853
552
481
794
892
577
440
31312
582
411
1389
7008
609
893
4460
3039
774
713
2450
791
515
1426
6565
23925
1902
583
1376
4099
950
1940
2227
431
722
2443
1595
880
2922
1762
478
2905
347
2661
2680
709
1621
426
857
5406
986
2925
935
981
599
8437
2255
361
13388
318
285
260
297
645
484
1440
362
182
828
1483
371
0
0
0
154
311
388
73
62
95
252
301
300
858
835
406
251
286
2528
257
464
641
968
383
867
2651
860
4735
1155
600
1526
998
922
1696
1526
791
5265
6757
1104
1124
566
1532
3841
1806
471
731
1383
4356
2951
7863
1055
1268
2665
5692
3166
1659
955
2000
763
7373
1064
2240
788
4850
530
2484
561
2523
3966
579
1998
548
452
10194
390
1243
2694
720
1780
682
732
3136
3641
5405
1343
275
550
201
459
1084
1083
74
188
165
368
113
259
255
398
342
389
10622
468
253
1028
250
834
1032
535
1104
4754
655
632
795
247
201
1971
427
353
837
660
863
1212
567
496
972
915
312
958
493
1017
2661
243
1980
352
10262
1903
3425
1304
4471
429
900
5092
4004
1273
307
800
1308
244
827
246
336
516
778
371
1866
902
187
6527
86
166
200
428
281
241
312
758
206
173
154
311
388
0
0
0
191
1202
545
70
22
67
359
898
867
282
177
375
3963
142
334
260
362
1965
1009
2138
2653
1744
13341
3573
1871
2321
1285
12025
728
649
18576
986
2427
2637
1073
735
2020
1050
848
1163
2531
2350
3860
1189
19176
1011
1019
12826
1132
3767
1164
843
2099
982
835
756
766
5079
3369
908
6416
665
6319
455
8058
784
2208
891
4117
1458
18454
718
792
1463
3127
4122
4412
2181
690
806
519
280
1188
411
952
422
558
368
467
957
2405
724
1296
1065
660
921
1068
641
16072
1460
819
2001
1014
824
1331
7225
544
541
295
352
641
550
619
1648
1288
2016
1767
686
1330
6400
462
1177
850
831
690
2131
1332
1619
5590
599
389
1074
507
1141
1196
488
581
675
373
303
935
347
212
346
516
451
249
290
1533
249
215
278
325
235
474
314
253
672
1303
986
182
334
73
62
95
191
1202
545
0
0
0
100
986
390
203
536
503
684
2684
1304
627
536
223
933
630
1515
21971
878
791
1936
1217
2010
3246
1359
569
17056
503
1432
1895
2384
920
2420
433
3078
1229
491
1879
4269
4586
3865
2590
362
981
1675
2254
1168
2344
811
1493
6533
2512
5946
1722
704
3484
4298
319
455
19150
8450
7781
360
3747
576
6796
1231
2704
1293
1181
590
2959
1598
753
1645
24931
2174
209
400
299
357
127
418
238
287
537
644
602
196
563
2203
913
562
1314
484
3145
187
344
1081
567
413
766
1678
541
1890
1692
1644
154
438
421
355
879
4199
1485
1376
865
1189
3655
879
329
1478
752
387
555
186
927
877
974
494
1632
458
2242
464
9842
449
246
459
1620
3802
1033
336
179
407
3088
446
388
1238
327
1221
81
1081
132
1387
860
121
194
788
227
286
60
170
252
301
300
70
22
67
100
986
390
0
0
0
198
739
317
533
898
546
368
248
382
714
324
240
3421
4538
5330
818
5712
1567
1083
1119
8483
2100
1621
525
1270
1291
643
711
656
2613
614
6305
1214
2164
2834
978
934
1582
1641
3222
1630
1338
857
3386
614
479
11544
654
5531
1460
2250
2644
685
1554
1158
878
1074
989
3752
1224
8621
1642
2061
1485
342
1716
554
686
749
4756
1960
1419
1480
273
445
319
434
738
172
151
802
2136
504
457
143
214
132
455
270
515
225
6028
248
498
470
1034
2046
1267
330
1228
391
712
643
304
406
478
248
763
2115
2281
947
785
928
579
1462
541
747
876
482
588
1375
1214
921
2427
4377
1430
1067
608
548
627
1041
502
6018
968
1378
1148
763
410
980
3290
827
350
2311
401
314
260
612
537
378
681
519
166
239
1562
739
2005
858
835
406
359
898
867
203
536
503
198
739
317
0
0
0
128
66
219
125
184
82
264
111
35
844
734
813
1098
637
979
3253
1165
2117
1387
2500
521
667
1902
346
960
3268
897
886
3897
2488
1013
6407
2979
1353
647
1428
949
2214
2269
1124
4698
7024
959
15104
895
1826
1447
1206
486
375
531
4340
867
1090
187
211
1537
1320
360
743
2092
382
588
720
847
1506
729
849
1554
269
2360
465
1591
535
225
1183
568
194
284
853
608
204
349
946
172
653
244
936
346
3303
6958
753
5247
1379
475
1445
1136
1231
732
386
439
1583
513
4640
973
8490
789
1162
1393
1817
1325
2454
2232
1207
663
703
1905
518
662
1845
1662
1143
585
567
782
818
706
560
603
989
797
1187
923
765
914
483
359
527
868
6696
1279
1352
307
235
10394
712
604
422
3540
444
355
710
1577
251
286
2528
282
177
375
684
2684
1304
533
898
546
128
66
219
0
0
0
314
282
462
321
53
43
1012
520
520
729
1377
654
742
1506
2165
727
2445
985
814
595
2905
941
6025
1646
4901
2210
745
788
1553
3507
783
842
3809
1805
4961
9471
6464
2879
2489
1250
1006
1033
1015
3646
14731
5804
937
4513
6942
1139
2055
534
4692
353
448
1239
5899
1092
1405
708
783
921
731
1707
694
2456
915
5493
236
456
462
211
571
231
240
1781
705
455
247
1211
184
3190
477
2896
381
381
4432
1697
4144
720
777
829
318
766
3698
1086
375
627
2500
2066
509
309
980
1000
878
1666
1048
1850
906
950
385
412
384
438
647
488
1901
2226
7280
713
4095
5828
591
1706
5272
905
469
11292
2055
393
212
315
703
8154
929
5207
1290
3701
720
1389
243
362
1667
239
872
330
412
361
201
294
257
464
641
3963
142
334
627
536
223
368
248
382
125
184
82
314
282
462
0
0
0
83
222
428
1057
762
1673
738
6280
4654
848
1303
875
3378
1852
4602
1323
5820
1508
1818
1456
612
2933
914
2227
1296
1386
3985
4416
1365
954
2655
1412
8125
813
2027
14275
1846
3892
11274
3803
853
1850
1462
1066
982
971
739
2361
790
716
408
416
1122
2123
7911
582
1207
1729
2348
342
26271
821
1553
3451
3740
437
1294
249
3204
704
5903
552
1424
683
448
181
530
273
668
617
168
178
379
274
2561
680
717
1537
613
781
4774
829
324
10887
167
451
1668
726
760
987
583
1801
805
1634
1725
1919
2467
8479
782
675
2578
3603
689
2666
1946
2157
411
945
1774
1235
3599
1540
2695
2704
12183
18894
797
1247
1765
840
1394
8584
1449
4664
434
4674
1130
1791
1204
264
511
991
523
5423
553
429
1972
968
383
867
260
362
1965
933
630
1515
714
324
240
264
111
35
321
53
43
83
222
428
0
0
0
2480
1047
3213
2257
1262
511
2960
424
546
532
1366
4613
830
5024
509
3705
1918
1323
8528
1032
5070
1293
961
1893
3306
870
4211
4461
1748
9806
28363
936
2782
836
856
1867
28874
1363
1556
449
965
3176
7541
3633
924
750
433
315
1446
15608
1889
8557
358
579
1825
787
5813
1181
1257
2361
766
1362
750
1206
14283
827
5014
13986
1035
1207
3335
592
571
583
1357
1656
982
1107
6409
850
916
4470
2290
1815
3799
675
789
6284
3956
1790
3038
1411
2292
3522
29343
6235
11270
1725
669
1481
3724
1342
6717
2216
2664
2004
3060
1707
3002
13008
1352
6987
2690
1728
2279
2313
872
2675
1339
2126
808
961
1338
1000
1126
2937
1735
4432
4520
7165
709
2038
2908
2315
1562
3159
908
1818
1475
1339
807
1394
1130
2734
2651
860
4735
1009
2138
2653
21971
878
791
3421
4538
5330
844
734
813
1012
520
520
1057
762
1673
2480
1047
3213
0
0
0
903
4395
249
739
1408
1053
1773
1063
442
536
539
249
2650
2049
2256
3204
1475
2600
41055
704
2754
2030
1797
1798
2196
3241
763
49284
15402
3692
2051
7674
4460
71777
7156
2045
803
2287
1382
87
64
91
1083
437
435
5837
2936
1578
476
126
291
2881
1154
452
13084
18124
1417
3772
745
625
968
10702
1369
2194
2475
1664
584
838
15566
1626
487
5170
1144
429
1415
1233
424
739
1311
9680
1379
18121
867
7781
365
1698
3524
1573
563
5194
18555
10109
879
4224
749
925
27204
728
1110
6323
1020
2380
1301
527
1129
1510
3618
2338
862
4642
982
13813
5068
1705
883
8720
7886
5416
3271
2357
1668
1052
2797
1125
1975
8595
7799
1479
6500
28191
1853
8627
612
992
4420
710
2037
1102
1370
4350
1545
1155
600
1526
1744
13341
3573
1936
1217
2010
818
5712
1567
1098
637
979
729
1377
654
738
6280
4654
2257
1262
511
903
4395
249
0
0
0
962
1974
257
2625
825
265
234
190
235
2840
1048
17702
3485
14292
3472
20280
3982
1667
2554
5195
1578
5226
2360
742
2719
2737
3961
4011
61106
1908
1739
16887
1578
3122
1893
1126
540
1045
285
1717
1930
768
7963
12787
1445
2109
1989
791
1110
2726
1622
4209
1171
1187
356
776
289
834
515
1020
4117
3566
1663
559
833
876
1796
822
1070
494
350
515
1381
464
4618
633
511
358
331
387
258
202
297
474
1411
1021
1032
835
515
522
1182
3151
436
516
468
545
1355
484
996
946
635
1766
1704
602
2931
6731
857
1975
3914
936
1022
1084
1104
599
640
2052
1641
523
772
2409
1813
1638
3591
1251
1630
1050
5425
549
625
1512
3133
1081
535
1186
718
1480
3287
860
998
922
1696
1871
2321
1285
3246
1359
569
1083
1119
8483
3253
1165
2117
742
1506
2165
848
1303
875
2960
424
546
739
1408
1053
962
1974
257
0
0
0
140
84
79
969
482
1205
3265
1329
1308
841
2283
27516
1201
1291
1574
2013
3542
2108
664
1972
1999
2384
3044
1555
7941
1216
1537
2312
1447
1711
2094
1481
1928
4782
1351
979
1227
1225
2616
1864
2617
11924
15725
1174
609
899
4259
2085
1081
1068
2880
538
900
1745
6270
3803
2239
8897
891
1642
1813
3694
4601
1048
693
760
989
714
1345
1408
2533
1227
547
738
514
188
292
292
904
1534
688
403
2956
5700
1399
629
889
749
1684
622
432
2683
834
605
10575
900
815
20141
1044
1224
2112
1416
1601
2383
623
2105
3264
1262
51662
577
2850
1189
3325
1709
3339
818
3670
5341
1420
1379
1862
3167
1419
626
5864
1677
1120
1059
916
652
2030
3127
4177
673
1882
1526
791
5265
12025
728
649
17056
503
1432
2100
1621
525
1387
2500
521
727
2445
985
3378
1852
4602
532
1366
4613
1773
1063
442
2625
825
265
140
84
79
0
0
0
1039
459
254
2167
13029
7304
9708
2946
5310
2080
1846
634
16045
4236
901
7097
5814
821
1697
3492
1911
1598
15715
3875
2298
1319
1705
1398
9803
1610
547
1452
4849
1996
837
468
3455
1166
1329
1158
769
667
1383
1956
3004
2655
3381
998
3561
949
1541
1841
542
554
3290
491
3639
2022
1305
2822
766
718
1005
3546
2673
816
1648
2068
1290
546
1617
575
4738
345
744
464
718
895
843
7399
691
11561
4379
759
9955
1858
1589
2819
913
495
3584
501
605
1022
494
1298
703
1634
6535
971
1340
1435
1013
6185
1670
18255
798
1649
1734
1328
762
1445
2057
1024
880
875
2275
6894
1096
1847
1429
4467
879
863
1571
1524
934
4202
3119
1669
4856
1070
6757
1104
1124
18576
986
2427
1895
2384
920
1270
1291
643
667
1902
346
814
595
2905
1323
5820
1508
830
5024
509
536
539
249
234
190
235
969
482
1205
1039
459
254
0
0
0
2281
32660
12943
5513
2159
1480
1420
4046
2944
6693
2276
1735
953
772
4033
7779
2185
1823
25591
4214
1538
1850
16793
1708
2210
1234
5353
1729
425
1609
308
699
253
2866
1736
1206
399
6659
735
666
1501
14092
605
2864
1148
1500
2518
3340
1620
839
5073
1313
17407
4015
689
960
503
1816
21605
2794
801
1719
1050
2800
4267
2225
698
4797
1494
2332
14889
1101
2917
537
1297
1590
2125
2363
390
1084
708
1091
2812
1690
4982
2729
1356
879
1076
2133
1307
680
791
372
565
853
1167
2335
3319
600
621
1178
670
2697
1093
582
987
330
1424
1684
1339
1148
414
1195
706
4150
322
401
3429
800
1002
1856
605
839
1533
2123
740
2591
1289
566
1532
3841
2637
1073
735
2420
433
3078
711
656
2613
960
3268
897
941
6025
1646
1818
1456
612
3705
1918
1323
2650
2049
2256
2840
1048
17702
3265
1329
1308
2167
13029
7304
2281
32660
12943
0
0
0
118
370
187
1046
5675
2034
199
2125
308
603
1076
1037
257
397
464
95
2338
723
2127
504
310
5194
712
5348
4119
8859
7793
5688
2450
1621
4238
1432
6347
8352
2343
3448
2889
1207
2143
622
6468
2286
1396
464
1042
769
2101
3089
1499
1691
361
478
325
2730
746
715
3371
638
2352
1116
675
5385
3660
1937
751
695
7061
2492
1345
855
1331
1058
1331
1930
3399
493
3047
5348
1118
11021
7364
972
1571
2035
15978
4997
2119
692
498
1754
212
268
1018
355
954
8924
431
493
3835
876
855
12000
373
394
9155
8756
1404
1602
741
773
402
669
323
972
1361
1274
567
563
4316
1509
4338
2798
4701
2157
1005
1460
1806
471
731
2020
1050
848
1229
491
1879
614
6305
1214
886
3897
2488
4901
2210
745
2933
914
2227
8528
1032
5070
3204
1475
2600
3485
14292
3472
841
2283
27516
9708
2946
5310
5513
2159
1480
118
370
187
0
0
0
1122
1554
3027
127
46
32
1262
892
546
1369
261
421
163
228
260
1037
375
1104
1932
8269
2194
2470
7386
23579
7360
3893
2011
2332
2458
4321
19586
2249
2684
6584
2311
4623
1568
2809
11057
1432
1861
3091
2721
2244
2987
2357
973
1592
2539
1219
1880
778
1288
1282
1284
1245
4018
821
686
18533
1286
2023
364
513
1118
572
459
756
1349
819
707
839
1164
4854
3714
893
1229
394
1262
1111
545
17391
3188
1703
901
6317
9394
1036
858
454
2478
480
1143
2140
757
1797
2270
483
2534
25527
805
966
483
1765
14584
800
1928
6423
2569
7549
713
1100
902
771
750
973
1171
1037
7642
2111
10898
3361
1406
1383
4356
2951
1163
2531
2350
4269
4586
3865
2164
2834
978
1013
6407
2979
788
1553
3507
1296
1386
3985
1293
961
1893
41055
704
2754
20280
3982
1667
1201
1291
1574
2080
1846
634
1420
4046
2944
1046
5675
2034
1122
1554
3027
0
0
0
1747
1641
927
1671
1842
486
904
4734
1154
4230
1187
961
933
1066
1946
3627
2486
7380
4666
4237
4121
2392
1397
1616
2213
5205
8438
22043
3112
2155
2113
5657
2299
208
2851
1341
1984
1264
1257
672
1444
8770
547
307
647
973
2049
1371
684
712
1066
1043
2306
1447
2224
866
2460
4767
1905
1103
919
2263
8539
547
960
3814
1717
689
1319
2021
763
578
942
3709
851
3091
1466
1176
7584
1187
2281
2430
1028
669
728
459
398
2485
4353
903
665
327
310
1077
6726
975
4710
555
741
492
933
542
481
669
6912
395
855
1272
485
494
348
542
523
282
1047
289
1495
429
1550
836
7863
1055
1268
3860
1189
19176
2590
362
981
934
1582
1641
1353
647
1428
783
842
3809
4416
1365
954
3306
870
4211
2030
1797
1798
2554
5195
1578
2013
3542
2108
16045
4236
901
6693
2276
1735
199
2125
308
127
46
32
1747
1641
927
0
0
0
2368
1303
3848
437
594
736
222
241
1068
584
2258
607
9302
714
10938
2761
1596
1553
3820
9182
3855
2496
32238
1415
4826
14802
943
1225
3231
24133
5181
1887
1286
1281
2310
1773
7508
11079
21751
9724
1533
2423
3394
1639
708
2617
1924
2721
2542
850
1257
1154
10161
808
1951
1849
1294
3646
2451
4992
1587
3384
1783
1316
576
1099
710
4491
430
6203
1056
1131
1130
677
8467
1398
3651
619
4107
1077
1584
517
566
1098
4144
1814
373
355
623
625
278
913
16041
975
756
1973
1440
1728
4323
656
797
1118
1097
1471
619
6369
1125
585
1141
872
3142
972
2515
1066
3381
1159
1352
2665
5692
3166
1011
1019
12826
1675
2254
1168
3222
1630
1338
949
2214
2269
1805
4961
9471
2655
1412
8125
4461
1748
9806
2196
3241
763
5226
2360
742
664
1972
1999
7097
5814
821
953
772
4033
603
1076
1037
1262
892
546
1671
1842
486
2368
1303
3848
0
0
0
1257
2381
768
18753
850
6943
2717
1476
1911
873
4565
2339
1392
2909
8918
1427
1222
1458
4990
1022
1532
1975
1464
2542
11561
12002
2293
3890
8866
1529
8183
2026
4050
1539
1324
2778
980
1986
11295
668
856
2534
4904
3830
8234
2174
2793
1546
965
11022
721
2120
517
1652
1499
879
1803
10925
551
1168
1211
3409
1120
4907
22478
2535
994
2946
6103
2984
471
1184
590
1341
1036
600
793
1392
1064
2543
1054
452
1951
699
1095
746
38426
1271
1516
1108
609
966
1974
1213
686
3098
729
4798
664
1390
376
697
537
744
18885
2318
1824
1411
3328
641
1058
975
1787
4189
1659
955
2000
1132
3767
1164
2344
811
1493
857
3386
614
1124
4698
7024
6464
2879
2489
813
2027
14275
28363
936
2782
49284
15402
3692
2719
2737
3961
2384
3044
1555
1697
3492
1911
7779
2185
1823
257
397
464
1369
261
421
904
4734
1154
437
594
736
1257
2381
768
0
0
0
3583
442
1144
82
552
176
872
988
1720
4961
2048
6917
4933
7177
1462
2127
6058
5590
2546
3398
2437
1673
3667
4850
4212
3908
2006
8393
501
651
799
13941
1520
765
2555
1551
815
1203
1033
1538
491
6489
2521
793
2229
996
6013
1476
1247
1016
6388
3740
2301
5486
8367
10408
2185
632
1693
504
814
2125
2635
582
1738
492
5711
881
1287
1080
1952
21674
1323
1478
1224
1349
4873
539
801
517
971
997
560
322
565
953
1054
231
721
733
2940
4930
425
345
781
435
157
218
787
1711
1449
401
2819
765
962
846
306
987
946
333
12414
763
7373
1064
843
2099
982
6533
2512
5946
479
11544
654
959
15104
895
1250
1006
1033
1846
3892
11274
836
856
1867
2051
7674
4460
4011
61106
1908
7941
1216
1537
1598
15715
3875
25591
4214
1538
95
2338
723
163
228
260
4230
1187
961
222
241
1068
18753
850
6943
3583
442
1144
0
0
0
3348
314
758
3591
1380
6507
1938
1522
2427
2764
11166
920
2141
2157
2550
2526
17372
3776
1672
2026
4991
2052
2561
7589
1964
1467
2888
35010
1235
2699
2525
14608
1898
1848
3750
764
4279
1040
4311
1221
25392
27524
3088
10435
1431
2417
4306
2508
6843
2863
8818
580
2486
1211
3558
10345
585
1449
910
3349
1817
2873
777
4271
2080
1205
5760
4203
12792
1825
5515
3984
822
744
1048
1756
1603
2746
632
545
3194
7779
1145
2553
2338
1269
1044
2967
420
675
5725
443
2409
443
668
561
666
2116
1224
2748
588
4213
1442
832
708
1087
850
1203
2240
788
4850
835
756
766
1722
704
3484
5531
1460
2250
1826
1447
1206
1015
3646
14731
3803
853
1850
28874
1363
1556
71777
7156
2045
1739
16887
1578
2312
1447
1711
2298
1319
1705
1850
16793
1708
2127
504
310
1037
375
1104
933
1066
1946
584
2258
607
2717
1476
1911
82
552
176
3348
314
758
0
0
0
1545
953
927
2131
3764
9859
2953
3478
27550
2556
1718
6351
2001
3195
1989
4264
2133
1879
1656
2020
16629
6152
1618
1711
1012
651
1059
1130
635
1710
449
13642
559
6725
1062
7110
646
641
1169
738
5318
795
2178
2284
11363
2672
1809
1505
1308
911
1154
4367
892
4914
1127
1645
1573
2880
5645
955
739
940
1805
1883
3391
1162
546
1299
614
1048
1658
1825
12146
1339
562
1212
586
846
2702
1503
3490
3319
591
707
3734
5447
952
951
669
7300
1548
604
7720
720
675
593
3810
15237
2806
540
551
252
412
385
1052
530
2484
561
5079
3369
908
4298
319
455
2644
685
1554
486
375
531
5804
937
4513
1462
1066
982
449
965
3176
803
2287
1382
3122
1893
1126
2094
1481
1928
1398
9803
1610
2210
1234
5353
5194
712
5348
1932
8269
2194
3627
2486
7380
9302
714
10938
873
4565
2339
872
988
1720
3591
1380
6507
1545
953
927
0
0
0
1560
1326
643
1163
960
761
446
482
510
2744
3315
6095
1279
7205
2560
2173
4032
12013
6551
2707
1378
1320
30244
6206
3456
1450
1599
12224
5799
1219
2011
8930
4212
1107
1191
2456
445
1460
1463
736
3919
807
2621
937
1997
617
658
1964
2000
3284
1266
4295
1331
986
14815
6333
1150
2245
17510
6838
1407
646
12778
1567
1711
1377
2620
2336
2012
1386
36329
15524
1288
784
2961
1395
4307
2768
1345
3597
1538
1383
1279
4485
1122
8659
1108
1038
1746
2796
1317
5168
963
1231
17915
2593
1303
1347
4710
1107
3138
864
2523
3966
579
6416
665
6319
19150
8450
7781
1158
878
1074
4340
867
1090
6942
1139
2055
971
739
2361
7541
3633
924
87
64
91
540
1045
285
4782
1351
979
547
1452
4849
1729
425
1609
4119
8859
7793
2470
7386
23579
4666
4237
4121
2761
1596
1553
1392
2909
8918
4961
2048
6917
1938
1522
2427
2131
3764
9859
1560
1326
643
0
0
0
1007
3987
1952
1132
1277
870
693
221
697
864
1524
1304
4521
1842
3192
2092
1504
4857
2530
1989
764
1569
4403
4455
2131
716
1534
1034
1773
1896
989
12704
1349
10514
1267
505
2046
699
3121
2224
829
9495
10940
782
1565
644
1498
1193
1708
1895
1668
1506
1218
3560
3081
1023
7214
1175
14222
1993
2740
712
5907
953
792
2690
2133
3931
8548
4295
1959
36328
4172
770
1627
15223
1117
1306
844
2444
5092
1889
676
1474
1387
758
691
1236
6737
723
1723
1223
1835
1861
847
706
1004
1178
18475
1998
548
452
455
8058
784
360
3747
576
989
3752
1224
187
211
1537
534
4692
353
790
716
408
750
433
315
1083
437
435
1717
1930
768
1227
1225
2616
1996
837
468
308
699
253
5688
2450
1621
7360
3893
2011
2392
1397
1616
3820
9182
3855
1427
1222
1458
4933
7177
1462
2764
11166
920
2953
3478
27550
1163
960
761
1007
3987
1952
0
0
0
303
9644
17366
460
668
225
270
342
311
4384
4262
6477
5128
508
1631
1672
1321
2898
1059
916
1424
611
4349
6031
576
4187
1011
1579
1640
1403
1164
906
717
1092
798
10383
1403
1676
11247
1787
3042
1160
3822
1053
20510
2312
1676
905
30855
5964
1173
19436
3232
1983
11498
1213
12326
2102
1394
5748
1032
2889
34768
1103
4344
3060
2584
9756
794
1316
8753
4422
6225
2457
1162
1462
8139
1582
2850
1172
833
2187
1129
4811
1502
1418
2192
931
1440
1884
1110
5443
2860
1257
1296
3644
10194
390
1243
2208
891
4117
6796
1231
2704
8621
1642
2061
1320
360
743
448
1239
5899
416
1122
2123
1446
15608
1889
5837
2936
1578
7963
12787
1445
1864
2617
11924
3455
1166
1329
2866
1736
1206
4238
1432
6347
2332
2458
4321
2213
5205
8438
2496
32238
1415
4990
1022
1532
2127
6058
5590
2141
2157
2550
2556
1718
6351
446
482
510
1132
1277
870
303
9644
17366
0
0
0
953
1471
773
941
399
1676
2978
1485
937
533
1834
7626
2018
6777
1801
1580
919
20086
2906
1492
6315
28851
851
5632
952
1119
268
787
1761
304
1491
793
998
3346
640
1287
482
579
3205
766
1310
2306
10477
2497
558
1306
651
720
1095
836
2021
1050
3162
7916
12051
1670
3963
4769
6426
1851
966
3268
1597
1918
3812
29141
8434
1503
1131
1707
4386
609
1722
2264
6109
630
908
1056
1834
1062
6134
1577
902
1528
3013
13974
2131
7153
1092
632
1118
2744
570
2694
720
1780
1458
18454
718
1293
1181
590
1485
342
1716
2092
382
588
1092
1405
708
7911
582
1207
8557
358
579
476
126
291
2109
1989
791
15725
1174
609
1158
769
667
399
6659
735
8352
2343
3448
19586
2249
2684
22043
3112
2155
4826
14802
943
1975
1464
2542
2546
3398
2437
2526
17372
3776
2001
3195
1989
2744
3315
6095
693
221
697
460
668
225
953
1471
773
0
0
0
2467
1872
598
2313
11234
2704
2326
2579
993
430
1062
2756
2286
1996
627
1502
1211
6154
2560
951
1613
1450
2282
754
1433
957
6640
522
1037
888
2226
1886
1226
628
8582
2697
3926
4943
2896
1498
2542
795
3565
1180
1168
4684
541
1639
4096
2656
8751
9808
572
14224
2092
6906
3721
1894
883
11760
1686
1007
778
2864
5960
2365
1435
1025
1747
5181
1892
1013
1691
6095
643
1494
1025
9093
1399
1119
3138
1623
11041
4014
5373
5470
16510
1120
661
2171
682
732
3136
792
1463
3127
2959
1598
753
554
686
749
720
847
1506
783
921
731
1729
2348
342
1825
787
5813
2881
1154
452
1110
2726
1622
899
4259
2085
1383
1956
3004
666
1501
14092
2889
1207
2143
6584
2311
4623
2113
5657
2299
1225
3231
24133
11561
12002
2293
1673
3667
4850
1672
2026
4991
4264
2133
1879
1279
7205
2560
864
1524
1304
270
342
311
941
399
1676
2467
1872
598
0
0
0
8055
2764
2355
1554
1545
1469
775
1346
2169
4304
825
5099
4738
4371
829
4695
1743
4231
1388
645
852
9466
1429
1993
13222
1264
1277
700
1801
1812
968
3707
1211
925
10176
1777
2156
4177
407
1067
2388
2705
368
3998
761
717
1654
2468
1962
4555
1984
2367
541
1602
1731
4246
1249
1508
3287
995
1338
19346
1093
2474
1699
1325
2956
2287
2031
2449
15085
1318
1091
3117
1375
8994
839
3169
1194
834
2889
2222
2932
1341
826
3135
3108
3641
5405
1343
4122
4412
2181
1645
24931
2174
4756
1960
1419
729
849
1554
1707
694
2456
26271
821
1553
1181
1257
2361
13084
18124
1417
4209
1171
1187
1081
1068
2880
2655
3381
998
605
2864
1148
622
6468
2286
1568
2809
11057
208
2851
1341
5181
1887
1286
3890
8866
1529
4212
3908
2006
2052
2561
7589
1656
2020
16629
2173
4032
12013
4521
1842
3192
4384
4262
6477
2978
1485
937
2313
11234
2704
8055
2764
2355
0
0
0
