C_ijk
0
0
0
304
32
72
518
95
211
137
168
129
110
131
310
207
995
1036
80
109
1209
355
682
284
937
953
432
1655
1006
1568
167
136
613
363
282
263
428
10603
598
714
1307
668
176
948
673
3313
425
245
1300
908
954
2519
5623
478
3261
1572
1110
603
4440
811
6786
297
1004
1850
345
532
401
297
692
792
1188
514
676
233
238
563
223
2227
1768
3186
2172
240
134
295
812
1081
757
466
307
145
556
1262
1832
2229
556
1462
294
507
876
357
2981
484
707
1804
402
1414
1513
5438
732
14426
1543
3665
3021
3207
2118
20673
640
6622
1492
968
838
25123
5185
896
1710
565
1155
795
1162
1294
2490
2139
24404
2920
1152
23041
991
1206
2436
36321
1970
4717
2759
1138
520
1472
1672
626
509
1243
1905
727
2099
936
1588
796
2492
711
4052
640
1154
620
1016
1301
1506
4015
31283
1035
304
32
72
0
0
0
142
108
102
591
1373
243
237
513
1134
322
644
1591
624
286
221
640
362
338
2677
1986
796
423
641
882
583
124
116
428
305
200
496
1598
431
4144
664
2060
1018
577
1235
2056
218
272
1106
486
714
593
1661
983
931
1040
1124
637
356
685
558
329
539
183
3785
1523
1154
562
3129
408
1024
3632
282
1178
118
1211
663
533
1040
375
504
247
446
139
470
173
251
311
361
433
568
1408
226
100
297
301
458
552
124
456
1063
1031
648
2252
188
554
1419
155
992
1069
1221
4025
1227
1533
501
2195
581
6503
526
791
1158
483
14126
1028
1346
4986
7905
4215
434
1777
889
3160
8927
1210
877
2600
4997
5448
3938
3318
2894
1321
1337
968
1649
2350
8627
1242
1506
2681
1244
4218
958
969
1140
1243
975
1256
1930
608
1108
463
1174
1199
757
1995
5161
3511
518
95
211
142
108
102
0
0
0
165
61
141
649
207
1108
373
302
4321
413
403
280
283
1482
273
1045
976
1479
661
1219
424
102
90
120
117
394
360
743
1855
780
512
3010
3249
1830
8019
701
197
433
217
6582
801
1493
346
766
271
230
218
1075
166
840
2355
563
611
567
887
118
207
272
370
629
2104
326
479
148
114
816
4521
433
1131
1852
219
729
100
227
139
3556
893
294
389
740
1740
512
834
558
4138
728
170
162
263
801
532
643
149
1795
950
2169
792
5177
3648
3514
17443
11132
4540
4020
3102
2041
520
6990
1187
405
1268
897
1208
729
1128
1075
1708
859
2097
599
8838
1079
2354
2634
534
2442
1522
1124
1332
1527
1900
1641
933
2471
691
1244
988
2947
555
538
627
3817
1130
2761
673
450
1847
5728
567
2161
1339
6762
898
3789
1195
1511
3626
43060
5657
137
168
129
591
1373
243
165
61
141
0
0
0
559
763
3032
540
1726
4574
159
129
297
743
1076
802
2264
1081
1429
3064
388
1391
154
271
183
1141
367
915
434
3118
1062
402
3809
1633
887
629
1114
224
156
473
1101
2699
724
1445
1175
5174
680
480
948
2339
638
484
717
3079
800
380
158
187
908
961
264
1003
554
687
257
54
62
604
283
369
115
154
380
254
86
206
480
714
914
2621
278
389
198
639
12433
118
173
216
336
664
1197
918
784
1947
284
539
1303
2594
474
323
1146
5617
789
967
1267
1895
3780
3741
1397
2901
1922
1531
834
808
4643
3837
505
739
854
1676
1220
2826
880
2292
1083
4909
621
1166
1071
1112
1804
20534
1147
976
7139
1138
2086
458
2863
717
1460
442
1465
4851
2436
1335
1380
2299
1263
3305
1478
1705
5277
1817
605
3601
1040
1134
1762
5285
110
131
310
237
513
1134
649
207
1108
559
763
3032
0
0
0
205
318
225
30
31
48
2403
2640
1009
851
602
1024
744
219
539
187
128
244
468
350
1760
351
872
1183
472
883
615
743
351
2450
286
207
400
265
468
9240
1554
452
810
775
5419
4722
512
4695
779
2924
415
1613
942
1622
288
949
909
708
697
6182
1923
302
1185
232
580
887
3264
1171
1711
744
665
634
379
575
5394
637
715
243
197
6862
713
1175
492
674
6098
362
496
236
869
346
729
315
273
1061
772
790
4281
2024
523
728
764
890
1453
1478
480
615
1830
1000
639
654
653
495
1772
2333
5130
8474
620
1037
1530
478
1857
4051
1124
1204
2572
6479
12283
979
32163
1666
1904
13884
9575
2268
5042
2832
731
1575
603
506
1158
1497
1161
2409
7238
7009
3292
1684
6692
3266
1303
922
1890
9133
3612
1263
1705
207
995
1036
322
644
1591
373
302
4321
540
1726
4574
205
318
225
0
0
0
112
870
183
914
994
857
302
180
433
583
347
1251
314
320
571
490
1392
667
6061
1444
3275
1761
805
459
611
911
1167
528
376
599
1541
1365
481
1238
3011
1081
910
387
969
827
284
994
531
1285
783
630
480
662
1169
629
2935
1339
2568
1767
411
917
422
13716
1603
962
862
13846
1881
814
447
3606
4150
1499
2516
1882
1201
351
1070
1849
1020
3309
477
570
1118
209
285
121
282
294
2016
192
819
215
483
1569
1517
668
571
1217
829
1422
732
362
5735
1666
1134
1097
4490
275
1557
4311
1263
4689
2196
1755
3294
10086
916
1209
1168
1251
740
1211
22314
860
5836
4614
2020
583
6756
1127
1025
16117
652
918
1373
2783
1366
622
3653
1112
1531
332
980
1320
9427
1163
473
756
669
883
1696
1471
22184
55929
80
109
1209
624
286
221
413
403
280
159
129
297
30
31
48
112
870
183
0
0
0
700
510
352
371
215
281
1612
3448
401
146
103
376
742
648
408
22729
475
4602
276
5987
556
280
511
4898
1184
361
649
1026
789
481
7007
1475
1084
1252
1382
941
245
3689
283
1412
4691
3591
551
377
532
698
809
361
1670
1360
716
1981
230
615
501
8047
503
833
809
1768
1541
380
237
2837
509
671
504
319
1663
264
1218
2395
632
394
447
148
358
608
417
575
541
809
1167
1589
342
954
439
1063
1029
1007
3108
5560
1264
1380
1305
862
2979
722
662
691
768
731
1191
1717
1582
1730
2042
2905
8369
664
909
1227
1111
19056
4745
19743
7794
23009
1082
1279
23046
1077
1050
3251
974
2027
1201
634
2226
3359
1363
596
424
262
4544
2130
948
839
783
2253
1358
5049
1361
2322
413
10003
11962
355
682
284
640
362
338
283
1482
273
743
1076
802
2403
2640
1009
914
994
857
700
510
352
0
0
0
43
165
45
8
41
11
334
264
886
1424
196
1053
672
308
860
827
247
264
621
270
337
2615
410
1220
2139
1545
629
1799
1103
622
2367
1600
539
499
350
403
1778
1181
1904
790
977
2828
2532
1457
4550
531
3493
410
3649
424
529
1679
670
656
1092
4702
1577
365
414
1220
1140
1308
576
543
856
486
747
829
946
14855
2547
735
1690
945
1365
1115
649
392
301
3704
1119
370
7847
644
3264
2386
2169
935
560
2721
210
420
235
418
768
267
4053
3236
505
826
2258
1222
3436
895
3597
987
2958
2501
6085
2106
1426
2607
3276
985
3622
3786
1957
1674
5150
1159
8209
4240
10398
1933
790
3885
705
1204
1605
946
2185
1251
899
8256
3887
2530
25503
1378
2160
8100
925
652
927
8995
937
953
432
2677
1986
796
1045
976
1479
2264
1081
1429
851
602
1024
302
180
433
371
215
281
43
165
45
0
0
0
309
72
147
762
195
487
1900
3467
2890
1710
7121
467
1290
8457
357
329
886
576
1849
614
889
2405
629
6245
1647
925
1276
6805
1107
320
843
889
411
887
875
1316
4364
652
3099
13746
1239
650
420
2385
1066
849
634
931
1296
459
956
1237
1259
492
7099
1261
820
9550
3510
750
1118
6209
898
1914
544
2911
550
417
491
1397
601
3998
1591
846
993
686
2262
861
3292
556
1941
3404
781
504
428
638
1068
303
190
645
757
295
239
595
1250
1215
4316
4343
2529
1216
1344
42310
14272
634
670
1978
844
62136
2523
7544
622
5108
1770
8219
1534
1051
839
4944
4633
12650
3821
6451
2526
2193
1085
1953
5733
534
9197
1920
1904
2587
1944
3064
1306
4227
822
2543
622
3673
2780
1655
1006
1568
423
641
882
661
1219
424
3064
388
1391
744
219
539
583
347
1251
1612
3448
401
8
41
11
309
72
147
0
0
0
831
175
1012
529
398
1293
1309
3920
364
434
739
660
207
1118
354
863
894
1182
503
1352
1350
3284
419
4461
875
890
529
623
333
998
778
1852
13547
1202
629
577
7799
1819
748
858
11962
953
632
699
3322
2159
2417
2950
666
1729
16419
3755
1316
1354
2273
2448
744
546
835
555
867
781
4076
1466
15405
1547
767
1098
1097
557
550
712
1285
1041
673
711
735
1677
585
1004
6499
328
484
946
683
429
280
621
498
761
2837
441
11812
1502
1668
1098
2156
2043
1031
1145
1436
2080
22702
2971
954
493
15431
1052
3144
1789
1771
2360
681
1438
1593
2193
840
1160
1214
923
1483
890
708
1057
709
1911
2676
1526
3119
8883
1134
1889
963
806
731
1074
1684
1317
167
136
613
583
124
116
102
90
120
154
271
183
187
128
244
314
320
571
146
103
376
334
264
886
762
195
487
831
175
1012
0
0
0
96
195
513
726
381
266
587
297
1649
1045
338
255
420
759
637
7998
607
241
733
6813
400
569
2460
13351
1771
5448
782
850
866
363
622
472
819
620
2207
945
3023
496
3106
732
386
576
550
4800
1178
574
646
5772
246
501
4285
1303
751
1169
566
300
293
648
1530
774
508
4868
289
257
358
544
271
1893
349
2825
769
445
503
208
1673
7908
3661
1264
2401
1441
1024
870
811
900
818
2505
1195
528
2113
3028
586
1415
650
1313
696
2365
3861
1898
461
3247
6327
1226
1415
8663
20999
3489
1088
1120
14871
535
1179
2480
4196
10933
12238
6378
546
1442
1280
2017
521
9367
9678
8612
1402
1566
1473
1797
1032
2277
905
819
2053
1229
1073
363
282
263
428
305
200
117
394
360
1141
367
915
468
350
1760
490
1392
667
742
648
408
1424
196
1053
1900
3467
2890
529
398
1293
96
195
513
0
0
0
340
350
261
432
381
600
428
248
1132
160
149
248
299
509
775
172
2282
324
264
220
145
261
357
161
804
491
2046
1571
202
1049
168
3322
488
636
2803
1183
1293
1137
480
217
802
1511
592
1183
776
3734
256
829
527
422
587
1524
461
662
1073
409
364
334
2367
1820
502
3623
1021
547
512
1294
3218
7071
1287
4822
1359
3118
1944
2365
2887
416
5116
1229
722
358
631
867
963
398
11664
1847
769
777
8403
1059
4089
2307
778
3923
974
1647
1249
894
620
1264
1499
707
2221
1435
5718
1268
613
348
1111
2092
1648
2717
1368
3545
10337
1120
14509
2796
6029
1928
6609
1760
5015
3460
2909
1127
1165
28659
5906
995
2190
430
428
10603
598
496
1598
431
743
1855
780
434
3118
1062
351
872
1183
6061
1444
3275
22729
475
4602
672
308
860
1710
7121
467
1309
3920
364
726
381
266
340
350
261
0
0
0
72
91
281
104
109
175
283
2118
1419
3607
2907
547
323
802
536
1227
915
3220
483
1063
307
2380
1136
1939
1005
1218
601
2221
9913
4810
1559
1230
530
6221
2403
1065
3641
576
1069
1527
438
903
5122
2633
773
4323
10423
686
1900
392
567
2154
1213
3072
326
388
685
2583
3162
2057
1420
721
651
2255
3757
548
732
842
551
809
1978
2524
2714
2276
1663
2795
551
1804
535
4101
1181
2111
871
970
4941
1027
954
12784
1157
3610
1062
529
4921
2677
1756
2115
1470
442
1505
1511
665
1279
805
1754
2017
1034
5246
2378
5631
3635
935
7327
1467
15197
2086
6273
2089
5801
1540
1729
2681
4426
899
1508
1369
1504
2081
701
3808
714
1307
668
4144
664
2060
512
3010
3249
402
3809
1633
472
883
615
1761
805
459
276
5987
556
827
247
264
1290
8457
357
434
739
660
587
297
1649
432
381
600
72
91
281
0
0
0
321
120
374
373
7660
177
335
1234
231
843
611
3109
2910
450
815
1552
153
871
965
19588
1630
2031
1522
582
423
7108
645
6898
828
644
1570
390
1175
589
2130
3295
569
531
568
1085
2479
1255
10179
755
397
1278
2084
1675
25828
10215
967
738
790
908
715
1140
2437
648
1511
827
655
798
1840
714
4761
11517
14822
1240
4274
1437
5050
1857
712
436
913
3744
1825
750
668
1826
3274
1470
693
3899
2334
2111
6194
1358
4302
320
477
4280
1037
753
4082
843
923
1484
1329
6609
2298
1856
915
9274
934
9465
1683
594
1491
2238
2273
2763
1710
747
1686
699
60407
1723
7720
5178
2201
15112
1528
1419
889
2866
176
948
673
1018
577
1235
1830
8019
701
887
629
1114
743
351
2450
611
911
1167
280
511
4898
621
270
337
329
886
576
207
1118
354
1045
338
255
428
248
1132
104
109
175
321
120
374
0
0
0
259
333
377
312
216
421
283
415
161
7428
302
203
287
209
342
1790
288
684
1004
2937
370
787
328
397
1385
1367
1957
526
2563
1767
719
2832
2969
1112
573
384
2015
2032
513
666
652
534
1523
1477
789
2972
719
5270
1903
559
577
3116
1806
4172
505
431
1965
1287
8496
518
871
2741
1008
1953
3129
3048
37496
3900
1356
305
596
10857
2309
2373
9713
6168
710
1265
1212
1383
5812
397
3879
997
902
2613
630
566
2113
2398
611
582
1597
8641
1398
8943
459
659
4711
585
1815
791
2014
1023
1320
2970
3717
1915
3798
730
27896
42293
5498
1887
558
854
6007
950
1754
2350
871
1287
1045
3313
425
245
2056
218
272
197
433
217
224
156
473
286
207
400
528
376
599
1184
361
649
2615
410
1220
1849
614
889
863
894
1182
420
759
637
160
149
248
283
2118
1419
373
7660
177
259
333
377
0
0
0
268
909
369
103
1300
120
458
976
360
285
329
1226
160
718
262
189
98
491
244
228
243
427
147
499
234
437
711
1563
301
3147
518
318
380
560
805
426
797
787
3393
554
252
329
1059
930
3401
1095
483
1702
935
380
3390
381
5449
641
1660
587
992
430
4834
31687
1295
2052
4610
6856
930
4712
800
950
3882
2732
8614
648
920
7907
835
1491
778
3775
620
545
7864
3849
1026
1912
698
637
3739
1827
14042
1115
1293
8503
363
812
1753
2434
13544
10419
6048
1995
4318
1399
1345
3975
3595
1404
2776
868
2138
630
1917
945
680
1721
3925
1160
7335
1361
1822
15336
1300
908
954
1106
486
714
6582
801
1493
1101
2699
724
265
468
9240
1541
1365
481
1026
789
481
2139
1545
629
2405
629
6245
503
1352
1350
7998
607
241
299
509
775
3607
2907
547
335
1234
231
312
216
421
268
909
369
0
0
0
85
152
58
211
219
812
977
109
106
835
685
371
348
292
1935
235
315
639
440
1014
928
455
1119
2887
2330
5337
1488
627
1892
4603
950
283
691
784
1142
1463
1557
516
334
1861
664
663
1472
6015
473
14180
1506
759
4003
2764
3117
1585
2407
1656
5010
1278
7574
3211
3563
11451
2516
1437
1438
3262
1224
858
2978
2089
8481
1785
935
3614
4259
573
735
300
785
1326
3772
1477
656
503
711
5508
324
569
1103
2259
1194
3764
882
605
477
1631
3741
1532
1788
924
10090
1231
1212
11839
2461
1955
26301
3159
3461
9233
1295
3901
1410
1471
1606
7662
750
1561
944
2519
5623
478
593
1661
983
346
766
271
1445
1175
5174
1554
452
810
1238
3011
1081
7007
1475
1084
1799
1103
622
1647
925
1276
3284
419
4461
733
6813
400
172
2282
324
323
802
536
843
611
3109
283
415
161
103
1300
120
85
152
58
0
0
0
475
65
216
63
90
66
125
457
335
236
346
296
4306
94
1715
1920
587
3026
2673
466
5771
345
549
328
962
253
637
612
508
320
1094
545
1738
649
524
821
399
376
730
636
1627
1152
2853
1330
8178
1681
1999
1594
2860
543
737
938
24784
744
58831
1020
8266
11479
3076
10043
4515
10436
718
577
2761
4885
4262
15038
971
548
836
698
1013
2556
247
12906
408
1733
351
2127
602
1033
411
11867
18107
2581
957
625
276
1724
1785
1687
3447
3354
1167
1391
1159
1276
2377
1156
690
984
1768
19329
1021
4261
1974
3359
35739
2703
8387
4203
1277
4452
3261
1572
1110
931
1040
1124
230
218
1075
680
480
948
775
5419
4722
910
387
969
1252
1382
941
2367
1600
539
6805
1107
320
875
890
529
569
2460
13351
264
220
145
1227
915
3220
2910
450
815
7428
302
203
458
976
360
211
219
812
475
65
216
0
0
0
57
73
200
321
519
9007
461
228
581
902
334
364
183
277
1182
175
278
270
2720
589
238
529
350
1572
5238
7339
4531
472
836
1854
406
649
502
667
528
5341
9230
1158
846
1648
466
1329
930
2362
11276
8216
1630
430
2812
486
1173
2847
37386
881
37691
943
3081
1203
715
2851
1480
890
832
1575
731
5261
718
21885
1975
5080
842
318
839
13736
1831
605
1372
753
511
786
28478
2947
6474
3339
1678
706
766
1496
677
4858
2651
1882
2140
1983
803
1132
5269
2809
1146
932
751
863
1166
22562
5466
11588
1309
1629
977
2069
1231
603
4440
811
637
356
685
166
840
2355
2339
638
484
512
4695
779
827
284
994
245
3689
283
499
350
403
843
889
411
623
333
998
1771
5448
782
261
357
161
483
1063
307
1552
153
871
287
209
342
285
329
1226
977
109
106
63
90
66
57
73
200
0
0
0
5797
360
539
4798
292
637
604
141
6169
357
1049
396
426
302
3874
539
604
753
2463
3351
593
278
1112
576
970
800
1336
209
691
553
13857
5427
20518
3336
359
732
2471
13453
6434
1134
1052
988
2264
2549
11753
980
3147
1826
1495
2286
2666
5935
992
7632
726
1073
440
449
1647
975
2298
4672
2103
1127
857
579
711
774
15513
727
1730
1185
4543
646
2239
991
1612
2109
1419
1761
1418
2058
477
1979
4462
1990
1270
1607
4123
831
2275
1180
830
1808
1106
1795
680
880
1146
5650
2467
9986
1809
9903
2552
1424
951
770
6786
297
1004
558
329
539
563
611
567
717
3079
800
2924
415
1613
531
1285
783
1412
4691
3591
1778
1181
1904
887
875
1316
778
1852
13547
850
866
363
804
491
2046
2380
1136
1939
965
19588
1630
1790
288
684
160
718
262
835
685
371
125
457
335
321
519
9007
5797
360
539
0
0
0
520
799
1356
132
129
87
62
194
391
745
2557
575
321
224
323
241
417
192
3147
449
407
539
366
787
1362
761
994
408
681
1999
587
582
408
1036
721
480
2623
855
2011
1459
493
1551
993
1917
716
3055
2070
1552
4747
18007
2149
2603
879
813
1147
1275
1510
695
2187
863
585
2147
484
772
563
559
1022
953
1757
557
271
388
1022
7782
938
700
964
896
1101
268
463
9174
900
835
2997
880
1914
1378
18939
1118
4733
785
23927
673
23099
1567
1359
1780
1583
4123
5845
1782
2390
22295
2991
1850
345
532
183
3785
1523
887
118
207
380
158
187
942
1622
288
630
480
662
551
377
532
790
977
2828
4364
652
3099
1202
629
577
622
472
819
1571
202
1049
1005
1218
601
2031
1522
582
1004
2937
370
189
98
491
348
292
1935
236
346
296
461
228
581
4798
292
637
520
799
1356
0
0
0
359
82
85
121
229
327
224
518
138
680
922
427
2635
93
282
569
164
380
746
559
922
2808
415
1429
3175
507
333
508
804
292
1785
966
523
524
495
1841
1139
1150
510
434
474
314
1085
3064
5285
867
4104
926
1214
3743
2513
1189
1920
812
2390
2950
1344
1118
1255
792
688
837
2800
1420
1428
1357
1114
3552
4840
2644
913
636
9617
832
1931
1522
9266
3149
4362
2092
13423
539
2939
1478
6446
2617
7779
888
2094
2776
2168
9064
893
1154
35090
1739
596
3985
791
2449
3241
1268
401
297
692
1154
562
3129
272
370
629
908
961
264
949
909
708
1169
629
2935
698
809
361
2532
1457
4550
13746
1239
650
7799
1819
748
620
2207
945
168
3322
488
2221
9913
4810
423
7108
645
787
328
397
244
228
243
235
315
639
4306
94
1715
902
334
364
604
141
6169
132
129
87
359
82
85
0
0
0
300
127
353
481
1094
168
580
277
494
735
311
85
2441
187
753
1467
643
1055
669
4204
836
4770
1662
508
1336
1458
373
10344
1224
1046
573
566
1137
24461
578
2724
1567
612
568
1560
1538
1722
1165
871
2423
1098
2987
698
2058
2556
531
860
1901
683
1179
1092
379
1177
1437
348
1029
9634
3930
514
470
1327
12693
1034
456
563
2652
3259
1394
319
1063
985
950
1193
515
317
1511
3042
1975
1682
863
3303
1196
1347
1291
6257
21553
677
3093
868
668
1785
934
14936
1384
792
1188
514
408
1024
3632
2104
326
479
1003
554
687
697
6182
1923
1339
2568
1767
1670
1360
716
531
3493
410
420
2385
1066
858
11962
953
3023
496
3106
636
2803
1183
1559
1230
530
6898
828
644
1385
1367
1957
427
147
499
440
1014
928
1920
587
3026
183
277
1182
357
1049
396
62
194
391
121
229
327
300
127
353
0
0
0
240
429
912
4349
1642
338
340
148
394
422
1294
470
675
4233
672
573
507
500
3408
1498
654
1937
5846
454
1120
863
1107
871
600
1912
893
842
3936
1930
1746
2068
3070
891
4508
2234
2850
5546
1240
1582
10978
15641
2725
1728
3048
2808
3729
2379
951
651
654
1669
746
8210
14118
515
233
257
535
998
789
664
791
965
3293
313
1022
1385
495
577
775
5031
2293
621
2557
1902
3431
5966
28479
1932
31138
1327
1098
1211
1294
11694
3251
4168
1658
8094
8655
1454
676
233
238
282
1178
118
148
114
816
257
54
62
302
1185
232
411
917
422
1981
230
615
3649
424
529
849
634
931
632
699
3322
732
386
576
1293
1137
480
6221
2403
1065
1570
390
1175
526
2563
1767
234
437
711
455
1119
2887
2673
466
5771
175
278
270
426
302
3874
745
2557
575
224
518
138
481
1094
168
240
429
912
0
0
0
458
174
160
62
133
735
47
132
53
1212
319
780
1563
582
200
403
302
745
83
402
167
1154
924
2464
446
885
1442
650
3100
527
342
573
701
2699
1214
1406
7958
5582
24501
1318
2371
4849
3549
1402
2067
971
3743
1200
616
805
1275
832
603
8245
1782
791
1004
403
1488
642
2520
1689
2444
1635
974
767
632
767
1401
6802
1583
1949
2694
5227
467
4973
1947
1561
6309
644
1047
1328
1444
1910
2041
7650
1953
5456
878
1160
1327
3734
4623
563
223
2227
1211
663
533
4521
433
1131
604
283
369
580
887
3264
13716
1603
962
501
8047
503
1679
670
656
1296
459
956
2159
2417
2950
550
4800
1178
217
802
1511
3641
576
1069
589
2130
3295
719
2832
2969
1563
301
3147
2330
5337
1488
345
549
328
2720
589
238
539
604
753
321
224
323
680
922
427
580
277
494
4349
1642
338
458
174
160
0
0
0
447
153
452
202
218
1145
342
479
337
118
634
742
1254
190
206
757
505
239
18067
2246
279
1540
900
799
185
717
3540
537
447
869
52461
2391
40607
2184
3771
1517
1296
4019
904
1466
31340
8509
1343
19754
1259
12185
2254
819
912
1012
1622
652
1559
19753
1170
3434
1996
2903
1740
814
10551
965
3856
773
10165
3048
3286
1207
3107
759
2903
1137
3260
904
3965
2137
2033
720
1290
1703
2428
788
841
604
2422
1077
40338
7960
2020
1655
1768
3186
2172
1040
375
504
1852
219
729
115
154
380
1171
1711
744
862
13846
1881
833
809
1768
1092
4702
1577
1237
1259
492
666
1729
16419
574
646
5772
592
1183
776
1527
438
903
569
531
568
1112
573
384
518
318
380
627
1892
4603
962
253
637
529
350
1572
2463
3351
593
241
417
192
2635
93
282
735
311
85
340
148
394
62
133
735
447
153
452
0
0
0
632
422
46
486
3185
984
141
393
1605
295
553
267
130
102
340
693
1242
628
993
984
696
685
9782
3202
354
1093
572
1718
960
1490
8756
1912
1308
1425
1048
1799
1516
829
3646
405
1364
1282
7421
1300
389
413
4721
779
2799
1455
2080
444
619
1885
1377
1873
579
1180
742
1496
994
1042
2540
643
622
681
1434
1737
898
1385
732
10710
1974
473
1342
1228
1737
1258
1151
849
1766
1060
2465
2875
6908
5682
1943
240
134
295
247
446
139
100
227
139
254
86
206
665
634
379
814
447
3606
1541
380
237
365
414
1220
7099
1261
820
3755
1316
1354
246
501
4285
3734
256
829
5122
2633
773
1085
2479
1255
2015
2032
513
560
805
426
950
283
691
612
508
320
5238
7339
4531
278
1112
576
3147
449
407
569
164
380
2441
187
753
422
1294
470
47
132
53
202
218
1145
632
422
46
0
0
0
662
263
1666
128
111
209
257
2821
1137
136
757
129
486
873
733
649
146
654
297
8893
294
735
6978
2346
1592
858
1620
3463
10832
1735
3934
1023
1664
2226
1199
1140
5102
3704
1864
928
1188
756
406
811
1996
12986
1400
1296
24050
12853
3068
17082
5773
2706
764
1379
1411
853
1215
2965
1173
1019
1038
1537
967
1299
9225
6532
1724
3934
924
19771
949
681
510
2516
3210
1174
8963
1962
1585
9478
3839
1337
812
1081
757
470
173
251
3556
893
294
480
714
914
575
5394
637
4150
1499
2516
2837
509
671
1140
1308
576
9550
3510
750
2273
2448
744
1303
751
1169
527
422
587
4323
10423
686
10179
755
397
666
652
534
797
787
3393
784
1142
1463
1094
545
1738
472
836
1854
970
800
1336
539
366
787
746
559
922
1467
643
1055
675
4233
672
1212
319
780
342
479
337
486
3185
984
662
263
1666
0
0
0
101
822
165
154
419
501
181
302
248
320
275
483
2630
602
1506
194
263
406
6063
400
229
936
2924
2190
1312
2285
16500
690
3406
1956
1689
6514
1535
794
695
463
805
15589
1154
2485
1644
1200
4042
3810
4706
7072
1648
779
3191
1332
743
525
1600
1116
4515
1920
2359
2573
1991
2239
968
384
16871
4174
1275
654
3558
1390
715
687
970
1516
8491
3054
830
6865
1052
2853
1794
3489
3441
466
307
145
311
361
433
389
740
1740
2621
278
389
715
243
197
1882
1201
351
504
319
1663
543
856
486
1118
6209
898
546
835
555
566
300
293
1524
461
662
1900
392
567
1278
2084
1675
1523
1477
789
554
252
329
1557
516
334
649
524
821
406
649
502
209
691
553
1362
761
994
2808
415
1429
669
4204
836
573
507
500
1563
582
200
118
634
742
141
393
1605
128
111
209
101
822
165
0
0
0
392
390
298
63
63
32
211
1260
283
329
415
966
241
358
102
363
3394
459
4326
1689
899
8090
9628
2117
5080
952
326
1430
1197
17119
1565
642
1116
1196
1609
1226
3633
3366
950
1442
2868
3402
4317
1727
4041
2347
11273
3642
1119
1454
2748
819
1078
865
908
1194
773
1237
11921
343
4988
995
874
656
1290
21593
446
8141
766
744
744
1621
2399
1919
3037
5282
900
939
556
1262
1832
568
1408
226
512
834
558
198
639
12433
6862
713
1175
1070
1849
1020
264
1218
2395
747
829
946
1914
544
2911
867
781
4076
648
1530
774
1073
409
364
2154
1213
3072
25828
10215
967
2972
719
5270
1059
930
3401
1861
664
663
399
376
730
667
528
5341
13857
5427
20518
408
681
1999
3175
507
333
4770
1662
508
3408
1498
654
403
302
745
1254
190
206
295
553
267
257
2821
1137
154
419
501
392
390
298
0
0
0
390
270
178
550
2298
430
763
959
701
456
301
225
1255
597
1295
719
1708
3163
4913
1669
651
2319
1012
725
5771
9430
5872
12060
1753
11181
1226
8338
1527
1245
8624
1559
1117
1058
2046
5221
892
915
25614
2103
1242
1740
1026
1711
4809
1274
3105
817
947
3253
1939
488
222
2106
1364
6352
1244
1345
765
9773
6195
410
680
6424
1837
1520
7635
1186
10716
1732
10497
2229
556
1462
100
297
301
4138
728
170
118
173
216
492
674
6098
3309
477
570
632
394
447
14855
2547
735
550
417
491
1466
15405
1547
508
4868
289
334
2367
1820
326
388
685
738
790
908
1903
559
577
1095
483
1702
1472
6015
473
636
1627
1152
9230
1158
846
3336
359
732
587
582
408
508
804
292
1336
1458
373
1937
5846
454
83
402
167
757
505
239
130
102
340
136
757
129
181
302
248
63
63
32
390
270
178
0
0
0
452
160
262
6159
429
369
1534
251
5086
441
320
587
665
1350
2006
5849
2555
2475
762
490
1133
13446
1813
1655
1207
1754
1114
1493
549
2617
999
1138
1876
25283
4201
20419
863
9139
933
2454
944
1335
1893
759
2359
7052
1911
728
3181
2674
1115
1029
551
806
2589
5970
1041
3080
1156
403
1414
6625
6036
682
1083
1830
663
3762
704
2382
3175
922
294
507
876
458
552
124
162
263
801
336
664
1197
362
496
236
1118
209
285
148
358
608
1690
945
1365
1397
601
3998
767
1098
1097
257
358
544
502
3623
1021
2583
3162
2057
715
1140
2437
3116
1806
4172
935
380
3390
14180
1506
759
2853
1330
8178
1648
466
1329
2471
13453
6434
1036
721
480
1785
966
523
10344
1224
1046
1120
863
1107
1154
924
2464
18067
2246
279
693
1242
628
486
873
733
320
275
483
211
1260
283
550
2298
430
452
160
262
0
0
0
155
81
333
577
944
193
161
131
476
1246
598
783
893
2264
2942
2417
1420
944
1518
943
1389
1366
3959
403
1602
6139
16390
618
2189
3347
2087
1809
8675
1036
5296
2310
3225
30025
6477
21478
3217
2679
2402
17004
11052
3457
2343
40144
5475
1152
1754
3118
461
870
1588
252
376
571
1724
5418
1520
3349
24170
864
2981
3537
5427
9296
9588
357
2981
484
456
1063
1031
532
643
149
918
784
1947
869
346
729
121
282
294
417
575
541
1115
649
392
1591
846
993
557
550
712
271
1893
349
547
512
1294
1420
721
651
648
1511
827
505
431
1965
381
5449
641
4003
2764
3117
1681
1999
1594
930
2362
11276
1134
1052
988
2623
855
2011
524
495
1841
573
566
1137
871
600
1912
446
885
1442
1540
900
799
993
984
696
649
146
654
2630
602
1506
329
415
966
763
959
701
6159
429
369
155
81
333
0
0
0
1185
156
406
608
66
158
926
528
683
429
3299
3506
682
1528
3320
3923
633
562
1661
2725
1737
4255
3306
1996
2254
11131
19427
2415
34681
3462
2687
562
738
6900
2317
1088
20224
2763
3147
632
3082
605
1558
1186
3156
906
2763
796
531
6024
6835
917
367
574
5763
703
593
654
1789
6232
890
863
458
1993
992
944
707
1804
402
648
2252
188
1795
950
2169
284
539
1303
315
273
1061
2016
192
819
809
1167
1589
301
3704
1119
686
2262
861
1285
1041
673
2825
769
445
3218
7071
1287
2255
3757
548
655
798
1840
1287
8496
518
1660
587
992
1585
2407
1656
2860
543
737
8216
1630
430
2264
2549
11753
1459
493
1551
1139
1150
510
24461
578
2724
893
842
3936
650
3100
527
185
717
3540
685
9782
3202
297
8893
294
194
263
406
241
358
102
456
301
225
1534
251
5086
577
944
193
1185
156
406
0
0
0
1565
253
87
3947
1343
9971
5589
355
1602
737
2163
820
863
2221
2119
1348
1099
4821
5687
14695
5317
1590
4568
10411
4513
1192
4870
3659
2669
2010
964
1742
1300
1761
7860
2145
2303
998
1769
1527
7600
1786
1173
859
8707
527
1548
2055
695
489
406
4247
3221
522
5075
957
523
1073
556
1021
6136
1097
4004
1414
1513
5438
554
1419
155
792
5177
3648
2594
474
323
772
790
4281
215
483
1569
342
954
439
370
7847
644
3292
556
1941
711
735
1677
503
208
1673
4822
1359
3118
732
842
551
714
4761
11517
871
2741
1008
430
4834
31687
5010
1278
7574
938
24784
744
2812
486
1173
980
3147
1826
993
1917
716
434
474
314
1567
612
568
1930
1746
2068
342
573
701
537
447
869
354
1093
572
735
6978
2346
6063
400
229
363
3394
459
1255
597
1295
441
320
587
161
131
476
608
66
158
1565
253
87
0
0
0
2858
906
837
968
1425
1671
558
4196
870
964
912
2200
790
415
803
7182
1529
2137
4553
10551
678
1681
2107
1526
1828
1416
6573
1403
5907
12296
1045
930
602
7555
580
5879
4842
3227
1692
2299
1086
11266
2237
6241
4252
921
563
362
501
2731
1153
545
801
711
1226
683
392
3740
4254
2276
732
14426
1543
992
1069
1221
3514
17443
11132
1146
5617
789
2024
523
728
1517
668
571
1063
1029
1007
3264
2386
2169
3404
781
504
585
1004
6499
7908
3661
1264
1944
2365
2887
809
1978
2524
14822
1240
4274
1953
3129
3048
1295
2052
4610
3211
3563
11451
58831
1020
8266
2847
37386
881
1495
2286
2666
3055
2070
1552
1085
3064
5285
1560
1538
1722
3070
891
4508
2699
1214
1406
52461
2391
40607
1718
960
1490
1592
858
1620
936
2924
2190
4326
1689
899
719
1708
3163
665
1350
2006
1246
598
783
926
528
683
3947
1343
9971
2858
906
837
0
0
0
401
4849
577
2935
27754
1603
502
812
1295
330
3602
968
18778
5036
2580
2260
1338
1730
6049
979
2474
4654
8063
4693
2436
2133
3360
1416
2623
1825
2375
2080
30098
2706
13730
3350
1953
1645
2784
189
139
94
2111
872
772
2322
3987
4321
236
156
211
1455
1986
1003
12721
11189
1428
3665
3021
3207
4025
1227
1533
4540
4020
3102
967
1267
1895
764
890
1453
1217
829
1422
3108
5560
1264
935
560
2721
428
638
1068
328
484
946
2401
1441
1024
416
5116
1229
2714
2276
1663
1437
5050
1857
37496
3900
1356
6856
930
4712
2516
1437
1438
11479
3076
10043
37691
943
3081
5935
992
7632
4747
18007
2149
867
4104
926
1165
871
2423
2234
2850
5546
7958
5582
24501
2184
3771
1517
8756
1912
1308
3463
10832
1735
1312
2285
16500
8090
9628
2117
4913
1669
651
5849
2555
2475
893
2264
2942
429
3299
3506
5589
355
1602
968
1425
1671
401
4849
577
0
0
0
1549
327
540
897
346
888
941
136
252
846
10776
3014
1661
4839
4501
4346
1940
14725
2923
1977
8845
9241
2368
3604
1779
5728
8203
1756
1585
10451
1870
1438
5328
1678
3845
4909
398
1185
3752
1074
724
25972
2572
2827
31260
1541
1113
408
1451
976
2145
4627
1308
1877
2118
20673
640
501
2195
581
2041
520
6990
3780
3741
1397
1478
480
615
732
362
5735
1380
1305
862
210
420
235
303
190
645
683
429
280
870
811
900
722
358
631
2795
551
1804
712
436
913
305
596
10857
800
950
3882
3262
1224
858
4515
10436
718
1203
715
2851
726
1073
440
2603
879
813
1214
3743
2513
1098
2987
698
1240
1582
10978
1318
2371
4849
1296
4019
904
1425
1048
1799
3934
1023
1664
690
3406
1956
5080
952
326
2319
1012
725
762
490
1133
2417
1420
944
682
1528
3320
737
2163
820
558
4196
870
2935
27754
1603
1549
327
540
0
0
0
92
133
262
5275
791
2767
2201
6985
2851
985
11541
1449
1204
1382
1916
3329
3226
2211
2198
1257
1199
18282
2119
1669
1426
1215
2195
6668
1573
4170
896
1224
1483
2689
664
710
5174
826
24217
2862
3736
30213
517
473
2232
1997
1107
894
453
520
808
6622
1492
968
6503
526
791
1187
405
1268
2901
1922
1531
1830
1000
639
1666
1134
1097
2979
722
662
418
768
267
757
295
239
621
498
761
818
2505
1195
867
963
398
535
4101
1181
3744
1825
750
2309
2373
9713
2732
8614
648
2978
2089
8481
577
2761
4885
1480
890
832
449
1647
975
1147
1275
1510
1189
1920
812
2058
2556
531
15641
2725
1728
3549
1402
2067
1466
31340
8509
1516
829
3646
2226
1199
1140
1689
6514
1535
1430
1197
17119
5771
9430
5872
13446
1813
1655
1518
943
1389
3923
633
562
863
2221
2119
964
912
2200
502
812
1295
897
346
888
92
133
262
0
0
0
786
1005
348
1702
6014
31458
5585
9482
5126
3185
857
367
1528
1584
2103
2993
2794
6463
2319
3572
9240
76724
4880
1345
3278
3310
33919
851
5247
1646
766
1009
2706
565
1050
709
30817
1652
747
936
571
4506
3946
1012
6667
751
1193
879
838
25123
5185
1158
483
14126
897
1208
729
834
808
4643
654
653
495
4490
275
1557
691
768
731
4053
3236
505
595
1250
1215
2837
441
11812
528
2113
3028
11664
1847
769
2111
871
970
668
1826
3274
6168
710
1265
920
7907
835
1785
935
3614
4262
15038
971
1575
731
5261
2298
4672
2103
695
2187
863
2390
2950
1344
860
1901
683
3048
2808
3729
971
3743
1200
1343
19754
1259
405
1364
1282
5102
3704
1864
794
695
463
1565
642
1116
12060
1753
11181
1207
1754
1114
1366
3959
403
1661
2725
1737
1348
1099
4821
790
415
803
330
3602
968
941
136
252
5275
791
2767
786
1005
348
0
0
0
1715
2301
5657
4909
3311
3094
2382
9645
2380
2421
3246
5932
1504
1104
1438
3910
1116
1793
1887
4586
3384
3826
1129
2369
16125
3250
16209
445
1188
122
914
644
794
25886
7841
2987
580
397
1415
6501
2450
1721
2451
1014
1353
896
1710
565
1028
1346
4986
1128
1075
1708
3837
505
739
1772
2333
5130
4311
1263
4689
1191
1717
1582
826
2258
1222
4316
4343
2529
1502
1668
1098
586
1415
650
777
8403
1059
4941
1027
954
1470
693
3899
1212
1383
5812
1491
778
3775
4259
573
735
548
836
698
718
21885
1975
1127
857
579
585
2147
484
1118
1255
792
1179
1092
379
2379
951
651
616
805
1275
12185
2254
819
7421
1300
389
928
1188
756
805
15589
1154
1196
1609
1226
1226
8338
1527
1493
549
2617
1602
6139
16390
4255
3306
1996
5687
14695
5317
7182
1529
2137
18778
5036
2580
846
10776
3014
2201
6985
2851
1702
6014
31458
1715
2301
5657
0
0
0
115
910
349
5523
1937
2149
402
314
1074
1727
1458
3576
255
146
198
527
182
294
256
891
698
2105
2289
1096
680
3395
2129
1090
1790
1090
6381
3368
2806
1088
1694
2952
4981
27816
7565
18093
1003
12114
1155
795
1162
7905
4215
434
859
2097
599
854
1676
1220
8474
620
1037
2196
1755
3294
1730
2042
2905
3436
895
3597
1216
1344
42310
2156
2043
1031
1313
696
2365
4089
2307
778
12784
1157
3610
2334
2111
6194
397
3879
997
620
545
7864
300
785
1326
1013
2556
247
5080
842
318
711
774
15513
772
563
559
688
837
2800
1177
1437
348
654
1669
746
832
603
8245
912
1012
1622
413
4721
779
406
811
1996
2485
1644
1200
3633
3366
950
1245
8624
1559
999
1138
1876
618
2189
3347
2254
11131
19427
1590
4568
10411
4553
10551
678
2260
1338
1730
1661
4839
4501
985
11541
1449
5585
9482
5126
4909
3311
3094
115
910
349
0
0
0
579
1255
783
628
105
31
6729
1482
2452
611
4251
388
140
217
96
470
222
901
990
1485
1142
2757
2402
2585
1441
1608
920
30767
2362
1884
1789
8488
3957
4805
2192
1236
1428
2899
1081
1294
2490
2139
1777
889
3160
8838
1079
2354
2826
880
2292
1530
478
1857
10086
916
1209
8369
664
909
987
2958
2501
14272
634
670
1145
1436
2080
3861
1898
461
3923
974
1647
1062
529
4921
1358
4302
320
902
2613
630
3849
1026
1912
3772
1477
656
12906
408
1733
839
13736
1831
727
1730
1185
1022
953
1757
1420
1428
1357
1029
9634
3930
8210
14118
515
1782
791
1004
652
1559
19753
2799
1455
2080
12986
1400
1296
4042
3810
4706
1442
2868
3402
1117
1058
2046
25283
4201
20419
2087
1809
8675
2415
34681
3462
4513
1192
4870
1681
2107
1526
6049
979
2474
4346
1940
14725
1204
1382
1916
3185
857
367
2382
9645
2380
5523
1937
2149
579
1255
783
0
0
0
941
2319
1349
491
580
479
3648
2398
1031
5064
1638
7188
7626
5928
1387
1066
3173
4678
2988
6659
789
2675
4834
1870
2125
958
1469
2467
988
17538
4616
2810
10485
1055
281
170
24404
2920
1152
8927
1210
877
2634
534
2442
1083
4909
621
4051
1124
1204
1168
1251
740
1227
1111
19056
6085
2106
1426
1978
844
62136
22702
2971
954
3247
6327
1226
1249
894
620
2677
1756
2115
477
4280
1037
566
2113
2398
698
637
3739
503
711
5508
351
2127
602
605
1372
753
4543
646
2239
557
271
388
1114
3552
4840
514
470
1327
233
257
535
403
1488
642
1170
3434
1996
444
619
1885
24050
12853
3068
7072
1648
779
4317
1727
4041
5221
892
915
863
9139
933
1036
5296
2310
2687
562
738
3659
2669
2010
1828
1416
6573
4654
8063
4693
2923
1977
8845
3329
3226
2211
1528
1584
2103
2421
3246
5932
402
314
1074
628
105
31
941
2319
1349
0
0
0
580
1771
1029
1767
177
303
83
221
192
1312
549
815
1644
757
2040
4481
1334
7322
1840
1290
3857
1544
1195
811
2946
1532
2088
3344
2499
37673
4957
1116
2095
23041
991
1206
2600
4997
5448
1522
1124
1332
1166
1071
1112
2572
6479
12283
1211
22314
860
4745
19743
7794
2607
3276
985
2523
7544
622
493
15431
1052
1415
8663
20999
1264
1499
707
1470
442
1505
753
4082
843
611
582
1597
1827
14042
1115
324
569
1103
1033
411
11867
511
786
28478
991
1612
2109
1022
7782
938
2644
913
636
12693
1034
456
998
789
664
2520
1689
2444
2903
1740
814
1377
1873
579
17082
5773
2706
3191
1332
743
2347
11273
3642
25614
2103
1242
2454
944
1335
3225
30025
6477
6900
2317
1088
964
1742
1300
1403
5907
12296
2436
2133
3360
9241
2368
3604
2198
1257
1199
2993
2794
6463
1504
1104
1438
1727
1458
3576
6729
1482
2452
491
580
479
580
1771
1029
0
0
0
735
858
1751
1641
8098
5273
2256
540
1044
5060
1958
3117
1193
1898
2750
1320
7488
4617
1372
1373
1772
3502
2004
2905
2396
1661
4048
7437
597
1756
2436
36321
1970
3938
3318
2894
1527
1900
1641
1804
20534
1147
979
32163
1666
5836
4614
2020
23009
1082
1279
3622
3786
1957
5108
1770
8219
3144
1789
1771
3489
1088
1120
2221
1435
5718
1511
665
1279
923
1484
1329
8641
1398
8943
1293
8503
363
2259
1194
3764
18107
2581
957
2947
6474
3339
1419
1761
1418
700
964
896
9617
832
1931
563
2652
3259
791
965
3293
1635
974
767
10551
965
3856
1180
742
1496
764
1379
1411
525
1600
1116
1119
1454
2748
1740
1026
1711
1893
759
2359
21478
3217
2679
20224
2763
3147
1761
7860
2145
1045
930
602
1416
2623
1825
1779
5728
8203
18282
2119
1669
2319
3572
9240
3910
1116
1793
255
146
198
611
4251
388
3648
2398
1031
1767
177
303
735
858
1751
0
0
0
2460
317
238
216
130
147
3458
1075
1032
6067
11424
12325
1131
11755
3108
3118
1576
7436
3824
2961
2700
10501
4131
30666
1484
1262
1321
4717
2759
1138
1321
1337
968
933
2471
691
976
7139
1138
1904
13884
9575
583
6756
1127
23046
1077
1050
1674
5150
1159
1534
1051
839
2360
681
1438
14871
535
1179
1268
613
348
805
1754
2017
6609
2298
1856
459
659
4711
812
1753
2434
882
605
477
625
276
1724
1678
706
766
2058
477
1979
1101
268
463
1522
9266
3149
1394
319
1063
313
1022
1385
632
767
1401
773
10165
3048
994
1042
2540
853
1215
2965
4515
1920
2359
819
1078
865
4809
1274
3105
7052
1911
728
2402
17004
11052
632
3082
605
2303
998
1769
7555
580
5879
2375
2080
30098
1756
1585
10451
1426
1215
2195
76724
4880
1345
1887
4586
3384
527
182
294
140
217
96
5064
1638
7188
83
221
192
1641
8098
5273
2460
317
238
0
0
0
5615
1250
247
1767
6129
23061
1692
1614
1894
4105
1736
5001
14756
15718
10183
1539
9365
2983
10919
1514
4730
2146
1895
9626
520
1472
1672
1649
2350
8627
1244
988
2947
2086
458
2863
2268
5042
2832
1025
16117
652
3251
974
2027
8209
4240
10398
4944
4633
12650
1593
2193
840
2480
4196
10933
1111
2092
1648
1034
5246
2378
915
9274
934
585
1815
791
13544
10419
6048
1631
3741
1532
1785
1687
3447
1496
677
4858
4462
1990
1270
9174
900
835
4362
2092
13423
985
950
1193
495
577
775
6802
1583
1949
3286
1207
3107
643
622
681
1173
1019
1038
2573
1991
2239
908
1194
773
817
947
3253
3181
2674
1115
3457
2343
40144
1558
1186
3156
1527
7600
1786
4842
3227
1692
2706
13730
3350
1870
1438
5328
6668
1573
4170
3278
3310
33919
3826
1129
2369
256
891
698
470
222
901
7626
5928
1387
1312
549
815
2256
540
1044
216
130
147
5615
1250
247
0
0
0
2048
6517
4842
3666
3055
1048
6629
2600
1129
2697
6248
6879
2352
1511
4837
1824
12562
1509
3178
2067
2179
626
509
1243
1242
1506
2681
555
538
627
717
1460
442
731
1575
603
918
1373
2783
1201
634
2226
1933
790
3885
3821
6451
2526
1160
1214
923
12238
6378
546
2717
1368
3545
5631
3635
935
9465
1683
594
2014
1023
1320
1995
4318
1399
1788
924
10090
3354
1167
1391
2651
1882
2140
1607
4123
831
2997
880
1914
539
2939
1478
515
317
1511
5031
2293
621
2694
5227
467
759
2903
1137
1434
1737
898
1537
967
1299
968
384
16871
1237
11921
343
1939
488
222
1029
551
806
5475
1152
1754
906
2763
796
1173
859
8707
2299
1086
11266
1953
1645
2784
1678
3845
4909
896
1224
1483
851
5247
1646
16125
3250
16209
2105
2289
1096
990
1485
1142
1066
3173
4678
1644
757
2040
5060
1958
3117
3458
1075
1032
1767
6129
23061
2048
6517
4842
0
0
0
1553
2745
875
3631
735
4283
1157
240
566
1759
41063
2099
7547
1711
1535
8734
5453
2086
1905
727
2099
1244
4218
958
3817
1130
2761
1465
4851
2436
506
1158
1497
1366
622
3653
3359
1363
596
705
1204
1605
2193
1085
1953
1483
890
708
1442
1280
2017
10337
1120
14509
7327
1467
15197
1491
2238
2273
2970
3717
1915
1345
3975
3595
1231
1212
11839
1159
1276
2377
1983
803
1132
2275
1180
830
1378
18939
1118
6446
2617
7779
3042
1975
1682
2557
1902
3431
4973
1947
1561
3260
904
3965
1385
732
10710
9225
6532
1724
4174
1275
654
4988
995
874
2106
1364
6352
2589
5970
1041
3118
461
870
531
6024
6835
527
1548
2055
2237
6241
4252
189
139
94
398
1185
3752
2689
664
710
766
1009
2706
445
1188
122
680
3395
2129
2757
2402
2585
2988
6659
789
4481
1334
7322
1193
1898
2750
6067
11424
12325
1692
1614
1894
3666
3055
1048
1553
2745
875
0
0
0
1223
1698
9649
2222
1268
961
465
300
1281
1636
1028
614
1667
966
7863
936
1588
796
969
1140
1243
673
450
1847
1335
1380
2299
1161
2409
7238
1112
1531
332
424
262
4544
946
2185
1251
5733
534
9197
1057
709
1911
521
9367
9678
2796
6029
1928
2086
6273
2089
2763
1710
747
3798
730
27896
1404
2776
868
2461
1955
26301
1156
690
984
5269
2809
1146
1808
1106
1795
4733
785
23927
888
2094
2776
863
3303
1196
5966
28479
1932
6309
644
1047
2137
2033
720
1974
473
1342
3934
924
19771
3558
1390
715
656
1290
21593
1244
1345
765
3080
1156
403
1588
252
376
917
367
574
695
489
406
921
563
362
2111
872
772
1074
724
25972
5174
826
24217
565
1050
709
914
644
794
1090
1790
1090
1441
1608
920
2675
4834
1870
1840
1290
3857
1320
7488
4617
1131
11755
3108
4105
1736
5001
6629
2600
1129
3631
735
4283
1223
1698
9649
0
0
0
1352
2960
1356
5035
2181
584
666
5535
248
1135
1497
16041
2492
711
4052
975
1256
1930
5728
567
2161
1263
3305
1478
7009
3292
1684
980
1320
9427
2130
948
839
899
8256
3887
1920
1904
2587
2676
1526
3119
8612
1402
1566
6609
1760
5015
5801
1540
1729
1686
699
60407
42293
5498
1887
2138
630
1917
3159
3461
9233
1768
19329
1021
932
751
863
680
880
1146
673
23099
1567
2168
9064
893
1347
1291
6257
31138
1327
1098
1328
1444
1910
1290
1703
2428
1228
1737
1258
949
681
510
687
970
1516
446
8141
766
9773
6195
410
1414
6625
6036
571
1724
5418
5763
703
593
4247
3221
522
501
2731
1153
2322
3987
4321
2572
2827
31260
2862
3736
30213
30817
1652
747
25886
7841
2987
6381
3368
2806
30767
2362
1884
2125
958
1469
1544
1195
811
1372
1373
1772
3118
1576
7436
14756
15718
10183
2697
6248
6879
1157
240
566
2222
1268
961
1352
2960
1356
0
0
0
999
614
1241
492
890
1376
1527
2277
2696
640
1154
620
608
1108
463
1339
6762
898
1705
5277
1817
6692
3266
1303
1163
473
756
783
2253
1358
2530
25503
1378
1944
3064
1306
8883
1134
1889
1473
1797
1032
3460
2909
1127
2681
4426
899
1723
7720
5178
558
854
6007
945
680
1721
1295
3901
1410
4261
1974
3359
1166
22562
5466
5650
2467
9986
1359
1780
1583
1154
35090
1739
21553
677
3093
1211
1294
11694
2041
7650
1953
788
841
604
1151
849
1766
2516
3210
1174
8491
3054
830
744
744
1621
680
6424
1837
682
1083
1830
1520
3349
24170
654
1789
6232
5075
957
523
545
801
711
236
156
211
1541
1113
408
517
473
2232
936
571
4506
580
397
1415
1088
1694
2952
1789
8488
3957
2467
988
17538
2946
1532
2088
3502
2004
2905
3824
2961
2700
1539
9365
2983
2352
1511
4837
1759
41063
2099
465
300
1281
5035
2181
584
999
614
1241
0
0
0
1053
1624
1261
1551
3065
6723
1016
1301
1506
1174
1199
757
3789
1195
1511
605
3601
1040
922
1890
9133
669
883
1696
5049
1361
2322
2160
8100
925
4227
822
2543
963
806
731
2277
905
819
1165
28659
5906
1508
1369
1504
2201
15112
1528
950
1754
2350
3925
1160
7335
1471
1606
7662
35739
2703
8387
11588
1309
1629
1809
9903
2552
4123
5845
1782
596
3985
791
868
668
1785
3251
4168
1658
5456
878
1160
2422
1077
40338
1060
2465
2875
8963
1962
1585
6865
1052
2853
2399
1919
3037
1520
7635
1186
663
3762
704
864
2981
3537
890
863
458
1073
556
1021
1226
683
392
1455
1986
1003
1451
976
2145
1997
1107
894
3946
1012
6667
6501
2450
1721
4981
27816
7565
4805
2192
1236
4616
2810
10485
3344
2499
37673
2396
1661
4048
10501
4131
30666
10919
1514
4730
1824
12562
1509
7547
1711
1535
1636
1028
614
666
5535
248
492
890
1376
1053
1624
1261
0
0
0
2955
3273
2254
4015
31283
1035
1995
5161
3511
3626
43060
5657
1134
1762
5285
3612
1263
1705
1471
22184
55929
413
10003
11962
652
927
8995
622
3673
2780
1074
1684
1317
2053
1229
1073
995
2190
430
2081
701
3808
1419
889
2866
871
1287
1045
1361
1822
15336
750
1561
944
4203
1277
4452
977
2069
1231
1424
951
770
2390
22295
2991
2449
3241
1268
934
14936
1384
8094
8655
1454
1327
3734
4623
7960
2020
1655
6908
5682
1943
9478
3839
1337
1794
3489
3441
5282
900
939
10716
1732
10497
2382
3175
922
5427
9296
9588
1993
992
944
6136
1097
4004
3740
4254
2276
12721
11189
1428
4627
1308
1877
453
520
808
751
1193
879
2451
1014
1353
18093
1003
12114
1428
2899
1081
1055
281
170
4957
1116
2095
7437
597
1756
1484
1262
1321
2146
1895
9626
3178
2067
2179
8734
5453
2086
1667
966
7863
1135
1497
16041
1527
2277
2696
1551
3065
6723
2955
3273
2254
0
0
0
