C_ijk
0
0
0
37
87
40
69
63
84
137
190
168
417
226
550
172
1525
1154
164
70
172
371
512
393
287
1027
536
915
1982
422
207
409
526
5629
641
316
646
1328
4197
1456
2099
968
2175
455
608
371
1228
959
2589
1033
1228
308
2806
495
389
506
7295
1834
1678
280
979
2342
1560
353
919
3456
4961
738
1396
898
3017
1381
341
995
414
1709
963
862
7481
338
377
249
132
216
860
572
1341
288
134
207
1052
935
785
111
815
1207
259
209
725
869
496
427
1906
2032
248
2569
234
570
1996
2183
38487
3471
995
1077
1448
639
638
331
1212
1209
953
3065
875
5005
7533
848
820
1747
1297
692
4328
6214
2119
622
1021
869
1098
3938
969
667
2457
2394
864
6922
6272
1275
1090
511
2058
651
2153
994
707
978
474
2082
1972
1061
856
1380
1288
2852
791
777
447
1215
1100
6586
37
87
40
0
0
0
143
115
148
189
186
43
680
538
364
622
345
353
141
172
545
1368
1205
703
1578
302
1000
752
202
441
425
165
188
2239
137
141
606
506
713
641
692
2081
688
215
3099
272
2517
190
475
490
899
1436
1171
759
876
847
3942
1504
8063
605
457
681
905
323
1127
171
372
384
261
967
615
918
135
552
2341
236
545
977
1472
728
254
1429
223
189
357
363
1116
62
72
638
286
542
295
452
372
636
634
1803
3084
884
217
391
155
375
178
754
684
189
824
1365
3202
11925
2069
725
771
1960
1308
395
594
1461
5866
2047
964
3367
1791
5891
1823
1823
653
878
867
3879
2003
2433
1453
894
1313
1700
1503
3369
9238
794
634
540
2510
2477
756
6152
1791
2146
1788
2650
1285
1191
7278
3358
1428
17620
4292
1151
6384
836
3416
1036
7953
2744
594
2630
69
63
84
143
115
148
0
0
0
47
47
50
450
98
563
758
305
500
438
738
111
870
635
2340
999
545
617
476
1270
851
113
309
760
127
208
537
415
568
744
381
738
719
268
873
1952
279
142
167
2387
2638
544
1326
237
730
843
589
1032
651
1267
270
521
748
535
658
233
1181
1512
660
1542
3064
355
895
77
132
184
3625
294
172
708
860
389
693
225
412
4554
833
352
583
2806
497
216
1145
669
1681
304
541
644
491
275
782
257
398
353
920
636
1321
326
229
1456
1663
1321
789
710
937
499
795
479
705
1030
964
987
1267
518
4053
961
1396
2193
804
1731
4664
750
2141
8638
584
558
2122
12581
1113
6663
1245
1044
985
2535
7611
1968
548
913
892
793
4331
1747
1163
5483
1296
3884
2264
2100
1347
1286
1784
1907
1713
2085
10855
4590
892
2983
3246
137
190
168
189
186
43
47
47
50
0
0
0
907
685
474
349
325
556
733
209
322
181
11400
926
1798
302
751
549
1925
2945
522
509
606
758
3285
347
2075
8054
306
1245
964
916
610
293
262
113
220
570
420
5938
3662
2919
6966
1304
285
301
388
460
313
417
719
275
312
158
329
255
258
338
486
839
1485
455
105
195
62
752
187
141
107
196
318
67
2183
448
3017
396
1132
661
190
1957
187
1919
583
142
381
132
535
852
2218
267
2829
5286
3103
449
367
1060
13198
2137
2952
2212
1397
902
1071
3578
653
911
3683
9557
618
2933
2845
6012
1202
645
9578
12597
1156
6085
500
8248
666
6537
518
1143
694
1035
1731
1253
3098
4111
7171
3216
591
644
815
2922
4872
1769
315
1191
1706
2486
846
9733
1058
1085
3532
2773
1154
2160
8206
2712
1159
14006
3181
3491
2014
1311
417
226
550
680
538
364
450
98
563
907
685
474
0
0
0
642
282
2392
79
78
28
11013
1237
2008
235
1303
189
482
15390
303
563
256
493
194
7106
586
1392
523
363
1216
7443
285
826
1024
4010
547
416
563
1743
2668
1151
2150
1375
925
414
1409
789
2282
2042
1391
4047
2629
1589
689
2776
269
781
2826
307
3420
2708
3191
998
1087
410
1450
4418
1710
754
1972
2144
547
5486
274
419
975
1595
141
642
188
890
605
872
825
1216
1157
678
89
99
1380
1064
523
343
430
382
288
517
266
860
1180
3415
1087
9234
1146
1314
1953
979
2534
20206
2163
2305
678
360
10564
1386
2719
1982
1663
16653
2395
2161
1781
946
798
4443
10534
1965
3351
5585
2400
1535
890
1638
1119
1294
756
1398
1333
1519
1419
401
1584
433
1650
1026
1930
1661
1652
2608
1350
644
507
10308
1255
3291
2163
1457
3144
172
1525
1154
622
345
353
758
305
500
349
325
556
642
282
2392
0
0
0
342
544
318
124
181
2622
415
423
2723
729
490
289
235
252
890
1306
6860
394
1176
18616
1614
735
1075
437
665
1544
729
1804
369
2103
1081
625
6031
566
602
739
532
530
896
625
473
625
3664
792
2442
2251
450
490
937
880
1132
1768
1408
1222
466
1693
526
2386
2530
269
526
2722
783
1971
397
15105
737
3943
876
385
280
857
1070
415
724
819
1096
6986
1011
199
179
332
1311
2099
3792
1649
2632
293
663
1158
4066
1051
424
1634
946
433
1711
2056
1060
2851
1477
260
1124
506
403
2045
1300
11837
5316
1215
1134
3161
1274
7382
1007
13740
1174
9303
1437
856
1435
28352
22095
1151
1709
7390
1884
14319
619
731
2530
9168
1661
4809
1336
652
1984
922
1765
725
1099
764
417
515
2011
8028
4894
812
1817
476
164
70
172
141
172
545
438
738
111
733
209
322
79
78
28
342
544
318
0
0
0
757
963
377
1001
1882
180
685
329
704
179
111
134
276
522
845
1096
592
353
226
466
379
2170
677
457
1052
352
2712
1399
9840
1396
2465
2064
399
1841
976
764
6650
547
825
1037
395
6806
1758
6569
407
6457
487
509
1524
10567
1168
638
611
601
1478
341
329
2753
1973
515
540
260
4376
804
741
977
133
758
244
608
1218
491
119
2464
2271
237
380
184
234
1665
358
265
9461
1448
6008
306
207
12733
1424
1384
490
1471
293
860
1087
1053
745
851
723
2785
1734
4403
969
4014
1753
1367
1427
1140
2671
2663
988
2251
1009
294
610
1089
590
2846
2941
1223
849
2446
2880
4201
4718
1316
1733
2012
6410
2171
1051
1002
1691
637
1227
1549
842
2206
7359
512
1261
2139
449
658
5182
1646
3607
371
512
393
1368
1205
703
870
635
2340
181
11400
926
11013
1237
2008
124
181
2622
757
963
377
0
0
0
46
27
246
15
6
24
816
310
372
361
553
1303
434
577
255
324
311
671
499
1167
595
1759
397
317
1011
1679
4436
805
483
922
2621
582
512
839
270
235
2137
561
1305
1958
563
762
1904
411
432
4573
7537
1743
512
363
587
943
1301
6292
4629
1295
1269
4319
2097
6496
1520
831
976
557
1644
1793
19356
953
753
1357
850
447
605
768
285
2824
600
1397
1847
818
4668
3835
1050
953
5817
1375
899
7646
1385
702
627
449
254
2510
591
1465
861
513
658
3825
1362
1009
614
951
805
3502
499
5196
437
2260
7921
826
529
1028
4092
1069
3681
1119
3207
2689
6386
4311
993
798
2086
1868
1331
1092
1924
1145
947
498
5263
4014
1565
442
6340
3519
603
1180
664
6737
6512
2546
287
1027
536
1578
302
1000
999
545
617
1798
302
751
235
1303
189
415
423
2723
1001
1882
180
46
27
246
0
0
0
68
71
34
462
711
500
339
309
4454
362
2691
202
1387
294
546
585
8322
423
550
699
4384
3320
334
1376
779
669
1108
321
2334
1088
461
811
5046
3076
520
444
857
979
638
628
2074
2619
937
1311
1615
4070
613
514
1337
1089
1111
1337
1568
788
1481
1054
351
994
1449
463
6967
653
1128
2820
6788
1194
868
2883
447
1245
675
1129
331
545
4573
379
1302
625
3570
590
769
3180
8810
633
2178
644
2068
416
394
344
345
363
316
3316
7005
279
1407
18614
4527
30162
2789
648
3083
553
1546
1718
1801
2445
510
1229
4302
2332
1026
2045
1290
6692
1026
654
1642
6152
1441
1440
3890
1732
1183
1246
3192
3077
1014
1929
1871
1247
8763
760
5381
751
1688
647
4465
1309
842
915
1982
422
752
202
441
476
1270
851
549
1925
2945
482
15390
303
729
490
289
685
329
704
15
6
24
68
71
34
0
0
0
647
740
152
1225
371
296
555
540
642
699
9427
1148
406
2176
361
1103
450
447
703
2313
1100
2061
453
1889
1512
883
788
2254
2724
461
3284
644
821
1231
3963
5867
724
489
2786
1134
4878
1579
958
1134
1741
1063
1334
4092
1160
1712
1760
741
1313
5167
1898
1845
1960
897
5100
532
1081
1428
2235
1263
1117
1798
570
622
1304
855
425
869
2658
8387
1579
399
7039
3036
571
1088
2721
1488
21099
889
775
815
1605
2114
870
5183
468
779
956
1771
2818
984
2213
22055
667
10233
666
798
2304
1665
836
562
5536
577
2248
4969
1979
1968
1679
481
8873
5136
836
580
1829
3628
2459
403
1827
2296
1432
3529
1246
2378
3600
880
2016
797
1056
2852
776
544
1595
2571
207
409
526
425
165
188
113
309
760
522
509
606
563
256
493
235
252
890
179
111
134
816
310
372
462
711
500
647
740
152
0
0
0
88
219
433
336
459
3736
542
200
5073
1515
354
2129
751
453
248
442
548
580
3238
747
1160
361
298
5284
861
953
1994
987
1404
1779
443
378
189
989
208
6453
806
705
1174
427
902
1407
240
773
1628
1128
712
329
292
376
372
473
15558
1884
1055
1166
9357
699
4070
941
530
1081
453
297
223
380
1150
3843
383
326
13261
1338
599
1152
430
1930
14948
833
1318
4502
1450
1457
533
353
2055
10696
583
315
11319
3430
1274
2006
1782
23044
1168
542
706
2587
3125
2051
3699
1177
16409
3243
1218
2703
7133
3480
12543
496
1099
679
1617
34685
3708
669
785
962
1886
5780
685
7557
769
1163
10811
563
17660
1062
2406
2714
4401
3578
1330
4132
30005
5629
641
316
2239
137
141
127
208
537
758
3285
347
194
7106
586
1306
6860
394
276
522
845
361
553
1303
339
309
4454
1225
371
296
88
219
433
0
0
0
4215
654
278
262
304
1138
174
289
388
202
151
732
2257
656
656
484
918
1923
220
688
864
219
255
374
3082
367
2884
1192
199
361
1353
398
239
500
920
420
549
215
301
1648
883
1970
1108
282
378
1649
970
571
3900
749
748
2435
614
864
666
1397
3584
511
5384
226
382
508
524
4442
415
550
4841
10056
680
15070
908
679
4186
762
1574
2816
1601
643
862
1215
2088
1194
1120
540
4445
5243
918
46535
1881
608
1704
876
533
20631
652
2500
755
2286
927
1129
641
1461
1560
558
2900
1077
13943
1801
6846
753
3587
4308
12336
8849
1477
523
8685
2351
1026
807
732
1846
7610
1397
696
1467
1310
995
1749
1258
1256
2049
646
1328
4197
606
506
713
415
568
744
2075
8054
306
1392
523
363
1176
18616
1614
1096
592
353
434
577
255
362
2691
202
555
540
642
336
459
3736
4215
654
278
0
0
0
26
91
48
316
144
87
505
1488
1157
551
1088
1088
813
184
2493
407
395
431
755
230
954
2349
1179
1419
1224
1772
460
436
317
677
893
497
1342
1904
511
271
4474
1193
2086
1909
740
581
346
1306
435
2610
6228
1844
1235
375
597
537
10919
601
2747
855
1725
764
3387
937
645
847
510
718
1358
1987
1705
1068
1763
2657
1463
4789
4878
1524
1255
331
657
670
4796
623
3336
6053
1656
1947
887
4931
1435
3466
448
1698
410
380
313
1524
677
13647
1110
7577
3575
2343
2650
826
1271
926
3228
4323
11746
11263
2443
2558
1746
20455
2898
560
2596
1208
2000
3062
2639
6394
3189
1713
13283
1857
3556
1684
678
2175
1863
1456
2099
968
641
692
2081
381
738
719
1245
964
916
1216
7443
285
735
1075
437
226
466
379
324
311
671
1387
294
546
699
9427
1148
542
200
5073
262
304
1138
26
91
48
0
0
0
201
367
71
5532
351
484
4855
410
434
796
941
600
6994
660
1155
127
241
589
26614
438
1326
1082
569
256
534
1443
880
3677
338
433
942
1077
1922
856
5141
4347
5801
527
2327
1072
238
1185
882
1213
874
1157
1109
3364
459
494
935
4375
819
1739
534
1031
977
1191
2395
542
688
510
3327
857
6879
1035
1770
14301
1282
2799
1406
6249
2456
718
710
1398
6564
2021
2381
1930
4034
2233
2708
3535
14377
2959
1982
905
940
2009
4385
33456
3165
1795
1074
1061
3937
2979
1630
2412
1199
864
1843
4987
4809
7195
1100
966
1677
9365
2256
3337
2323
891
2434
737
1764
923
1019
18103
3531
902
587
762
1339
1048
2175
455
608
688
215
3099
268
873
1952
610
293
262
826
1024
4010
665
1544
729
2170
677
457
499
1167
595
585
8322
423
406
2176
361
1515
354
2129
174
289
388
316
144
87
201
367
71
0
0
0
351
1150
1088
977
727
716
455
343
736
1318
1518
812
3303
228
275
3637
2028
4062
505
620
1307
273
394
4124
397
1730
2412
699
564
366
8838
548
6880
909
363
1196
552
292
833
1713
1401
640
4625
525
1324
647
737
1214
2106
1032
1497
324
355
1274
1879
1028
574
2993
864
4810
4533
1073
1224
3037
907
1822
1013
642
2914
1105
4425
850
5054
2368
696
3772
1131
1728
3500
1394
749
1421
710
5820
1654
1081
815
3239
873
1093
2367
2818
1677
1224
546
2201
1487
909
4745
2181
1219
550
2806
23696
7315
1069
638
1089
791
4318
2186
1762
858
1477
3259
10042
835
1520
1641
19497
31352
512
1067
371
1228
959
272
2517
190
279
142
167
113
220
570
547
416
563
1804
369
2103
1052
352
2712
1759
397
317
550
699
4384
1103
450
447
751
453
248
202
151
732
505
1488
1157
5532
351
484
351
1150
1088
0
0
0
2472
312
760
305
602
431
245
516
521
667
831
516
11274
326
728
229
444
103
350
364
108
205
1440
284
234
195
717
507
419
277
112
3904
511
131
255
267
431
980
397
291
153
365
3526
608
410
346
485
191
576
472
1003
5096
1057
621
1116
370
1974
221
853
8460
1492
1814
3084
720
3391
1302
720
896
1085
1568
2065
6954
1049
5312
9845
882
786
396
5799
9615
1162
10596
541
3911
662
1799
2006
515
973
1428
2867
6869
3948
767
1026
4696
886
2785
1001
1204
3477
584
3097
867
5841
710
955
5803
1840
1373
5758
613
1422
1147
2046
1101
898
5850
1294
2314
2589
1033
1228
475
490
899
2387
2638
544
420
5938
3662
1743
2668
1151
1081
625
6031
1399
9840
1396
1011
1679
4436
3320
334
1376
703
2313
1100
442
548
580
2257
656
656
551
1088
1088
4855
410
434
977
727
716
2472
312
760
0
0
0
64
72
129
281
354
50
216
62
634
181
268
436
1168
3116
307
2059
602
209
530
259
203
389
1572
1442
5334
952
2856
284
557
1127
255
717
437
1310
822
1372
5921
1067
1551
1570
2470
1239
1916
2497
1481
485
2100
1370
586
2456
935
720
1926
22639
400
1542
499
3821
2857
2636
2387
1727
1165
969
1178
4817
2080
1873
991
1840
2193
1492
7987
424
1690
610
605
4612
1127
2348
3604
790
270
269
640
541
568
5577
357
1004
787
1263
1113
7468
1032
564
1712
1521
882
1455
2225
9415
1332
508
923
1095
14829
1374
744
1008
2834
1468
1588
1227
1131
2716
2490
308
2806
495
1436
1171
759
1326
237
730
2919
6966
1304
2150
1375
925
566
602
739
2465
2064
399
805
483
922
779
669
1108
2061
453
1889
3238
747
1160
484
918
1923
813
184
2493
796
941
600
455
343
736
305
602
431
64
72
129
0
0
0
109
39
82
602
119
434
3922
324
320
600
226
425
344
257
641
494
285
206
1283
614
443
1466
687
590
399
237
384
277
350
331
34756
1386
1075
1322
747
1413
959
9983
580
512
264
2840
3252
926
801
5050
1103
1131
6929
1074
3064
668
2991
1782
1485
5188
1582
1787
3752
31145
734
850
1110
6741
835
3168
1120
726
3435
5220
745
1748
2182
314
209
4353
693
1007
516
11826
193
1212
499
2478
551
581
686
629
834
5180
1948
1717
18088
1162
6142
1771
1754
5980
1688
1195
907
2770
5023
6220
6747
3151
2086
2566
1119
5838
1451
1109
1227
2358
389
506
7295
876
847
3942
843
589
1032
285
301
388
414
1409
789
532
530
896
1841
976
764
2621
582
512
321
2334
1088
1512
883
788
361
298
5284
220
688
864
407
395
431
6994
660
1155
1318
1518
812
245
516
521
281
354
50
109
39
82
0
0
0
91
125
334
1385
1547
1927
1087
249
172
211
973
95
667
1973
770
861
367
257
203
466
2450
1307
969
2367
746
1921
412
1927
2384
455
527
745
295
527
1392
1120
1386
782
547
764
987
4803
599
2848
7722
3596
1581
2233
464
1141
5037
863
1121
10430
1988
897
9014
529
1940
8337
5861
18977
644
1274
3270
2487
3354
376
838
450
2705
452
1231
3663
1410
1347
2704
3421
711
363
1256
710
2355
1639
3542
441
653
819
1368
674
1874
14504
1807
2488
2302
1086
4090
2402
2578
1093
3132
2540
951
2980
5188
1904
11906
2058
1509
8985
1018
1834
1678
280
1504
8063
605
651
1267
270
460
313
417
2282
2042
1391
625
473
625
6650
547
825
839
270
235
461
811
5046
2254
2724
461
861
953
1994
219
255
374
755
230
954
127
241
589
3303
228
275
667
831
516
216
62
634
602
119
434
91
125
334
0
0
0
5883
8763
593
1652
4204
313
455
284
1369
802
528
1325
518
591
3214
2899
650
310
479
884
937
539
1171
828
675
580
1654
1035
1101
499
1257
382
2486
3786
648
3114
5206
455
551
1466
5810
1454
603
729
1855
835
1103
672
875
15397
2228
2583
1985
2627
1639
1748
1435
728
4086
1278
1281
1921
2152
10042
8087
889
906
543
1650
565
14006
559
370
1226
1197
1094
3718
332
980
1443
651
848
602
3916
759
6496
1655
3536
29045
1824
8004
2420
1295
1835
878
1694
2384
2515
17463
2255
1086
1384
768
2836
4416
961
4576
1917
979
2342
1560
457
681
905
521
748
535
719
275
312
4047
2629
1589
3664
792
2442
1037
395
6806
2137
561
1305
3076
520
444
3284
644
821
987
1404
1779
3082
367
2884
2349
1179
1419
26614
438
1326
3637
2028
4062
11274
326
728
181
268
436
3922
324
320
1385
1547
1927
5883
8763
593
0
0
0
546
391
726
1323
61
1282
143
80
169
764
540
243
487
561
473
311
408
482
714
561
190
1512
2062
1388
633
687
351
653
324
601
292
834
2036
580
1640
512
2985
713
686
505
1135
1473
1586
3331
885
3969
10598
865
887
6562
6105
2132
3172
1670
1976
1206
2866
765
928
1264
1209
892
665
1084
1315
418
1005
18889
711
304
828
1670
2427
1267
897
6215
1626
708
791
387
1069
692
1482
1109
711
2258
454
2001
954
1643
16602
8149
9565
954
668
936
1100
1860
1822
1464
1796
15390
5031
6554
1356
353
919
3456
323
1127
171
658
233
1181
158
329
255
689
2776
269
2251
450
490
1758
6569
407
1958
563
762
857
979
638
1231
3963
5867
443
378
189
1192
199
361
1224
1772
460
1082
569
256
505
620
1307
229
444
103
1168
3116
307
600
226
425
1087
249
172
1652
4204
313
546
391
726
0
0
0
246
147
173
317
1324
278
189
316
459
413
359
174
304
333
424
186
222
218
1697
352
3250
330
223
176
538
1476
491
571
462
981
836
752
719
554
1546
2122
601
2445
7143
1868
1095
444
2808
1816
1003
3538
1207
11752
623
627
1415
23435
813
1077
1210
10363
574
892
2335
431
1796
624
3165
1706
790
1964
2270
332
703
1076
4587
5869
1771
1301
1205
463
3026
1685
1969
4367
885
2917
967
484
837
2645
1837
1182
10339
3722
830
2933
2755
1475
457
1894
13925
1192
23256
1412
2476
3441
4961
738
1396
372
384
261
1512
660
1542
258
338
486
781
2826
307
937
880
1132
6457
487
509
1904
411
432
628
2074
2619
724
489
2786
989
208
6453
1353
398
239
436
317
677
534
1443
880
273
394
4124
350
364
108
2059
602
209
344
257
641
211
973
95
455
284
1369
1323
61
1282
246
147
173
0
0
0
1686
380
302
140
145
610
3613
239
228
182
473
280
206
851
254
640
3473
793
340
222
652
555
1266
660
704
829
2035
1943
519
1331
2068
3836
10634
741
10144
471
1417
789
1064
2777
2767
2531
620
1317
21197
1226
4057
3253
8691
3194
1352
4047
4218
1215
685
776
1671
331
1111
723
993
2258
1433
1035
409
592
1340
1048
484
1181
691
2068
1394
570
614
1483
1733
505
1657
1240
557
1522
1196
1536
1369
1169
1332
11582
1149
1010
2337
2415
753
843
3013
3109
2166
10424
4807
898
3017
1381
967
615
918
3064
355
895
839
1485
455
3420
2708
3191
1768
1408
1222
1524
10567
1168
4573
7537
1743
937
1311
1615
1134
4878
1579
806
705
1174
500
920
420
893
497
1342
3677
338
433
397
1730
2412
205
1440
284
530
259
203
494
285
206
667
1973
770
802
528
1325
143
80
169
317
1324
278
1686
380
302
0
0
0
440
183
263
978
757
291
206
1404
429
1221
622
4340
1094
2440
298
3304
1701
768
1293
348
231
1520
278
565
492
1150
677
23592
3665
1437
2294
409
3854
1391
971
446
1413
3572
3756
11258
809
2240
2205
10884
569
4467
1293
2460
3564
1997
1199
9047
404
592
981
328
990
850
1048
3847
153
583
492
754
3273
3627
3617
632
1441
2596
306
421
1504
1712
426
6277
683
1750
3273
2555
5725
2368
1200
1192
12319
3172
2620
15600
16536
800
1605
2625
1449
7099
3490
1307
341
995
414
135
552
2341
77
132
184
105
195
62
998
1087
410
466
1693
526
638
611
601
512
363
587
4070
613
514
958
1134
1741
427
902
1407
549
215
301
1904
511
271
942
1077
1922
699
564
366
234
195
717
389
1572
1442
1283
614
443
861
367
257
518
591
3214
764
540
243
189
316
459
140
145
610
440
183
263
0
0
0
1790
509
195
420
246
153
118
133
35
375
303
371
203
130
211
928
536
212
179
78
89
683
803
1283
568
1243
339
333
291
330
719
913
842
942
2305
2753
1459
4710
1008
1970
17652
6607
1586
779
10691
1050
967
14844
1440
1420
1241
889
618
751
786
1302
839
6342
1700
23436
523
8523
807
656
1289
2177
720
760
4251
21180
5943
1974
1327
528
440
1493
2233
1049
6841
2670
2009
937
981
411
727
1416
2326
608
585
1146
1021
1867
14584
1709
963
862
236
545
977
3625
294
172
752
187
141
1450
4418
1710
2386
2530
269
1478
341
329
943
1301
6292
1337
1089
1111
1063
1334
4092
240
773
1628
1648
883
1970
4474
1193
2086
856
5141
4347
8838
548
6880
507
419
277
5334
952
2856
1466
687
590
203
466
2450
2899
650
310
487
561
473
413
359
174
3613
239
228
978
757
291
1790
509
195
0
0
0
287
263
77
283
734
579
1005
627
498
372
505
7246
310
269
364
483
333
460
651
2089
874
1415
1231
432
494
1106
2553
1660
302
267
1265
5703
1193
1165
3437
4099
2639
2766
793
833
470
1371
4259
6427
2157
462
1605
6734
652
8933
2550
2117
1454
2238
919
8695
873
6118
4533
2556
1580
1042
3104
6681
1271
1224
911
33677
775
6757
1267
316
3901
1705
1193
2013
1909
3857
868
2228
1067
2753
1200
1293
2006
1870
1529
1136
3359
6998
7481
338
377
1472
728
254
708
860
389
107
196
318
754
1972
2144
526
2722
783
2753
1973
515
4629
1295
1269
1337
1568
788
1160
1712
1760
1128
712
329
1108
282
378
1909
740
581
5801
527
2327
909
363
1196
112
3904
511
284
557
1127
399
237
384
1307
969
2367
479
884
937
311
408
482
304
333
424
182
473
280
206
1404
429
420
246
153
287
263
77
0
0
0
399
245
234
362
1883
1328
150
371
1042
561
247
1001
1369
531
405
633
1336
755
889
4702
948
1120
809
1080
2030
13328
622
2123
1866
3545
3485
1804
5519
1722
5250
979
1767
3217
808
2391
2420
1630
5361
1655
723
1478
559
2572
1673
14259
1084
567
1288
434
660
414
1678
540
3646
24456
906
1655
886
1914
8074
951
1158
557
984
1841
2697
2150
3169
2285
9518
1217
2830
1215
3795
1478
1034
742
736
3986
1672
890
37447
249
132
216
1429
223
189
693
225
412
67
2183
448
547
5486
274
1971
397
15105
540
260
4376
4319
2097
6496
1481
1054
351
741
1313
5167
292
376
372
1649
970
571
346
1306
435
1072
238
1185
552
292
833
131
255
267
255
717
437
277
350
331
746
1921
412
539
1171
828
714
561
190
186
222
218
206
851
254
1221
622
4340
118
133
35
283
734
579
399
245
234
0
0
0
803
319
814
176
155
331
624
398
161
188
103
1831
377
1190
340
2903
453
736
908
1117
642
1679
478
801
5466
7335
3764
750
552
1296
1588
6473
3671
3764
841
2420
4046
416
3423
6375
5264
713
1741
815
834
55584
5261
1264
10208
1293
477
9266
1235
2253
4572
803
357
418
448
1103
883
1429
6077
1590
737
451
51236
3756
20570
2959
535
762
1279
4214
17639
8572
1971
474
665
1758
1213
1159
1161
1389
860
572
1341
357
363
1116
4554
833
352
3017
396
1132
419
975
1595
737
3943
876
804
741
977
1520
831
976
994
1449
463
1898
1845
1960
473
15558
1884
3900
749
748
2610
6228
1844
882
1213
874
1713
1401
640
431
980
397
1310
822
1372
34756
1386
1075
1927
2384
455
675
580
1654
1512
2062
1388
1697
352
3250
640
3473
793
1094
2440
298
375
303
371
1005
627
498
362
1883
1328
803
319
814
0
0
0
405
253
930
297
496
229
312
627
560
564
701
150
552
791
423
108
1741
393
1257
1051
485
1308
1680
4643
1363
6331
1182
595
9747
1504
4204
1003
2766
1406
1069
756
559
1059
1149
1337
1096
1260
1161
2261
4525
2085
7629
7842
15257
1538
2156
4085
1317
1298
1160
3737
1701
51850
5565
731
1709
2418
2486
5697
4060
1315
761
469
703
470
476
337
2656
608
1701
787
8745
2259
4244
1092
1424
288
134
207
62
72
638
583
2806
497
661
190
1957
141
642
188
385
280
857
133
758
244
557
1644
1793
6967
653
1128
897
5100
532
1055
1166
9357
2435
614
864
1235
375
597
1157
1109
3364
4625
525
1324
291
153
365
5921
1067
1551
1322
747
1413
527
745
295
1035
1101
499
633
687
351
330
223
176
340
222
652
3304
1701
768
203
130
211
372
505
7246
150
371
1042
176
155
331
405
253
930
0
0
0
171
1707
418
26
29
65
392
313
350
440
377
501
429
1019
388
279
828
552
797
7124
1755
28735
723
970
3368
1680
7804
390
2225
1013
6317
1575
834
2165
1243
485
687
9426
6875
1140
683
2479
1725
812
2308
1391
8111
1323
1560
2521
10381
463
2016
6572
13658
2799
1136
855
544
2050
2675
4170
754
2281
1942
4681
1957
1863
2559
432
809
484
583
7550
1857
14527
832
2417
1052
935
785
286
542
295
216
1145
669
187
1919
583
890
605
872
1070
415
724
608
1218
491
19356
953
753
2820
6788
1194
1081
1428
2235
699
4070
941
666
1397
3584
537
10919
601
459
494
935
647
737
1214
3526
608
410
1570
2470
1239
959
9983
580
527
1392
1120
1257
382
2486
653
324
601
538
1476
491
555
1266
660
1293
348
231
928
536
212
310
269
364
561
247
1001
624
398
161
297
496
229
171
1707
418
0
0
0
309
863
239
201
240
598
266
9166
3943
457
141
775
2031
689
1016
722
1235
3232
18601
1488
4052
3050
1039
2145
959
855
7507
824
2749
860
5817
1469
659
1032
616
1087
1693
3161
958
1130
1319
757
3554
1894
686
1868
1210
1098
18240
640
27197
790
1565
1327
1051
1458
1347
1405
4449
1185
505
512
739
370
1326
276
580
883
962
1483
527
1460
7487
4706
1465
111
815
1207
452
372
636
1681
304
541
142
381
132
825
1216
1157
819
1096
6986
119
2464
2271
1357
850
447
868
2883
447
1263
1117
1798
530
1081
453
511
5384
226
2747
855
1725
4375
819
1739
2106
1032
1497
346
485
191
1916
2497
1481
512
264
2840
1386
782
547
3786
648
3114
292
834
2036
571
462
981
704
829
2035
1520
278
565
179
78
89
483
333
460
1369
531
405
188
103
1831
312
627
560
26
29
65
309
863
239
0
0
0
296
1227
1136
677
1136
219
265
449
2633
290
534
451
1626
676
739
1145
913
2122
4185
2444
4326
902
6348
1999
3138
988
1506
702
1323
797
1742
6912
819
1265
1386
931
683
682
7902
801
33008
12273
453
453
1762
1593
832
10524
1539
5765
13423
1261
9264
519
1660
1208
1261
937
2675
1837
1820
14114
3420
1334
1452
672
1115
8109
1306
3128
19916
1853
259
209
725
634
1803
3084
644
491
275
535
852
2218
678
89
99
1011
199
179
237
380
184
605
768
285
1245
675
1129
570
622
1304
297
223
380
382
508
524
764
3387
937
534
1031
977
324
355
1274
576
472
1003
485
2100
1370
3252
926
801
764
987
4803
5206
455
551
580
1640
512
836
752
719
1943
519
1331
492
1150
677
683
803
1283
651
2089
874
633
1336
755
377
1190
340
564
701
150
392
313
350
201
240
598
296
1227
1136
0
0
0
187
255
284
672
196
144
177
43
89
1042
661
1063
3905
12822
1244
787
10980
1308
2075
1040
16213
703
1493
1129
2048
1786
586
2863
1905
3835
1700
1942
5218
1266
5245
650
1954
21736
2936
1323
1170
957
579
3336
728
9581
1455
1652
2439
1854
2334
1794
679
958
1354
8498
1239
1769
477
501
353
897
920
1117
901
1164
43398
3167
7678
869
496
427
884
217
391
782
257
398
267
2829
5286
1380
1064
523
332
1311
2099
234
1665
358
2824
600
1397
331
545
4573
855
425
869
1150
3843
383
4442
415
550
645
847
510
1191
2395
542
1879
1028
574
5096
1057
621
586
2456
935
5050
1103
1131
599
2848
7722
1466
5810
1454
2985
713
686
554
1546
2122
2068
3836
10634
23592
3665
1437
568
1243
339
1415
1231
432
889
4702
948
2903
453
736
552
791
423
440
377
501
266
9166
3943
677
1136
219
187
255
284
0
0
0
124
315
190
232
98
137
1247
1167
5865
700
10578
667
628
1044
1112
1077
1916
971
6184
4690
2082
1572
16786
1671
1803
1268
33298
9769
9215
702
788
4198
6926
623
5269
5790
3741
902
730
17225
770
2676
2479
2220
1321
5199
1549
1499
949
570
9942
208
278
380
11923
567
781
8998
3501
2171
1230
1708
1700
40353
2827
625
1906
2032
248
155
375
178
353
920
636
3103
449
367
343
430
382
3792
1649
2632
265
9461
1448
1847
818
4668
379
1302
625
2658
8387
1579
326
13261
1338
4841
10056
680
718
1358
1987
688
510
3327
2993
864
4810
1116
370
1974
720
1926
22639
6929
1074
3064
3596
1581
2233
603
729
1855
505
1135
1473
601
2445
7143
741
10144
471
2294
409
3854
333
291
330
494
1106
2553
1120
809
1080
908
1117
642
108
1741
393
429
1019
388
457
141
775
265
449
2633
672
196
144
124
315
190
0
0
0
125
403
106
951
5553
731
877
980
8990
583
1371
2474
579
1921
748
1599
1886
857
1664
1964
1056
4634
764
1788
5530
7920
10185
564
1260
4583
2078
2012
7488
4168
1325
1069
976
1849
1595
3659
4264
3870
611
2853
1825
7576
968
748
8654
3188
13676
4946
2199
1601
1764
780
517
368
3896
763
946
2335
11247
2569
234
570
754
684
189
1321
326
229
1060
13198
2137
288
517
266
293
663
1158
6008
306
207
3835
1050
953
3570
590
769
399
7039
3036
599
1152
430
15070
908
679
1705
1068
1763
857
6879
1035
4533
1073
1224
221
853
8460
400
1542
499
668
2991
1782
464
1141
5037
835
1103
672
1586
3331
885
1868
1095
444
1417
789
1064
1391
971
446
719
913
842
1660
302
267
2030
13328
622
1679
478
801
1257
1051
485
279
828
552
2031
689
1016
290
534
451
177
43
89
232
98
137
125
403
106
0
0
0
1645
1987
528
5236
2174
1647
1198
2450
2661
2834
841
1169
3019
692
2431
1240
2031
3116
1575
3314
1186
2271
2675
28328
610
479
951
1765
46803
5920
7715
3950
2320
2258
3207
1598
2065
8927
8187
551
4722
477
1533
1728
1287
532
330
979
3241
315
559
634
807
401
877
2073
577
3111
2798
2162
1996
2183
38487
824
1365
3202
1456
1663
1321
2952
2212
1397
860
1180
3415
4066
1051
424
12733
1424
1384
5817
1375
899
3180
8810
633
571
1088
2721
1930
14948
833
4186
762
1574
2657
1463
4789
1770
14301
1282
3037
907
1822
1492
1814
3084
3821
2857
2636
1485
5188
1582
863
1121
10430
875
15397
2228
3969
10598
865
2808
1816
1003
2777
2767
2531
1413
3572
3756
942
2305
2753
1265
5703
1193
2123
1866
3545
5466
7335
3764
1308
1680
4643
797
7124
1755
722
1235
3232
1626
676
739
1042
661
1063
1247
1167
5865
951
5553
731
1645
1987
528
0
0
0
3179
503
442
392
4398
1172
976
2052
764
1350
3423
1150
2363
2360
5672
3777
1994
1812
2822
4034
678
2941
5295
7310
13323
1894
7821
42011
4538
9986
2488
7942
3062
1981
5348
2331
2220
1286
5080
68
371
124
255
689
309
2331
2554
12720
326
145
283
1073
1609
1402
2157
6631
864
3471
995
1077
11925
2069
725
789
710
937
902
1071
3578
1087
9234
1146
1634
946
433
490
1471
293
7646
1385
702
2178
644
2068
1488
21099
889
1318
4502
1450
2816
1601
643
4878
1524
1255
2799
1406
6249
1013
642
2914
720
3391
1302
2387
1727
1165
1787
3752
31145
1988
897
9014
2583
1985
2627
887
6562
6105
3538
1207
11752
620
1317
21197
11258
809
2240
1459
4710
1008
1165
3437
4099
3485
1804
5519
750
552
1296
1363
6331
1182
28735
723
970
18601
1488
4052
1145
913
2122
3905
12822
1244
700
10578
667
877
980
8990
5236
2174
1647
3179
503
442
0
0
0
3462
356
2214
612
400
180
117
1014
87
14600
1552
2757
17053
3165
1080
565
1057
1856
4399
1764
1674
2530
3374
7009
2153
2518
3503
2643
3295
1972
2344
4008
5867
999
66931
2044
1293
292
4287
2583
722
694
2785
1245
7132
763
801
3869
2579
3688
3954
2284
2431
1337
1448
639
638
771
1960
1308
499
795
479
653
911
3683
1314
1953
979
1711
2056
1060
860
1087
1053
627
449
254
416
394
344
775
815
1605
1457
533
353
862
1215
2088
331
657
670
2456
718
710
1105
4425
850
720
896
1085
969
1178
4817
734
850
1110
529
1940
8337
1639
1748
1435
2132
3172
1670
623
627
1415
1226
4057
3253
2205
10884
569
1970
17652
6607
2639
2766
793
1722
5250
979
1588
6473
3671
595
9747
1504
3368
1680
7804
3050
1039
2145
4185
2444
4326
787
10980
1308
628
1044
1112
583
1371
2474
1198
2450
2661
392
4398
1172
3462
356
2214
0
0
0
115
391
519
330
6535
229
1353
18844
1505
1942
1038
7149
2716
2189
1098
4583
1047
1638
1698
1155
1814
3017
858
13454
1002
2554
1558
4229
1475
5560
7967
2426
2061
869
1902
870
1131
3094
2048
10493
1390
1473
1832
1408
1146
967
3188
2052
1118
523
836
331
1212
1209
395
594
1461
705
1030
964
9557
618
2933
2534
20206
2163
2851
1477
260
745
851
723
2510
591
1465
345
363
316
2114
870
5183
2055
10696
583
1194
1120
540
4796
623
3336
1398
6564
2021
5054
2368
696
1568
2065
6954
2080
1873
991
6741
835
3168
5861
18977
644
728
4086
1278
1976
1206
2866
23435
813
1077
8691
3194
1352
4467
1293
2460
1586
779
10691
833
470
1371
1767
3217
808
3764
841
2420
4204
1003
2766
390
2225
1013
959
855
7507
902
6348
1999
2075
1040
16213
1077
1916
971
579
1921
748
2834
841
1169
976
2052
764
612
400
180
115
391
519
0
0
0
3941
5658
1224
2582
3923
1483
3166
2039
2515
2116
2964
784
656
4858
8403
1473
999
1733
39667
6577
2916
15659
1223
1749
8213
1812
12938
1260
2089
2696
542
654
3248
2035
690
1406
3823
9365
2715
1199
3880
5449
513
2193
904
1170
1795
552
953
3065
875
5866
2047
964
987
1267
518
2845
6012
1202
2305
678
360
1124
506
403
2785
1734
4403
861
513
658
3316
7005
279
468
779
956
315
11319
3430
4445
5243
918
6053
1656
1947
2381
1930
4034
3772
1131
1728
1049
5312
9845
1840
2193
1492
1120
726
3435
1274
3270
2487
1281
1921
2152
765
928
1264
1210
10363
574
4047
4218
1215
3564
1997
1199
1050
967
14844
4259
6427
2157
2391
2420
1630
4046
416
3423
1406
1069
756
6317
1575
834
824
2749
860
3138
988
1506
703
1493
1129
6184
4690
2082
1599
1886
857
3019
692
2431
1350
3423
1150
117
1014
87
330
6535
229
3941
5658
1224
0
0
0
2385
22600
9034
9350
1500
5723
4503
2938
2646
7876
2755
1045
7288
3090
1891
9411
6338
22280
2223
13269
3604
7744
4680
3523
1467
2809
5365
1511
348
573
398
1454
437
3818
5134
2429
4145
536
650
725
822
1528
936
1636
2202
5005
7533
848
3367
1791
5891
4053
961
1396
645
9578
12597
10564
1386
2719
2045
1300
11837
969
4014
1753
3825
1362
1009
1407
18614
4527
1771
2818
984
1274
2006
1782
46535
1881
608
887
4931
1435
2233
2708
3535
3500
1394
749
882
786
396
7987
424
1690
5220
745
1748
3354
376
838
10042
8087
889
1209
892
665
892
2335
431
685
776
1671
9047
404
592
1440
1420
1241
462
1605
6734
5361
1655
723
6375
5264
713
559
1059
1149
2165
1243
485
5817
1469
659
702
1323
797
2048
1786
586
1572
16786
1671
1664
1964
1056
1240
2031
3116
2363
2360
5672
14600
1552
2757
1353
18844
1505
2582
3923
1483
2385
22600
9034
0
0
0
351
97
3433
1826
592
663
472
248
385
20109
625
1014
144
312
433
115
280
436
3913
506
1346
2372
706
6944
8303
2674
3832
2179
3153
18547
2852
3655
1273
1375
1358
1102
13456
59667
1466
3321
3296
17867
820
1747
1297
1823
1823
653
2193
804
1731
1156
6085
500
1982
1663
16653
5316
1215
1134
1367
1427
1140
614
951
805
30162
2789
648
2213
22055
667
23044
1168
542
1704
876
533
3466
448
1698
14377
2959
1982
1421
710
5820
5799
9615
1162
610
605
4612
2182
314
209
450
2705
452
906
543
1650
1084
1315
418
1796
624
3165
331
1111
723
981
328
990
889
618
751
652
8933
2550
1478
559
2572
1741
815
834
1337
1096
1260
687
9426
6875
1032
616
1087
1742
6912
819
2863
1905
3835
1803
1268
33298
4634
764
1788
1575
3314
1186
3777
1994
1812
17053
3165
1080
1942
1038
7149
3166
2039
2515
9350
1500
5723
351
97
3433
0
0
0
3460
1193
1576
67
76
225
2061
1052
1493
640
744
438
101
118
266
629
2634
1487
914
1637
1098
12296
5443
4657
1689
6423
25591
1812
2316
2122
2934
1246
2116
9725
2709
2050
1382
657
2227
692
4328
6214
878
867
3879
4664
750
2141
8248
666
6537
2395
2161
1781
3161
1274
7382
2671
2663
988
3502
499
5196
3083
553
1546
10233
666
798
706
2587
3125
20631
652
2500
410
380
313
905
940
2009
1654
1081
815
10596
541
3911
1127
2348
3604
4353
693
1007
1231
3663
1410
565
14006
559
1005
18889
711
1706
790
1964
993
2258
1433
850
1048
3847
786
1302
839
2117
1454
2238
1673
14259
1084
55584
5261
1264
1161
2261
4525
1140
683
2479
1693
3161
958
1265
1386
931
1700
1942
5218
9769
9215
702
5530
7920
10185
2271
2675
28328
2822
4034
678
565
1057
1856
2716
2189
1098
2116
2964
784
4503
2938
2646
1826
592
663
3460
1193
1576
0
0
0
1741
978
1590
1532
391
2411
1156
10543
1218
3749
2198
11134
6783
1838
1057
2714
1580
3750
1342
1426
36390
6110
2134
18817
2108
1260
3363
3319
1340
5352
1040
3656
3892
518
361
785
2119
622
1021
2003
2433
1453
8638
584
558
518
1143
694
946
798
4443
1007
13740
1174
2251
1009
294
437
2260
7921
1718
1801
2445
2304
1665
836
2051
3699
1177
755
2286
927
1524
677
13647
4385
33456
3165
3239
873
1093
662
1799
2006
790
270
269
516
11826
193
1347
2704
3421
370
1226
1197
304
828
1670
2270
332
703
1035
409
592
153
583
492
6342
1700
23436
919
8695
873
567
1288
434
10208
1293
477
2085
7629
7842
1725
812
2308
1130
1319
757
683
682
7902
1266
5245
650
788
4198
6926
564
1260
4583
610
479
951
2941
5295
7310
4399
1764
1674
4583
1047
1638
656
4858
8403
7876
2755
1045
472
248
385
67
76
225
1741
978
1590
0
0
0
763
2047
913
555
3803
444
115
1397
139
536
256
651
18485
3785
2444
10459
2346
39095
5226
862
2626
1878
722
1493
994
2560
4486
9391
1665
1931
1337
4949
1031
869
1098
3938
894
1313
1700
2122
12581
1113
1035
1731
1253
10534
1965
3351
9303
1437
856
610
1089
590
826
529
1028
510
1229
4302
562
5536
577
16409
3243
1218
1129
641
1461
1110
7577
3575
1795
1074
1061
2367
2818
1677
515
973
1428
640
541
568
1212
499
2478
711
363
1256
1094
3718
332
2427
1267
897
1076
4587
5869
1340
1048
484
754
3273
3627
523
8523
807
6118
4533
2556
660
414
1678
9266
1235
2253
15257
1538
2156
1391
8111
1323
3554
1894
686
801
33008
12273
1954
21736
2936
623
5269
5790
2078
2012
7488
1765
46803
5920
13323
1894
7821
2530
3374
7009
1698
1155
1814
1473
999
1733
7288
3090
1891
20109
625
1014
2061
1052
1493
1532
391
2411
763
2047
913
0
0
0
886
1130
617
1125
870
2622
3086
1228
866
4179
37094
10881
1128
1554
3153
3568
1157
2472
1365
3240
6370
1955
1460
2687
4796
3995
3750
795
844
502
969
667
2457
1503
3369
9238
6663
1245
1044
3098
4111
7171
5585
2400
1535
1435
28352
22095
2846
2941
1223
4092
1069
3681
2332
1026
2045
2248
4969
1979
2703
7133
3480
1560
558
2900
2343
2650
826
3937
2979
1630
1224
546
2201
2867
6869
3948
5577
357
1004
551
581
686
710
2355
1639
980
1443
651
6215
1626
708
1771
1301
1205
1181
691
2068
3617
632
1441
656
1289
2177
1580
1042
3104
540
3646
24456
4572
803
357
4085
1317
1298
1560
2521
10381
1868
1210
1098
453
453
1762
1323
1170
957
3741
902
730
4168
1325
1069
7715
3950
2320
42011
4538
9986
2153
2518
3503
3017
858
13454
39667
6577
2916
9411
6338
22280
144
312
433
640
744
438
1156
10543
1218
555
3803
444
886
1130
617
0
0
0
901
3929
584
2609
151
312
1557
12801
13084
1836
5899
5659
3279
4797
931
1441
21866
1961
1948
5702
1449
1292
2634
1927
1762
3624
1794
2394
864
6922
794
634
540
985
2535
7611
3216
591
644
890
1638
1119
1151
1709
7390
849
2446
2880
1119
3207
2689
1290
6692
1026
1968
1679
481
12543
496
1099
1077
13943
1801
1271
926
3228
2412
1199
864
1487
909
4745
767
1026
4696
787
1263
1113
629
834
5180
3542
441
653
848
602
3916
791
387
1069
463
3026
1685
1394
570
614
2596
306
421
720
760
4251
6681
1271
1224
906
1655
886
418
448
1103
1160
3737
1701
463
2016
6572
18240
640
27197
1593
832
10524
579
3336
728
17225
770
2676
976
1849
1595
2258
3207
1598
2488
7942
3062
2643
3295
1972
1002
2554
1558
15659
1223
1749
2223
13269
3604
115
280
436
101
118
266
3749
2198
11134
115
1397
139
1125
870
2622
901
3929
584
0
0
0
5321
2196
393
11367
1294
2885
1839
1717
3380
902
16276
851
1948
998
695
2181
17179
4150
4091
5158
4302
709
6179
1342
6272
1275
1090
2510
2477
756
1968
548
913
815
2922
4872
1294
756
1398
1884
14319
619
4201
4718
1316
6386
4311
993
654
1642
6152
8873
5136
836
679
1617
34685
6846
753
3587
4323
11746
11263
1843
4987
4809
2181
1219
550
886
2785
1001
7468
1032
564
1948
1717
18088
819
1368
674
759
6496
1655
692
1482
1109
1969
4367
885
1483
1733
505
1504
1712
426
21180
5943
1974
911
33677
775
1914
8074
951
883
1429
6077
51850
5565
731
13658
2799
1136
790
1565
1327
1539
5765
13423
9581
1455
1652
2479
2220
1321
3659
4264
3870
2065
8927
8187
1981
5348
2331
2344
4008
5867
4229
1475
5560
8213
1812
12938
7744
4680
3523
3913
506
1346
629
2634
1487
6783
1838
1057
536
256
651
3086
1228
866
2609
151
312
5321
2196
393
0
0
0
2603
1164
18527
4946
2375
7971
12110
7787
756
2957
6175
1212
3237
9226
830
1470
28128
2497
3573
1262
1110
511
2058
651
6152
1791
2146
892
793
4331
1769
315
1191
1333
1519
1419
731
2530
9168
1733
2012
6410
798
2086
1868
1441
1440
3890
580
1829
3628
3708
669
785
4308
12336
8849
2443
2558
1746
7195
1100
966
2806
23696
7315
1204
3477
584
1712
1521
882
1162
6142
1771
1874
14504
1807
3536
29045
1824
711
2258
454
2917
967
484
1657
1240
557
6277
683
1750
1327
528
440
6757
1267
316
1158
557
984
1590
737
451
1709
2418
2486
855
544
2050
1051
1458
1347
1261
9264
519
2439
1854
2334
5199
1549
1499
611
2853
1825
551
4722
477
2220
1286
5080
999
66931
2044
7967
2426
2061
1260
2089
2696
1467
2809
5365
2372
706
6944
914
1637
1098
2714
1580
3750
18485
3785
2444
4179
37094
10881
1557
12801
13084
11367
1294
2885
2603
1164
18527
0
0
0
6391
1727
2483
13233
1650
2237
770
2133
1108
3664
1965
2705
618
1958
961
3705
5295
1837
2153
994
707
1788
2650
1285
1747
1163
5483
1706
2486
846
401
1584
433
1661
4809
1336
2171
1051
1002
1331
1092
1924
1732
1183
1246
2459
403
1827
962
1886
5780
1477
523
8685
20455
2898
560
1677
9365
2256
1069
638
1089
3097
867
5841
1455
2225
9415
1754
5980
1688
2488
2302
1086
8004
2420
1295
2001
954
1643
837
2645
1837
1522
1196
1536
3273
2555
5725
1493
2233
1049
3901
1705
1193
1841
2697
2150
51236
3756
20570
5697
4060
1315
2675
4170
754
1405
4449
1185
1660
1208
1261
1794
679
958
949
570
9942
7576
968
748
1533
1728
1287
68
371
124
1293
292
4287
869
1902
870
542
654
3248
1511
348
573
8303
2674
3832
12296
5443
4657
1342
1426
36390
10459
2346
39095
1128
1554
3153
1836
5899
5659
1839
1717
3380
4946
2375
7971
6391
1727
2483
0
0
0
1372
1022
418
1551
3310
908
394
246
2260
2252
8102
3802
2955
864
1141
978
474
2082
1191
7278
3358
1296
3884
2264
9733
1058
1085
1650
1026
1930
652
1984
922
1691
637
1227
1145
947
498
3192
3077
1014
2296
1432
3529
685
7557
769
2351
1026
807
2596
1208
2000
3337
2323
891
791
4318
2186
710
955
5803
1332
508
923
1195
907
2770
4090
2402
2578
1835
878
1694
16602
8149
9565
1182
10339
3722
1369
1169
1332
2368
1200
1192
6841
2670
2009
2013
1909
3857
3169
2285
9518
2959
535
762
761
469
703
2281
1942
4681
505
512
739
937
2675
1837
1354
8498
1239
208
278
380
8654
3188
13676
532
330
979
255
689
309
2583
722
694
1131
3094
2048
2035
690
1406
398
1454
437
2179
3153
18547
1689
6423
25591
6110
2134
18817
5226
862
2626
3568
1157
2472
3279
4797
931
902
16276
851
12110
7787
756
13233
1650
2237
1372
1022
418
0
0
0
986
1568
576
617
823
250
425
1074
171
1587
2821
9788
1972
1061
856
1428
17620
4292
2100
1347
1286
3532
2773
1154
1661
1652
2608
1765
725
1099
1549
842
2206
5263
4014
1565
1929
1871
1247
1246
2378
3600
1163
10811
563
732
1846
7610
3062
2639
6394
2434
737
1764
1762
858
1477
1840
1373
5758
1095
14829
1374
5023
6220
6747
1093
3132
2540
2384
2515
17463
954
668
936
830
2933
2755
11582
1149
1010
12319
3172
2620
937
981
411
868
2228
1067
1217
2830
1215
1279
4214
17639
470
476
337
1957
1863
2559
370
1326
276
1820
14114
3420
1769
477
501
11923
567
781
4946
2199
1601
3241
315
559
2331
2554
12720
2785
1245
7132
10493
1390
1473
3823
9365
2715
3818
5134
2429
2852
3655
1273
1812
2316
2122
2108
1260
3363
1878
722
1493
1365
3240
6370
1441
21866
1961
1948
998
695
2957
6175
1212
770
2133
1108
1551
3310
908
986
1568
576
0
0
0
6801
711
3099
433
739
795
13432
2910
3097
1380
1288
2852
1151
6384
836
1784
1907
1713
2160
8206
2712
1350
644
507
764
417
515
7359
512
1261
442
6340
3519
8763
760
5381
880
2016
797
17660
1062
2406
1397
696
1467
3189
1713
13283
923
1019
18103
3259
10042
835
613
1422
1147
744
1008
2834
3151
2086
2566
951
2980
5188
2255
1086
1384
1100
1860
1822
1475
457
1894
2337
2415
753
15600
16536
800
727
1416
2326
2753
1200
1293
3795
1478
1034
8572
1971
474
2656
608
1701
432
809
484
580
883
962
1334
1452
672
353
897
920
8998
3501
2171
1764
780
517
634
807
401
326
145
283
763
801
3869
1832
1408
1146
1199
3880
5449
4145
536
650
1375
1358
1102
2934
1246
2116
3319
1340
5352
994
2560
4486
1955
1460
2687
1948
5702
1449
2181
17179
4150
3237
9226
830
3664
1965
2705
394
246
2260
617
823
250
6801
711
3099
0
0
0
1696
1593
4296
3796
1926
3028
791
777
447
3416
1036
7953
2085
10855
4590
1159
14006
3181
10308
1255
3291
2011
8028
4894
2139
449
658
603
1180
664
751
1688
647
1056
2852
776
2714
4401
3578
1310
995
1749
1857
3556
1684
3531
902
587
1520
1641
19497
2046
1101
898
1468
1588
1227
1119
5838
1451
1904
11906
2058
768
2836
4416
1464
1796
15390
13925
1192
23256
843
3013
3109
1605
2625
1449
608
585
1146
2006
1870
1529
742
736
3986
665
1758
1213
787
8745
2259
583
7550
1857
1483
527
1460
1115
8109
1306
1117
901
1164
1230
1708
1700
368
3896
763
877
2073
577
1073
1609
1402
2579
3688
3954
967
3188
2052
513
2193
904
725
822
1528
13456
59667
1466
9725
2709
2050
1040
3656
3892
9391
1665
1931
4796
3995
3750
1292
2634
1927
4091
5158
4302
1470
28128
2497
618
1958
961
2252
8102
3802
425
1074
171
433
739
795
1696
1593
4296
0
0
0
3915
785
6965
1215
1100
6586
2744
594
2630
892
2983
3246
3491
2014
1311
2163
1457
3144
812
1817
476
5182
1646
3607
6737
6512
2546
4465
1309
842
544
1595
2571
1330
4132
30005
1258
1256
2049
678
2175
1863
762
1339
1048
31352
512
1067
5850
1294
2314
1131
2716
2490
1109
1227
2358
1509
8985
1018
961
4576
1917
5031
6554
1356
1412
2476
3441
2166
10424
4807
7099
3490
1307
1021
1867
14584
1136
3359
6998
1672
890
37447
1159
1161
1389
4244
1092
1424
14527
832
2417
7487
4706
1465
3128
19916
1853
43398
3167
7678
40353
2827
625
946
2335
11247
3111
2798
2162
2157
6631
864
2284
2431
1337
1118
523
836
1170
1795
552
936
1636
2202
3321
3296
17867
1382
657
2227
518
361
785
1337
4949
1031
795
844
502
1762
3624
1794
709
6179
1342
3573
1262
1110
3705
5295
1837
2955
864
1141
1587
2821
9788
13432
2910
3097
3796
1926
3028
3915
785
6965
0
0
0
