C_ijk
0
0
0
496
158
71
310
866
121
306
122
140
247
300
104
286
342
3309
366
273
143
1163
2107
1756
2033
361
11661
330
661
308
202
179
86
659
234
165
609
7292
378
250
1939
2059
348
626
837
732
1783
283
540
1067
814
3746
494
2485
387
364
1494
733
957
1364
759
521
791
263
608
109
685
1009
1071
368
609
1080
248
302
275
298
8922
702
1078
196
510
1390
289
794
1678
894
7982
1545
222
277
1398
281
784
180
308
131
189
303
211
527
3777
236
1529
202
2142
3951
275
2687
1719
911
1777
664
521
6433
14142
634
704
10145
872
538
2128
1215
1971
2391
18279
1143
7996
1238
1057
4100
1887
631
962
711
1202
1442
1031
3910
10076
1018
1696
4778
1315
1351
2925
3301
1364
1027
1187
641
1516
4506
2581
481
890
2045
2529
14837
9982
2306
824
1627
4663
1411
2370
1616
791
936
496
158
71
0
0
0
2213
157
102
139
168
85
181
184
176
662
390
2221
330
258
408
3158
1811
3181
421
328
2154
377
720
228
902
1327
246
289
325
634
663
1175
425
403
626
855
1212
6263
1971
407
2027
447
1503
404
342
2726
392
266
6706
333
766
429
287
2713
2526
1099
151
306
393
328
435
498
4109
323
333
875
108
181
201
441
5161
397
246
1539
232
121
377
460
987
1660
525
166
1663
247
4684
653
256
141
128
235
280
4217
1070
684
141
359
176
176
644
813
637
343
759
1531
4048
773
953
1696
2957
4395
1149
2413
1331
14481
973
996
1418
1822
1865
1030
1910
29638
9144
13358
2187
710
13708
1604
1547
2847
2916
2953
7820
3862
1865
734
345
28499
5240
799
1913
2645
1537
1548
816
719
980
561
5135
12292
480
891
2880
859
688
991
10228
3044
937
1475
1743
2011
310
866
121
2213
157
102
0
0
0
276
147
67
238
4295
449
2284
10299
10642
389
948
391
1713
678
3213
2734
967
406
1040
882
272
169
105
255
331
376
446
357
854
994
1822
411
1259
3832
1013
828
221
255
246
2663
359
8729
394
272
388
334
1737
3738
1206
702
1138
1058
414
361
525
1472
209
150
413
374
1447
4256
1568
188
233
2238
1304
987
702
372
760
2829
120
134
422
292
558
866
265
359
218
593
569
401
185
398
189
613
998
986
2896
307
4922
565
1669
297
1851
314
2375
1239
1143
1017
602
525
520
2857
861
1719
2026
1455
474
1761
535
1813
14055
631
1714
607
2293
1516
3599
1112
3112
1482
728
3837
6151
1290
771
31359
870
713
2889
489
2079
4223
2511
1756
2214
672
2884
2690
1445
1602
1069
1220
1010
795
3126
995
2248
6401
662
737
982
1721
3775
28225
1422
306
122
140
139
168
85
276
147
67
0
0
0
582
1377
328
1807
335
5251
529
197
663
1794
1494
2396
1851
398
494
3970
787
552
189
282
2434
876
318
480
5079
1601
2802
6509
480
2080
529
302
1945
254
148
216
886
3608
157
445
354
1296
1744
641
690
329
1272
288
396
285
542
159
77
138
541
764
298
791
2691
689
54
93
45
1005
141
253
401
421
221
80
320
112
1565
184
509
488
455
132
208
537
9581
118
321
220
6782
1053
939
1367
619
2095
545
2596
356
1827
5032
4665
3621
2481
15932
38639
3451
813
2621
4302
1715
1667
961
1345
6786
686
1404
27690
1241
1331
1438
4723
2387
5173
1142
5941
999
6434
4344
1047
1045
2340
1653
606
2831
2762
4345
6304
37166
9419
5947
2185
1215
4012
3015
1535
3005
12866
1441
4940
688
3366
9601
973
3237
453
1213
868
3413
3502
1022
542
247
300
104
181
184
176
238
4295
449
582
1377
328
0
0
0
170
1121
431
60
80
35
1154
257
2176
448
704
794
379
275
379
300
763
720
228
1604
917
1003
2182
1155
1953
634
1500
979
3244
494
1203
1248
389
532
3239
826
2757
589
715
2006
5667
8987
12087
2594
339
536
1027
1321
474
227
287
752
688
1479
2514
551
690
244
1381
780
728
274
308
589
1040
441
276
522
281
4903
1140
2925
1186
226
268
741
1555
312
1466
447
582
1690
1108
278
423
99
465
984
310
180
799
1204
339
1191
900
1009
364
1572
1479
1488
1796
7249
2959
349
973
600
5627
5145
1733
3408
6016
923
961
11124
795
6987
1353
1645
4736
1171
4581
11581
1733
3316
1853
1122
1642
1350
788
2582
1053
11108
992
3669
1517
5835
1492
1335
585
544
673
702
7138
848
1524
2119
1748
1500
2643
1257
1055
802
2334
286
342
3309
662
390
2221
2284
10299
10642
1807
335
5251
170
1121
431
0
0
0
196
166
395
260
282
338
1236
400
518
330
921
510
430
868
228
356
2536
444
2584
2730
219
281
421
240
801
2171
1513
1771
3010
437
1264
632
2677
5318
2700
757
2758
3261
1531
503
253
288
6833
664
7268
3476
392
1130
528
778
1337
993
6316
396
384
266
2502
3690
817
1074
1415
1650
933
1344
483
426
6234
483
1123
507
655
2040
917
1116
1908
306
1673
865
162
588
8237
197
245
584
1076
884
865
363
451
242
693
836
2314
2022
1295
833
1073
16568
571
545
1405
731
3137
412
763
1430
1651
954
1886
12437
1924
616
1630
1744
2970
1085
2226
1726
2852
11740
2757
7494
1157
2970
8237
7719
2620
5383
7694
7486
4079
1821
586
1783
5827
4537
431
1732
4469
1023
648
1853
3256
4634
1841
821
2141
3925
2212
1010
366
273
143
330
258
408
389
948
391
529
197
663
60
80
35
196
166
395
0
0
0
200
166
729
189
291
846
245
1244
257
267
137
176
223
352
275
241
501
378
3434
680
485
1215
680
525
1257
978
386
719
1488
630
7468
577
830
1690
958
1854
1970
584
414
679
1088
13622
224
710
837
690
1065
774
582
2360
1203
787
462
2015
248
7421
484
776
4304
2016
2791
767
405
776
880
850
364
1970
466
1113
297
1018
1387
681
243
1428
693
568
2948
1785
346
297
2779
230
642
723
204
432
21085
1298
10412
1492
1368
631
1260
348
14042
1095
946
2502
1154
1020
1022
3651
18263
1189
2947
1596
2037
746
6523
2136
1011
883
4093
3778
7016
2046
1922
1232
916
2084
3512
770
1694
1574
1197
573
1662
20385
1333
2790
2204
900
1656
1103
918
1012
1161
805
2429
1063
3024
751
29355
2245
1605
1163
2107
1756
3158
1811
3181
1713
678
3213
1794
1494
2396
1154
257
2176
260
282
338
200
166
729
0
0
0
181
102
57
15
14
136
424
1321
1625
529
485
209
618
1078
349
1457
573
1535
324
430
3097
354
1328
5008
577
3293
735
447
841
854
3350
1425
1425
3428
13015
597
699
16650
3557
890
417
742
2435
1366
811
3369
965
890
824
7507
551
2843
1376
889
1191
3511
959
773
4732
949
462
1623
994
1119
2708
612
1597
608
562
308
999
4357
1072
645
329
17933
5071
484
293
1063
1700
549
405
1353
726
708
917
1542
810
1111
778
3416
656
617
1010
1142
4901
2461
714
1037
1088
6192
1661
2010
1552
793
8944
804
3010
1082
862
1820
1088
1131
3898
828
1716
903
1929
1417
21769
7597
13038
4569
23570
2394
1457
684
385
5274
10347
4210
1603
1378
1328
2910
3117
18902
3135
1725
1155
2251
2312
2131
2033
361
11661
421
328
2154
2734
967
406
1851
398
494
448
704
794
1236
400
518
189
291
846
181
102
57
0
0
0
76
488
65
1299
239
1296
466
275
268
463
333
378
742
335
968
1090
940
612
1607
3117
2237
808
3989
1213
572
647
1094
1679
415
738
593
1041
445
768
2596
570
415
1596
903
2114
491
1600
1978
715
2248
1978
4574
9617
866
711
2192
673
3338
1582
1532
462
3032
923
2108
1218
10141
1177
957
2246
6594
933
1022
1569
1779
413
769
1730
2052
1464
1663
1695
1133
4014
2473
1542
725
1212
672
2489
328
1145
633
246
567
559
363
272
376
593
1076
572
10796
3861
889
5055
989
18536
13918
995
11440
3138
866
1589
1052
3618
2876
1980
567
12047
2280
1239
909
9876
1168
1163
779
1217
2720
595
920
1825
3450
660
315
1960
8147
626
18103
1470
2867
1130
1787
30003
1733
1445
633
330
661
308
377
720
228
1040
882
272
3970
787
552
379
275
379
330
921
510
245
1244
257
15
14
136
76
488
65
0
0
0
1652
312
3249
568
135
331
219
475
541
4616
7092
4304
2691
498
441
7808
336
3856
1429
1007
701
1469
914
8876
880
2036
9460
1177
514
339
4363
1269
486
5379
955
7503
751
434
1385
1578
1779
7690
14430
1062
1159
726
888
7942
2307
2050
475
832
759
1304
2995
4122
1993
365
473
3629
2096
1540
598
1685
2180
578
393
948
510
4660
1260
368
422
548
756
613
1229
1759
3766
4157
4500
2243
537
403
209
480
2802
832
463
392
1922
1660
539
1250
1000
2518
4489
1073
1695
670
555
498
5640
1950
3638
1243
834
1662
1727
3276
992
3049
1009
4207
20134
6512
966
9774
12406
1080
693
963
3492
1059
2128
980
1987
1675
1160
1096
1195
727
1879
2594
1019
1364
1244
936
202
179
86
902
1327
246
169
105
255
189
282
2434
300
763
720
430
868
228
267
137
176
424
1321
1625
1299
239
1296
1652
312
3249
0
0
0
288
330
599
413
378
1266
1823
488
435
1159
478
210
452
341
449
466
812
2185
3315
551
6323
7207
466
343
255
547
337
620
2167
459
665
627
282
279
418
515
1003
1618
1012
499
4409
476
542
1054
894
361
408
829
254
687
160
1061
10226
450
321
251
719
429
535
2498
335
226
795
1665
312
204
482
569
326
3931
437
336
1019
233
717
1310
1406
704
727
858
655
2185
766
2274
1183
236
197
1165
1532
1509
1040
1208
426
887
1087
3010
8506
1007
8841
1188
6812
757
1221
2061
891
2150
1541
5145
2804
626
1456
2439
3968
1650
3231
3028
781
628
5569
2110
1316
1019
1189
650
2642
2323
2616
2102
2641
768
7710
14018
26471
1705
5334
659
234
165
289
325
634
331
376
446
876
318
480
228
1604
917
356
2536
444
223
352
275
529
485
209
466
275
268
568
135
331
288
330
599
0
0
0
400
219
497
153
170
582
272
2320
146
247
314
907
453
346
1607
2782
1172
748
251
842
127
485
1520
5113
2492
1789
11181
361
5388
629
255
3994
746
334
696
13503
559
1408
750
318
459
1164
1715
448
667
270
529
631
1106
275
693
10033
12762
777
669
390
8189
929
266
283
1073
1423
1773
417
858
900
794
2141
1367
426
431
1195
3381
23405
629
841
1799
1159
1715
4901
1644
885
4706
1542
11202
1051
1706
2636
2385
904
411
1068
1007
1067
534
4049
1489
1180
671
2103
1801
1832
1473
5866
2088
7105
2338
458
1814
1907
1095
1520
680
30150
2717
2257
586
2757
1217
3686
770
2941
3809
1252
2615
1782
2065
5754
2202
947
6263
5260
609
7292
378
663
1175
425
357
854
994
5079
1601
2802
1003
2182
1155
2584
2730
219
241
501
378
618
1078
349
463
333
378
219
475
541
413
378
1266
400
219
497
0
0
0
112
304
94
84
222
90
764
432
3319
678
308
7781
1705
1359
379
1815
3319
658
243
2681
304
1981
375
5609
1472
10019
960
1564
12999
400
930
5666
511
471
1278
780
5821
1761
655
12445
1797
2673
668
5960
602
2363
5786
461
869
1201
9793
1301
3795
804
1024
10623
2018
832
5709
4441
529
1998
1143
1734
1014
531
1602
21373
795
1212
1889
3985
624
6912
1009
4646
879
468
977
844
533
3124
962
712
797
537
17042
3094
7727
1482
1178
1509
1423
840
1635
4801
759
676
528
3116
12699
2063
5954
630
2290
1521
5674
2809
726
1850
2216
974
6154
1082
3719
3442
3908
8719
4907
1331
560
1322
3945
7653
1842
1770
920
1436
659
250
1939
2059
403
626
855
1822
411
1259
6509
480
2080
1953
634
1500
281
421
240
3434
680
485
1457
573
1535
742
335
968
4616
7092
4304
1823
488
435
153
170
582
112
304
94
0
0
0
334
186
768
470
390
3174
1905
314
661
688
566
354
1589
636
212
651
521
574
868
797
1151
1800
580
297
1240
1125
580
427
2124
2483
497
4708
2733
14450
1654
1048
1573
10877
438
973
1475
1257
1448
1806
1609
1043
1320
518
461
617
15203
568
667
301
1002
2166
14691
507
3063
444
990
3550
2255
1700
2814
795
1611
1023
2095
1089
1862
4886
915
1060
2294
982
2573
982
2799
636
1080
1311
2774
1576
683
14341
1317
6866
1053
1161
1680
4496
14785
1294
428
1323
1303
21481
6439
1171
5895
3724
7825
1701
24652
1016
2013
796
1151
2891
1425
1058
2856
733
4366
1997
2650
1656
1409
1359
3163
7689
4607
1972
3636
1193
348
626
837
1212
6263
1971
3832
1013
828
529
302
1945
979
3244
494
801
2171
1513
1215
680
525
324
430
3097
1090
940
612
2691
498
441
1159
478
210
272
2320
146
84
222
90
334
186
768
0
0
0
104
4318
150
354
580
310
926
217
324
459
238
306
816
602
409
230
677
5372
1252
406
1627
419
1954
490
903
1755
2614
574
502
1557
767
1054
600
3351
12608
667
392
1608
1463
2421
1320
1497
1658
976
907
1463
739
911
4762
3280
14696
1215
965
1205
3906
1858
968
624
1335
811
1423
668
3850
25152
1086
1557
895
1521
3169
1123
1631
956
3835
2485
331
3733
3333
1062
425
4025
810
672
608
1700
656
2385
1397
1499
2880
1595
930
16911
1594
1282
8529
1999
1189
7843
1038
1182
1128
445
462
1244
1849
23971
897
2374
3633
10980
1731
5620
1152
8430
1682
1794
1016
3195
2171
1257
834
1758
816
732
1783
283
407
2027
447
221
255
246
254
148
216
1203
1248
389
1771
3010
437
1257
978
386
354
1328
5008
1607
3117
2237
7808
336
3856
452
341
449
247
314
907
764
432
3319
470
390
3174
104
4318
150
0
0
0
164
100
307
267
149
1512
234
779
399
374
1967
198
158
492
425
93
118
470
78
351
1088
297
1728
7330
247
316
337
1296
244
483
358
405
317
553
1373
185
1497
533
853
546
862
393
920
887
408
2065
1523
232
674
718
2064
1435
408
740
355
476
284
302
503
1818
1439
6941
2037
1051
1160
756
2760
598
2396
879
467
2591
7001
3522
1546
1157
642
4735
718
421
755
962
596
3005
987
1363
555
535
5461
977
1880
7990
1633
956
618
342
1513
992
470
2345
1196
2553
9987
3216
1256
2035
4959
7413
3069
12943
3991
3678
7723
3181
12078
1706
13247
1244
1869
1422
540
1067
814
1503
404
342
2663
359
8729
886
3608
157
532
3239
826
1264
632
2677
719
1488
630
577
3293
735
808
3989
1213
1429
1007
701
466
812
2185
453
346
1607
678
308
7781
1905
314
661
354
580
310
164
100
307
0
0
0
60
47
215
144
140
310
236
604
68
398
1290
342
1041
378
379
335
1719
456
751
1221
993
1260
1738
8333
527
1421
5314
743
884
686
1601
492
1891
992
2045
7167
393
959
1198
2181
904
1113
537
1083
261
4119
2999
2429
1933
1845
1797
2000
17012
955
554
2566
942
2094
1414
1380
732
1022
10348
1040
2367
4295
2556
955
681
7324
2619
2942
880
711
1418
739
1463
352
1934
722
1071
754
6684
319
485
382
1516
693
2504
1046
4839
578
658
1107
759
5527
3974
837
28910
1236
3903
4415
2050
1810
1567
1497
1264
3150
543
4933
1690
1955
1605
2036
1478
1430
1284
3746
494
2485
2726
392
266
394
272
388
445
354
1296
2757
589
715
5318
2700
757
7468
577
830
447
841
854
572
647
1094
1469
914
8876
3315
551
6323
2782
1172
748
1705
1359
379
688
566
354
926
217
324
267
149
1512
60
47
215
0
0
0
100
429
102
78
524
166
504
2347
580
274
251
360
362
921
450
190
737
540
3559
464
583
643
1063
1944
507
354
575
695
3125
719
2860
1652
764
314
1660
1203
2194
1546
243
756
1117
2129
538
8439
415
8736
2440
4915
1889
1680
1198
24524
909
589
1512
3141
782
2479
28473
1025
5216
1227
6128
1298
1210
1009
3646
592
3152
821
482
777
1191
652
677
627
762
1477
217
518
1154
870
762
983
1279
567
726
764
655
305
736
2039
529
1063
1387
1301
2124
2538
1910
2613
2361
1149
1629
1031
12072
1168
4493
2919
5301
55906
13130
3287
4645
1437
387
364
1494
6706
333
766
334
1737
3738
1744
641
690
2006
5667
8987
2758
3261
1531
1690
958
1854
3350
1425
1425
1679
415
738
880
2036
9460
7207
466
343
251
842
127
1815
3319
658
1589
636
212
459
238
306
234
779
399
144
140
310
100
429
102
0
0
0
505
70
103
1205
230
853
211
289
295
165
342
874
607
294
563
340
173
543
6567
7984
407
561
1106
3580
286
434
477
3393
884
990
10430
495
621
2203
301
740
607
1176
291
2696
624
1133
3011
910
2509
1113
992
1353
395
27504
504
1072
1377
4418
28865
1883
2128
433
842
1194
2032
712
956
3868
673
10926
1221
255
235
613
18027
1127
1583
1233
2001
1224
927
461
1591
817
1100
674
2339
1406
1215
1088
408
1379
2840
2770
591
1009
1542
2332
635
1681
9721
4480
823
1093
26215
4730
1432
15421
854
1356
1690
5464
864
996
708
733
957
1364
429
287
2713
1206
702
1138
329
1272
288
12087
2594
339
503
253
288
1970
584
414
3428
13015
597
593
1041
445
1177
514
339
255
547
337
485
1520
5113
243
2681
304
651
521
574
816
602
409
374
1967
198
236
604
68
78
524
166
505
70
103
0
0
0
376
638
401
660
2187
461
347
216
249
409
258
701
1415
208
579
973
3609
726
579
987
284
260
317
494
641
656
504
991
4857
3854
963
788
4729
1891
422
1306
1122
4565
3310
4012
624
461
1521
513
1527
6849
995
1652
793
1396
1526
9834
2020
3143
1794
1583
1098
1508
670
19684
1363
766
1190
613
2315
1446
476
634
522
2344
1262
1080
302
1810
1197
1452
463
2032
1054
4636
14420
678
2964
833
1220
2447
1985
3790
843
8151
1683
14694
3828
2532
793
4720
2277
5830
1268
1553
1935
1716
1308
1540
1528
643
3482
1496
759
521
791
2526
1099
151
1058
414
361
396
285
542
536
1027
1321
6833
664
7268
679
1088
13622
699
16650
3557
768
2596
570
4363
1269
486
620
2167
459
2492
1789
11181
1981
375
5609
868
797
1151
230
677
5372
158
492
425
398
1290
342
504
2347
580
1205
230
853
376
638
401
0
0
0
171
398
720
136
56
77
88
103
55
351
1166
359
1193
507
1129
250
954
219
211
875
515
585
3407
8677
328
439
337
467
708
1738
1398
5865
260
517
2015
796
1111
422
2864
1360
841
484
867
1576
416
1943
13494
1759
1580
3354
4506
1829
859
3893
1359
1021
797
773
2565
834
3756
487
668
1102
3814
2007
1492
2159
6140
928
518
461
1807
11050
1725
283
1770
412
288
1008
541
803
1420
877
1644
1223
914
6446
1678
1496
3167
4888
1239
1738
1179
1399
1031
1290
3494
3620
8438
2227
1070
1154
20972
263
608
109
306
393
328
525
1472
209
159
77
138
474
227
287
3476
392
1130
224
710
837
890
417
742
415
1596
903
5379
955
7503
665
627
282
361
5388
629
1472
10019
960
1800
580
297
1252
406
1627
93
118
470
1041
378
379
274
251
360
211
289
295
660
2187
461
171
398
720
0
0
0
110
249
132
986
126
201
264
847
245
166
209
343
318
451
187
91
1911
176
7194
1251
892
520
764
396
233
405
1297
340
212
541
496
1273
963
456
11145
937
666
357
211
493
1005
659
18842
1470
1986
1067
812
996
1941
3840
898
576
894
5029
2276
5506
4473
4260
1028
2113
934
864
584
2595
1493
1820
6741
421
1846
1311
6057
1450
2292
1044
501
4099
2464
1278
4422
3504
9465
1333
1017
1298
2790
821
1735
1363
10278
10927
822
9251
1460
1272
963
1123
1525
11655
681
3464
549
39214
685
1009
1071
435
498
4109
150
413
374
541
764
298
752
688
1479
528
778
1337
690
1065
774
2435
1366
811
2114
491
1600
751
434
1385
279
418
515
255
3994
746
1564
12999
400
1240
1125
580
419
1954
490
78
351
1088
335
1719
456
362
921
450
165
342
874
347
216
249
136
56
77
110
249
132
0
0
0
8375
352
191
237
674
374
407
1576
718
2026
330
186
510
196
438
1198
6637
1084
216
3613
164
839
1227
745
246
382
1020
1378
1259
1297
739
726
842
614
1180
409
608
768
1615
540
5508
3351
3991
12065
4209
692
1735
2526
1857
1694
2095
1455
2560
3975
1100
851
1700
14248
2852
547
966
1290
9667
453
2882
1046
4952
1666
16694
724
921
774
441
1451
593
3446
1792
2696
2285
629
890
3446
1175
829
23567
568
2073
890
6458
3316
6872
2831
4152
1954
3706
719
1088
950
2186
368
609
1080
323
333
875
1447
4256
1568
791
2691
689
2514
551
690
993
6316
396
582
2360
1203
3369
965
890
1978
715
2248
1578
1779
7690
1003
1618
1012
334
696
13503
930
5666
511
427
2124
2483
903
1755
2614
297
1728
7330
751
1221
993
190
737
540
607
294
563
409
258
701
88
103
55
986
126
201
8375
352
191
0
0
0
675
478
2914
295
4518
532
807
217
318
343
771
518
435
920
676
3366
318
723
1227
3164
544
1178
1531
1115
1111
5963
10185
733
1117
682
863
973
833
1576
10350
1376
3089
5454
1444
33590
1305
1393
1086
2100
1701
5460
3360
4453
1820
14537
3412
1549
1070
1140
894
303
315
3667
1396
2094
188
216
262
1898
497
789
673
1110
610
822
177
493
807
3055
1568
2100
1380
796
1834
2336
3467
1739
2256
3727
1848
2381
1845
1258
761
14583
1674
1202
1233
875
2093
20263
248
302
275
108
181
201
188
233
2238
54
93
45
244
1381
780
384
266
2502
787
462
2015
824
7507
551
1978
4574
9617
14430
1062
1159
499
4409
476
559
1408
750
471
1278
780
497
4708
2733
574
502
1557
247
316
337
1260
1738
8333
3559
464
583
340
173
543
1415
208
579
351
1166
359
264
847
245
237
674
374
675
478
2914
0
0
0
183
1376
150
415
124
211
91
92
24
4208
213
326
185
216
172
1087
297
175
967
218
81
438
432
458
224
1611
607
373
312
3910
449
393
1069
4055
2111
4832
1826
1249
3546
2452
862
1578
4517
626
3723
18306
6747
2293
919
3352
2469
1531
2804
764
6663
11312
1433
692
4513
391
14544
1037
905
3976
1701
826
852
1433
741
1663
2011
668
1136
557
1685
2293
4187
4835
2157
1599
1849
3387
5085
6839
670
865
8871
2626
6212
2888
21391
3445
559
298
8922
702
441
5161
397
1304
987
702
1005
141
253
728
274
308
3690
817
1074
248
7421
484
2843
1376
889
866
711
2192
726
888
7942
542
1054
894
318
459
1164
5821
1761
655
14450
1654
1048
767
1054
600
1296
244
483
527
1421
5314
643
1063
1944
6567
7984
407
973
3609
726
1193
507
1129
166
209
343
407
1576
718
295
4518
532
183
1376
150
0
0
0
58
86
1052
623
375
180
1629
1301
1795
3692
728
871
149
8403
846
752
1714
331
3489
366
474
539
782
719
361
572
10350
420
292
2456
660
2681
2197
3285
3865
5897
8148
6480
1208
1544
4844
830
3516
937
1668
1476
2372
2835
761
1865
367
1444
4297
2321
660
385
435
1511
1252
1888
917
1943
2197
587
361
988
2285
1961
2034
1291
778
2366
3279
3316
4287
707
9439
1139
4138
3687
2339
1176
1661
4513
8047
3042
6449
3677
12622
850
1078
196
510
246
1539
232
372
760
2829
401
421
221
589
1040
441
1415
1650
933
776
4304
2016
1191
3511
959
673
3338
1582
2307
2050
475
361
408
829
1715
448
667
12445
1797
2673
1573
10877
438
3351
12608
667
358
405
317
743
884
686
507
354
575
561
1106
3580
579
987
284
250
954
219
318
451
187
2026
330
186
807
217
318
415
124
211
58
86
1052
0
0
0
294
108
76
6063
677
268
352
772
2681
479
1510
307
538
118
408
291
477
412
2123
25473
1055
392
534
974
537
447
462
15114
1861
921
6771
1099
2720
4983
2863
1070
1777
12035
1125
22400
940
44002
14336
646
1317
486
4413
370
682
778
733
702
1296
2601
1694
2613
1804
1219
23400
1634
1408
1255
792
1331
1004
2178
1146
1054
559
2685
4819
1676
3444
630
502
1163
504
1217
23684
1052
1949
4794
893
5272
3527
2931
1159
1390
289
794
121
377
460
120
134
422
80
320
112
276
522
281
1344
483
426
2791
767
405
773
4732
949
1532
462
3032
832
759
1304
254
687
160
270
529
631
668
5960
602
973
1475
1257
392
1608
1463
553
1373
185
1601
492
1891
695
3125
719
286
434
477
260
317
494
211
875
515
91
1911
176
510
196
438
343
771
518
91
92
24
623
375
180
294
108
76
0
0
0
775
793
690
2466
180
113
2481
356
1021
108
1473
235
2504
539
525
2753
543
466
648
575
305
1030
374
403
6566
1025
586
2279
1005
485
1867
578
909
3284
5440
684
999
1486
3474
4751
1057
4451
3651
2329
694
1899
1909
1244
1479
536
2051
1320
1470
4014
20759
821
1135
595
16823
7345
697
2604
630
695
568
696
4333
2970
5115
699
2859
648
3696
1395
3852
4555
3207
1383
920
1205
7336
1797
1375
1076
1678
894
7982
987
1660
525
292
558
866
1565
184
509
4903
1140
2925
6234
483
1123
776
880
850
462
1623
994
923
2108
1218
2995
4122
1993
1061
10226
450
1106
275
693
2363
5786
461
1448
1806
1609
2421
1320
1497
1497
533
853
992
2045
7167
2860
1652
764
3393
884
990
641
656
504
585
3407
8677
7194
1251
892
1198
6637
1084
435
920
676
4208
213
326
1629
1301
1795
6063
677
268
775
793
690
0
0
0
1248
1092
681
93
78
58
881
698
178
661
232
4542
463
191
470
503
2061
832
306
2971
237
746
3141
1229
34684
2931
710
2622
3400
2459
4230
4165
973
970
10409
689
5754
3708
1076
1888
2194
5689
2381
1727
12607
498
465
1106
2327
745
2517
3733
2707
889
2226
1312
966
2730
14421
2288
513
527
230
2254
4010
1437
852
2709
872
501
671
478
906
1560
2189
1987
1854
661
3795
15905
1509
1545
222
277
166
1663
247
265
359
218
488
455
132
1186
226
268
507
655
2040
364
1970
466
1119
2708
612
10141
1177
957
365
473
3629
321
251
719
10033
12762
777
869
1201
9793
1043
1320
518
1658
976
907
546
862
393
393
959
1198
314
1660
1203
10430
495
621
991
4857
3854
328
439
337
520
764
396
216
3613
164
3366
318
723
185
216
172
3692
728
871
352
772
2681
2466
180
113
1248
1092
681
0
0
0
467
361
314
38
70
24
1188
317
2450
299
2642
679
716
333
5341
2700
357
502
2409
2316
632
13347
8477
1278
973
757
6774
21183
924
863
714
3514
2271
758
1166
813
2268
3255
46184
1480
6522
2875
499
1301
2584
634
3179
4433
4498
7065
3374
5233
615
1196
1832
2602
736
655
522
3568
1180
2285
3185
594
1190
648
1032
1131
826
756
3564
1032
793
13051
826
2266
3688
2298
1398
281
784
4684
653
256
593
569
401
208
537
9581
741
1555
312
917
1116
1908
1113
297
1018
1597
608
562
2246
6594
933
2096
1540
598
429
535
2498
669
390
8189
1301
3795
804
461
617
15203
1463
739
911
920
887
408
2181
904
1113
2194
1546
243
2203
301
740
963
788
4729
467
708
1738
233
405
1297
839
1227
745
1227
3164
544
1087
297
175
149
8403
846
479
1510
307
2481
356
1021
93
78
58
467
361
314
0
0
0
140
190
210
791
255
406
382
845
344
1320
206
244
778
1979
1920
1249
1544
942
22863
4611
6108
2947
813
826
988
672
4982
1407
3631
1180
24216
1035
1102
747
1069
28522
1080
1856
1547
872
726
2453
5244
1324
754
726
21300
3329
1365
1136
1011
714
10574
897
2128
467
1872
2676
925
921
6460
2951
609
731
2986
2221
2789
4602
605
4062
1987
933
7318
3647
1946
180
308
131
141
128
235
185
398
189
118
321
220
1466
447
582
306
1673
865
1387
681
243
308
999
4357
1022
1569
1779
1685
2180
578
335
226
795
929
266
283
1024
10623
2018
568
667
301
4762
3280
14696
2065
1523
232
537
1083
261
756
1117
2129
607
1176
291
1891
422
1306
1398
5865
260
340
212
541
246
382
1020
1178
1531
1115
967
218
81
752
1714
331
538
118
408
108
1473
235
881
698
178
38
70
24
140
190
210
0
0
0
200
493
168
1507
1224
364
720
464
184
1013
648
163
10055
3776
1486
3593
1600
1068
1205
1083
1705
1161
1925
792
3886
1639
4198
817
13855
2628
881
1777
1319
4545
1045
974
1284
931
861
10691
2985
1357
8043
1562
12861
3517
764
1108
1149
1059
14153
564
331
3662
7023
2059
5187
1419
2205
4379
1344
2881
3156
1561
950
732
2987
885
18039
4627
1281
1310
189
303
211
280
4217
1070
613
998
986
6782
1053
939
1690
1108
278
162
588
8237
1428
693
568
1072
645
329
413
769
1730
393
948
510
1665
312
204
1073
1423
1773
832
5709
4441
1002
2166
14691
1215
965
1205
674
718
2064
4119
2999
2429
538
8439
415
2696
624
1133
1122
4565
3310
517
2015
796
496
1273
963
1378
1259
1297
1111
5963
10185
438
432
458
3489
366
474
291
477
412
2504
539
525
661
232
4542
1188
317
2450
791
255
406
200
493
168
0
0
0
90
53
221
227
150
118
91
123
126
679
1253
1547
1789
1669
829
13277
837
550
3544
3114
1302
14319
425
3508
2975
1346
2983
675
1885
4931
4354
1170
2177
16206
2141
2519
22008
2802
1045
1423
1417
1413
2185
640
767
11150
5896
776
1939
787
713
831
1293
2149
752
735
1105
3059
7371
3528
3802
1262
1353
1989
728
1174
4074
1344
7599
527
3777
236
684
141
359
2896
307
4922
1367
619
2095
423
99
465
197
245
584
2948
1785
346
17933
5071
484
2052
1464
1663
4660
1260
368
482
569
326
417
858
900
529
1998
1143
507
3063
444
3906
1858
968
1435
408
740
1933
1845
1797
8736
2440
4915
3011
910
2509
4012
624
461
1111
422
2864
456
11145
937
739
726
842
733
1117
682
224
1611
607
539
782
719
2123
25473
1055
2753
543
466
463
191
470
299
2642
679
382
845
344
1507
1224
364
90
53
221
0
0
0
116
1168
193
118
77
126
697
1485
9018
1427
793
1000
2837
659
926
2954
1091
2283
370
1718
856
11552
5667
2808
16723
2531
1634
5758
3587
2423
3391
1424
13927
3245
10149
3006
14825
901
3577
22013
5374
1495
3339
32817
1485
4023
899
6864
1556
1669
475
2303
529
554
1310
1342
502
548
1970
323
2339
2715
3502
4699
1625
3012
1529
202
2142
176
176
644
565
1669
297
545
2596
356
984
310
180
1076
884
865
297
2779
230
293
1063
1700
1695
1133
4014
422
548
756
3931
437
336
794
2141
1367
1734
1014
531
990
3550
2255
624
1335
811
355
476
284
2000
17012
955
1889
1680
1198
1113
992
1353
1521
513
1527
1360
841
484
666
357
211
614
1180
409
863
973
833
373
312
3910
361
572
10350
392
534
974
648
575
305
503
2061
832
716
333
5341
1320
206
244
720
464
184
227
150
118
116
1168
193
0
0
0
263
145
95
1118
1490
1654
1736
8628
841
815
4168
583
2476
568
2594
14378
521
3062
2133
1322
29415
1966
1083
912
1305
1956
3230
1022
3363
1573
616
1894
515
1385
2343
4533
1264
945
3136
8678
841
2981
3081
2075
1049
7765
1186
589
1459
1021
878
695
3863
393
687
1770
2845
2524
723
489
6023
1792
2174
3951
275
2687
813
637
343
1851
314
2375
1827
5032
4665
799
1204
339
363
451
242
642
723
204
549
405
1353
2473
1542
725
613
1229
1759
1019
233
717
426
431
1195
1602
21373
795
1700
2814
795
1423
668
3850
302
503
1818
554
2566
942
24524
909
589
395
27504
504
6849
995
1652
867
1576
416
493
1005
659
608
768
1615
1576
10350
1376
449
393
1069
420
292
2456
537
447
462
1030
374
403
306
2971
237
2700
357
502
778
1979
1920
1013
648
163
91
123
126
118
77
126
263
145
95
0
0
0
349
1184
1137
681
3111
5119
3179
1559
710
819
360
379
1739
1266
1739
695
4523
680
2774
5081
1131
1385
2557
3041
5859
6608
7598
1140
2036
6007
1685
1206
2040
4887
1222
1794
3420
1152
26592
375
721
2992
720
804
11505
699
496
791
537
2658
730
369
27432
334
705
669
5748
1643
47206
6258
1719
911
1777
759
1531
4048
1239
1143
1017
3621
2481
15932
1191
900
1009
693
836
2314
432
21085
1298
726
708
917
1212
672
2489
3766
4157
4500
1310
1406
704
3381
23405
629
1212
1889
3985
1611
1023
2095
25152
1086
1557
1439
6941
2037
2094
1414
1380
1512
3141
782
1072
1377
4418
793
1396
1526
1943
13494
1759
18842
1470
1986
540
5508
3351
3089
5454
1444
4055
2111
4832
660
2681
2197
15114
1861
921
6566
1025
586
746
3141
1229
2409
2316
632
1249
1544
942
10055
3776
1486
679
1253
1547
697
1485
9018
1118
1490
1654
349
1184
1137
0
0
0
870
441
753
462
12599
2704
1040
1435
1179
454
577
3541
1802
4177
1998
6827
3327
5161
1408
5652
3317
3259
1538
6080
1356
3825
5292
70040
8092
37643
6595
3519
1068
1888
30788
3847
1561
1431
1255
88
251
337
654
515
539
5242
9793
2534
327
550
303
8319
3009
4441
2285
1122
1061
664
521
6433
773
953
1696
602
525
520
38639
3451
813
364
1572
1479
2022
1295
833
10412
1492
1368
1542
810
1111
328
1145
633
2243
537
403
727
858
655
841
1799
1159
624
6912
1009
1089
1862
4886
895
1521
3169
1051
1160
756
732
1022
10348
2479
28473
1025
28865
1883
2128
9834
2020
3143
1580
3354
4506
1067
812
996
3991
12065
4209
33590
1305
1393
1826
1249
3546
3285
3865
5897
6771
1099
2720
2279
1005
485
34684
2931
710
13347
8477
1278
22863
4611
6108
3593
1600
1068
1789
1669
829
1427
793
1000
1736
8628
841
681
3111
5119
870
441
753
0
0
0
747
1088
1021
892
462
199
243
4710
624
4891
3794
20156
3865
1987
1745
8888
3226
1226
1693
1530
6598
4659
2417
3074
1862
15716
1082
1162
1508
2767
70265
2505
16004
520
657
3279
458
11883
1269
658
621
7267
4428
1765
3764
9775
2801
25638
928
2207
1353
1514
1661
1008
14142
634
704
2957
4395
1149
2857
861
1719
2621
4302
1715
1488
1796
7249
1073
16568
571
631
1260
348
778
3416
656
246
567
559
209
480
2802
2185
766
2274
1715
4901
1644
4646
879
468
915
1060
2294
1123
1631
956
2760
598
2396
1040
2367
4295
5216
1227
6128
433
842
1194
1794
1583
1098
1829
859
3893
1941
3840
898
692
1735
2526
1086
2100
1701
2452
862
1578
8148
6480
1208
4983
2863
1070
1867
578
909
2622
3400
2459
973
757
6774
2947
813
826
1205
1083
1705
13277
837
550
2837
659
926
815
4168
583
3179
1559
710
462
12599
2704
747
1088
1021
0
0
0
84
137
133
807
539
2886
3224
6400
1953
8384
8874
11863
1158
398
2256
2226
2955
6738
1618
1603
1015
1122
5873
10606
1080
1234
3123
931
2463
4263
8647
2476
4443
402
28135
989
2999
753
2014
2032
1275
1269
6237
887
763
1238
1013
5240
982
3384
485
10145
872
538
2413
1331
14481
2026
1455
474
1667
961
1345
2959
349
973
545
1405
731
14042
1095
946
617
1010
1142
363
272
376
832
463
392
1183
236
197
885
4706
1542
977
844
533
982
2573
982
3835
2485
331
879
467
2591
2556
955
681
1298
1210
1009
2032
712
956
1508
670
19684
1359
1021
797
576
894
5029
1857
1694
2095
5460
3360
4453
4517
626
3723
1544
4844
830
1777
12035
1125
3284
5440
684
4230
4165
973
21183
924
863
988
672
4982
1161
1925
792
3544
3114
1302
2954
1091
2283
2476
568
2594
819
360
379
1040
1435
1179
892
462
199
84
137
133
0
0
0
393
878
3721
2021
2265
1184
1134
3785
2089
697
9256
725
9936
14755
1139
2365
2917
2035
1363
7152
5595
1201
2124
8543
1579
3350
3647
3817
6870
1803
1021
2286
1886
901
1038
1375
21763
1160
4407
786
486
4392
842
3975
1904
595
472
503
2128
1215
1971
973
996
1418
1761
535
1813
6786
686
1404
600
5627
5145
3137
412
763
2502
1154
1020
4901
2461
714
593
1076
572
1922
1660
539
1165
1532
1509
11202
1051
1706
3124
962
712
2799
636
1080
3733
3333
1062
7001
3522
1546
7324
2619
2942
3646
592
3152
3868
673
10926
1363
766
1190
773
2565
834
2276
5506
4473
1455
2560
3975
1820
14537
3412
18306
6747
2293
3516
937
1668
22400
940
44002
999
1486
3474
970
10409
689
714
3514
2271
1407
3631
1180
3886
1639
4198
14319
425
3508
370
1718
856
14378
521
3062
1739
1266
1739
454
577
3541
243
4710
624
807
539
2886
393
878
3721
0
0
0
6508
4346
2812
1662
2301
3825
5204
16748
6817
2748
7571
2799
2531
2244
1249
1810
3336
2859
12927
4875
1729
4451
27862
2039
2022
7078
2356
349
979
1492
1907
887
1285
556
16743
10742
398
696
398
2802
8569
2732
2039
1253
1335
2391
18279
1143
1822
1865
1030
14055
631
1714
27690
1241
1331
1733
3408
6016
1430
1651
954
1022
3651
18263
1037
1088
6192
10796
3861
889
1250
1000
2518
1040
1208
426
2636
2385
904
797
537
17042
1311
2774
1576
425
4025
810
1157
642
4735
880
711
1418
821
482
777
1221
255
235
613
2315
1446
3756
487
668
4260
1028
2113
1100
851
1700
1549
1070
1140
919
3352
2469
1476
2372
2835
14336
646
1317
4751
1057
4451
5754
3708
1076
758
1166
813
24216
1035
1102
817
13855
2628
2975
1346
2983
11552
5667
2808
2133
1322
29415
695
4523
680
1802
4177
1998
4891
3794
20156
3224
6400
1953
2021
2265
1184
6508
4346
2812
0
0
0
145
672
243
1778
1171
5082
392
211
220
1685
1697
508
271
170
447
213
11412
1534
3104
611
788
1910
1058
873
1531
664
2716
40714
16215
3011
2189
2612
2210
4855
1106
7142
1480
2427
3061
2953
1664
1205
7996
1238
1057
1910
29638
9144
607
2293
1516
1438
4723
2387
923
961
11124
1886
12437
1924
1189
2947
1596
1661
2010
1552
5055
989
18536
4489
1073
1695
887
1087
3010
411
1068
1007
3094
7727
1482
683
14341
1317
672
608
1700
718
421
755
739
1463
352
1191
652
677
613
18027
1127
476
634
522
1102
3814
2007
934
864
584
14248
2852
547
894
303
315
1531
2804
764
761
1865
367
486
4413
370
3651
2329
694
1888
2194
5689
2268
3255
46184
747
1069
28522
881
1777
1319
675
1885
4931
16723
2531
1634
1966
1083
912
2774
5081
1131
6827
3327
5161
3865
1987
1745
8384
8874
11863
1134
3785
2089
1662
2301
3825
145
672
243
0
0
0
1596
9880
1219
117
114
46
1938
4679
3786
597
206
230
141
133
152
2555
944
731
890
737
760
2277
3174
3103
758
1418
14336
1412
2295
2783
1317
14844
2104
1216
2444
21935
4686
1391
1182
4100
1887
631
13358
2187
710
3599
1112
3112
5173
1142
5941
795
6987
1353
616
1630
1744
2037
746
6523
793
8944
804
13918
995
11440
670
555
498
8506
1007
8841
1067
534
4049
1178
1509
1423
6866
1053
1161
656
2385
1397
962
596
3005
1934
722
1071
627
762
1477
1583
1233
2001
2344
1262
1080
1492
2159
6140
2595
1493
1820
966
1290
9667
3667
1396
2094
6663
11312
1433
1444
4297
2321
682
778
733
1899
1909
1244
2381
1727
12607
1480
6522
2875
1080
1856
1547
4545
1045
974
4354
1170
2177
5758
3587
2423
1305
1956
3230
1385
2557
3041
1408
5652
3317
8888
3226
1226
1158
398
2256
697
9256
725
5204
16748
6817
1778
1171
5082
1596
9880
1219
0
0
0
743
929
2134
483
1450
6692
5209
492
966
1060
3358
3712
1620
3534
3511
5832
32649
6209
7281
5844
15251
1621
1707
4534
3447
7717
27312
4618
1820
2214
1535
3840
3190
565
3247
401
962
711
1202
13708
1604
1547
1482
728
3837
999
6434
4344
1645
4736
1171
2970
1085
2226
2136
1011
883
3010
1082
862
3138
866
1589
5640
1950
3638
1188
6812
757
1489
1180
671
840
1635
4801
1680
4496
14785
1499
2880
1595
987
1363
555
754
6684
319
217
518
1154
1224
927
461
302
1810
1197
928
518
461
6741
421
1846
453
2882
1046
188
216
262
692
4513
391
660
385
435
702
1296
2601
1479
536
2051
498
465
1106
499
1301
2584
872
726
2453
1284
931
861
16206
2141
2519
3391
1424
13927
1022
3363
1573
5859
6608
7598
3259
1538
6080
1693
1530
6598
2226
2955
6738
9936
14755
1139
2748
7571
2799
392
211
220
117
114
46
743
929
2134
0
0
0
4301
879
895
818
272
965
86
84
98
723
1682
640
591
1855
1455
2851
3061
1855
2384
1197
1908
4527
3035
14450
2487
5072
6526
5141
2155
2086
1564
3614
1527
1442
1031
3910
2847
2916
2953
6151
1290
771
1047
1045
2340
4581
11581
1733
1726
2852
11740
4093
3778
7016
1820
1088
1131
1052
3618
2876
1243
834
1662
1221
2061
891
2103
1801
1832
759
676
528
1294
428
1323
930
16911
1594
535
5461
977
485
382
1516
870
762
983
1591
817
1100
1452
463
2032
1807
11050
1725
1311
6057
1450
4952
1666
16694
1898
497
789
14544
1037
905
1511
1252
1888
1694
2613
1804
1320
1470
4014
2327
745
2517
634
3179
4433
5244
1324
754
10691
2985
1357
22008
2802
1045
3245
10149
3006
616
1894
515
1140
2036
6007
1356
3825
5292
4659
2417
3074
1618
1603
1015
2365
2917
2035
2531
2244
1249
1685
1697
508
1938
4679
3786
483
1450
6692
4301
879
895
0
0
0
4109
610
2103
14917
771
3716
2449
8192
1129
1393
4987
44589
15425
28154
4829
5254
3571
1417
2155
8651
1780
2841
2501
6561
5384
1484
1641
1743
2843
2765
10076
1018
1696
7820
3862
1865
31359
870
713
1653
606
2831
3316
1853
1122
2757
7494
1157
2046
1922
1232
3898
828
1716
1980
567
12047
1727
3276
992
2150
1541
5145
1473
5866
2088
3116
12699
2063
1303
21481
6439
1282
8529
1999
1880
7990
1633
693
2504
1046
1279
567
726
674
2339
1406
1054
4636
14420
283
1770
412
2292
1044
501
724
921
774
673
1110
610
3976
1701
826
917
1943
2197
1219
23400
1634
20759
821
1135
3733
2707
889
4498
7065
3374
726
21300
3329
8043
1562
12861
1423
1417
1413
14825
901
3577
1385
2343
4533
1685
1206
2040
70040
8092
37643
1862
15716
1082
1122
5873
10606
1363
7152
5595
1810
3336
2859
271
170
447
597
206
230
5209
492
966
818
272
965
4109
610
2103
0
0
0
440
6325
4186
389
271
107
596
745
2212
9329
4176
22191
6135
3240
3684
6422
4660
4835
6593
2538
2228
3694
2971
4331
1220
6076
13521
4778
1315
1351
734
345
28499
2889
489
2079
2762
4345
6304
1642
1350
788
2970
8237
7719
916
2084
3512
903
1929
1417
2280
1239
909
3049
1009
4207
2804
626
1456
7105
2338
458
5954
630
2290
1171
5895
3724
1189
7843
1038
956
618
342
4839
578
658
764
655
305
1215
1088
408
678
2964
833
288
1008
541
4099
2464
1278
441
1451
593
822
177
493
852
1433
741
587
361
988
1408
1255
792
595
16823
7345
2226
1312
966
5233
615
1196
1365
1136
1011
3517
764
1108
2185
640
767
22013
5374
1495
1264
945
3136
4887
1222
1794
6595
3519
1068
1162
1508
2767
1080
1234
3123
1201
2124
8543
12927
4875
1729
213
11412
1534
141
133
152
1060
3358
3712
86
84
98
14917
771
3716
440
6325
4186
0
0
0
785
4177
3548
3737
5927
1215
2137
6256
816
1058
2952
2710
4053
5119
1221
3590
3067
1092
1763
35605
3976
1888
2732
2177
2925
3301
1364
5240
799
1913
4223
2511
1756
37166
9419
5947
2582
1053
11108
2620
5383
7694
770
1694
1574
21769
7597
13038
9876
1168
1163
20134
6512
966
2439
3968
1650
1814
1907
1095
1521
5674
2809
7825
1701
24652
1182
1128
445
1513
992
470
1107
759
5527
736
2039
529
1379
2840
2770
1220
2447
1985
803
1420
877
4422
3504
9465
3446
1792
2696
807
3055
1568
1663
2011
668
2285
1961
2034
1331
1004
2178
697
2604
630
2730
14421
2288
1832
2602
736
714
10574
897
1149
1059
14153
11150
5896
776
3339
32817
1485
8678
841
2981
3420
1152
26592
1888
30788
3847
70265
2505
16004
931
2463
4263
1579
3350
3647
4451
27862
2039
3104
611
788
2555
944
731
1620
3534
3511
723
1682
640
2449
8192
1129
389
271
107
785
4177
3548
0
0
0
836
849
2726
4265
8235
3203
9655
4318
1452
1488
1410
5754
10518
2666
3385
3921
3548
3108
1557
892
2562
1027
1187
641
2645
1537
1548
2214
672
2884
2185
1215
4012
992
3669
1517
7486
4079
1821
1197
573
1662
4569
23570
2394
779
1217
2720
9774
12406
1080
3231
3028
781
1520
680
30150
726
1850
2216
1016
2013
796
462
1244
1849
2345
1196
2553
3974
837
28910
1063
1387
1301
591
1009
1542
3790
843
8151
1644
1223
914
1333
1017
1298
2285
629
890
2100
1380
796
1136
557
1685
1291
778
2366
1146
1054
559
695
568
696
513
527
230
655
522
3568
2128
467
1872
564
331
3662
1939
787
713
4023
899
6864
3081
2075
1049
375
721
2992
1561
1431
1255
520
657
3279
8647
2476
4443
3817
6870
1803
2022
7078
2356
1910
1058
873
890
737
760
5832
32649
6209
591
1855
1455
1393
4987
44589
596
745
2212
3737
5927
1215
836
849
2726
0
0
0
3246
1379
3842
1032
1616
913
782
320
2120
5236
820
1187
2938
451
680
7902
1524
2977
1516
4506
2581
816
719
980
2690
1445
1602
3015
1535
3005
5835
1492
1335
586
1783
5827
20385
1333
2790
1457
684
385
595
920
1825
693
963
3492
628
5569
2110
2717
2257
586
974
6154
1082
1151
2891
1425
23971
897
2374
9987
3216
1256
1236
3903
4415
2124
2538
1910
2332
635
1681
1683
14694
3828
6446
1678
1496
2790
821
1735
3446
1175
829
1834
2336
3467
2293
4187
4835
3279
3316
4287
2685
4819
1676
4333
2970
5115
2254
4010
1437
1180
2285
3185
2676
925
921
7023
2059
5187
831
1293
2149
1556
1669
475
7765
1186
589
720
804
11505
88
251
337
458
11883
1269
402
28135
989
1021
2286
1886
349
979
1492
1531
664
2716
2277
3174
3103
7281
5844
15251
2851
3061
1855
15425
28154
4829
9329
4176
22191
2137
6256
816
4265
8235
3203
3246
1379
3842
0
0
0
995
630
10866
1143
1128
1207
532
677
359
1150
1561
1299
797
1213
32417
481
890
2045
561
5135
12292
1069
1220
1010
12866
1441
4940
585
544
673
4537
431
1732
2204
900
1656
5274
10347
4210
3450
660
315
1059
2128
980
1316
1019
1189
2757
1217
3686
3719
3442
3908
1058
2856
733
3633
10980
1731
2035
4959
7413
2050
1810
1567
2613
2361
1149
9721
4480
823
2532
793
4720
3167
4888
1239
1363
10278
10927
23567
568
2073
1739
2256
3727
2157
1599
1849
707
9439
1139
3444
630
502
699
2859
648
852
2709
872
594
1190
648
6460
2951
609
1419
2205
4379
752
735
1105
2303
529
554
1459
1021
878
699
496
791
654
515
539
658
621
7267
2999
753
2014
901
1038
1375
1907
887
1285
40714
16215
3011
758
1418
14336
1621
1707
4534
2384
1197
1908
5254
3571
1417
6135
3240
3684
1058
2952
2710
9655
4318
1452
1032
1616
913
995
630
10866
0
0
0
1072
412
646
2295
2598
309
313
10627
390
18775
5263
1122
2529
14837
9982
480
891
2880
795
3126
995
688
3366
9601
702
7138
848
4469
1023
648
1103
918
1012
1603
1378
1328
1960
8147
626
1987
1675
1160
650
2642
2323
770
2941
3809
8719
4907
1331
4366
1997
2650
5620
1152
8430
3069
12943
3991
1497
1264
3150
1629
1031
12072
1093
26215
4730
2277
5830
1268
1738
1179
1399
822
9251
1460
890
6458
3316
1848
2381
1845
3387
5085
6839
4138
3687
2339
1163
504
1217
3696
1395
3852
501
671
478
1032
1131
826
731
2986
2221
1344
2881
3156
3059
7371
3528
1310
1342
502
695
3863
393
537
2658
730
5242
9793
2534
4428
1765
3764
2032
1275
1269
21763
1160
4407
556
16743
10742
2189
2612
2210
1412
2295
2783
3447
7717
27312
4527
3035
14450
2155
8651
1780
6422
4660
4835
4053
5119
1221
1488
1410
5754
782
320
2120
1143
1128
1207
1072
412
646
0
0
0
15571
7534
4145
491
9028
1164
9175
7077
12512
2306
824
1627
859
688
991
2248
6401
662
973
3237
453
1524
2119
1748
1853
3256
4634
1161
805
2429
2910
3117
18902
18103
1470
2867
1096
1195
727
2616
2102
2641
1252
2615
1782
560
1322
3945
1656
1409
1359
1682
1794
1016
3678
7723
3181
543
4933
1690
1168
4493
2919
1432
15421
854
1553
1935
1716
1031
1290
3494
1272
963
1123
6872
2831
4152
1258
761
14583
670
865
8871
1176
1661
4513
23684
1052
1949
4555
3207
1383
906
1560
2189
756
3564
1032
2789
4602
605
1561
950
732
3802
1262
1353
548
1970
323
687
1770
2845
369
27432
334
327
550
303
9775
2801
25638
6237
887
763
786
486
4392
398
696
398
4855
1106
7142
1317
14844
2104
4618
1820
2214
2487
5072
6526
2841
2501
6561
6593
2538
2228
3590
3067
1092
10518
2666
3385
5236
820
1187
532
677
359
2295
2598
309
15571
7534
4145
0
0
0
514
1570
11305
854
1526
1316
4663
1411
2370
10228
3044
937
737
982
1721
1213
868
3413
1500
2643
1257
1841
821
2141
1063
3024
751
3135
1725
1155
1130
1787
30003
1879
2594
1019
768
7710
14018
2065
5754
2202
7653
1842
1770
3163
7689
4607
3195
2171
1257
12078
1706
13247
1955
1605
2036
5301
55906
13130
1356
1690
5464
1308
1540
1528
3620
8438
2227
1525
11655
681
1954
3706
719
1674
1202
1233
2626
6212
2888
8047
3042
6449
4794
893
5272
920
1205
7336
1987
1854
661
793
13051
826
4062
1987
933
2987
885
18039
1989
728
1174
2339
2715
3502
2524
723
489
705
669
5748
8319
3009
4441
928
2207
1353
1238
1013
5240
842
3975
1904
2802
8569
2732
1480
2427
3061
1216
2444
21935
1535
3840
3190
5141
2155
2086
5384
1484
1641
3694
2971
4331
1763
35605
3976
3921
3548
3108
2938
451
680
1150
1561
1299
313
10627
390
491
9028
1164
514
1570
11305
0
0
0
3172
3167
3909
1616
791
936
1475
1743
2011
3775
28225
1422
3502
1022
542
1055
802
2334
3925
2212
1010
29355
2245
1605
2251
2312
2131
1733
1445
633
1364
1244
936
26471
1705
5334
947
6263
5260
920
1436
659
1972
3636
1193
834
1758
816
1244
1869
1422
1478
1430
1284
3287
4645
1437
864
996
708
643
3482
1496
1070
1154
20972
3464
549
39214
1088
950
2186
875
2093
20263
21391
3445
559
3677
12622
850
3527
2931
1159
1797
1375
1076
3795
15905
1509
2266
3688
2298
7318
3647
1946
4627
1281
1310
4074
1344
7599
4699
1625
3012
6023
1792
2174
1643
47206
6258
2285
1122
1061
1514
1661
1008
982
3384
485
595
472
503
2039
1253
1335
2953
1664
1205
4686
1391
1182
565
3247
401
1564
3614
1527
1743
2843
2765
1220
6076
13521
1888
2732
2177
1557
892
2562
7902
1524
2977
797
1213
32417
18775
5263
1122
9175
7077
12512
854
1526
1316
3172
3167
3909
0
0
0
