C_ijk
0
0
0
108
207
52
142
111
116
238
242
156
874
1574
216
329
348
165
304
601
181
1276
1007
699
375
3267
513
561
429
1795
150
68
189
263
6989
1911
1263
10758
500
501
1355
446
383
658
607
3128
190
384
328
490
387
506
598
457
623
217
1339
756
848
1328
243
891
1490
498
3141
1429
686
556
324
689
505
358
281
451
349
738
890
1494
753
178
905
317
972
485
438
614
1639
169
262
153
591
414
368
282
462
186
656
377
255
4002
659
332
706
2718
247
359
499
914
792
1890
4661
7860
1617
772
1107
637
419
1079
704
19402
740
1723
1306
2817
2390
655
2681
7800
1494
3465
1234
998
606
2212
1561
1648
2916
2209
3250
1059
1420
2108
1724
2125
673
1261
6213
5446
4785
2511
800
1957
1125
1154
1961
954
856
6056
9149
3009
1887
3409
7423
1588
825
1115
5210
897
108
207
52
0
0
0
104
36
257
232
188
190
4891
1151
619
757
1610
248
606
304
82
1428
9328
1137
1299
909
479
503
395
2464
92
141
1576
6986
232
268
930
18785
261
1753
344
5415
361
2200
425
387
1161
594
902
805
308
473
668
567
677
533
1354
294
891
582
788
471
650
178
484
127
247
514
332
900
845
288
179
763
221
1522
477
428
1901
397
696
560
246
238
359
252
2394
469
341
134
1362
566
579
763
802
1066
235
338
655
614
379
4052
510
709
435
774
393
4181
1459
683
14373
3904
1515
838
1246
877
9405
9404
786
25429
2779
5575
578
651
808
1705
7528
1649
781
1082
3103
4457
1921
1295
2528
2656
2364
2298
1072
981
1265
2177
991
1568
5887
1911
1066
684
4229
3452
901
740
998
1089
2413
2348
5681
1530
3294
1352
1803
1568
959
2846
1272
8286
1111
1017
142
111
116
104
36
257
0
0
0
61
157
233
235
255
282
889
248
1201
369
834
591
886
1753
286
2738
349
1691
986
440
251
120
189
831
619
1519
986
314
1049
1395
252
1645
310
5744
525
352
267
191
140
723
993
342
1909
209
8690
621
315
1308
481
538
466
560
8366
821
2583
330
227
537
412
215
1371
551
553
343
215
200
375
224
2101
151
598
262
3568
2999
238
843
1557
579
187
621
1567
406
273
327
169
621
390
1515
747
1075
926
725
1522
1034
392
1633
1745
218
4650
1475
2839
684
7670
1184
3519
1150
973
1353
510
1141
820
1906
1184
515
4331
2809
1622
1108
1210
599
4619
2232
1126
2745
749
1441
2590
2945
800
1837
766
579
975
903
1942
5386
1334
4855
568
6194
983
753
1009
1569
1034
1787
1117
3018
1839
2145
5098
860
3566
1123
924
2136
1594
2698
2606
238
242
156
232
188
190
61
157
233
0
0
0
506
440
670
1114
451
8652
770
447
268
1248
4631
292
664
6220
605
1793
3336
1657
184
256
152
492
805
1499
1017
1025
285
2974
272
19826
396
193
359
198
4165
279
475
602
385
348
248
1304
867
840
181
1967
335
747
188
1453
8140
122
363
831
2197
307
1938
377
221
336
120
191
91
245
314
379
116
239
468
85
300
52
470
442
581
112
1953
299
201
1051
1046
181
128
333
331
328
740
600
1589
1754
745
682
274
415
6246
412
1221
2513
4096
4655
3374
1514
794
1071
1577
7022
951
1121
4012
702
2359
908
6724
633
1291
2669
400
2178
6911
1439
595
2793
3435
892
11120
1643
2624
975
1197
650
818
480
3449
1052
916
10697
638
1024
11829
763
656
904
2538
611
3949
1837
5955
1517
1389
2383
427
1289
8826
1836
8415
5669
874
1574
216
4891
1151
619
235
255
282
506
440
670
0
0
0
193
438
533
95
65
79
346
604
445
462
250
4465
1152
217
217
163
331
342
624
612
345
2869
1154
2883
1224
911
290
1057
859
1190
309
436
7657
512
531
1263
6116
1768
265
1033
293
2228
353
10974
600
411
11690
1463
743
269
699
464
351
1265
1279
829
736
212
2360
271
1123
832
2141
1025
331
699
393
875
610
879
4603
3539
180
421
196
912
408
198
1379
639
320
180
3076
183
374
231
155
343
663
6397
217
297
378
1369
1688
626
1781
887
13776
509
13275
1974
1864
2128
552
23349
2078
644
2434
1018
1541
1586
1954
8885
3505
2836
7833
24542
1873
1026
1582
12002
895
3032
2934
857
628
1992
933
939
1679
1790
1128
839
4266
2969
2762
1981
2010
704
1945
791
12671
1082
521
571
1822
9022
1249
1085
1556
7563
5545
329
348
165
757
1610
248
889
248
1201
1114
451
8652
193
438
533
0
0
0
194
983
139
362
470
241
333
499
937
3361
294
767
5623
518
494
627
491
480
613
1767
476
1801
520
430
699
1318
1642
1678
2290
417
940
542
1250
906
763
1114
577
915
730
472
6075
2087
599
3952
472
644
4848
701
1352
1026
911
2992
847
5056
3120
907
1020
3290
2999
1539
2045
1335
1103
612
410
325
498
956
1815
745
891
2181
963
861
610
333
557
642
165
254
221
809
911
264
370
409
540
2011
7147
1365
531
455
635
795
1542
777
2167
423
883
8149
528
745
475
1768
338
6615
1862
6349
6013
1837
4074
1351
4502
3075
1349
750
1897
1570
957
1242
1994
2177
8586
747
2891
858
4303
3450
33301
1921
2181
834
7316
295
2663
767
417
1576
10941
4200
3837
327
4731
4639
9818
865
15509
1301
866
1295
304
601
181
606
304
82
369
834
591
770
447
268
95
65
79
194
983
139
0
0
0
757
3984
253
366
435
1076
174
924
1014
392
1067
263
528
3021
280
805
322
5539
2309
707
309
1305
773
805
285
505
699
5594
2175
3841
672
2772
933
366
1951
683
341
1468
1081
391
376
1530
513
9270
699
241
345
477
701
686
2292
1865
405
232
1417
6485
4439
4022
357
2670
938
433
589
801
405
474
478
1807
492
487
300
653
574
1523
2302
1710
124
470
180
1187
2724
148
5121
416
2931
459
398
1645
1692
1868
4154
2609
1849
747
745
545
1108
950
4146
1097
592
923
1275
1055
1906
1662
6512
1362
1093
10735
2367
636
2287
5106
1091
763
2205
1455
7056
13464
1766
2905
22866
761
5686
1541
1676
1276
633
5341
1854
1318
6338
1002
4844
2649
722
1679
886
4979
1671
1074
3003
891
2239
2537
629
1276
1007
699
1428
9328
1137
886
1753
286
1248
4631
292
346
604
445
362
470
241
757
3984
253
0
0
0
55
74
314
182
49
39
546
886
346
381
243
176
302
366
3184
1239
281
1060
222
1634
473
298
592
434
2474
302
3025
420
512
1031
287
2406
2181
1318
786
747
2773
1306
1141
3130
890
579
730
1925
1633
5407
482
859
1772
617
5037
1609
1111
1933
789
449
4960
700
1156
654
5080
1029
993
1079
319
581
635
3391
935
713
1703
2161
1890
4112
2414
540
602
640
770
437
907
455
2225
2976
852
508
1237
611
450
3053
355
487
676
496
1649
1202
1101
340
2355
16775
2413
3733
849
1717
4364
11052
8780
473
1693
1055
3166
3000
1766
3213
2540
3636
7711
706
1628
2273
1532
1521
1671
1560
3531
2610
888
2350
1924
23927
1334
7207
975
1974
908
5317
1282
1666
1678
16655
3865
1037
746
1480
375
3267
513
1299
909
479
2738
349
1691
664
6220
605
462
250
4465
333
499
937
366
435
1076
55
74
314
0
0
0
131
108
653
3873
167
633
948
406
2165
3599
1125
282
497
587
535
610
405
680
377
3483
372
8270
351
748
400
1704
4318
879
2442
365
687
423
1510
1542
1269
436
1336
1329
840
865
447
834
1385
1052
11999
2824
1534
2361
1020
4504
1230
1185
869
283
799
2768
2454
2306
1051
1260
1017
491
1015
6689
3782
1082
12678
9150
365
569
677
1832
785
293
887
10198
5895
3212
250
2047
1051
2430
779
837
594
1539
579
4583
8858
177
1691
689
4817
1183
1449
916
1267
5425
1788
2164
2524
1266
3225
2524
1049
3289
1130
1043
694
629
765
1058
2309
1071
14957
856
1461
12738
1582
2196
1894
8097
13022
1042
1368
11488
562
4153
1346
2056
787
1075
1051
1198
4692
1407
1290
7265
1104
1238
2458
561
429
1795
503
395
2464
986
440
251
1793
3336
1657
1152
217
217
3361
294
767
174
924
1014
182
49
39
131
108
653
0
0
0
2422
332
749
760
249
331
539
197
333
382
505
239
612
303
270
500
848
578
694
2915
608
1257
1971
1208
769
334
504
477
1509
576
2737
757
571
375
1742
2057
1395
588
463
484
2574
1430
481
467
978
1200
2073
889
937
561
1135
1557
2177
540
1016
752
3065
1790
1107
2260
1329
513
12101
1160
1941
842
5324
1434
740
2051
860
10745
428
1113
933
3292
1446
2151
1657
797
1858
1107
808
465
2126
762
1023
350
305
1375
2877
722
483
3254
3377
2085
997
658
5267
600
1573
10215
1791
1131
1674
766
519
1163
1102
12892
843
1803
523
4396
13324
2387
2590
14827
771
9006
2475
8395
768
1263
1562
832
1377
2373
2096
560
8266
1158
2552
1117
976
587
792
638
150
68
189
92
141
1576
120
189
831
184
256
152
163
331
342
5623
518
494
392
1067
263
546
886
346
3873
167
633
2422
332
749
0
0
0
144
938
263
536
2818
1137
545
889
525
1401
513
813
338
956
299
401
1488
1455
354
528
492
2849
694
275
774
518
9871
360
652
560
1050
505
148
3285
358
471
828
24514
2128
482
1525
706
13355
706
456
423
495
219
241
1824
385
407
1346
416
856
405
515
657
668
1193
338
566
1713
515
338
1015
461
439
849
1461
1891
292
1244
664
6764
3728
712
875
2965
3206
1642
478
1214
916
404
1483
1746
1564
719
449
815
8159
1134
1484
765
3868
1172
4187
1485
1031
2507
913
630
1504
1047
972
1061
1281
1822
1025
1527
2893
11280
777
1718
21894
2125
2361
503
2104
844
686
970
7853
1574
4086
1565
2168
3781
8079
1334
1973
22694
1314
1273
263
6989
1911
6986
232
268
619
1519
986
492
805
1499
624
612
345
627
491
480
528
3021
280
381
243
176
948
406
2165
760
249
331
144
938
263
0
0
0
780
3357
250
2147
230
326
154
107
784
567
161
196
4907
1312
3375
606
562
854
1993
7048
390
364
211
273
2228
1281
796
389
318
469
3300
1504
661
1031
553
537
556
906
422
273
914
6587
475
815
609
890
1802
873
1231
785
599
882
1190
908
800
4494
463
1053
999
1088
879
11383
674
898
761
3854
737
1918
606
357
1283
1483
522
2905
2015
601
1693
1627
2920
810
3987
5660
455
614
761
1998
866
1636
1387
1504
8571
3670
1794
3640
548
551
2910
410
2344
3306
1756
2532
908
2563
3291
6909
729
962
1557
1443
3086
2110
3667
2075
3315
3759
10060
666
930
1317
10376
6539
7475
1098
1570
1889
3231
3862
3072
1492
15957
20477
1263
10758
500
930
18785
261
314
1049
1395
1017
1025
285
2869
1154
2883
613
1767
476
805
322
5539
302
366
3184
3599
1125
282
539
197
333
536
2818
1137
780
3357
250
0
0
0
67
227
50
160
908
174
672
741
3266
949
399
521
1084
450
393
538
167
884
246
203
201
520
2090
500
1196
414
480
509
2154
2241
2533
6471
1748
721
725
4643
470
469
1378
2691
422
1728
9418
1384
1483
16723
759
5887
1682
279
953
2747
12323
1204
772
2551
1522
1411
473
910
810
641
786
1318
712
1576
1053
792
867
1168
865
4151
3474
3398
3292
769
3055
2767
3090
1883
3875
1160
8323
569
691
618
4788
706
3780
4544
927
3973
13231
4566
767
1083
1209
544
664
1317
6458
1657
1383
3332
1826
1680
1817
7714
5378
1056
3057
1972
1003
2118
769
2049
1739
1204
2854
8830
702
1690
8741
3910
7673
2687
2564
1044
1823
501
1355
446
1753
344
5415
252
1645
310
2974
272
19826
1224
911
290
1801
520
430
2309
707
309
1239
281
1060
497
587
535
382
505
239
545
889
525
2147
230
326
67
227
50
0
0
0
194
1766
106
2619
512
671
4659
2824
896
412
528
472
332
868
392
836
1273
11246
4437
1389
627
2448
1650
1192
253
1726
449
538
11859
1266
827
738
538
822
2819
430
835
671
954
4519
753
1745
797
438
1431
728
887
2772
4530
849
1204
579
7086
1988
1355
1230
10025
15857
1047
5308
1795
979
919
1684
912
824
13968
885
3908
1086
2349
636
337
517
1109
1981
755
1590
1851
1507
2311
1824
1127
671
7896
513
935
932
1689
627
1604
539
6125
1030
822
375
3984
2196
825
1713
849
723
1249
5366
3277
8228
2399
1110
4908
1510
1918
4373
4884
654
3811
2281
2416
990
1613
1515
2705
4376
955
1296
1792
1653
383
658
607
361
2200
425
5744
525
352
396
193
359
1057
859
1190
699
1318
1642
1305
773
805
222
1634
473
610
405
680
612
303
270
1401
513
813
154
107
784
160
908
174
194
1766
106
0
0
0
890
354
495
253
502
841
7600
1008
5027
224
220
1854
310
205
261
1135
816
523
284
322
445
381
829
484
654
451
882
610
2261
1568
3811
840
497
842
967
1450
5538
384
390
530
3126
6475
339
523
2025
6715
1190
501
2682
474
551
617
584
1185
429
1195
1093
762
611
1650
701
556
5501
2217
1684
1414
710
1447
889
955
995
578
870
1698
2537
4065
3222
2427
781
525
750
856
2985
1278
16729
1194
780
3033
1209
1135
607
785
791
2661
819
1125
1086
696
3804
1045
6787
1310
4589
1084
2744
1997
1363
694
14335
2309
845
891
14316
23427
3422
10666
1912
4022
1496
1427
799
1070
2450
3128
190
384
387
1161
594
267
191
140
198
4165
279
309
436
7657
1678
2290
417
285
505
699
298
592
434
377
3483
372
500
848
578
338
956
299
567
161
196
672
741
3266
2619
512
671
890
354
495
0
0
0
113
522
428
111
320
380
1499
136
200
213
154
184
608
1254
964
1020
1772
145
789
1625
985
291
2318
1398
322
488
65
568
774
350
249
762
206
441
755
206
1493
4974
961
599
673
3226
2621
1215
781
185
460
250
1518
698
1013
5839
3387
1188
354
981
987
2826
4550
3724
1336
1567
1065
35053
7749
5111
1448
21176
1691
885
838
2293
773
728
1587
1981
1352
1708
620
604
481
1289
1711
593
2564
1355
1922
977
1406
930
3219
1319
665
1144
5894
484
807
1041
4526
2459
716
754
5402
976
1989
2597
7312
1773
1415
803
1053
10493
1818
6702
4494
1435
1812
2559
2309
1249
328
490
387
902
805
308
723
993
342
475
602
385
512
531
1263
940
542
1250
5594
2175
3841
2474
302
3025
8270
351
748
694
2915
608
401
1488
1455
4907
1312
3375
949
399
521
4659
2824
896
253
502
841
113
522
428
0
0
0
128
132
58
183
80
44
398
991
183
359
651
560
742
365
275
1274
745
131
633
534
287
864
372
5397
815
407
5995
310
694
4068
19117
543
729
1578
2123
967
2129
4081
848
831
2888
883
1372
905
3296
1714
787
471
1387
2507
641
487
1535
361
14314
1402
5051
1522
9760
19607
2763
1791
2321
5580
850
1255
1480
1529
1609
927
1470
1857
953
1527
973
833
526
491
920
16675
787
1837
1538
5485
538
6210
881
932
379
1194
1567
1431
1687
1784
6599
747
884
1540
1222
2139
2803
2025
2997
3729
1505
1940
967
1305
1212
22934
1334
2857
1449
3400
1994
2136
1995
506
598
457
473
668
567
1909
209
8690
348
248
1304
6116
1768
265
906
763
1114
672
2772
933
420
512
1031
400
1704
4318
1257
1971
1208
354
528
492
606
562
854
1084
450
393
412
528
472
7600
1008
5027
111
320
380
128
132
58
0
0
0
38
252
83
2398
112
39
435
2321
193
669
290
2273
457
245
532
267
756
266
330
286
218
499
459
311
1450
494
617
1021
794
478
421
6664
2382
583
602
614
1570
1357
755
505
2804
688
445
3944
733
2356
1502
8581
19608
3250
4607
1247
1388
6032
2254
1197
54044
2947
1388
1665
1765
652
612
810
3245
2230
2141
3641
1660
1056
3481
13353
392
541
495
1044
829
596
444
433
1156
1342
787
2453
28484
1182
7290
2917
361
3028
2010
1176
2266
1012
1096
6454
1222
5635
1502
812
18654
1617
1951
941
1358
1930
1124
2143
2784
11591
1659
2375
1562
1667
623
217
1339
677
533
1354
621
315
1308
867
840
181
1033
293
2228
577
915
730
366
1951
683
287
2406
2181
879
2442
365
769
334
504
2849
694
275
1993
7048
390
538
167
884
332
868
392
224
220
1854
1499
136
200
183
80
44
38
252
83
0
0
0
81
72
57
9609
204
464
204
2034
486
775
240
1747
799
641
485
2276
236
5044
294
1755
787
401
820
658
1111
907
315
1751
1243
1987
715
983
4674
545
449
1057
565
780
520
612
429
1612
1204
1005
440
599
789
888
976
740
6778
1010
2278
7154
2111
1569
790
531
5034
660
1061
1081
13978
1270
12784
1503
870
1012
842
745
678
2620
7989
1069
3493
617
583
765
1026
611
9571
484
665
1225
559
276
1479
1073
635
696
576
3062
1423
3240
831
7023
1102
2076
828
13754
1214
1383
2407
1356
821
2801
2823
2108
4285
4089
896
756
848
1328
294
891
582
481
538
466
1967
335
747
353
10974
600
472
6075
2087
341
1468
1081
1318
786
747
687
423
1510
477
1509
576
774
518
9871
364
211
273
246
203
201
836
1273
11246
310
205
261
213
154
184
398
991
183
2398
112
39
81
72
57
0
0
0
903
3387
285
419
293
223
293
771
383
1142
841
250
10533
478
710
1753
302
407
588
1048
345
4788
5510
618
1353
1265
1011
750
423
1219
854
522
1011
1223
492
751
932
3399
444
790
1605
425
997
2300
1481
983
528
545
1478
1057
7465
5914
839
9700
605
2132
806
688
3209
8846
36327
9313
1956
2952
2280
549
502
535
454
758
1704
828
878
917
445
1326
1845
3878
8105
2600
834
595
2722
4826
1327
1526
8258
6551
11378
19163
1134
2029
860
4102
2259
1319
1134
4294
1563
631
879
1412
7357
1527
1143
552
2715
14126
243
891
1490
788
471
650
560
8366
821
188
1453
8140
411
11690
1463
599
3952
472
391
376
1530
2773
1306
1141
1542
1269
436
2737
757
571
360
652
560
2228
1281
796
520
2090
500
4437
1389
627
1135
816
523
608
1254
964
359
651
560
435
2321
193
9609
204
464
903
3387
285
0
0
0
1482
1396
282
95
243
212
318
152
166
1222
2229
2048
815
439
498
554
342
2718
247
1405
806
347
676
2715
312
272
243
3723
922
2903
3380
513
429
1380
972
1345
1159
521
1039
676
3832
533
636
1059
1697
585
3599
3228
1150
2929
4133
2455
3480
1376
2372
6690
745
2553
869
2131
518
1562
966
22880
547
391
6831
10090
2317
528
2260
7763
1707
3678
1580
2036
786
3198
664
616
537
4834
1934
1211
764
1019
1496
2898
1583
1445
5317
1580
8235
2379
3833
486
1067
1490
1048
1104
14597
1095
1220
4764
851
498
3141
1429
178
484
127
2583
330
227
122
363
831
743
269
699
644
4848
701
513
9270
699
3130
890
579
1336
1329
840
375
1742
2057
1050
505
148
389
318
469
1196
414
480
2448
1650
1192
284
322
445
1020
1772
145
742
365
275
669
290
2273
204
2034
486
419
293
223
1482
1396
282
0
0
0
91
138
142
207
268
2030
277
219
758
242
1163
952
324
357
130
185
202
76
417
519
332
6934
174
614
625
664
352
206
490
568
414
742
1160
7368
540
1594
583
2216
753
9911
785
369
6266
5329
1989
1529
959
974
928
767
1381
567
807
1206
879
674
1155
795
2414
2502
3751
18026
2058
1167
1612
1236
2957
1033
765
2042
1802
384
867
3167
617
3056
368
860
885
1731
10032
2482
1352
10603
2579
2035
997
1388
1190
3513
3182
1312
3622
2289
2169
890
1779
2523
671
4956
2968
1608
686
556
324
247
514
332
537
412
215
2197
307
1938
464
351
1265
1352
1026
911
241
345
477
730
1925
1633
865
447
834
1395
588
463
3285
358
471
3300
1504
661
509
2154
2241
253
1726
449
381
829
484
789
1625
985
1274
745
131
457
245
532
775
240
1747
293
771
383
95
243
212
91
138
142
0
0
0
365
361
349
782
362
1595
427
835
513
2518
1960
119
1420
623
244
841
813
2740
1892
508
215
1415
327
3081
327
1495
3477
2315
539
8501
3833
7299
627
864
495
26593
583
1454
929
941
5618
2122
2673
4061
17186
1505
745
1435
13090
984
993
734
784
654
357
595
1280
672
1601
2339
16831
1379
1918
1309
468
561
688
803
1537
1625
6678
713
639
1235
1181
2393
2923
3664
1601
1146
476
3622
1084
893
3375
2026
5850
1003
1268
1459
6279
2222
1016
1674
1996
1844
1170
1815
1275
689
505
358
900
845
288
1371
551
553
377
221
336
1279
829
736
2992
847
5056
701
686
2292
5407
482
859
1385
1052
11999
484
2574
1430
828
24514
2128
1031
553
537
2533
6471
1748
538
11859
1266
654
451
882
291
2318
1398
633
534
287
267
756
266
799
641
485
1142
841
250
318
152
166
207
268
2030
365
361
349
0
0
0
315
3551
5219
355
2378
434
500
1085
377
538
1264
3226
358
1697
925
415
13413
429
252
3251
1123
2445
1100
608
1170
3115
2847
17583
448
686
1953
1376
15318
930
3656
1532
1273
1278
2159
7391
14557
1204
2800
1890
1080
1021
1078
1303
1376
8033
1891
801
3407
1985
234
4281
978
1448
782
679
156
915
373
1411
3049
8756
600
3848
496
412
1960
885
2900
1261
535
875
7217
434
2100
1006
4435
1131
1202
10385
4846
922
4047
3945
5190
2172
1650
3607
1621
1606
3686
988
281
451
349
179
763
221
343
215
200
120
191
91
212
2360
271
3120
907
1020
1865
405
232
1772
617
5037
2824
1534
2361
481
467
978
482
1525
706
556
906
422
721
725
4643
827
738
538
610
2261
1568
322
488
65
864
372
5397
330
286
218
2276
236
5044
10533
478
710
1222
2229
2048
277
219
758
782
362
1595
315
3551
5219
0
0
0
162
417
352
118
118
338
37
47
102
379
7384
1302
110
296
1410
603
377
598
229
385
451
238
1035
12814
842
824
971
475
914
439
387
244
696
3532
1392
3488
2442
2630
1487
770
2405
12690
1249
2905
1183
15919
957
940
1494
960
9456
8477
618
5384
1860
1636
2537
654
1319
389
13463
1819
8295
1259
870
3310
2087
577
804
794
11171
2258
528
1237
1712
3951
3348
1084
1772
10800
996
604
3165
8139
1104
1690
9260
2982
1539
1640
10829
2254
1260
738
890
1494
1522
477
428
375
224
2101
245
314
379
1123
832
2141
3290
2999
1539
1417
6485
4439
1609
1111
1933
1020
4504
1230
1200
2073
889
13355
706
456
273
914
6587
470
469
1378
822
2819
430
3811
840
497
568
774
350
815
407
5995
499
459
311
294
1755
787
1753
302
407
815
439
498
242
1163
952
427
835
513
355
2378
434
162
417
352
0
0
0
509
91
337
193
322
200
549
3054
500
1801
2467
199
203
277
533
330
622
125
642
403
405
784
716
1034
420
4876
356
510
1203
915
10205
1274
2375
23692
1323
1510
1300
24883
1944
749
1248
1644
12942
1858
1722
1035
5194
2295
1121
1032
1508
2363
4744
3453
786
561
605
24488
2688
1895
929
11430
1288
483
1544
3219
1639
1904
742
8846
576
474
7116
938
4912
2460
973
614
1228
604
876
2841
737
684
938
1669
1635
10958
1618
4434
753
178
905
1901
397
696
151
598
262
116
239
468
1025
331
699
2045
1335
1103
4022
357
2670
789
449
4960
1185
869
283
937
561
1135
423
495
219
475
815
609
2691
422
1728
835
671
954
842
967
1450
249
762
206
310
694
4068
1450
494
617
401
820
658
588
1048
345
554
342
2718
324
357
130
2518
1960
119
500
1085
377
118
118
338
509
91
337
0
0
0
207
554
93
976
343
213
196
149
368
823
200
216
469
256
675
627
4187
427
667
819
5822
1254
284
485
811
3138
433
1311
1161
7384
2369
2059
9022
750
2197
1076
796
2224
3370
1706
1399
1013
1741
741
7237
2229
614
890
1328
4513
1161
1654
287
456
1057
2441
619
10869
2066
13730
415
1330
2859
1939
8742
1246
15591
1687
1141
2975
10385
2194
1363
2620
805
2213
592
1015
3574
975
2586
2165
807
5505
1384
2816
7187
317
972
485
560
246
238
3568
2999
238
85
300
52
393
875
610
612
410
325
938
433
589
700
1156
654
799
2768
2454
1557
2177
540
241
1824
385
890
1802
873
9418
1384
1483
4519
753
1745
5538
384
390
441
755
206
19117
543
729
1021
794
478
1111
907
315
4788
5510
618
247
1405
806
185
202
76
1420
623
244
538
1264
3226
37
47
102
193
322
200
207
554
93
0
0
0
658
242
261
325
394
1146
312
138
519
1956
869
131
1338
604
579
1013
248
1421
243
5406
739
1082
1487
824
4014
886
2077
1169
1502
4036
12310
2149
1140
2560
1109
983
944
1048
830
1504
2069
2201
832
835
5294
40938
2640
3420
728
1006
1120
1475
3302
1390
13725
3112
4235
332
487
4265
2484
837
2385
514
20332
726
538
1786
611
1462
9199
6385
10438
1158
2950
1363
650
1244
2094
1413
1117
944
2463
1383
438
614
1639
359
252
2394
843
1557
579
470
442
581
879
4603
3539
498
956
1815
801
405
474
5080
1029
993
2306
1051
1260
1016
752
3065
407
1346
416
1231
785
599
16723
759
5887
797
438
1431
530
3126
6475
1493
4974
961
1578
2123
967
421
6664
2382
1751
1243
1987
1353
1265
1011
347
676
2715
417
519
332
841
813
2740
358
1697
925
379
7384
1302
549
3054
500
976
343
213
658
242
261
0
0
0
513
278
587
72
228
218
243
780
822
1184
199
409
531
933
793
3502
339
117
265
11020
180
929
1687
7869
1270
4775
2988
1111
2538
4408
4121
3463
3241
1560
1031
582
2949
719
3787
709
11564
14616
6792
948
27491
1503
1033
1604
1639
2520
3118
3310
1171
2236
1127
1764
1056
10303
2616
5845
2394
1910
312
2100
1837
3443
692
357
1608
1775
12231
696
1315
805
532
584
893
2669
2151
2877
2393
169
262
153
469
341
134
187
621
1567
112
1953
299
180
421
196
745
891
2181
478
1807
492
1079
319
581
1017
491
1015
1790
1107
2260
856
405
515
882
1190
908
1682
279
953
728
887
2772
339
523
2025
599
673
3226
2129
4081
848
583
602
614
715
983
4674
750
423
1219
312
272
243
6934
174
614
1892
508
215
415
13413
429
110
296
1410
1801
2467
199
196
149
368
325
394
1146
513
278
587
0
0
0
233
651
2448
101
21
205
758
417
282
635
597
259
3048
146
196
278
550
230
2419
15851
2196
2225
13042
537
1585
853
1080
1801
1589
1674
1463
1978
1240
2583
772
1537
2443
1000
2779
1435
3575
987
2388
1541
1014
1570
2068
1344
6633
37800
1581
644
1666
1327
481
934
1911
6628
924
324
1078
1076
1267
1434
3208
1481
942
1910
1823
6158
1298
2723
861
990
1443
1109
987
2824
591
414
368
1362
566
579
406
273
327
201
1051
1046
912
408
198
963
861
610
487
300
653
635
3391
935
6689
3782
1082
1329
513
12101
657
668
1193
800
4494
463
2747
12323
1204
4530
849
1204
6715
1190
501
2621
1215
781
831
2888
883
1570
1357
755
545
449
1057
854
522
1011
3723
922
2903
625
664
352
1415
327
3081
252
3251
1123
603
377
598
203
277
533
823
200
216
312
138
519
72
228
218
233
651
2448
0
0
0
135
1483
3574
1013
2695
673
4873
1476
777
1094
3341
673
301
379
230
1196
1127
1084
1359
1245
1136
687
9095
1371
1884
2801
1354
947
1466
1072
896
17737
1799
4705
2120
1923
11024
2426
1112
1968
14525
3199
1828
4017
7182
4238
5632
1282
3242
2085
926
1236
5725
879
369
689
453
1444
2840
7642
6477
1916
942
1600
12247
2033
11379
1919
1708
10637
499
2170
5553
5586
2229
282
462
186
763
802
1066
169
621
390
181
128
333
1379
639
320
333
557
642
574
1523
2302
713
1703
2161
12678
9150
365
1160
1941
842
338
566
1713
1053
999
1088
772
2551
1522
579
7086
1988
2682
474
551
185
460
250
1372
905
3296
505
2804
688
565
780
520
1223
492
751
3380
513
429
206
490
568
327
1495
3477
2445
1100
608
229
385
451
330
622
125
469
256
675
1956
869
131
243
780
822
101
21
205
135
1483
3574
0
0
0
314
235
503
305
429
1136
315
1196
229
259
742
573
1021
6606
1791
2923
2296
937
11909
2481
578
2173
13344
1568
4515
4217
5387
1054
824
1803
4378
1240
1077
2987
1068
2743
459
987
1071
7908
2873
2512
1733
1253
1370
3887
2089
1410
1701
1116
2048
674
9974
1039
2247
1471
2220
740
925
1234
2262
1066
1415
790
1335
722
874
4110
3768
2817
2844
1995
656
377
255
235
338
655
1515
747
1075
331
328
740
180
3076
183
165
254
221
1710
124
470
1890
4112
2414
569
677
1832
5324
1434
740
515
338
1015
879
11383
674
1411
473
910
1355
1230
10025
617
584
1185
1518
698
1013
1714
787
471
445
3944
733
612
429
1612
932
3399
444
1380
972
1345
414
742
1160
2315
539
8501
1170
3115
2847
238
1035
12814
642
403
405
627
4187
427
1338
604
579
1184
199
409
758
417
282
1013
2695
673
314
235
503
0
0
0
240
103
313
104
132
2198
53
93
201
1842
2417
2446
755
785
1701
964
1719
3443
963
6864
521
2292
2575
10743
1302
1227
1200
610
3163
598
6371
982
2020
769
763
3419
4825
1021
10743
4805
1791
1950
5381
1259
850
5888
20701
3170
4394
1415
3072
21541
664
1384
531
2015
708
1119
577
3367
1774
6291
770
1569
488
1705
19635
1032
2570
4002
659
332
614
379
4052
926
725
1522
600
1589
1754
374
231
155
809
911
264
180
1187
2724
540
602
640
785
293
887
2051
860
10745
461
439
849
898
761
3854
810
641
786
15857
1047
5308
429
1195
1093
5839
3387
1188
1387
2507
641
2356
1502
8581
1204
1005
440
790
1605
425
1159
521
1039
7368
540
1594
3833
7299
627
17583
448
686
842
824
971
784
716
1034
667
819
5822
1013
248
1421
531
933
793
635
597
259
4873
1476
777
305
429
1136
240
103
313
0
0
0
176
134
376
52
186
119
618
1900
650
896
894
841
1605
1438
1166
694
2438
1752
2681
713
665
3162
1096
1937
1132
6423
5504
4604
1249
2740
2402
1517
1100
4465
1156
1313
1104
1606
743
1150
5846
8022
7234
3965
1359
1082
2289
958
1203
1547
4394
333
227
479
3666
3942
1055
627
4564
2142
1292
1030
614
3352
5486
21951
706
2718
247
510
709
435
1034
392
1633
745
682
274
343
663
6397
370
409
540
148
5121
416
770
437
907
10198
5895
3212
428
1113
933
1461
1891
292
737
1918
606
1318
712
1576
1795
979
919
762
611
1650
354
981
987
487
1535
361
19608
3250
4607
599
789
888
997
2300
1481
676
3832
533
583
2216
753
864
495
26593
1953
1376
15318
475
914
439
420
4876
356
1254
284
485
243
5406
739
3502
339
117
3048
146
196
1094
3341
673
315
1196
229
104
132
2198
176
134
376
0
0
0
512
283
89
38313
4030
1066
10154
902
2455
891
4809
6962
2295
3439
1418
1635
1031
5072
1144
19168
4152
1566
1113
1823
4765
2465
2540
13429
959
2179
1581
1026
2285
1195
8948
10113
2845
824
789
14594
6525
1360
1583
2413
697
860
676
1693
439
1488
403
431
2579
2824
1491
1916
6192
562
1028
1255
1991
3029
1468
359
499
914
774
393
4181
1745
218
4650
415
6246
412
217
297
378
2011
7147
1365
2931
459
398
455
2225
2976
250
2047
1051
3292
1446
2151
1244
664
6764
357
1283
1483
1053
792
867
1684
912
824
701
556
5501
2826
4550
3724
14314
1402
5051
1247
1388
6032
976
740
6778
983
528
545
636
1059
1697
9911
785
369
583
1454
929
930
3656
1532
387
244
696
510
1203
915
811
3138
433
1082
1487
824
265
11020
180
278
550
230
301
379
230
259
742
573
53
93
201
52
186
119
512
283
89
0
0
0
1282
1960
1513
5835
1803
2092
6885
3599
2372
4657
493
1529
581
402
1469
3641
2996
1822
14198
2027
1747
1618
759
2055
1416
4259
6542
1353
1466
2129
2006
1435
2783
2274
14027
1053
6955
1830
9506
1325
4395
3503
1360
1236
7728
1050
282
368
390
4681
785
375
1413
2604
383
5043
570
10129
2585
4191
792
1890
4661
1459
683
14373
1475
2839
684
1221
2513
4096
1369
1688
626
531
455
635
1645
1692
1868
852
508
1237
2430
779
837
1657
797
1858
3728
712
875
522
2905
2015
1168
865
4151
13968
885
3908
2217
1684
1414
1336
1567
1065
1522
9760
19607
2254
1197
54044
1010
2278
7154
1478
1057
7465
585
3599
3228
6266
5329
1989
941
5618
2122
1273
1278
2159
3532
1392
3488
10205
1274
2375
1311
1161
7384
4014
886
2077
929
1687
7869
2419
15851
2196
1196
1127
1084
1021
6606
1791
1842
2417
2446
618
1900
650
38313
4030
1066
1282
1960
1513
0
0
0
1878
675
12091
1765
790
2459
726
546
1426
205
1680
570
8125
3232
3853
1979
8249
3435
11462
2237
7220
8372
2202
6158
9337
1951
3952
4542
25071
3187
52773
6364
2691
1682
2142
7972
1181
1044
3083
297
136
174
530
457
11215
1128
1574
1624
687
3887
187
3778
931
1531
1519
5360
6950
7860
1617
772
3904
1515
838
7670
1184
3519
4655
3374
1514
1781
887
13776
795
1542
777
4154
2609
1849
611
450
3053
594
1539
579
1107
808
465
2965
3206
1642
601
1693
1627
3474
3398
3292
1086
2349
636
710
1447
889
35053
7749
5111
2763
1791
2321
2947
1388
1665
2111
1569
790
5914
839
9700
1150
2929
4133
1529
959
974
2673
4061
17186
7391
14557
1204
2442
2630
1487
23692
1323
1510
2369
2059
9022
1169
1502
4036
1270
4775
2988
2225
13042
537
1359
1245
1136
2923
2296
937
755
785
1701
896
894
841
10154
902
2455
5835
1803
2092
1878
675
12091
0
0
0
1532
231
585
1752
399
9073
160
319
220
1951
3868
1294
3884
2538
10776
2446
1218
1281
1418
1029
2326
8294
3882
5299
5066
8504
6233
11130
1348
1470
2083
11738
3093
3914
1558
3221
353
405
833
1451
1580
1739
1002
13535
2932
1264
349
4795
14778
3119
817
812
754
3020
1107
637
419
1246
877
9405
1150
973
1353
794
1071
1577
509
13275
1974
2167
423
883
747
745
545
355
487
676
4583
8858
177
2126
762
1023
478
1214
916
2920
810
3987
769
3055
2767
337
517
1109
955
995
578
1448
21176
1691
5580
850
1255
1765
652
612
531
5034
660
605
2132
806
2455
3480
1376
928
767
1381
1505
745
1435
2800
1890
1080
770
2405
12690
1300
24883
1944
750
2197
1076
12310
2149
1140
1111
2538
4408
1585
853
1080
687
9095
1371
11909
2481
578
964
1719
3443
1605
1438
1166
891
4809
6962
6885
3599
2372
1765
790
2459
1532
231
585
0
0
0
116
555
104
988
351
2884
2791
7179
1540
8051
732
1550
2262
934
20959
1518
2137
4591
5618
5861
899
5129
2269
1722
1138
1274
1012
3963
39281
21104
2014
19180
1204
1299
1000
1337
974
1174
1144
25614
2951
1039
6022
1335
704
1735
1086
625
3238
1124
13770
1079
704
19402
9404
786
25429
510
1141
820
7022
951
1121
1864
2128
552
8149
528
745
1108
950
4146
496
1649
1202
1691
689
4817
350
305
1375
404
1483
1746
5660
455
614
3090
1883
3875
1981
755
1590
870
1698
2537
885
838
2293
1480
1529
1609
810
3245
2230
1061
1081
13978
688
3209
8846
2372
6690
745
567
807
1206
13090
984
993
1021
1078
1303
1249
2905
1183
749
1248
1644
796
2224
3370
2560
1109
983
4121
3463
3241
1801
1589
1674
1884
2801
1354
2173
13344
1568
963
6864
521
694
2438
1752
2295
3439
1418
4657
493
1529
726
546
1426
1752
399
9073
116
555
104
0
0
0
937
469
2540
6610
7859
2456
4420
966
1952
640
2647
3131
1929
2214
6165
1732
21626
1122
1636
3417
3374
2121
23065
1072
2873
3785
1484
3355
1648
3807
788
561
1080
8875
655
1245
2039
1924
1000
444
8555
1157
3165
16463
1962
3142
1749
671
740
1723
1306
2779
5575
578
1906
1184
515
4012
702
2359
23349
2078
644
475
1768
338
1097
592
923
1101
340
2355
1183
1449
916
2877
722
483
1564
719
449
761
1998
866
1160
8323
569
1851
1507
2311
4065
3222
2427
773
728
1587
927
1470
1857
2141
3641
1660
1270
12784
1503
36327
9313
1956
2553
869
2131
879
674
1155
734
784
654
1376
8033
1891
15919
957
940
12942
1858
1722
1706
1399
1013
944
1048
830
1560
1031
582
1463
1978
1240
947
1466
1072
4515
4217
5387
2292
2575
10743
2681
713
665
1635
1031
5072
581
402
1469
205
1680
570
160
319
220
988
351
2884
937
469
2540
0
0
0
1180
2518
38504
2629
26646
2852
1006
1925
4505
18884
2661
6057
1390
2265
2364
14614
3875
4196
6897
4055
3434
10708
1141
7114
5127
958
2412
2578
600
559
1123
967
835
1677
1812
1033
432
397
354
2093
1430
602
1675
4879
11758
2817
2390
655
651
808
1705
4331
2809
1622
908
6724
633
2434
1018
1541
6615
1862
6349
1275
1055
1906
16775
2413
3733
1267
5425
1788
3254
3377
2085
815
8159
1134
1636
1387
1504
691
618
4788
1824
1127
671
781
525
750
1981
1352
1708
953
1527
973
1056
3481
13353
870
1012
842
2952
2280
549
518
1562
966
795
2414
2502
357
595
1280
801
3407
1985
1494
960
9456
1035
5194
2295
1741
741
7237
1504
2069
2201
2949
719
3787
2583
772
1537
896
17737
1799
1054
824
1803
1302
1227
1200
3162
1096
1937
1144
19168
4152
3641
2996
1822
8125
3232
3853
1951
3868
1294
2791
7179
1540
6610
7859
2456
1180
2518
38504
0
0
0
268
239
314
1135
1058
1348
1107
433
1423
1918
2618
461
509
295
415
151
193
1017
873
465
609
23824
1751
1344
5973
1498
2292
2951
1426
2428
1250
3844
1791
2021
1044
4343
4470
6903
15194
1717
1250
4778
2681
7800
1494
7528
1649
781
1108
1210
599
1291
2669
400
1586
1954
8885
6013
1837
4074
1662
6512
1362
849
1717
4364
2164
2524
1266
997
658
5267
1484
765
3868
8571
3670
1794
706
3780
4544
7896
513
935
856
2985
1278
620
604
481
833
526
491
392
541
495
745
678
2620
502
535
454
22880
547
391
3751
18026
2058
672
1601
2339
234
4281
978
8477
618
5384
1121
1032
1508
2229
614
890
832
835
5294
709
11564
14616
2443
1000
2779
4705
2120
1923
4378
1240
1077
610
3163
598
1132
6423
5504
1566
1113
1823
14198
2027
1747
1979
8249
3435
3884
2538
10776
8051
732
1550
4420
966
1952
2629
26646
2852
268
239
314
0
0
0
987
742
1597
367
108
968
3104
3506
341
795
5827
460
195
306
121
209
2988
700
679
912
7716
6151
1777
5119
7341
2318
1269
879
4731
1017
1366
13301
6447
6820
1265
11300
2014
2516
19035
3465
1234
998
1082
3103
4457
4619
2232
1126
2178
6911
1439
3505
2836
7833
1351
4502
3075
1093
10735
2367
11052
8780
473
3225
2524
1049
600
1573
10215
1172
4187
1485
3640
548
551
927
3973
13231
932
1689
627
16729
1194
780
1289
1711
593
920
16675
787
1044
829
596
7989
1069
3493
758
1704
828
6831
10090
2317
1167
1612
1236
16831
1379
1918
1448
782
679
1860
1636
2537
2363
4744
3453
1328
4513
1161
40938
2640
3420
6792
948
27491
1435
3575
987
11024
2426
1112
2987
1068
2743
6371
982
2020
4604
1249
2740
4765
2465
2540
1618
759
2055
11462
2237
7220
2446
1218
1281
2262
934
20959
640
2647
3131
1006
1925
4505
1135
1058
1348
987
742
1597
0
0
0
1544
2460
2302
2125
6412
1252
1499
15177
3388
1186
880
1718
17614
7445
2044
3059
11308
4445
20470
2828
2367
2188
1174
1462
72104
4087
5393
9122
6359
2283
13746
10145
4802
359
313
366
606
2212
1561
1921
1295
2528
2745
749
1441
595
2793
3435
24542
1873
1026
1349
750
1897
636
2287
5106
1693
1055
3166
3289
1130
1043
1791
1131
1674
1031
2507
913
2910
410
2344
4566
767
1083
1604
539
6125
3033
1209
1135
2564
1355
1922
1837
1538
5485
444
433
1156
617
583
765
878
917
445
528
2260
7763
2957
1033
765
1309
468
561
156
915
373
654
1319
389
786
561
605
1654
287
456
728
1006
1120
1503
1033
1604
2388
1541
1014
1968
14525
3199
459
987
1071
769
763
3419
2402
1517
1100
13429
959
2179
1416
4259
6542
8372
2202
6158
1418
1029
2326
1518
2137
4591
1929
2214
6165
18884
2661
6057
1107
433
1423
367
108
968
1544
2460
2302
0
0
0
1140
921
1090
891
1161
318
412
95
530
846
7188
4007
2103
777
3683
28271
27904
1538
12241
1481
2120
1559
3040
3319
1852
12023
11144
2560
6022
1306
1840
6495
1201
1648
2916
2209
2656
2364
2298
2590
2945
800
892
11120
1643
1582
12002
895
1570
957
1242
1091
763
2205
3000
1766
3213
694
629
765
766
519
1163
630
1504
1047
3306
1756
2532
1209
544
664
1030
822
375
607
785
791
977
1406
930
538
6210
881
1342
787
2453
1026
611
9571
1326
1845
3878
1707
3678
1580
2042
1802
384
688
803
1537
1411
3049
8756
13463
1819
8295
24488
2688
1895
1057
2441
619
1475
3302
1390
1639
2520
3118
1570
2068
1344
1828
4017
7182
7908
2873
2512
4825
1021
10743
4465
1156
1313
1581
1026
2285
1353
1466
2129
9337
1951
3952
8294
3882
5299
5618
5861
899
1732
21626
1122
1390
2265
2364
1918
2618
461
3104
3506
341
2125
6412
1252
1140
921
1090
0
0
0
1259
7951
1998
835
656
1462
1567
2080
10994
2191
4909
3028
9322
762
1718
6841
1402
10319
1783
3360
3342
2059
2513
4090
3210
21140
1993
2184
29340
3981
3250
1059
1420
1072
981
1265
1837
766
579
2624
975
1197
3032
2934
857
1994
2177
8586
1455
7056
13464
2540
3636
7711
1058
2309
1071
1102
12892
843
972
1061
1281
908
2563
3291
1317
6458
1657
3984
2196
825
2661
819
1125
3219
1319
665
932
379
1194
28484
1182
7290
484
665
1225
8105
2600
834
2036
786
3198
867
3167
617
1625
6678
713
600
3848
496
1259
870
3310
929
11430
1288
10869
2066
13730
13725
3112
4235
3310
1171
2236
6633
37800
1581
4238
5632
1282
1733
1253
1370
4805
1791
1950
1104
1606
743
1195
8948
10113
2006
1435
2783
4542
25071
3187
5066
8504
6233
5129
2269
1722
1636
3417
3374
14614
3875
4196
509
295
415
795
5827
460
1499
15177
3388
891
1161
318
1259
7951
1998
0
0
0
1148
3373
514
112
150
63
3672
1897
4346
1786
3910
3406
4441
6446
5743
4861
1438
3856
3106
3675
9427
1581
7178
4951
1045
1660
43502
2108
1724
2125
2177
991
1568
975
903
1942
650
818
480
628
1992
933
747
2891
858
1766
2905
22866
706
1628
2273
14957
856
1461
1803
523
4396
1822
1025
1527
6909
729
962
1383
3332
1826
1713
849
723
1086
696
3804
1144
5894
484
1567
1431
1687
2917
361
3028
559
276
1479
595
2722
4826
664
616
537
3056
368
860
639
1235
1181
412
1960
885
2087
577
804
483
1544
3219
415
1330
2859
332
487
4265
1127
1764
1056
644
1666
1327
3242
2085
926
3887
2089
1410
5381
1259
850
1150
5846
8022
2845
824
789
2274
14027
1053
52773
6364
2691
11130
1348
1470
1138
1274
1012
2121
23065
1072
6897
4055
3434
151
193
1017
195
306
121
1186
880
1718
412
95
530
835
656
1462
1148
3373
514
0
0
0
280
970
1269
1355
1947
940
1793
4519
1516
1873
3852
5059
2342
1239
3469
2295
3636
1141
1830
1199
2534
13428
1786
2768
673
1261
6213
5887
1911
1066
5386
1334
4855
3449
1052
916
939
1679
1790
4303
3450
33301
761
5686
1541
1532
1521
1671
12738
1582
2196
13324
2387
2590
2893
11280
777
1557
1443
3086
1680
1817
7714
1249
5366
3277
1045
6787
1310
807
1041
4526
1784
6599
747
2010
1176
2266
1073
635
696
1327
1526
8258
4834
1934
1211
885
1731
10032
2393
2923
3664
2900
1261
535
794
11171
2258
1639
1904
742
1939
8742
1246
2484
837
2385
10303
2616
5845
481
934
1911
1236
5725
879
1701
1116
2048
5888
20701
3170
7234
3965
1359
14594
6525
1360
6955
1830
9506
1682
2142
7972
2083
11738
3093
3963
39281
21104
2873
3785
1484
10708
1141
7114
873
465
609
209
2988
700
17614
7445
2044
846
7188
4007
1567
2080
10994
112
150
63
280
970
1269
0
0
0
1620
1787
2133
7032
54004
2771
5023
19753
2300
8959
13251
2833
1526
3476
7182
5454
8475
5848
9919
2472
2725
5446
4785
2511
684
4229
3452
568
6194
983
10697
638
1024
1128
839
4266
1921
2181
834
1676
1276
633
1560
3531
2610
1894
8097
13022
14827
771
9006
1718
21894
2125
2110
3667
2075
5378
1056
3057
8228
2399
1110
4589
1084
2744
2459
716
754
884
1540
1222
1012
1096
6454
576
3062
1423
6551
11378
19163
764
1019
1496
2482
1352
10603
1601
1146
476
875
7217
434
528
1237
1712
8846
576
474
15591
1687
1141
514
20332
726
2394
1910
312
6628
924
324
369
689
453
674
9974
1039
4394
1415
3072
1082
2289
958
1583
2413
697
1325
4395
3503
1181
1044
3083
3914
1558
3221
2014
19180
1204
3355
1648
3807
5127
958
2412
23824
1751
1344
679
912
7716
3059
11308
4445
2103
777
3683
2191
4909
3028
3672
1897
4346
1355
1947
940
1620
1787
2133
0
0
0
1801
1007
6395
643
632
639
843
1882
3177
9082
848
1098
642
9380
1305
3770
1762
42613
800
1957
1125
901
740
998
753
1009
1569
11829
763
656
2969
2762
1981
7316
295
2663
5341
1854
1318
888
2350
1924
1042
1368
11488
2475
8395
768
2361
503
2104
3315
3759
10060
1972
1003
2118
4908
1510
1918
1997
1363
694
5402
976
1989
2139
2803
2025
1222
5635
1502
3240
831
7023
1134
2029
860
2898
1583
1445
2579
2035
997
3622
1084
893
2100
1006
4435
3951
3348
1084
7116
938
4912
2975
10385
2194
538
1786
611
2100
1837
3443
1078
1076
1267
1444
2840
7642
2247
1471
2220
21541
664
1384
1203
1547
4394
860
676
1693
1360
1236
7728
297
136
174
353
405
833
1299
1000
1337
788
561
1080
2578
600
559
5973
1498
2292
6151
1777
5119
20470
2828
2367
28271
27904
1538
9322
762
1718
1786
3910
3406
1793
4519
1516
7032
54004
2771
1801
1007
6395
0
0
0
1690
5882
10713
1319
2018
2646
373
451
237
1618
5147
989
3500
829
691
1154
1961
954
1089
2413
2348
1034
1787
1117
904
2538
611
2010
704
1945
767
417
1576
6338
1002
4844
23927
1334
7207
562
4153
1346
1263
1562
832
844
686
970
666
930
1317
769
2049
1739
4373
4884
654
14335
2309
845
2597
7312
1773
2997
3729
1505
812
18654
1617
1102
2076
828
4102
2259
1319
5317
1580
8235
1388
1190
3513
3375
2026
5850
1131
1202
10385
1772
10800
996
2460
973
614
1363
2620
805
1462
9199
6385
692
357
1608
1434
3208
1481
6477
1916
942
740
925
1234
531
2015
708
333
227
479
439
1488
403
1050
282
368
530
457
11215
1451
1580
1739
974
1174
1144
8875
655
1245
1123
967
835
2951
1426
2428
7341
2318
1269
2188
1174
1462
12241
1481
2120
6841
1402
10319
4441
6446
5743
1873
3852
5059
5023
19753
2300
643
632
639
1690
5882
10713
0
0
0
831
832
760
787
6707
410
504
407
291
1830
3576
3785
856
6056
9149
5681
1530
3294
3018
1839
2145
3949
1837
5955
791
12671
1082
10941
4200
3837
2649
722
1679
975
1974
908
2056
787
1075
1377
2373
2096
7853
1574
4086
10376
6539
7475
1204
2854
8830
3811
2281
2416
891
14316
23427
1415
803
1053
1940
967
1305
1951
941
1358
13754
1214
1383
1134
4294
1563
2379
3833
486
3182
1312
3622
1003
1268
1459
4846
922
4047
604
3165
8139
1228
604
876
2213
592
1015
10438
1158
2950
1775
12231
696
942
1910
1823
1600
12247
2033
2262
1066
1415
1119
577
3367
3666
3942
1055
431
2579
2824
390
4681
785
1128
1574
1624
1002
13535
2932
25614
2951
1039
2039
1924
1000
1677
1812
1033
1250
3844
1791
879
4731
1017
72104
4087
5393
1559
3040
3319
1783
3360
3342
4861
1438
3856
2342
1239
3469
8959
13251
2833
843
1882
3177
1319
2018
2646
831
832
760
0
0
0
844
38376
1564
562
259
9238
4067
5043
2166
3009
1887
3409
1352
1803
1568
5098
860
3566
1517
1389
2383
521
571
1822
327
4731
4639
886
4979
1671
5317
1282
1666
1051
1198
4692
560
8266
1158
1565
2168
3781
1098
1570
1889
702
1690
8741
990
1613
1515
3422
10666
1912
10493
1818
6702
1212
22934
1334
1930
1124
2143
2407
1356
821
631
879
1412
1067
1490
1048
2289
2169
890
6279
2222
1016
3945
5190
2172
1104
1690
9260
2841
737
684
3574
975
2586
1363
650
1244
1315
805
532
6158
1298
2723
11379
1919
1708
790
1335
722
1774
6291
770
627
4564
2142
1491
1916
6192
375
1413
2604
687
3887
187
1264
349
4795
6022
1335
704
444
8555
1157
432
397
354
2021
1044
4343
1366
13301
6447
9122
6359
2283
1852
12023
11144
2059
2513
4090
3106
3675
9427
2295
3636
1141
1526
3476
7182
9082
848
1098
373
451
237
787
6707
410
844
38376
1564
0
0
0
1342
821
2090
1597
3676
4651
7423
1588
825
959
2846
1272
1123
924
2136
427
1289
8826
9022
1249
1085
9818
865
15509
1074
3003
891
1678
16655
3865
1407
1290
7265
2552
1117
976
8079
1334
1973
3231
3862
3072
3910
7673
2687
2705
4376
955
4022
1496
1427
4494
1435
1812
2857
1449
3400
2784
11591
1659
2801
2823
2108
7357
1527
1143
1104
14597
1095
1779
2523
671
1674
1996
1844
1650
3607
1621
2982
1539
1640
938
1669
1635
2165
807
5505
2094
1413
1117
584
893
2669
861
990
1443
10637
499
2170
874
4110
3768
1569
488
1705
1292
1030
614
562
1028
1255
383
5043
570
3778
931
1531
14778
3119
817
1735
1086
625
3165
16463
1962
2093
1430
602
4470
6903
15194
6820
1265
11300
13746
10145
4802
2560
6022
1306
3210
21140
1993
1581
7178
4951
1830
1199
2534
5454
8475
5848
642
9380
1305
1618
5147
989
504
407
291
562
259
9238
1342
821
2090
0
0
0
5090
7035
1674
1115
5210
897
8286
1111
1017
1594
2698
2606
1836
8415
5669
1556
7563
5545
1301
866
1295
2239
2537
629
1037
746
1480
1104
1238
2458
587
792
638
22694
1314
1273
1492
15957
20477
2564
1044
1823
1296
1792
1653
799
1070
2450
2559
2309
1249
1994
2136
1995
2375
1562
1667
4285
4089
896
552
2715
14126
1220
4764
851
4956
2968
1608
1170
1815
1275
1606
3686
988
10829
2254
1260
10958
1618
4434
1384
2816
7187
944
2463
1383
2151
2877
2393
1109
987
2824
5553
5586
2229
2817
2844
1995
19635
1032
2570
3352
5486
21951
1991
3029
1468
10129
2585
4191
1519
5360
6950
812
754
3020
3238
1124
13770
3142
1749
671
1675
4879
11758
1717
1250
4778
2014
2516
19035
359
313
366
1840
6495
1201
2184
29340
3981
1045
1660
43502
13428
1786
2768
9919
2472
2725
3770
1762
42613
3500
829
691
1830
3576
3785
4067
5043
2166
1597
3676
4651
5090
7035
1674
0
0
0
