C_ijk
0
0
0
395
78
79
299
128
107
657
248
370
113
155
263
626
481
842
151
1246
162
429
730
434
815
404
1396
188
232
1912
484
93
298
467
325
165
917
1247
244
862
868
245
1313
326
984
1203
337
283
811
929
460
1847
796
383
1063
1276
2459
869
3508
561
1095
583
376
217
4979
273
315
234
465
235
314
3860
4896
315
551
520
830
1754
931
244
391
348
2709
198
1542
2006
802
248
289
334
273
248
6973
434
550
1045
290
456
334
369
301
124
828
921
509
462
1452
1873
732
1484
515
715
1562
3019
642
907
2413
1456
3677
1325
2463
831
512
1713
1032
1413
3421
1291
12977
8906
11227
2051
1125
331
1541
753
746
494
1157
1288
1148
1742
1720
1051
3898
808
1091
896
869
2356
951
21220
2947
742
1616
763
2155
741
1220
1125
1307
981
1015
4774
1028
1621
16248
704
395
78
79
0
0
0
69
75
95
112
173
114
304
446
211
505
426
127
1661
476
695
628
720
1367
367
520
378
490
2753
985
351
1340
643
754
210
343
7693
862
308
1742
694
409
2770
476
446
285
329
743
485
11232
519
761
5272
1696
892
489
384
2075
508
489
306
2181
1210
2082
375
404
519
1734
213
445
2815
521
918
4362
334
768
979
1027
271
134
418
453
233
737
861
719
311
176
583
77
862
861
159
526
109
97
125
184
1492
485
1656
373
2181
587
291
2393
261
1953
2160
6652
1022
1155
1276
778
1576
2497
783
1316
2734
3003
823
1389
1263
10761
1316
1123
916
1354
3559
988
601
1382
836
561
5213
1160
1222
6087
7998
1345
1510
623
1808
1057
3901
39599
1662
1679
971
875
2536
651
987
788
2041
611
5666
1017
513
859
1319
764
2460
10368
1120
964
2738
1297
299
128
107
69
75
95
0
0
0
90
344
197
3219
1188
178
19278
601
504
2015
3334
844
990
254
432
398
658
4043
1207
1291
843
141
241
171
245
173
383
1707
370
4469
997
4052
333
358
183
273
364
2154
471
2178
627
1226
1226
551
2230
3552
245
503
2125
866
431
648
582
731
926
330
407
264
1293
222
1522
2854
520
1164
987
124
201
785
438
427
239
296
182
172
2334
1409
381
391
272
151
322
369
4914
747
385
312
269
535
1049
440
704
631
2609
702
585
571
302
819
1213
1091
1864
1889
940
1333
520
2021
3074
590
860
1608
812
875
943
2283
961
1056
1817
541
725
747
6151
9527
38193
2240
1614
912
1641
7642
932
1132
2342
7895
621
1619
863
1289
7524
1258
785
2852
817
3061
2264
1133
1023
5746
3718
7451
8673
3180
4630
2164
5015
1685
717
2956
1195
4713
8396
657
248
370
112
173
114
90
344
197
0
0
0
123
1552
450
790
451
555
381
415
156
460
583
558
925
2798
575
511
647
4857
415
4046
285
2004
149
577
2327
1414
413
300
523
974
833
805
2030
192
146
263
440
631
8882
1287
358
909
667
855
764
296
332
260
331
5271
4134
102
204
613
2722
349
625
673
3172
606
80
50
365
286
370
249
568
335
203
40
121
233
923
761
1208
171
1047
101
254
174
440
90
174
384
6875
209
899
711
1351
820
2749
149
549
1199
1066
585
1911
1319
32862
1069
654
6163
1061
921
1464
555
9074
20471
30680
1717
3210
1594
1723
698
10798
1381
631
64048
2117
8235
5472
713
1149
716
22289
1339
785
1555
523
2153
818
815
2517
2412
3210
4104
3076
399
21397
1609
2081
2919
776
940
2043
800
678
7829
18029
8971
2617
1578
24079
1882
3221
58301
113
155
263
304
446
211
3219
1188
178
123
1552
450
0
0
0
324
3864
290
120
38
36
805
484
2917
495
158
3885
1096
858
374
262
4686
220
243
518
414
410
684
653
1030
11375
1857
309
2914
334
879
14055
526
1045
539
1675
397
1145
685
284
452
424
242
404
805
513
3341
1010
3728
451
1393
5332
372
244
1394
1799
1153
422
1097
256
6600
273
762
988
3101
347
532
127
551
575
1417
405
554
2317
2793
275
1210
402
155
619
1283
178
420
569
409
395
195
707
481
388
954
732
406
523
923
1194
1039
817
1281
1458
1982
633
2937
4059
3077
16288
1094
2320
950
3446
3585
1839
1517
761
2087
2363
1740
4030
397
5089
739
2707
4415
8955
632
21301
1819
1708
947
7632
2176
1262
3377
1409
703
6237
1499
1256
2544
1365
421
1214
2241
3572
1199
734
1412
1100
6100
746
1212
5734
2348
626
481
842
505
426
127
19278
601
504
790
451
555
324
3864
290
0
0
0
226
280
2823
7539
2679
302
282
396
582
192
444
2362
4567
304
2026
301
444
515
622
611
1828
1452
308
2040
1568
4486
2392
503
526
669
751
33588
1487
2839
1032
677
11913
1481
451
1397
2007
384
1685
4608
397
1564
507
328
2226
432
884
1023
4919
4007
408
1346
950
1601
843
1219
1737
426
1669
595
1825
331
1107
422
1156
738
294
544
621
1520
1529
648
3040
835
1227
531
214
1394
874
931
433
3246
390
336
472
378
1317
13617
933
1077
2034
2362
560
642
520
699
1071
881
531
310
272
1763
1982
3396
669
2067
2594
27079
2610
29541
1162
18170
17516
31079
7031
1927
1275
1714
991
594
7943
2803
1518
1369
1871
1518
7587
1313
1304
884
4914
570
353
571
2604
1889
739
1093
2036
2948
1570
24154
396
4081
44151
4264
151
1246
162
1661
476
695
2015
3334
844
381
415
156
120
38
36
226
280
2823
0
0
0
2501
318
8707
418
906
268
682
177
2535
303
258
161
526
1270
1463
2929
3358
652
542
274
285
277
1491
943
536
411
1045
1440
942
1138
10061
784
1019
1005
4351
507
829
4032
519
2148
2857
1457
5046
826
971
1172
604
8448
1053
521
788
480
2104
395
472
469
440
458
324
525
389
805
686
755
514
432
718
1047
137
1326
1056
683
333
1397
1244
194
315
180
344
170
7150
586
1565
197
493
786
454
1122
2954
20559
1478
584
1550
5874
2218
6729
2639
4833
388
1422
784
846
3196
730
4536
1694
1133
1554
1640
1842
718
767
1385
1989
14545
980
8363
2126
865
4107
5722
6626
1010
888
8856
2657
2401
5305
1302
2268
2158
4817
2578
2623
681
363
523
1508
1584
500
35677
5754
1492
984
864
2419
3970
429
730
434
628
720
1367
990
254
432
460
583
558
805
484
2917
7539
2679
302
2501
318
8707
0
0
0
122
441
25
13
12
17
3645
246
410
2134
321
736
204
1907
230
1018
272
275
783
318
983
983
2434
1523
2333
760
1932
1256
2385
1226
913
642
527
571
961
908
1826
1791
7357
1076
273
473
2707
553
654
660
1349
2013
807
19111
799
1183
877
1260
891
1849
1270
836
569
1663
1370
488
2674
573
1510
1682
511
2103
2700
1999
6883
871
9907
381
451
11913
486
742
721
10705
1139
1944
1158
2007
10321
2434
1264
1332
632
1709
355
415
8883
496
782
2140
4060
907
1002
1145
1423
19813
1493
1578
1772
1626
2441
659
824
1320
2668
9290
3721
1167
4018
1096
3931
16962
1471
3476
2213
4965
4166
12293
2673
1054
960
1459
1010
892
791
2871
1416
5750
17161
2044
491
4897
1852
2216
710
1895
3404
580
815
404
1396
367
520
378
398
658
4043
925
2798
575
495
158
3885
282
396
582
418
906
268
122
441
25
0
0
0
171
109
167
470
133
422
2072
247
1187
290
897
1149
354
381
973
783
846
163
2088
308
929
321
1777
813
3042
740
972
845
1134
803
867
1843
12494
3181
896
1186
1383
745
683
387
24617
4540
3557
1279
2037
7386
735
627
430
1070
1098
6029
4926
999
19452
403
5191
4030
672
1118
1259
447
793
2410
1474
1053
1790
3306
905
956
504
7476
3309
988
695
3407
386
1126
1540
2016
659
5421
412
640
896
697
2017
511
1660
702
771
1214
522
383
312
2511
875
3820
2304
2496
1572
1924
3913
849
6666
5927
3205
1185
2307
4195
828
2848
2703
6229
7481
36913
6568
557
1687
3047
3643
3538
24201
889
1112
1183
398
953
737
1042
2718
3878
6363
2384
1427
1321
733
1158
9933
949
478
188
232
1912
490
2753
985
1207
1291
843
511
647
4857
1096
858
374
192
444
2362
682
177
2535
13
12
17
171
109
167
0
0
0
337
996
312
610
638
605
1328
285
541
1120
297
1840
758
6811
615
398
610
1304
2400
550
526
447
4628
2098
14202
799
573
642
637
1136
878
1098
620
2689
831
586
3321
1235
735
843
6070
694
858
1886
729
3203
818
894
364
3015
650
2813
563
907
2021
1166
978
986
1789
712
1589
7785
2225
4488
781
2560
1348
1372
484
1110
1097
339
1814
719
814
1370
894
1185
29647
1621
3533
451
1501
695
517
571
345
2065
585
647
508
471
585
2944
897
2097
11339
21848
1872
1036
543
838
499
1225
14404
1932
961
1390
21197
33388
980
1716
1317
854
1817
914
3640
2591
2100
2204
2705
8420
4432
495
426
1508
8282
1401
1932
1419
1400
4028
1499
893
2570
2176
735
940
484
93
298
351
1340
643
141
241
171
415
4046
285
262
4686
220
4567
304
2026
303
258
161
3645
246
410
470
133
422
337
996
312
0
0
0
426
769
152
871
14723
1228
712
1304
308
434
373
438
306
215
136
289
286
541
258
552
1551
673
165
522
569
305
396
814
595
406
1180
345
476
350
382
437
1448
1261
3081
936
632
301
1185
944
6261
2173
2259
949
962
507
1423
2315
1387
1189
1561
891
1294
487
312
283
6265
481
430
363
1520
792
298
552
997
248
1510
2670
436
4650
2071
9546
963
1307
980
682
1082
6577
704
3795
1146
1675
3723
1100
19644
2285
1710
21813
658
2405
656
1828
2996
1910
899
1266
659
6927
1282
925
1937
1460
16056
1111
3439
6676
491
35981
1946
3749
470
3205
1750
15877
3012
933
875
8363
3361
5196
2023
2805
3665
753
1164
1420
10957
5218
3865
888
1281
467
325
165
754
210
343
245
173
383
2004
149
577
243
518
414
301
444
515
526
1270
1463
2134
321
736
2072
247
1187
610
638
605
426
769
152
0
0
0
195
3399
433
1636
375
2150
1023
217
232
2474
321
221
875
614
739
1763
238
268
1021
778
246
458
624
5601
735
625
574
143
289
125
1861
2877
229
1487
874
1099
302
953
962
565
3334
2046
2538
639
480
298
760
1293
4966
802
813
1400
203
653
975
405
500
3306
2358
416
509
670
821
615
1254
583
467
12884
1066
320
517
2567
1101
874
1359
3301
915
2345
646
2275
4949
1565
896
513
871
9002
5551
616
1174
1579
1064
4138
1391
1313
908
1507
3721
508
2488
2134
1746
1570
9806
6721
804
1172
788
2217
4247
13779
992
1316
6348
2299
4128
3550
2707
995
1595
1374
2076
1689
1956
1595
1575
1293
8767
992
1455
21461
1080
6502
917
1247
244
7693
862
308
1707
370
4469
2327
1414
413
410
684
653
622
611
1828
2929
3358
652
204
1907
230
290
897
1149
1328
285
541
871
14723
1228
195
3399
433
0
0
0
38
56
47
61
189
104
799
4207
495
488
278
1356
618
649
3322
202
1990
301
313
846
555
514
273
708
390
616
3189
593
569
991
838
1269
1087
671
1312
1727
1363
1474
466
390
637
1730
640
885
413
19743
1236
477
2936
406
7575
485
1177
3524
758
659
899
2051
468
1210
4075
1040
1390
6805
4102
1875
574
953
19699
24199
1758
926
7371
1940
2611
562
751
2414
636
704
508
803
1120
564
5630
932
2794
3341
2873
9883
788
1490
12859
2322
1232
1573
674
452
676
2958
1906
1990
1370
905
746
863
801
824
1009
26002
2327
755
1717
3399
6990
2369
1637
8474
1189
4310
1600
2094
601
1791
2277
1928
2035
1371
1696
862
868
245
1742
694
409
997
4052
333
300
523
974
1030
11375
1857
1452
308
2040
542
274
285
1018
272
275
354
381
973
1120
297
1840
712
1304
308
1636
375
2150
38
56
47
0
0
0
194
4314
195
502
1408
584
1003
594
1276
1969
366
1202
402
399
599
538
2826
2610
2073
868
592
953
922
417
865
1322
488
893
363
1120
10705
490
962
535
917
1252
925
582
2881
401
876
474
797
1419
835
2084
1090
1981
1082
1188
1502
771
1504
1300
1081
3059
3170
1223
3857
1396
1798
690
1888
526
10195
1301
4333
3038
715
3046
666
2679
670
2187
3107
667
1522
13915
720
805
1309
12389
1043
1600
850
5018
1193
876
1859
572
6823
1082
2818
608
831
6724
2365
7047
2042
2729
1472
2783
2037
3211
977
10852
2258
614
3101
841
6373
1696
2060
1363
1325
2508
1721
2550
2938
1128
1662
3054
3520
1497
9385
1136
1313
326
984
2770
476
446
358
183
273
833
805
2030
309
2914
334
1568
4486
2392
277
1491
943
783
318
983
783
846
163
758
6811
615
434
373
438
1023
217
232
61
189
104
194
4314
195
0
0
0
192
849
452
892
4414
207
230
310
263
3147
302
284
505
1060
1323
1178
14659
348
399
775
2695
1237
4869
601
5687
2428
796
1886
447
518
847
829
569
1738
918
445
367
602
664
1462
797
890
4369
3619
1782
848
368
444
907
1088
3046
8467
16232
821
936
1245
744
1156
2641
9103
1108
1445
1303
3858
1165
1680
5612
824
4490
1095
433
1154
4457
878
1169
3289
1143
2505
640
889
863
1061
1524
991
8204
2621
2741
1525
1581
713
1583
22366
1464
20664
4794
839
1013
1315
649
684
5461
2045
695
3347
2373
1839
2772
1300
1413
1145
2941
2107
1545
10331
704
952
1949
1149
1288
758
1231
758
2036
1203
337
283
285
329
743
364
2154
471
192
146
263
879
14055
526
503
526
669
536
411
1045
983
2434
1523
2088
308
929
398
610
1304
306
215
136
2474
321
221
799
4207
495
502
1408
584
192
849
452
0
0
0
681
142
744
486
470
1949
228
320
196
198
294
212
248
279
216
2488
86
53
193
127
416
1995
456
2550
101
3611
597
329
2172
1348
259
213
166
421
221
617
10051
1434
1853
621
1092
686
1320
517
516
497
362
475
2426
823
694
342
1143
1240
952
560
765
1678
434
562
18662
2734
2477
35534
5629
1574
1497
1570
2493
2580
2135
925
710
1055
776
1724
10345
5447
1617
1163
1154
2381
8378
7247
837
15711
2310
1340
767
3234
1538
4977
3635
3747
615
336
2346
2267
4120
1717
2302
977
2306
5440
1791
733
5218
644
2902
680
1264
1775
919
767
669
14866
1184
1488
4091
2541
811
929
460
485
11232
519
2178
627
1226
440
631
8882
1045
539
1675
751
33588
1487
1440
942
1138
2333
760
1932
321
1777
813
2400
550
526
289
286
541
875
614
739
488
278
1356
1003
594
1276
892
4414
207
681
142
744
0
0
0
43
103
79
147
292
398
599
116
784
379
485
386
845
591
3107
895
265
1791
323
1078
2354
776
1052
734
3879
4609
605
613
245
318
659
360
1337
1794
770
1956
2224
3415
279
3611
697
1594
961
3370
718
910
1214
1160
4521
869
505
2758
642
9179
988
4142
1362
2011
1770
10278
2081
35306
630
1321
900
1690
3546
1452
10785
1413
7178
5479
545
572
2071
366
2690
1707
1091
6526
2486
660
628
2165
1666
5930
798
1173
1086
3659
6043
5249
806
1748
1380
1786
1676
2438
9976
1221
10084
5167
2506
5409
2579
3150
1756
2116
3752
6561
852
1053
1059
4365
3748
1092
1040
1847
796
383
761
5272
1696
1226
551
2230
1287
358
909
397
1145
685
2839
1032
677
10061
784
1019
1256
2385
1226
3042
740
972
447
4628
2098
258
552
1551
1763
238
268
618
649
3322
1969
366
1202
230
310
263
486
470
1949
43
103
79
0
0
0
48
315
89
61
724
763
1284
386
160
520
340
1117
192
313
649
156
590
507
572
511
1656
604
634
1530
816
557
3496
403
264
521
1595
472
7717
597
682
2409
1792
1104
1699
599
467
763
2424
22078
1112
2616
1476
2064
335
838
1703
10674
424
633
974
15932
2212
1470
1981
813
660
2957
1026
4102
3239
1577
1003
1307
10935
462
1005
332
9891
749
8831
1333
1616
675
922
791
1322
728
6527
2580
2505
10350
886
1253
1672
586
997
607
15665
2134
7832
3356
13706
2524
3089
1244
712
824
1167
1881
4822
2039
3681
2595
17951
2816
2113
1406
906
2786
1063
1276
2459
892
489
384
3552
245
503
667
855
764
284
452
424
11913
1481
451
1005
4351
507
913
642
527
845
1134
803
14202
799
573
673
165
522
1021
778
246
202
1990
301
402
399
599
3147
302
284
228
320
196
147
292
398
48
315
89
0
0
0
258
126
248
1813
1092
296
188
475
701
568
151
1447
207
429
940
1455
440
633
1224
4997
341
404
523
605
788
483
599
693
1344
4552
665
919
1608
315
1250
564
699
702
468
791
878
2079
2504
1063
1445
667
2689
2558
1366
1033
3076
3071
832
1907
1517
2317
3449
1497
542
1136
2518
1017
2246
4117
1325
2495
2225
1092
1221
1312
994
563
1469
1086
647
3981
915
786
2525
986
829
1883
6303
4472
766
3747
637
5271
1498
637
1983
2358
3971
3220
2651
953
1636
2257
14062
2401
2666
21635
7668
1263
2007
2578
13975
3596
2118
1554
913
869
3508
561
2075
508
489
2125
866
431
296
332
260
242
404
805
1397
2007
384
829
4032
519
571
961
908
867
1843
12494
642
637
1136
569
305
396
458
624
5601
313
846
555
538
2826
2610
505
1060
1323
198
294
212
599
116
784
61
724
763
258
126
248
0
0
0
1691
322
283
905
717
2138
1169
230
793
2382
502
476
922
328
593
1657
4524
1201
869
689
398
1194
15716
1099
1773
1232
6075
843
2333
1615
1044
1908
5066
560
1715
706
2129
494
552
5515
1352
629
1303
1337
448
593
712
1010
2148
2761
1141
2822
2491
5280
3983
2675
655
1758
1557
6176
4894
1868
1850
3635
993
10653
604
898
913
12142
1020
1389
1300
641
722
715
773
2299
2037
627
1286
948
1256
1246
28615
1034
2236
902
900
2096
1732
690
5065
9198
7275
2021
3600
959
3188
2204
27198
2152
3357
2905
2984
1780
1881
668
1095
583
376
306
2181
1210
648
582
731
331
5271
4134
513
3341
1010
1685
4608
397
2148
2857
1457
1826
1791
7357
3181
896
1186
878
1098
620
814
595
406
735
625
574
514
273
708
2073
868
592
1178
14659
348
248
279
216
379
485
386
1284
386
160
1813
1092
296
1691
322
283
0
0
0
312
153
1804
180
1202
299
204
124
375
464
224
412
5783
554
9205
333
158
592
121
306
258
1248
1434
324
472
462
163
6881
482
7420
1615
4023
3955
1874
1440
1790
1057
885
4017
1156
663
2148
1235
461
2498
1357
3088
4262
2208
3061
2649
5185
1021
13021
1911
682
1584
3251
3873
1197
875
965
627
22074
2143
366
1768
945
31375
736
1033
429
1175
1201
1999
1099
3298
6611
674
468
904
3475
565
1867
9527
1826
1913
23610
715
1985
3524
3458
1538
1041
1315
2260
1329
3723
2489
1501
2679
14016
7524
1156
11865
217
4979
273
2082
375
404
926
330
407
102
204
613
3728
451
1393
1564
507
328
5046
826
971
1076
273
473
1383
745
683
2689
831
586
1180
345
476
143
289
125
390
616
3189
953
922
417
399
775
2695
2488
86
53
845
591
3107
520
340
1117
188
475
701
905
717
2138
312
153
1804
0
0
0
103
320
507
1963
196
444
1057
199
658
499
450
777
2049
270
1172
159
2825
242
187
246
1583
362
416
4176
825
456
557
892
451
275
271
298
754
542
641
891
704
2471
1704
543
1543
488
5406
2045
5951
3437
1314
2416
4420
2192
3105
909
890
434
3129
665
2927
1812
618
1301
1109
903
6156
768
3146
739
1012
1090
320
7568
5984
1008
2210
2343
6809
475
945
598
1352
4546
1272
804
1261
1414
4377
11091
3740
2828
1919
1300
536
9577
2112
19266
15949
985
5836
611
1909
1371
1982
1371
315
234
465
519
1734
213
264
1293
222
2722
349
625
5332
372
244
2226
432
884
1172
604
8448
2707
553
654
387
24617
4540
3321
1235
735
350
382
437
1861
2877
229
593
569
991
865
1322
488
1237
4869
601
193
127
416
895
265
1791
192
313
649
568
151
1447
1169
230
793
180
1202
299
103
320
507
0
0
0
331
127
384
7273
598
119
256
399
244
192
126
207
150
140
807
607
11057
1202
604
572
1029
552
186
649
534
8891
428
399
5641
1018
27433
1156
1248
363
985
3374
2066
4915
1606
2032
3026
2594
2251
29993
7588
2605
1514
2209
895
2407
15052
1892
10486
2634
638
1456
351
922
2226
670
10903
1121
2587
5422
805
5760
4215
1027
292
1096
1325
2084
6847
302
1481
1155
2602
2569
11843
1049
3710
12498
1470
6200
1218
33479
1013
2130
2869
898
2910
2978
1624
6401
2180
2002
1294
3093
5177
235
314
3860
445
2815
521
1522
2854
520
673
3172
606
1394
1799
1153
1023
4919
4007
1053
521
788
660
1349
2013
3557
1279
2037
843
6070
694
1448
1261
3081
1487
874
1099
838
1269
1087
893
363
1120
5687
2428
796
1995
456
2550
323
1078
2354
156
590
507
207
429
940
2382
502
476
204
124
375
1963
196
444
331
127
384
0
0
0
469
372
470
2376
295
241
2473
571
192
2059
6080
424
909
1234
1969
2217
467
558
1817
382
380
583
1590
2513
340
4732
4979
1845
7050
606
873
1429
1736
833
11056
2470
3159
2638
2141
1442
5829
1659
1049
6475
4404
3239
421
2112
1799
32923
2370
6777
588
398
719
4163
1912
4944
1092
1551
652
217
561
928
1670
6590
1453
711
1114
521
620
452
3553
352
1887
1122
1039
1388
2189
645
1415
2426
7124
2160
1058
5247
15376
998
1341
2721
2343
3619
29174
5774
1445
1437
4896
315
551
918
4362
334
1164
987
124
80
50
365
422
1097
256
408
1346
950
480
2104
395
807
19111
799
7386
735
627
858
1886
729
936
632
301
302
953
962
671
1312
1727
10705
490
962
1886
447
518
101
3611
597
776
1052
734
572
511
1656
1455
440
633
922
328
593
464
224
412
1057
199
658
7273
598
119
469
372
470
0
0
0
505
252
304
108
175
207
85
30
31
135
276
1688
519
354
171
141
8233
1250
172
118
152
768
450
822
1143
916
271
1245
974
1255
1363
1335
580
1352
2924
1511
748
4579
1262
1572
826
939
2780
952
2669
1608
8642
11316
4358
687
960
2164
4315
676
5160
1326
836
1029
1014
1924
646
1694
1238
1525
873
1476
1234
3185
3292
7953
7604
1247
1138
840
1065
4486
2639
3229
490
3250
1460
1858
2137
2630
727
901
3548
1229
1779
1610
13258
1096
682
520
830
1754
768
979
1027
201
785
438
286
370
249
6600
273
762
1601
843
1219
472
469
440
1183
877
1260
430
1070
1098
3203
818
894
1185
944
6261
565
3334
2046
1363
1474
466
535
917
1252
847
829
569
329
2172
1348
3879
4609
605
604
634
1530
1224
4997
341
1657
4524
1201
5783
554
9205
499
450
777
256
399
244
2376
295
241
505
252
304
0
0
0
59
171
143
395
246
1177
3477
132
285
324
324
225
12053
449
3573
308
205
483
560
1207
641
5945
15886
474
207
839
627
628
5340
10128
1790
2333
5850
3508
1477
1216
2261
753
1247
1178
17743
653
3125
1793
20386
1184
902
3881
1666
4085
3651
7106
4143
10982
418
2834
10530
3097
597
1204
1812
993
704
1645
4400
737
1478
1089
703
2351
1306
242
3107
2826
2416
1093
2731
1111
2315
899
1825
2313
2799
1164
993
1941
1819
16542
2455
16244
931
244
391
271
134
418
427
239
296
568
335
203
988
3101
347
1737
426
1669
458
324
525
891
1849
1270
6029
4926
999
364
3015
650
2173
2259
949
2538
639
480
390
637
1730
925
582
2881
1738
918
445
259
213
166
613
245
318
816
557
3496
404
523
605
869
689
398
333
158
592
2049
270
1172
192
126
207
2473
571
192
108
175
207
59
171
143
0
0
0
190
143
117
848
486
3298
3278
3082
272
359
659
818
539
148
150
436
535
734
426
428
509
4025
196
5190
2067
272
753
1011
1779
8345
2332
19124
889
2129
2240
1960
3132
4690
1953
9496
1532
1351
526
1801
1001
854
924
639
1357
719
1025
718
823
9796
548
2396
1632
628
1215
1103
1475
2436
1928
4820
710
2051
459
2171
2213
2123
2029
2140
2654
931
6188
17442
2408
868
838
8861
992
2314
1070
4257
6072
2956
7203
348
2709
198
453
233
737
182
172
2334
40
121
233
532
127
551
595
1825
331
389
805
686
836
569
1663
19452
403
5191
2813
563
907
962
507
1423
298
760
1293
640
885
413
401
876
474
367
602
664
421
221
617
659
360
1337
403
264
521
788
483
599
1194
15716
1099
121
306
258
159
2825
242
150
140
807
2059
6080
424
85
30
31
395
246
1177
190
143
117
0
0
0
298
185
439
399
605
155
1545
160
429
97
272
68
441
426
1694
2892
4982
1214
2460
10992
562
3698
452
1870
8059
3741
1557
1001
793
1029
7763
880
2574
1008
1175
790
801
1109
1718
911
1530
759
377
1792
660
2291
834
2376
1797
3921
1539
8307
898
1410
2791
1265
1441
2644
1795
842
1673
1840
1399
5074
1843
843
2898
6161
2260
2218
5716
30076
6943
936
23075
8396
7989
5227
1376
1395
4676
11262
1077
1226
1542
2006
802
861
719
311
1409
381
391
923
761
1208
575
1417
405
1107
422
1156
755
514
432
1370
488
2674
4030
672
1118
2021
1166
978
2315
1387
1189
4966
802
813
19743
1236
477
797
1419
835
1462
797
890
10051
1434
1853
1794
770
1956
1595
472
7717
693
1344
4552
1773
1232
6075
1248
1434
324
187
246
1583
607
11057
1202
909
1234
1969
135
276
1688
3477
132
285
848
486
3298
298
185
439
0
0
0
504
2536
957
100
160
248
275
410
233
259
551
533
487
769
1164
202
194
1220
446
856
452
4709
3000
4542
4693
3546
2526
708
1808
12113
717
3629
882
2055
883
1120
4214
510
673
1915
32713
2685
4990
25392
946
42857
1054
22860
1835
2680
6480
20662
1209
3543
3140
1981
1274
3494
1031
3993
7256
516
1378
2098
3996
2680
721
928
4066
461
1351
1479
5293
665
2053
2225
7595
1351
4406
3102
7254
248
289
334
176
583
77
272
151
322
171
1047
101
554
2317
2793
738
294
544
718
1047
137
573
1510
1682
1259
447
793
986
1789
712
1561
891
1294
1400
203
653
2936
406
7575
2084
1090
1981
4369
3619
1782
621
1092
686
2224
3415
279
597
682
2409
665
919
1608
843
2333
1615
472
462
163
362
416
4176
604
572
1029
2217
467
558
519
354
171
324
324
225
3278
3082
272
399
605
155
504
2536
957
0
0
0
232
168
285
222
30
70
7340
580
354
894
429
416
616
219
148
263
168
275
2528
874
1695
3072
2284
984
1085
7117
799
1019
8975
4164
1753
560
399
4947
1686
394
1799
13604
1454
1258
5040
3499
10295
2129
1167
2479
1330
1970
781
1630
720
2494
719
974
2285
2170
821
2638
591
781
1250
1483
1071
1585
1045
665
1032
6391
1827
1801
31670
1341
4683
11550
1428
3218
3368
5126
273
248
6973
862
861
159
369
4914
747
254
174
440
275
1210
402
621
1520
1529
1326
1056
683
511
2103
2700
2410
1474
1053
1589
7785
2225
487
312
283
975
405
500
485
1177
3524
1082
1188
1502
848
368
444
1320
517
516
3611
697
1594
1792
1104
1699
315
1250
564
1044
1908
5066
6881
482
7420
825
456
557
552
186
649
1817
382
380
141
8233
1250
12053
449
3573
359
659
818
1545
160
429
100
160
248
232
168
285
0
0
0
423
340
202
564
1302
352
455
368
418
2566
323
426
17814
1360
626
3393
7199
5091
1101
13012
1824
7549
1745
1400
2302
1345
2229
1501
1799
2242
3422
996
1424
529
1220
1140
8970
5705
2194
936
1755
790
9143
1710
1246
1410
6209
8308
2370
2510
1484
936
669
2464
898
352
1055
1365
6526
7127
1555
577
1081
608
1620
880
726
671
732
7109
2444
2215
3224
1279
25381
434
550
1045
526
109
97
385
312
269
90
174
384
155
619
1283
648
3040
835
333
1397
1244
1999
6883
871
1790
3306
905
4488
781
2560
6265
481
430
3306
2358
416
758
659
899
771
1504
1300
907
1088
3046
497
362
475
961
3370
718
599
467
763
699
702
468
560
1715
706
1615
4023
3955
892
451
275
534
8891
428
583
1590
2513
172
118
152
308
205
483
539
148
150
97
272
68
275
410
233
222
30
70
423
340
202
0
0
0
240
3490
2703
637
4491
622
939
842
196
389
1000
940
13957
5792
2831
638
2099
1347
1302
900
8432
3424
6838
1417
1017
3778
522
1995
1693
24865
674
2401
1847
1246
685
2359
720
3171
2594
6581
1315
1882
1350
54963
1877
1699
3190
2945
1423
919
496
611
948
788
1272
1330
2404
4124
372
3864
1473
1638
634
1169
1846
1105
1572
1750
2044
2842
1306
1457
290
456
334
125
184
1492
535
1049
440
6875
209
899
178
420
569
1227
531
214
194
315
180
9907
381
451
956
504
7476
1348
1372
484
363
1520
792
509
670
821
2051
468
1210
1081
3059
3170
8467
16232
821
2426
823
694
910
1214
1160
2424
22078
1112
791
878
2079
2129
494
552
1874
1440
1790
271
298
754
399
5641
1018
340
4732
4979
768
450
822
560
1207
641
436
535
734
441
426
1694
259
551
533
7340
580
354
564
1302
352
240
3490
2703
0
0
0
136
275
612
147
454
625
36
550
326
1855
525
1787
2316
2041
4635
1359
798
533
1078
1010
957
544
16036
1234
6065
5012
830
1512
1348
54025
1806
2091
985
1530
846
1510
4765
1169
5960
2795
2536
1376
2532
12903
14757
2033
4458
956
3049
689
406
778
945
796
232
1087
303
3254
1687
1192
1022
568
1281
1147
1418
2612
2708
1341
3571
369
301
124
485
1656
373
704
631
2609
711
1351
820
409
395
195
1394
874
931
344
170
7150
11913
486
742
3309
988
695
1110
1097
339
298
552
997
615
1254
583
4075
1040
1390
1223
3857
1396
936
1245
744
342
1143
1240
4521
869
505
2616
1476
2064
2504
1063
1445
5515
1352
629
1057
885
4017
542
641
891
27433
1156
1248
1845
7050
606
1143
916
271
5945
15886
474
426
428
509
2892
4982
1214
487
769
1164
894
429
416
455
368
418
637
4491
622
136
275
612
0
0
0
95
674
259
124
41
453
3677
1130
1717
22619
2425
1128
815
424
795
1696
1638
1831
2201
13233
1590
1319
7155
2128
1310
18066
2142
8948
15167
3213
671
1003
11561
43907
3490
2503
1671
6914
5022
2890
29939
8819
1898
1229
1517
2096
13019
2063
4375
1451
630
1516
704
320
1263
1578
7872
13034
1288
1015
963
5506
2695
5383
879
1511
828
921
509
2181
587
291
702
585
571
2749
149
549
707
481
388
433
3246
390
586
1565
197
721
10705
1139
3407
386
1126
1814
719
814
248
1510
2670
467
12884
1066
6805
4102
1875
1798
690
1888
1156
2641
9103
952
560
765
2758
642
9179
335
838
1703
667
2689
2558
1303
1337
448
1156
663
2148
704
2471
1704
363
985
3374
873
1429
1736
1245
974
1255
207
839
627
4025
196
5190
2460
10992
562
202
194
1220
616
219
148
2566
323
426
939
842
196
147
454
625
95
674
259
0
0
0
131
156
175
591
1284
36179
1957
1205
1699
5338
3676
1515
1345
897
5247
445
675
1925
1589
820
2985
2042
3477
1092
4320
965
1330
1023
867
1208
3855
2841
656
3223
1167
2758
2705
836
17005
2097
3697
4443
14349
865
961
1182
681
964
461
445
2316
1663
763
768
506
13293
466
2541
842
2842
4729
20602
1237
462
1452
1873
2393
261
1953
302
819
1213
1199
1066
585
954
732
406
336
472
378
493
786
454
1944
1158
2007
1540
2016
659
1370
894
1185
436
4650
2071
320
517
2567
574
953
19699
526
10195
1301
1108
1445
1303
1678
434
562
988
4142
1362
10674
424
633
1366
1033
3076
593
712
1010
1235
461
2498
543
1543
488
2066
4915
1606
833
11056
2470
1363
1335
580
628
5340
10128
2067
272
753
3698
452
1870
446
856
452
263
168
275
17814
1360
626
389
1000
940
36
550
326
124
41
453
131
156
175
0
0
0
1635
4026
12917
995
1947
1086
3055
1028
2916
639
10897
1005
11178
1047
802
23638
2342
1513
5918
5560
1225
2197
3992
1564
24673
1358
2040
1237
2585
1207
5557
4263
2962
2427
1993
1116
5925
1573
2993
904
2414
1206
1406
4711
1145
359
487
515
1161
1214
510
651
3050
925
403
285
9167
3417
2992
1315
732
1484
515
2160
6652
1022
1091
1864
1889
1911
1319
32862
523
923
1194
1317
13617
933
1122
2954
20559
10321
2434
1264
5421
412
640
29647
1621
3533
9546
963
1307
1101
874
1359
24199
1758
926
4333
3038
715
3858
1165
1680
18662
2734
2477
2011
1770
10278
974
15932
2212
3071
832
1907
2148
2761
1141
1357
3088
4262
5406
2045
5951
2032
3026
2594
3159
2638
2141
1352
2924
1511
1790
2333
5850
1011
1779
8345
8059
3741
1557
4709
3000
4542
2528
874
1695
3393
7199
5091
13957
5792
2831
1855
525
1787
3677
1130
1717
591
1284
36179
1635
4026
12917
0
0
0
487
676
7521
2077
1756
2698
776
908
873
332
3556
2686
1968
2424
1676
3669
4383
1764
10541
1707
10380
1177
13854
1829
798
1427
2603
3162
2505
2207
2929
3889
1811
2160
1919
2025
6717
3565
1527
69
1151
78
503
596
12357
1289
1993
9328
755
218
1351
515
23927
4775
6357
1861
1883
715
1562
3019
1155
1276
778
940
1333
520
1069
654
6163
1039
817
1281
1077
2034
2362
1478
584
1550
1332
632
1709
896
697
2017
451
1501
695
980
682
1082
3301
915
2345
7371
1940
2611
3046
666
2679
5612
824
4490
35534
5629
1574
2081
35306
630
1470
1981
813
1517
2317
3449
2822
2491
5280
2208
3061
2649
3437
1314
2416
2251
29993
7588
1442
5829
1659
748
4579
1262
3508
1477
1216
2332
19124
889
1001
793
1029
4693
3546
2526
3072
2284
984
1101
13012
1824
638
2099
1347
2316
2041
4635
22619
2425
1128
1957
1205
1699
995
1947
1086
487
676
7521
0
0
0
1458
2509
597
427
1060
425
4401
184
4453
23275
3568
2347
1688
1643
2589
15443
8605
1345
1773
928
19705
1341
3846
5033
1718
2804
13525
1676
2824
1442
4099
9977
1533
10353
5554
16848
236
13577
1353
1690
2144
415
8708
4877
2782
1335
509
1674
1747
921
964
910
1127
979
642
907
2413
1576
2497
783
2021
3074
590
1061
921
1464
1458
1982
633
560
642
520
5874
2218
6729
355
415
8883
511
1660
702
517
571
345
6577
704
3795
646
2275
4949
562
751
2414
670
2187
3107
1095
433
1154
1497
1570
2493
1321
900
1690
660
2957
1026
1497
542
1136
3983
2675
655
5185
1021
13021
4420
2192
3105
2605
1514
2209
1049
6475
4404
1572
826
939
2261
753
1247
2129
2240
1960
7763
880
2574
708
1808
12113
1085
7117
799
7549
1745
1400
1302
900
8432
1359
798
533
815
424
795
5338
3676
1515
3055
1028
2916
2077
1756
2698
1458
2509
597
0
0
0
263
274
196
8391
528
621
997
2100
2661
746
2186
4580
944
2515
1414
1132
1291
1601
2115
2153
874
2684
2371
16865
4086
2312
1064
4731
54412
3427
3774
1511
1940
2538
2039
554
832
2008
1436
18947
1092
3717
2652
1397
1809
1325
8240
1729
2320
1097
4918
1456
3677
1325
1316
2734
3003
860
1608
812
555
9074
20471
2937
4059
3077
699
1071
881
2639
4833
388
496
782
2140
771
1214
522
2065
585
647
1146
1675
3723
1565
896
513
636
704
508
667
1522
13915
4457
878
1169
2580
2135
925
3546
1452
10785
4102
3239
1577
2518
1017
2246
1758
1557
6176
1911
682
1584
909
890
434
895
2407
15052
3239
421
2112
2780
952
2669
1178
17743
653
3132
4690
1953
1008
1175
790
717
3629
882
1019
8975
4164
2302
1345
2229
3424
6838
1417
1078
1010
957
1696
1638
1831
1345
897
5247
639
10897
1005
776
908
873
427
1060
425
263
274
196
0
0
0
512
1234
284
2027
3043
1414
3959
9683
5254
1786
597
514
8197
1912
2897
6180
1974
5570
4098
2179
5989
2197
5462
2307
6380
5612
2651
4328
2085
5584
2220
1873
2657
11833
2180
1570
5742
4160
1806
4617
5870
2050
3530
2490
1419
992
503
4695
2463
831
512
823
1389
1263
875
943
2283
30680
1717
3210
16288
1094
2320
531
310
272
1422
784
846
4060
907
1002
383
312
2511
508
471
585
1100
19644
2285
871
9002
5551
803
1120
564
720
805
1309
3289
1143
2505
710
1055
776
1413
7178
5479
1003
1307
10935
4117
1325
2495
4894
1868
1850
3251
3873
1197
3129
665
2927
1892
10486
2634
1799
32923
2370
1608
8642
11316
3125
1793
20386
9496
1532
1351
801
1109
1718
2055
883
1120
1753
560
399
1501
1799
2242
1017
3778
522
544
16036
1234
2201
13233
1590
445
675
1925
11178
1047
802
332
3556
2686
4401
184
4453
8391
528
621
512
1234
284
0
0
0
2647
13359
5646
7165
1311
3944
978
498
3937
11699
896
2029
7330
2650
2258
2052
10850
3169
1400
2464
1789
1510
1954
7292
2376
1235
3451
529
3024
495
1169
645
5443
2769
1293
2833
436
2940
345
1291
877
1317
3313
955
2482
1713
1032
1413
10761
1316
1123
961
1056
1817
1594
1723
698
950
3446
3585
1763
1982
3396
3196
730
4536
1145
1423
19813
875
3820
2304
2944
897
2097
1710
21813
658
616
1174
1579
5630
932
2794
12389
1043
1600
640
889
863
1724
10345
5447
545
572
2071
462
1005
332
2225
1092
1221
3635
993
10653
875
965
627
1812
618
1301
638
1456
351
6777
588
398
4358
687
960
1184
902
3881
526
1801
1001
911
1530
759
4214
510
673
4947
1686
394
3422
996
1424
1995
1693
24865
6065
5012
830
1319
7155
2128
1589
820
2985
23638
2342
1513
1968
2424
1676
23275
3568
2347
997
2100
2661
2027
3043
1414
2647
13359
5646
0
0
0
429
164
256
33861
3411
1891
126
506
528
1130
1141
898
298
1763
502
237
234
933
422
1239
1589
3679
879
1976
4273
2431
4595
9801
1610
2389
3851
1440
5327
2625
2846
1153
1114
2917
22414
12178
2862
2178
3421
1291
12977
916
1354
3559
541
725
747
10798
1381
631
1839
1517
761
669
2067
2594
1694
1133
1554
1493
1578
1772
2496
1572
1924
11339
21848
1872
2405
656
1828
1064
4138
1391
3341
2873
9883
850
5018
1193
1061
1524
991
1617
1163
1154
366
2690
1707
9891
749
8831
1312
994
563
604
898
913
22074
2143
366
1109
903
6156
922
2226
670
719
4163
1912
2164
4315
676
1666
4085
3651
854
924
639
377
1792
660
1915
32713
2685
1799
13604
1454
529
1220
1140
674
2401
1847
1512
1348
54025
1310
18066
2142
2042
3477
1092
5918
5560
1225
3669
4383
1764
1688
1643
2589
746
2186
4580
3959
9683
5254
7165
1311
3944
429
164
256
0
0
0
4225
3116
3459
172
111
660
1086
1095
2133
1156
369
423
472
137
146
718
530
768
2405
3838
5755
1463
68447
5796
2167
4397
6300
14717
25678
15073
3681
3167
2006
11078
3476
822
2178
4559
6236
8906
11227
2051
988
601
1382
6151
9527
38193
64048
2117
8235
2087
2363
1740
27079
2610
29541
1640
1842
718
1626
2441
659
3913
849
6666
1036
543
838
2996
1910
899
1313
908
1507
788
1490
12859
876
1859
572
8204
2621
2741
2381
8378
7247
1091
6526
2486
1333
1616
675
1469
1086
647
12142
1020
1389
1768
945
31375
768
3146
739
10903
1121
2587
4944
1092
1551
5160
1326
836
7106
4143
10982
1357
719
1025
2291
834
2376
4990
25392
946
1258
5040
3499
8970
5705
2194
1246
685
2359
1806
2091
985
8948
15167
3213
4320
965
1330
2197
3992
1564
10541
1707
10380
15443
8605
1345
944
2515
1414
1786
597
514
978
498
3937
33861
3411
1891
4225
3116
3459
0
0
0
16055
3711
2226
1233
717
4920
3108
4338
1511
2107
2376
1433
2872
8376
4608
17288
7522
8080
4005
2176
1862
5254
3060
3396
3304
2899
1848
4052
1572
2794
4925
2112
2788
351
1531
738
1125
331
1541
836
561
5213
2240
1614
912
5472
713
1149
4030
397
5089
1162
18170
17516
767
1385
1989
824
1320
2668
5927
3205
1185
499
1225
14404
1266
659
6927
3721
508
2488
2322
1232
1573
6823
1082
2818
1525
1581
713
837
15711
2310
660
628
2165
922
791
1322
3981
915
786
1300
641
722
736
1033
429
1012
1090
320
5422
805
5760
652
217
561
1029
1014
1924
418
2834
10530
718
823
9796
1797
3921
1539
42857
1054
22860
10295
2129
1167
936
1755
790
720
3171
2594
1530
846
1510
671
1003
11561
1023
867
1208
24673
1358
2040
1177
13854
1829
1773
928
19705
1132
1291
1601
8197
1912
2897
11699
896
2029
126
506
528
172
111
660
16055
3711
2226
0
0
0
1311
688
845
470
408
284
583
79
1197
511
538
2818
608
3497
2800
4622
2147
13181
2277
3596
5209
3578
1552
3927
21350
4499
2498
2344
8908
1757
11930
3117
29713
753
746
494
1160
1222
6087
1641
7642
932
716
22289
1339
739
2707
4415
31079
7031
1927
14545
980
8363
9290
3721
1167
2307
4195
828
1932
961
1390
1282
925
1937
2134
1746
1570
674
452
676
608
831
6724
1583
22366
1464
1340
767
3234
1666
5930
798
728
6527
2580
2525
986
829
715
773
2299
1175
1201
1999
7568
5984
1008
4215
1027
292
928
1670
6590
646
1694
1238
3097
597
1204
548
2396
1632
8307
898
1410
1835
2680
6480
2479
1330
1970
9143
1710
1246
6581
1315
1882
4765
1169
5960
43907
3490
2503
3855
2841
656
1237
2585
1207
798
1427
2603
1341
3846
5033
2115
2153
874
6180
1974
5570
7330
2650
2258
1130
1141
898
1086
1095
2133
1233
717
4920
1311
688
845
0
0
0
1054
586
12910
624
1880
2289
2397
3672
4208
6639
2660
6454
3264
5056
2912
2425
1081
19782
9314
5879
3629
6290
2973
2871
3725
3205
12789
1554
5861
589
1157
1288
1148
7998
1345
1510
1132
2342
7895
785
1555
523
8955
632
21301
1275
1714
991
2126
865
4107
4018
1096
3931
2848
2703
6229
21197
33388
980
1460
16056
1111
9806
6721
804
2958
1906
1990
2365
7047
2042
20664
4794
839
1538
4977
3635
1173
1086
3659
2505
10350
886
1883
6303
4472
2037
627
1286
1099
3298
6611
2210
2343
6809
1096
1325
2084
1453
711
1114
1525
873
1476
1812
993
704
628
1215
1103
2791
1265
1441
20662
1209
3543
781
1630
720
1410
6209
8308
1350
54963
1877
2795
2536
1376
1671
6914
5022
3223
1167
2758
5557
4263
2962
3162
2505
2207
1718
2804
13525
2684
2371
16865
4098
2179
5989
2052
10850
3169
298
1763
502
1156
369
423
3108
4338
1511
470
408
284
1054
586
12910
0
0
0
1350
4936
496
118
131
193
1050
1876
1166
2396
1542
3689
1918
1460
1683
4347
1841
7128
2095
4018
1915
7007
2157
1693
7310
18916
1933
1742
1720
1051
623
1808
1057
621
1619
863
2153
818
815
1819
1708
947
594
7943
2803
5722
6626
1010
16962
1471
3476
7481
36913
6568
1716
1317
854
3439
6676
491
1172
788
2217
1370
905
746
2729
1472
2783
1013
1315
649
3747
615
336
6043
5249
806
1253
1672
586
766
3747
637
948
1256
1246
674
468
904
475
945
598
6847
302
1481
521
620
452
1234
3185
3292
1645
4400
737
1475
2436
1928
2644
1795
842
3140
1981
1274
2494
719
974
2370
2510
1484
1699
3190
2945
2532
12903
14757
2890
29939
8819
2705
836
17005
2427
1993
1116
2929
3889
1811
1676
2824
1442
4086
2312
1064
2197
5462
2307
1400
2464
1789
237
234
933
472
137
146
2107
2376
1433
583
79
1197
624
1880
2289
1350
4936
496
0
0
0
367
583
317
670
1283
2901
4250
1291
10888
4933
2516
5395
2171
1322
15718
1175
3010
29289
2404
2624
5221
1901
1972
3912
3898
808
1091
3901
39599
1662
1289
7524
1258
2517
2412
3210
7632
2176
1262
1518
1369
1871
888
8856
2657
2213
4965
4166
557
1687
3047
1817
914
3640
35981
1946
3749
4247
13779
992
863
801
824
2037
3211
977
684
5461
2045
2346
2267
4120
1748
1380
1786
997
607
15665
5271
1498
637
28615
1034
2236
3475
565
1867
1352
4546
1272
1155
2602
2569
3553
352
1887
7953
7604
1247
1478
1089
703
4820
710
2051
1673
1840
1399
3494
1031
3993
2285
2170
821
936
669
2464
1423
919
496
2033
4458
956
1898
1229
1517
2097
3697
4443
5925
1573
2993
2160
1919
2025
4099
9977
1533
4731
54412
3427
6380
5612
2651
1510
1954
7292
422
1239
1589
718
530
768
2872
8376
4608
511
538
2818
2397
3672
4208
118
131
193
367
583
317
0
0
0
14305
7040
833
6991
10997
2766
3406
2119
5755
1473
38513
758
63715
5700
7076
3127
7089
4647
11264
717
2282
896
869
2356
1679
971
875
785
2852
817
4104
3076
399
3377
1409
703
1518
7587
1313
2401
5305
1302
12293
2673
1054
3643
3538
24201
2591
2100
2204
470
3205
1750
1316
6348
2299
1009
26002
2327
10852
2258
614
695
3347
2373
1717
2302
977
1676
2438
9976
2134
7832
3356
1983
2358
3971
902
900
2096
9527
1826
1913
804
1261
1414
11843
1049
3710
1122
1039
1388
1138
840
1065
2351
1306
242
459
2171
2213
5074
1843
843
7256
516
1378
2638
591
781
898
352
1055
611
948
788
3049
689
406
2096
13019
2063
14349
865
961
904
2414
1206
6717
3565
1527
10353
5554
16848
3774
1511
1940
4328
2085
5584
2376
1235
3451
3679
879
1976
2405
3838
5755
17288
7522
8080
608
3497
2800
6639
2660
6454
1050
1876
1166
670
1283
2901
14305
7040
833
0
0
0
2082
9970
4326
2261
602
2130
344
632
928
1631
22445
1312
619
1074
1042
1631
1398
1482
951
21220
2947
2536
651
987
3061
2264
1133
21397
1609
2081
6237
1499
1256
1304
884
4914
2268
2158
4817
960
1459
1010
889
1112
1183
2705
8420
4432
15877
3012
933
4128
3550
2707
755
1717
3399
3101
841
6373
1839
2772
1300
2306
5440
1791
1221
10084
5167
13706
2524
3089
3220
2651
953
1732
690
5065
23610
715
1985
4377
11091
3740
12498
1470
6200
2189
645
1415
4486
2639
3229
3107
2826
2416
2123
2029
2140
2898
6161
2260
2098
3996
2680
1250
1483
1071
1365
6526
7127
1272
1330
2404
778
945
796
4375
1451
630
1182
681
964
1406
4711
1145
69
1151
78
236
13577
1353
2538
2039
554
2220
1873
2657
529
3024
495
4273
2431
4595
1463
68447
5796
4005
2176
1862
4622
2147
13181
3264
5056
2912
2396
1542
3689
4250
1291
10888
6991
10997
2766
2082
9970
4326
0
0
0
2081
1057
522
1473
7568
2857
1502
281
535
5692
4945
855
1914
3679
2297
742
1616
763
788
2041
611
1023
5746
3718
2919
776
940
2544
1365
421
570
353
571
2578
2623
681
892
791
2871
398
953
737
495
426
1508
875
8363
3361
995
1595
1374
6990
2369
1637
1696
2060
1363
1413
1145
2941
733
5218
644
2506
5409
2579
1244
712
824
1636
2257
14062
9198
7275
2021
3524
3458
1538
2828
1919
1300
1218
33479
1013
2426
7124
2160
490
3250
1460
1093
2731
1111
2654
931
6188
2218
5716
30076
721
928
4066
1585
1045
665
1555
577
1081
4124
372
3864
232
1087
303
1516
704
320
461
445
2316
359
487
515
503
596
12357
1690
2144
415
832
2008
1436
11833
2180
1570
1169
645
5443
9801
1610
2389
2167
4397
6300
5254
3060
3396
2277
3596
5209
2425
1081
19782
1918
1460
1683
4933
2516
5395
3406
2119
5755
2261
602
2130
2081
1057
522
0
0
0
1380
2014
864
447
423
547
269
713
1086
1744
2953
2888
2155
741
1220
5666
1017
513
7451
8673
3180
2043
800
678
1214
2241
3572
2604
1889
739
363
523
1508
1416
5750
17161
1042
2718
3878
8282
1401
1932
5196
2023
2805
2076
1689
1956
8474
1189
4310
1325
2508
1721
2107
1545
10331
2902
680
1264
3150
1756
2116
1167
1881
4822
2401
2666
21635
3600
959
3188
1041
1315
2260
536
9577
2112
2130
2869
898
1058
5247
15376
1858
2137
2630
2315
899
1825
17442
2408
868
6943
936
23075
461
1351
1479
1032
6391
1827
608
1620
880
1473
1638
634
3254
1687
1192
1263
1578
7872
1663
763
768
1161
1214
510
1289
1993
9328
8708
4877
2782
18947
1092
3717
5742
4160
1806
2769
1293
2833
3851
1440
5327
14717
25678
15073
3304
2899
1848
3578
1552
3927
9314
5879
3629
4347
1841
7128
2171
1322
15718
1473
38513
758
344
632
928
1473
7568
2857
1380
2014
864
0
0
0
2341
1103
529
1264
4499
1213
4596
4992
10815
1125
1307
981
859
1319
764
4630
2164
5015
7829
18029
8971
1199
734
1412
1093
2036
2948
1584
500
35677
2044
491
4897
6363
2384
1427
1419
1400
4028
3665
753
1164
1595
1575
1293
1600
2094
601
2550
2938
1128
704
952
1949
1775
919
767
3752
6561
852
2039
3681
2595
7668
1263
2007
2204
27198
2152
1329
3723
2489
19266
15949
985
2910
2978
1624
998
1341
2721
727
901
3548
2313
2799
1164
838
8861
992
8396
7989
5227
5293
665
2053
1801
31670
1341
726
671
732
1169
1846
1105
1022
568
1281
13034
1288
1015
506
13293
466
651
3050
925
755
218
1351
1335
509
1674
2652
1397
1809
4617
5870
2050
436
2940
345
2625
2846
1153
3681
3167
2006
4052
1572
2794
21350
4499
2498
6290
2973
2871
2095
4018
1915
1175
3010
29289
63715
5700
7076
1631
22445
1312
1502
281
535
447
423
547
2341
1103
529
0
0
0
556
1811
2024
1212
16070
4922
1015
4774
1028
2460
10368
1120
1685
717
2956
2617
1578
24079
1100
6100
746
1570
24154
396
5754
1492
984
1852
2216
710
1321
733
1158
1499
893
2570
1420
10957
5218
8767
992
1455
1791
2277
1928
1662
3054
3520
1149
1288
758
669
14866
1184
1053
1059
4365
17951
2816
2113
2578
13975
3596
3357
2905
2984
1501
2679
14016
5836
611
1909
6401
2180
2002
2343
3619
29174
1229
1779
1610
993
1941
1819
2314
1070
4257
1376
1395
4676
2225
7595
1351
4683
11550
1428
7109
2444
2215
1572
1750
2044
1147
1418
2612
963
5506
2695
2541
842
2842
403
285
9167
515
23927
4775
1747
921
964
1325
8240
1729
3530
2490
1419
1291
877
1317
1114
2917
22414
11078
3476
822
4925
2112
2788
2344
8908
1757
3725
3205
12789
7007
2157
1693
2404
2624
5221
3127
7089
4647
619
1074
1042
5692
4945
855
269
713
1086
1264
4499
1213
556
1811
2024
0
0
0
15156
2211
7569
1621
16248
704
964
2738
1297
1195
4713
8396
1882
3221
58301
1212
5734
2348
4081
44151
4264
864
2419
3970
1895
3404
580
9933
949
478
2176
735
940
3865
888
1281
21461
1080
6502
2035
1371
1696
1497
9385
1136
1231
758
2036
1488
4091
2541
3748
1092
1040
1406
906
2786
2118
1554
913
1780
1881
668
7524
1156
11865
1371
1982
1371
1294
3093
5177
5774
1445
1437
13258
1096
682
16542
2455
16244
6072
2956
7203
11262
1077
1226
4406
3102
7254
3218
3368
5126
3224
1279
25381
2842
1306
1457
2708
1341
3571
5383
879
1511
4729
20602
1237
3417
2992
1315
6357
1861
1883
910
1127
979
2320
1097
4918
992
503
4695
3313
955
2482
12178
2862
2178
2178
4559
6236
351
1531
738
11930
3117
29713
1554
5861
589
7310
18916
1933
1901
1972
3912
11264
717
2282
1631
1398
1482
1914
3679
2297
1744
2953
2888
4596
4992
10815
1212
16070
4922
15156
2211
7569
0
0
0
