C_ijk
0
0
0
35
73
90
235
705
126
148
86
131
888
298
2240
974
325
222
272
206
1762
1644
984
342
1552
328
466
504
362
365
108
635
148
494
321
108
2906
599
490
244
410
9858
468
809
247
237
1507
818
492
540
1083
482
8229
820
3098
1042
407
2324
505
2188
4413
2167
1990
211
499
1431
326
834
309
743
441
627
155
170
206
368
261
160
310
8169
361
300
244
316
282
646
541
887
338
140
275
329
705
167
207
830
1676
171
381
376
7075
659
1897
186
2263
573
1807
895
1095
1084
3171
1525
1238
9805
1107
5628
977
6447
2236
693
24032
1375
5745
3593
1134
2807
1550
673
949
1171
1243
1198
569
591
714
1007
2399
2961
719
1206
1146
1646
1692
1123
1418
746
1334
878
6708
508
3394
1049
3074
944
787
2470
823
2171
1459
7446
1906
1872
1401
670
1122
2159
1516
1462
35
73
90
0
0
0
205
60
57
227
105
209
122
732
368
315
2882
844
5007
57
359
591
764
1200
307
276
1724
1013
451
1539
155
234
196
595
313
486
6187
855
6285
1640
7750
688
2935
3147
309
177
188
1888
1651
1413
779
638
536
1732
778
391
465
1446
3127
631
560
1020
355
841
596
162
3753
406
692
412
963
2317
235
405
351
377
750
934
470
359
189
300
160
165
4279
1425
731
145
125
190
400
1342
606
699
92
696
295
434
230
536
496
1341
3937
542
1536
401
263
197
1015
25102
1169
2676
4895
1775
693
407
573
922
8564
1381
1063
708
577
1435
874
1212
3251
915
838
2086
579
505
2478
2294
5336
5729
1736
3155
8263
1638
8703
5124
1186
613
820
3386
3734
9004
1182
1375
36706
1359
1125
751
473
3188
646
791
1599
857
908
1567
1105
778
13639
22865
1861
1377
235
705
126
205
60
57
0
0
0
66
60
47
711
462
496
233
546
2075
509
452
317
352
392
611
749
367
1605
412
303
2353
95
379
196
376
1745
231
4965
451
444
386
701
1011
848
334
3312
292
343
359
392
313
935
1786
2485
642
1238
2400
2411
664
838
566
961
136
3385
279
602
167
420
173
289
1242
453
442
594
158
266
372
280
4173
484
1300
404
861
1582
155
1051
696
527
175
91
271
294
3419
338
249
127
186
245
431
1816
354
6275
1011
2571
277
288
2295
784
1004
824
804
720
3087
2433
1705
1267
1550
1035
1068
3004
404
2814
3206
604
3975
2408
1122
2215
1145
804
9328
848
3205
806
3975
2929
1605
623
924
1290
3156
2133
2231
5346
2520
1372
1335
10834
6128
459
2462
1660
1913
15901
735
505
1125
1309
2853
1497
8854
1030
1548
1635
1012
4038
8136
2165
3010
148
86
131
227
105
209
66
60
47
0
0
0
250
226
508
706
1156
3092
545
1471
333
746
865
258
1162
1615
853
1428
2173
558
716
2318
589
448
383
917
471
1326
870
710
548
1636
493
340
412
1114
333
960
1202
744
3267
751
370
1822
2118
737
458
540
360
243
580
526
1343
204
156
127
210
1863
1461
302
989
449
67
210
148
210
5588
164
122
132
117
200
87
407
268
1930
3603
75
370
385
578
739
916
219
215
88
557
722
257
770
674
702
524
956
2592
456
589
1085
10238
710
45573
1058
26427
2331
1452
2022
1967
1244
2305
4120
2120
1501
478
2210
1558
5052
1378
481
613
23054
1405
1026
1488
923
1213
1046
1237
1728
9469
1010
751
906
3686
503
2581
858
1463
1261
781
531
2503
5820
1897
758
3381
1266
1062
661
30984
1657
1016
2340
8867
1664
2098
2092
762
1447
888
298
2240
122
732
368
711
462
496
250
226
508
0
0
0
289
220
352
46
177
50
264
11248
688
4765
825
348
440
162
269
144
137
1821
542
741
906
414
362
438
255
543
510
741
1115
1379
410
515
964
1451
794
4915
347
1768
413
751
425
569
1212
3122
574
5166
466
747
385
210
367
426
425
1943
708
450
772
177
172
293
1969
1293
981
921
2925
1423
1170
472
174
4822
794
723
209
1002
205
466
970
1116
1194
1549
819
439
134
183
304
255
103
566
3785
407
5489
291
1020
1215
1340
2363
1471
3699
1161
1093
585
1218
410
552
935
291
950
552
693
1195
2748
39564
1892
3913
1000
2287
3322
2103
4127
2181
2551
2915
9395
927
968
5107
1493
8532
1266
2314
1203
1340
562
3201
3188
3553
3359
1011
469
20485
934
470
933
1971
2143
1012
3896
1920
1234
1744
24810
1765
1926
974
325
222
315
2882
844
233
546
2075
706
1156
3092
289
220
352
0
0
0
140
191
503
548
1504
390
2173
380
246
339
1497
223
758
438
209
357
724
1828
746
975
1418
396
3712
868
1149
243
1722
270
932
341
625
376
406
806
413
355
972
1879
9002
455
706
1142
527
2220
1230
994
374
2373
1635
726
785
1637
1243
1137
434
4153
976
727
904
936
1084
1255
1741
813
313
2730
1680
1031
436
1374
415
724
9564
2758
518
2431
1469
265
233
620
290
345
3220
399
525
374
318
1302
340
231
794
2285
1404
563
938
2130
675
450
1233
2267
1117
2996
753
1034
2398
1129
2108
20756
1134
1411
1085
5877
1961
3657
1913
8480
862
5696
5633
1757
2452
2339
2228
1202
1062
2925
3071
831
2275
5093
2098
10413
2721
2318
6604
1256
3537
6495
1369
2062
1329
8719
1120
1547
1849
2031
514
19123
821
5234
272
206
1762
5007
57
359
509
452
317
545
1471
333
46
177
50
140
191
503
0
0
0
15679
514
1082
2347
344
872
290
264
238
168
467
93
346
176
284
337
1517
574
185
188
830
9455
589
403
569
400
410
833
2188
12622
2691
386
4422
591
464
1147
2278
1694
799
1124
1484
5720
387
1180
1375
274
808
896
617
1036
1005
572
503
241
407
880
597
2910
1273
1037
516
435
1433
405
373
485
745
482
1767
458
538
2070
336
624
1338
205
534
1733
256
280
469
730
829
726
218
1319
1426
734
1320
10908
1078
870
971
3717
1609
1038
3439
2699
1245
926
984
1444
1560
17237
2491
728
1208
1492
2875
1295
1404
894
1870
873
9203
3511
1530
1682
1821
533
13872
614
1128
1987
1217
5175
3525
2784
2246
399
2626
14402
739
428
462
3657
2241
592
2402
2786
746
501
387
1579
6154
4967
1506
1644
984
342
591
764
1200
352
392
611
746
865
258
264
11248
688
548
1504
390
15679
514
1082
0
0
0
59
142
38
29
16
23
1195
315
605
353
505
5413
380
307
1489
437
416
423
2610
587
199
536
478
1054
1504
3497
1050
351
1853
799
2409
1907
886
863
244
1300
1442
792
2864
2302
304
2089
2496
3393
1248
398
300
1140
1137
854
296
1061
3248
791
381
1776
382
338
774
6500
510
3103
607
15341
4521
2254
1008
819
692
1020
720
971
456
4497
335
4140
2237
1765
1759
1302
707
582
2121
807
1359
948
4024
2438
334
1760
1015
488
562
460
290
1016
1707
433
620
1710
649
1550
936
766
968
1939
511
892
826
3199
1063
17239
4886
7004
1106
883
1209
1531
1191
906
957
10015
33865
1283
3144
1701
694
1650
10417
1158
918
896
1224
1600
1309
437
1301
1693
567
748
1473
858
1983
640
1552
328
466
307
276
1724
749
367
1605
1162
1615
853
4765
825
348
2173
380
246
2347
344
872
59
142
38
0
0
0
88
87
81
11640
356
715
200
524
346
1389
616
11118
2464
1108
585
814
456
262
1497
334
611
924
11851
23738
880
2955
580
412
447
1569
2592
1357
1628
3137
903
3645
997
1218
1155
1946
1716
1020
11102
1154
494
512
885
1999
3197
1421
1277
1624
6358
709
3698
1710
946
10377
998
1668
244
1188
3618
10054
683
4736
1340
1265
10597
2192
358
960
361
379
1913
520
602
766
432
5330
539
845
12534
1201
970
426
672
221
931
404
926
272
608
2242
789
1907
2276
1366
2438
733
5272
558
3185
551
1074
3356
6413
2023
788
1110
2264
9639
4227
967
2572
1692
1446
1539
1202
1920
1855
2791
4637
3111
1821
6457
2475
1516
724
49840
1055
1319
5866
680
1543
43008
2222
17797
657
1693
2755
504
362
365
1013
451
1539
412
303
2353
1428
2173
558
440
162
269
339
1497
223
290
264
238
29
16
23
88
87
81
0
0
0
453
914
655
662
309
5380
2743
295
547
275
208
1070
125
3360
576
1443
1173
2011
496
2394
667
413
570
1232
2206
1824
2196
2125
493
758
782
1053
630
539
1166
593
576
9116
3161
1585
709
1566
1029
2358
915
884
5056
1241
2480
10429
4134
1228
712
6203
868
419
383
724
2723
1432
4058
2027
1350
520
969
379
2337
739
865
2446
290
696
365
524
3131
1690
303
523
1356
554
5810
21549
422
3739
1115
805
117
247
235
243
540
486
844
672
2895
6900
1244
4456
1206
4386
2543
604
988
4533
987
1601
905
318
1525
1393
3503
1013
810
815
41460
5782
7264
3443
14404
995
4421
1532
3947
1455
3904
1589
746
1406
770
1287
2617
841
1390
1601
1563
6498
5507
2066
108
635
148
155
234
196
95
379
196
716
2318
589
144
137
1821
758
438
209
168
467
93
1195
315
605
11640
356
715
453
914
655
0
0
0
145
441
226
640
575
191
269
193
268
232
259
290
543
143
152
806
418
766
169
614
798
414
828
1242
384
2387
566
522
410
540
217
491
323
1719
995
346
2875
912
444
232
340
667
411
1236
466
350
398
594
338
186
408
538
363
454
7905
422
377
961
471
1025
3081
759
664
349
537
1174
1374
2887
970
442
280
532
388
1270
1123
784
757
996
1705
2189
628
2303
1661
1141
2281
663
426
469
3485
6652
4037
6085
605
6603
1139
8905
5111
846
2918
822
10738
1256
2969
916
1815
1729
895
1954
5060
23631
2144
2265
7748
2631
4107
2769
960
4626
1140
1562
1649
484
2321
1130
997
1920
3314
966
1856
590
953
2753
712
968
729
494
321
108
595
313
486
376
1745
231
448
383
917
542
741
906
357
724
1828
346
176
284
353
505
5413
200
524
346
662
309
5380
145
441
226
0
0
0
1184
482
334
219
497
587
123
701
998
1053
419
1139
1694
354
379
505
488
291
209
558
184
1117
226
451
513
1048
755
285
560
424
545
563
460
853
858
1088
380
1564
2624
1907
1094
814
4488
432
350
559
206
345
4421
1055
913
3511
140
4104
678
408
468
653
828
5037
241
591
270
406
1614
310
663
1449
552
780
371
992
1199
1491
12531
436
2411
900
9359
855
1632
601
508
825
1149
555
2317
11793
5144
2970
780
2510
2991
2669
6164
1072
2708
1811
483
6190
3515
6188
995
1207
6879
2047
4081
1996
1755
2032
1363
1655
3346
1561
803
2026
1133
729
1018
1075
1764
2010
944
1588
603
1110
950
43660
16637
1157
3282
689
2906
599
490
6187
855
6285
4965
451
444
471
1326
870
414
362
438
746
975
1418
337
1517
574
380
307
1489
1389
616
11118
2743
295
547
640
575
191
1184
482
334
0
0
0
63
50
49
139
72
61
460
1681
547
809
5603
313
778
216
686
715
224
697
200
1472
294
1324
426
271
194
2339
4346
252
1633
869
9615
595
3070
1059
654
382
728
1751
629
1619
401
438
253
3407
428
5435
1469
310
1243
3547
1684
2846
523
631
887
660
898
10442
701
881
1557
838
448
993
1459
1823
787
5315
902
2478
966
14939
1301
1214
29256
17171
2384
577
1039
1064
632
1149
2476
687
2236
15449
1790
788
3614
622
281
764
812
2881
1042
1713
688
930
1089
9272
809
977
2814
1142
7452
1273
16175
2446
1533
614
1321
1839
4537
7638
852
634
4854
4510
2321
1363
2607
1551
1992
1936
6183
7330
625
1084
970
244
410
9858
1640
7750
688
386
701
1011
710
548
1636
255
543
510
396
3712
868
185
188
830
437
416
423
2464
1108
585
275
208
1070
269
193
268
219
497
587
63
50
49
0
0
0
193
104
409
415
416
342
191
205
4055
470
1005
591
166
290
242
395
217
200
560
638
544
530
539
598
393
570
1628
7705
628
816
2471
1864
936
571
432
1072
542
489
1778
475
1130
5963
1362
794
1777
998
11144
1065
1178
4315
8132
941
274
1223
5239
1548
959
566
1572
875
1485
1124
966
525
1516
1178
973
1698
1128
12420
2262
18384
339
873
3096
852
1605
621
882
9974
15561
4548
4764
972
612
754
872
487
2469
570
412
906
11807
2650
474
720
1821
892
23391
605
1398
1193
4496
2310
3239
1231
13145
2214
1802
8694
623
959
1056
671
4251
3742
3304
3871
593
662
872
1067
961
1357
1257
945
468
809
247
2935
3147
309
848
334
3312
493
340
412
741
1115
1379
1149
243
1722
9455
589
403
2610
587
199
814
456
262
125
3360
576
232
259
290
123
701
998
139
72
61
193
104
409
0
0
0
476
266
199
1585
451
6903
728
405
275
333
922
348
206
4245
2497
12070
1426
332
2094
228
1345
688
209
399
5664
4661
576
848
1544
1549
1047
748
1115
576
1208
665
2488
1135
3974
1073
1426
802
1212
930
1284
462
643
742
4897
923
498
1800
4013
13498
5495
722
5368
642
1502
2711
246
6243
683
8033
1549
1473
508
5498
1015
572
741
468
2169
591
431
5176
1525
910
17037
1676
1403
707
1078
1788
934
1018
923
519
1717
1887
474
600
1797
6320
7876
3990
5697
22695
706
2413
28194
1013
1882
1680
735
4816
1140
1946
1886
3894
1712
3611
927
2068
1822
774
2331
1024
1970
961
2027
896
330
237
1507
818
177
188
1888
292
343
359
1114
333
960
410
515
964
270
932
341
569
400
410
536
478
1054
1497
334
611
1443
1173
2011
543
143
152
1053
419
1139
460
1681
547
415
416
342
476
266
199
0
0
0
304
923
545
1228
307
1349
364
662
249
1807
68
703
733
433
732
183
371
224
414
148
875
1257
390
125
709
588
2019
205
374
1118
1432
494
376
247
191
193
4147
540
3162
443
627
652
477
3640
265
1432
1053
9291
264
479
653
456
545
461
428
346
682
943
608
2895
1663
2564
3481
1317
3915
554
1319
1383
3310
1224
550
823
1055
5514
643
1320
976
731
10009
595
3320
2121
1081
5627
369
933
1847
8085
12338
1659
2149
1330
6799
1287
393
270
2071
939
580
800
2308
1852
2257
1116
1907
1552
2330
542
2347
1248
825
1985
997
568
744
1117
528
691
4381
2122
492
540
1083
1651
1413
779
392
313
935
1202
744
3267
1451
794
4915
625
376
406
833
2188
12622
1504
3497
1050
924
11851
23738
496
2394
667
806
418
766
1694
354
379
809
5603
313
191
205
4055
1585
451
6903
304
923
545
0
0
0
91
32
75
708
325
95
354
210
130
219
364
461
245
435
273
864
625
209
147
514
1754
2277
234
861
720
560
1383
525
4048
1832
319
20844
3695
3471
18425
1763
565
1332
1862
470
2891
16058
430
586
1079
1054
1743
404
3453
19453
1448
1910
4773
2843
5518
1180
2430
6416
1095
2702
1740
1971
1734
2058
1282
6835
1372
786
1808
1221
4207
694
518
437
618
211
946
976
30070
616
4396
1734
442
3056
976
632
935
412
4706
733
875
1021
351
1499
594
511
353
703
1542
729
1891
3655
1174
3489
817
3167
1088
3938
1049
1019
980
6666
2049
3183
4702
1635
2406
482
8229
820
638
536
1732
1786
2485
642
751
370
1822
347
1768
413
806
413
355
2691
386
4422
351
1853
799
880
2955
580
413
570
1232
169
614
798
505
488
291
778
216
686
470
1005
591
728
405
275
1228
307
1349
91
32
75
0
0
0
400
53
53
83
166
89
152
181
1569
795
455
590
438
256
767
1183
583
237
2809
328
307
749
1126
520
266
653
196
1766
203
1164
2484
4755
3165
1263
619
871
3594
2926
6105
8327
1631
1850
1250
2235
1554
1053
5410
645
814
936
3411
3105
773
782
1259
1177
28877
1389
3951
1482
1417
8260
1773
1168
1343
898
12249
598
1093
728
1173
584
487
925
299
1448
3493
4028
287
537
7346
616
625
805
814
982
1538
7457
3154
429
1237
3259
25185
2371
19324
4166
621
2104
3377
4836
2377
2077
1339
1559
5367
2734
5051
1517
2591
3758
2691
1708
715
1098
3098
1042
407
778
391
465
1238
2400
2411
2118
737
458
751
425
569
972
1879
9002
591
464
1147
2409
1907
886
412
447
1569
2206
1824
2196
414
828
1242
209
558
184
715
224
697
166
290
242
333
922
348
364
662
249
708
325
95
400
53
53
0
0
0
69
120
52
418
885
416
580
321
194
841
107
1974
1515
467
208
315
235
6056
984
353
600
794
717
354
1863
557
1366
2823
1640
742
786
2370
782
827
2689
17517
471
5347
580
777
796
813
2951
6075
501
418
1227
558
765
278
2224
1790
4178
2040
23911
1207
17898
678
917
1013
3986
683
1175
2080
580
12823
972
1685
451
552
273
495
1528
536
4911
520
630
331
9281
711
4033
42032
484
309
1007
538
719
10417
11982
1282
1503
2225
809
880
2098
2585
2201
1807
23492
2186
822
1353
4989
2772
1935
935
1654
1595
1110
1290
1246
2324
505
2188
1446
3127
631
664
838
566
540
360
243
1212
3122
574
455
706
1142
2278
1694
799
863
244
1300
2592
1357
1628
2125
493
758
384
2387
566
1117
226
451
200
1472
294
395
217
200
206
4245
2497
1807
68
703
354
210
130
83
166
89
69
120
52
0
0
0
411
9428
388
575
752
800
524
5358
219
1307
3740
1623
2581
542
742
803
395
627
329
1334
1045
994
19340
375
888
774
2592
897
753
1996
1353
371
609
315
553
673
515
815
865
2040
936
392
567
528
624
663
936
582
3492
4706
1067
5619
1979
854
1333
819
610
1480
2501
2617
1405
1800
3187
3284
459
637
684
948
1022
2490
9622
644
799
2341
526
3486
299
972
11769
1699
1168
1698
1075
451
4669
1857
1480
25229
13933
1277
616
10762
1174
1276
1210
1348
2251
2651
5362
12015
8430
9234
1638
2378
2251
1233
817
2183
4413
2167
1990
560
1020
355
961
136
3385
580
526
1343
5166
466
747
527
2220
1230
1124
1484
5720
1442
792
2864
3137
903
3645
782
1053
630
522
410
540
513
1048
755
1324
426
271
560
638
544
12070
1426
332
733
433
732
219
364
461
152
181
1569
418
885
416
411
9428
388
0
0
0
189
762
350
112
117
173
3861
233
198
276
940
1425
235
140
2938
302
263
206
253
260
388
485
534
1055
806
436
370
320
1037
435
320
947
1357
505
1099
397
609
4486
393
749
618
404
2854
259
817
1045
1559
3671
1045
2726
1882
11942
692
2038
628
722
650
2124
6086
1130
669
489
779
1327
1605
1869
2262
1170
1419
1230
3757
2188
1768
769
3103
603
2004
387
1034
2056
367
2638
1061
3805
388
939
2342
1721
11507
2033
1880
3146
11542
11901
3579
1885
1817
1689
1140
16609
2093
2243
1690
1828
1683
211
499
1431
841
596
162
279
602
167
204
156
127
385
210
367
994
374
2373
387
1180
1375
2302
304
2089
997
1218
1155
539
1166
593
217
491
323
285
560
424
194
2339
4346
530
539
598
2094
228
1345
183
371
224
245
435
273
795
455
590
580
321
194
575
752
800
189
762
350
0
0
0
590
165
43
1009
435
487
144
99
263
129
308
605
224
264
189
464
173
651
1024
498
5755
228
265
318
1064
361
336
1153
678
3665
498
484
358
1562
817
735
376
1405
330
1435
750
1074
10669
809
829
2266
1407
1020
600
1283
420
10765
1963
11032
3340
971
462
571
533
1215
1653
1242
1912
2397
1641
1270
1190
10433
1173
876
592
5397
807
1963
640
1814
469
469
1694
10446
472
1018
461
744
2624
1049
764
1391
845
1260
1097
1149
1944
20808
741
5197
842
3903
846
16002
1861
2223
326
834
309
3753
406
692
420
173
289
210
1863
1461
426
425
1943
1635
726
785
274
808
896
2496
3393
1248
1946
1716
1020
576
9116
3161
1719
995
346
545
563
460
252
1633
869
393
570
1628
688
209
399
414
148
875
864
625
209
438
256
767
841
107
1974
524
5358
219
112
117
173
590
165
43
0
0
0
924
194
1021
522
535
208
827
195
806
601
285
1737
398
495
169
804
552
756
1938
318
556
483
3459
1153
232
351
1517
1974
573
525
871
608
606
920
1114
1139
965
866
844
23369
500
1792
901
1437
1808
5111
893
1063
1051
3437
653
1805
2660
19234
441
892
2157
1087
659
662
6051
39199
874
1231
1416
1886
1133
7003
970
3676
1786
807
495
1971
497
2820
5203
594
634
1377
612
1057
1746
1783
2128
862
9741
982
823
3506
1130
1175
4300
1006
21422
3410
7865
804
1200
743
441
627
412
963
2317
1242
453
442
302
989
449
708
450
772
1637
1243
1137
617
1036
1005
398
300
1140
11102
1154
494
1585
709
1566
2875
912
444
853
858
1088
9615
595
3070
7705
628
816
5664
4661
576
1257
390
125
147
514
1754
1183
583
237
1515
467
208
1307
3740
1623
3861
233
198
1009
435
487
924
194
1021
0
0
0
784
3242
780
670
325
204
440
465
930
673
712
339
576
768
979
221
171
466
535
329
505
346
489
1027
626
859
2030
584
1029
5228
984
1256
11742
1610
900
357
2412
1581
1710
21688
1501
6957
1267
1025
1855
1145
1745
6321
6291
765
2631
1666
736
1474
8929
392
1028
3050
1359
1510
691
1048
405
1708
681
5382
693
541
2405
1449
208
2407
794
4388
1644
542
935
516
10481
1653
1582
14649
1916
665
3581
854
639
4931
5904
11382
3243
1394
1681
812
29547
1766
155
170
206
235
405
351
594
158
266
67
210
148
177
172
293
434
4153
976
572
503
241
1137
854
296
512
885
1999
1029
2358
915
232
340
667
380
1564
2624
1059
654
382
2471
1864
936
848
1544
1549
709
588
2019
2277
234
861
2809
328
307
315
235
6056
2581
542
742
276
940
1425
144
99
263
522
535
208
784
3242
780
0
0
0
253
381
166
124
108
219
24
73
14
411
466
608
258
532
363
353
469
718
296
153
150
314
587
590
599
1706
1126
665
4136
2880
764
371
347
1199
1316
1751
5712
941
618
940
2937
1713
474
573
1447
744
1244
908
9440
1670
3064
698
548
622
19774
812
988
3989
1112
594
3545
1393
1067
1875
1933
7220
1119
3439
2929
804
1018
9545
3695
1786
389
1147
1191
14506
2343
1128
674
769
1511
578
1496
542
8188
17182
2736
637
1582
906
1313
368
261
160
377
750
934
372
280
4173
210
5588
164
1969
1293
981
727
904
936
407
880
597
1061
3248
791
3197
1421
1277
884
5056
1241
411
1236
466
1907
1094
814
728
1751
629
571
432
1072
1047
748
1115
205
374
1118
720
560
1383
749
1126
520
984
353
600
803
395
627
235
140
2938
129
308
605
827
195
806
670
325
204
253
381
166
0
0
0
148
98
217
447
188
810
1182
731
674
127
987
430
503
712
728
2092
388
197
838
699
304
938
4930
673
2097
768
4541
722
259
1007
1584
901
589
1427
1440
2030
1731
1044
1846
1717
894
565
1050
1654
1015
1993
6233
5394
432
2059
1237
2830
1054
2123
511
2137
2352
952
1473
401
1364
785
8970
1239
573
833
8834
871
816
729
12148
265
2519
1517
2557
1326
3611
3691
616
19922
1996
1312
7232
1868
723
659
2476
1938
2118
1343
310
8169
361
470
359
189
484
1300
404
122
132
117
921
2925
1423
1084
1255
1741
2910
1273
1037
381
1776
382
1624
6358
709
2480
10429
4134
350
398
594
4488
432
350
1619
401
438
542
489
1778
576
1208
665
1432
494
376
525
4048
1832
266
653
196
794
717
354
329
1334
1045
302
263
206
224
264
189
601
285
1737
440
465
930
124
108
219
148
98
217
0
0
0
284
645
133
293
2035
804
1421
663
112
928
217
7104
999
547
3993
804
592
265
711
421
239
1230
304
717
744
1772
464
1438
2724
586
10487
4477
782
441
1450
711
12773
1144
747
4430
887
1212
1792
993
1169
875
447
1481
1120
946
6090
2616
7803
2738
1303
772
13746
2636
671
3541
2797
4467
601
954
1227
1190
416
739
597
4674
1799
1293
5695
3485
1370
1677
1207
2973
3057
726
1819
1291
17480
628
15290
1000
34313
300
244
316
300
160
165
861
1582
155
200
87
407
1170
472
174
813
313
2730
516
435
1433
338
774
6500
3698
1710
946
1228
712
6203
338
186
408
559
206
345
253
3407
428
475
1130
5963
2488
1135
3974
247
191
193
319
20844
3695
1766
203
1164
1863
557
1366
994
19340
375
253
260
388
464
173
651
398
495
169
673
712
339
24
73
14
447
188
810
284
645
133
0
0
0
449
5049
459
139
162
66
368
1067
2323
233
98
81
939
454
713
281
6054
515
1612
493
247
584
1007
2756
3948
1180
1789
1737
1112
1324
1763
1953
9302
1333
2475
10645
1282
11606
1873
1096
1607
443
834
854
825
2241
667
4922
546
2160
669
9179
1571
1293
2371
1817
11356
376
1792
1721
5743
1226
849
1918
2297
3613
2174
678
4947
1931
4582
730
1110
706
705
6340
1253
837
3057
2149
1449
2409
909
27408
282
646
541
4279
1425
731
1051
696
527
268
1930
3603
4822
794
723
1680
1031
436
405
373
485
510
3103
607
10377
998
1668
868
419
383
538
363
454
4421
1055
913
5435
1469
310
1362
794
1777
1073
1426
802
4147
540
3162
3471
18425
1763
2484
4755
3165
2823
1640
742
888
774
2592
485
534
1055
1024
498
5755
804
552
756
576
768
979
411
466
608
1182
731
674
293
2035
804
449
5049
459
0
0
0
176
2222
1260
107
62
61
155
151
123
1234
444
606
428
418
294
145
297
2203
635
4924
446
2891
4724
4737
4214
917
2711
922
1328
3078
2427
4649
9841
3764
540
504
12490
1600
603
4701
2318
627
2395
2319
2197
1416
2557
9443
1770
2873
10461
1966
1047
3218
1407
1667
551
2265
7782
1768
514
628
1163
1658
676
2883
690
1557
667
891
939
317
696
877
9233
1207
375
468
2545
1026
1854
887
338
140
145
125
190
175
91
271
75
370
385
209
1002
205
1374
415
724
745
482
1767
15341
4521
2254
244
1188
3618
724
2723
1432
7905
422
377
3511
140
4104
1243
3547
1684
998
11144
1065
1212
930
1284
443
627
652
565
1332
1862
1263
619
871
786
2370
782
897
753
1996
806
436
370
228
265
318
1938
318
556
221
171
466
258
532
363
127
987
430
1421
663
112
139
162
66
176
2222
1260
0
0
0
499
78
324
37
286
27
309
259
311
1323
316
249
732
1553
526
583
241
374
9692
3130
2233
1015
1024
4306
1476
1649
1344
610
965
1208
4803
774
534
1249
1402
884
722
1704
465
1042
2739
27164
1502
562
2535
1584
1050
4251
2914
1341
3888
1842
1332
561
2766
1821
778
977
2044
773
1548
937
4562
691
1098
1297
1961
711
1517
1895
827
824
1891
3251
1015
782
24348
18482
275
329
705
400
1342
606
294
3419
338
578
739
916
466
970
1116
9564
2758
518
458
538
2070
1008
819
692
10054
683
4736
4058
2027
1350
961
471
1025
678
408
468
2846
523
631
1178
4315
8132
462
643
742
477
3640
265
470
2891
16058
3594
2926
6105
827
2689
17517
1353
371
609
320
1037
435
1064
361
336
483
3459
1153
535
329
505
353
469
718
503
712
728
928
217
7104
368
1067
2323
107
62
61
499
78
324
0
0
0
1549
186
311
6569
198
5409
1546
1268
831
1253
336
6552
2626
634
867
16908
634
2087
1128
977
6273
5560
6593
1881
633
759
1027
2164
577
15712
1324
1094
3541
1643
8521
1815
1217
1704
2040
4030
840
642
1395
1136
1330
1100
2376
1876
417
587
493
3642
1476
1265
1903
6297
572
2379
11913
4076
8468
1912
791
1214
1262
384
2220
583
1255
2932
905
586
1437
2788
21555
167
207
830
699
92
696
249
127
186
219
215
88
1194
1549
819
2431
1469
265
336
624
1338
1020
720
971
1340
1265
10597
520
969
379
3081
759
664
653
828
5037
887
660
898
941
274
1223
4897
923
498
1432
1053
9291
430
586
1079
8327
1631
1850
471
5347
580
315
553
673
320
947
1357
1153
678
3665
232
351
1517
346
489
1027
296
153
150
2092
388
197
999
547
3993
233
98
81
155
151
123
37
286
27
1549
186
311
0
0
0
1523
192
8800
1196
323
325
213
153
406
267
373
249
989
1572
1191
6893
1907
2948
1128
1940
555
1462
1105
1326
696
1175
1213
9060
1454
7863
892
569
735
6087
1681
1230
522
1236
657
877
2249
1058
10375
2479
1268
3002
2982
2710
2034
763
29528
2181
428
837
2341
1164
1297
513
372
1996
1085
363
683
3914
616
277
1132
18907
1469
1876
1154
1152
1676
171
381
295
434
230
245
431
1816
557
722
257
439
134
183
233
620
290
205
534
1733
456
4497
335
2192
358
960
2337
739
865
349
537
1174
241
591
270
10442
701
881
5239
1548
959
1800
4013
13498
264
479
653
1054
1743
404
1250
2235
1554
777
796
813
515
815
865
505
1099
397
498
484
358
1974
573
525
626
859
2030
314
587
590
838
699
304
804
592
265
939
454
713
1234
444
606
309
259
311
6569
198
5409
1523
192
8800
0
0
0
71
626
265
140
797
83
72
86
811
783
1522
7613
13879
9252
1705
555
645
1691
562
15528
953
1584
949
725
3035
1031
1003
1398
955
6296
2191
2449
2987
5811
645
741
780
1869
3448
1034
2753
2612
2225
1085
1252
1169
2429
666
834
1450
801
2687
505
960
826
1651
416
2247
403
4213
439
427
2483
769
823
677
617
5562
2455
376
7075
659
536
496
1341
354
6275
1011
770
674
702
304
255
103
345
3220
399
256
280
469
4140
2237
1765
361
379
1913
2446
290
696
1374
2887
970
406
1614
310
1557
838
448
566
1572
875
5495
722
5368
456
545
461
3453
19453
1448
1053
5410
645
2951
6075
501
2040
936
392
609
4486
393
1562
817
735
871
608
606
584
1029
5228
599
1706
1126
938
4930
673
711
421
239
281
6054
515
428
418
294
1323
316
249
1546
1268
831
1196
323
325
71
626
265
0
0
0
2347
226
334
81
260
184
989
2111
1520
1338
1383
1057
355
561
941
6393
3821
1581
580
3224
1254
1916
2137
1519
705
1033
1793
1040
2230
1429
2677
1358
933
1029
1326
1078
1138
2948
1778
9391
5295
994
918
12711
1078
957
427
772
432
3432
605
490
537
163
659
902
858
1246
4330
3687
3666
512
416
2501
4422
11365
1897
186
2263
3937
542
1536
2571
277
288
524
956
2592
566
3785
407
525
374
318
730
829
726
1759
1302
707
520
602
766
365
524
3131
442
280
532
663
1449
552
993
1459
1823
1485
1124
966
642
1502
2711
428
346
682
1910
4773
2843
814
936
3411
418
1227
558
567
528
624
749
618
404
376
1405
330
920
1114
1139
984
1256
11742
665
4136
2880
2097
768
4541
1230
304
717
1612
493
247
145
297
2203
732
1553
526
1253
336
6552
213
153
406
140
797
83
2347
226
334
0
0
0
1468
345
288
2773
2052
1537
1983
1626
1071
649
3497
736
2236
2399
877
738
570
11558
2497
865
1580
746
1110
915
1270
1012
861
1362
1161
3198
594
801
1336
2663
4027
962
6708
2318
7469
1180
3608
2383
3484
4374
654
3300
856
623
574
641
573
823
747
907
2188
3301
981
1653
1123
1053
1237
1068
836
573
1807
895
401
263
197
2295
784
1004
456
589
1085
5489
291
1020
1302
340
231
218
1319
1426
582
2121
807
432
5330
539
1690
303
523
388
1270
1123
780
371
992
787
5315
902
525
1516
1178
246
6243
683
943
608
2895
5518
1180
2430
3105
773
782
765
278
2224
663
936
582
2854
259
817
1435
750
1074
965
866
844
1610
900
357
764
371
347
722
259
1007
744
1772
464
584
1007
2756
635
4924
446
583
241
374
2626
634
867
267
373
249
72
86
811
81
260
184
1468
345
288
0
0
0
4094
414
1499
1021
648
4667
917
1439
689
753
6863
637
3201
365
2479
973
14983
1133
801
1404
1660
1940
2348
971
1200
1007
1074
1515
2265
3650
3490
3188
1379
2349
2235
2599
4830
2469
2700
453
456
6948
906
618
6023
295
181
201
612
9632
1093
523
494
550
630
719
474
2622
3468
34864
1095
1084
3171
1015
25102
1169
824
804
720
10238
710
45573
1215
1340
2363
794
2285
1404
734
1320
10908
1359
948
4024
845
12534
1201
1356
554
5810
784
757
996
1199
1491
12531
2478
966
14939
973
1698
1128
8033
1549
1473
1663
2564
3481
6416
1095
2702
1259
1177
28877
1790
4178
2040
3492
4706
1067
1045
1559
3671
10669
809
829
23369
500
1792
2412
1581
1710
1199
1316
1751
1584
901
589
1438
2724
586
3948
1180
1789
2891
4724
4737
9692
3130
2233
16908
634
2087
989
1572
1191
783
1522
7613
989
2111
1520
2773
2052
1537
4094
414
1499
0
0
0
458
1442
828
1571
972
1165
713
1190
620
1045
1640
582
6483
12710
1430
2050
1484
3164
4194
3892
1088
34446
3134
5635
4703
1831
14409
4713
1706
14109
22419
4063
4312
13368
3655
4003
1172
2650
1103
154
82
137
212
2428
2028
2212
2479
2141
182
513
1296
1402
788
1954
1602
2026
3279
1525
1238
9805
2676
4895
1775
3087
2433
1705
1058
26427
2331
1471
3699
1161
563
938
2130
1078
870
971
2438
334
1760
970
426
672
21549
422
3739
1705
2189
628
436
2411
900
1301
1214
29256
12420
2262
18384
508
5498
1015
1317
3915
554
1740
1971
1734
1389
3951
1482
23911
1207
17898
5619
1979
854
1045
2726
1882
2266
1407
1020
901
1437
1808
21688
1501
6957
5712
941
618
1427
1440
2030
10487
4477
782
1737
1112
1324
4214
917
2711
1015
1024
4306
1128
977
6273
6893
1907
2948
13879
9252
1705
1338
1383
1057
1983
1626
1071
1021
648
4667
458
1442
828
0
0
0
541
1163
253
1515
497
2186
710
180
177
5647
2502
2722
990
3181
2020
1995
2954
1334
1799
2539
4218
1811
6731
1442
1916
14393
1937
4284
1161
4593
957
27801
12346
1965
997
1183
813
580
485
5483
610
2007
3396
901
1203
680
675
444
1026
2219
2667
3803
907
1157
1107
5628
977
693
407
573
1267
1550
1035
1452
2022
1967
1093
585
1218
675
450
1233
3717
1609
1038
1015
488
562
221
931
404
1115
805
117
2303
1661
1141
9359
855
1632
17171
2384
577
339
873
3096
572
741
468
1319
1383
3310
2058
1282
6835
1417
8260
1773
678
917
1013
1333
819
610
11942
692
2038
600
1283
420
5111
893
1063
1267
1025
1855
940
2937
1713
1731
1044
1846
441
1450
711
1763
1953
9302
922
1328
3078
1476
1649
1344
5560
6593
1881
1128
1940
555
555
645
1691
355
561
941
649
3497
736
917
1439
689
1571
972
1165
541
1163
253
0
0
0
118
127
314
530
768
418
1639
1334
22171
3049
688
2813
609
26344
569
1445
2112
895
3697
1081
4482
5317
1913
1757
1122
2255
1296
2042
2558
1091
724
1528
7908
3862
1538
2264
931
8999
763
2122
2008
2068
1862
662
918
1986
1837
2002
6033
5352
948
6447
2236
693
922
8564
1381
1068
3004
404
1244
2305
4120
410
552
935
2267
1117
2996
3439
2699
1245
460
290
1016
926
272
608
247
235
243
2281
663
426
601
508
825
1039
1064
632
852
1605
621
2169
591
431
1224
550
823
1372
786
1808
1168
1343
898
3986
683
1175
1480
2501
2617
628
722
650
10765
1963
11032
1051
3437
653
1145
1745
6321
474
573
1447
1717
894
565
12773
1144
747
1333
2475
10645
2427
4649
9841
610
965
1208
633
759
1027
1462
1105
1326
562
15528
953
6393
3821
1581
2236
2399
877
753
6863
637
713
1190
620
1515
497
2186
118
127
314
0
0
0
691
641
7258
9969
1381
1779
1931
2023
1397
20439
697
956
3756
766
16004
1009
2065
8064
4496
2548
12033
908
58497
2072
4960
3253
2307
8472
2503
1924
542
770
349
2612
1709
648
1587
1675
795
969
1098
1777
539
1388
5022
1623
3179
1040
24032
1375
5745
1063
708
577
2814
3206
604
2120
1501
478
291
950
552
753
1034
2398
926
984
1444
1707
433
620
2242
789
1907
540
486
844
469
3485
6652
1149
555
2317
1149
2476
687
882
9974
15561
5176
1525
910
1055
5514
643
1221
4207
694
12249
598
1093
2080
580
12823
1405
1800
3187
2124
6086
1130
3340
971
462
1805
2660
19234
6291
765
2631
744
1244
908
1050
1654
1015
4430
887
1212
1282
11606
1873
3764
540
504
4803
774
534
2164
577
15712
696
1175
1213
1584
949
725
580
3224
1254
738
570
11558
3201
365
2479
1045
1640
582
710
180
177
530
768
418
691
641
7258
0
0
0
3470
1064
1579
2290
3952
2389
2120
1406
2102
24770
1410
25772
9676
3997
9893
51020
4918
5335
3492
11345
19789
1923
1240
7810
1724
3131
8706
237
610
693
3386
535
2850
1250
3444
4668
419
180
369
1025
849
811
1047
1161
2180
3593
1134
2807
1435
874
1212
3975
2408
1122
2210
1558
5052
693
1195
2748
1129
2108
20756
1560
17237
2491
1710
649
1550
2276
1366
2438
672
2895
6900
4037
6085
605
11793
5144
2970
2236
15449
1790
4548
4764
972
17037
1676
1403
1320
976
731
518
437
618
728
1173
584
972
1685
451
3284
459
637
669
489
779
571
533
1215
441
892
2157
1666
736
1474
9440
1670
3064
1993
6233
5394
1792
993
1169
1096
1607
443
12490
1600
603
1249
1402
884
1324
1094
3541
9060
1454
7863
3035
1031
1003
1916
2137
1519
2497
865
1580
973
14983
1133
6483
12710
1430
5647
2502
2722
1639
1334
22171
9969
1381
1779
3470
1064
1579
0
0
0
92
186
313
1775
20606
7790
679
278
1464
876
485
3310
1417
231
227
167
247
489
1701
322
266
1284
645
14492
1339
1030
986
1695
1118
4017
957
678
18138
1771
3170
5075
6746
3355
1246
2581
2081
1182
1550
673
949
3251
915
838
2215
1145
804
1378
481
613
39564
1892
3913
1134
1411
1085
728
1208
1492
936
766
968
733
5272
558
1244
4456
1206
6603
1139
8905
780
2510
2991
788
3614
622
612
754
872
707
1078
1788
10009
595
3320
211
946
976
487
925
299
552
273
495
684
948
1022
1327
1605
1869
1653
1242
1912
1087
659
662
8929
392
1028
698
548
622
432
2059
1237
875
447
1481
834
854
825
4701
2318
627
722
1704
465
1643
8521
1815
892
569
735
1398
955
6296
705
1033
1793
746
1110
915
801
1404
1660
2050
1484
3164
990
3181
2020
3049
688
2813
1931
2023
1397
2290
3952
2389
92
186
313
0
0
0
1360
1082
1570
153
112
45
1007
765
544
251
672
282
139
49
124
2259
764
698
3206
1781
662
2164
13267
970
1667
731
9845
3200
827
2754
2139
4092
3296
2186
1504
1299
3594
1181
1083
1171
1243
1198
2086
579
505
9328
848
3205
23054
1405
1026
1000
2287
3322
5877
1961
3657
2875
1295
1404
1939
511
892
3185
551
1074
4386
2543
604
5111
846
2918
2669
6164
1072
281
764
812
487
2469
570
934
1018
923
2121
1081
5627
30070
616
4396
1448
3493
4028
1528
536
4911
2490
9622
644
2262
1170
1419
2397
1641
1270
6051
39199
874
3050
1359
1510
19774
812
988
2830
1054
2123
1120
946
6090
2241
667
4922
2395
2319
2197
1042
2739
27164
1217
1704
2040
6087
1681
1230
2191
2449
2987
1040
2230
1429
1270
1012
861
1940
2348
971
4194
3892
1088
1995
2954
1334
609
26344
569
20439
697
956
2120
1406
2102
1775
20606
7790
1360
1082
1570
0
0
0
2965
1721
2389
2927
599
1724
2324
813
41497
865
3149
7601
938
705
13161
3090
36738
1138
1109
13615
1207
4036
2453
2478
1642
1986
3746
1971
1646
3421
2401
877
1862
201
464
326
569
591
714
2478
2294
5336
806
3975
2929
1488
923
1213
2103
4127
2181
1913
8480
862
894
1870
873
826
3199
1063
3356
6413
2023
988
4533
987
822
10738
1256
2708
1811
483
2881
1042
1713
412
906
11807
519
1717
1887
369
933
1847
1734
442
3056
287
537
7346
520
630
331
799
2341
526
1230
3757
2188
1190
10433
1173
1231
1416
1886
691
1048
405
3989
1112
594
511
2137
2352
2616
7803
2738
546
2160
669
1416
2557
9443
1502
562
2535
4030
840
642
522
1236
657
5811
645
741
2677
1358
933
1362
1161
3198
1200
1007
1074
34446
3134
5635
1799
2539
4218
1445
2112
895
3756
766
16004
24770
1410
25772
679
278
1464
153
112
45
2965
1721
2389
0
0
0
1156
6884
11855
298
721
173
1291
122
149
500
602
876
1433
4435
1883
2056
2792
2667
7279
1754
3445
2491
15318
4133
1905
1585
4911
1042
2840
2731
9372
1295
1766
1007
2399
2961
5729
1736
3155
1605
623
924
1046
1237
1728
2551
2915
9395
5696
5633
1757
9203
3511
1530
17239
4886
7004
788
1110
2264
1601
905
318
2969
916
1815
6190
3515
6188
688
930
1089
2650
474
720
474
600
1797
8085
12338
1659
976
632
935
616
625
805
9281
711
4033
3486
299
972
1768
769
3103
876
592
5397
1133
7003
970
1708
681
5382
3545
1393
1067
952
1473
401
1303
772
13746
9179
1571
1293
1770
2873
10461
1584
1050
4251
1395
1136
1330
877
2249
1058
780
1869
3448
1029
1326
1078
594
801
1336
1515
2265
3650
4703
1831
14409
1811
6731
1442
3697
1081
4482
1009
2065
8064
9676
3997
9893
876
485
3310
1007
765
544
2927
599
1724
1156
6884
11855
0
0
0
2097
869
10556
1366
2151
517
871
6401
1813
1810
8195
2447
7202
2678
3753
7713
5699
2568
3962
8452
3105
37391
2660
4519
1367
5689
44651
1517
1104
823
719
1206
1146
8263
1638
8703
1290
3156
2133
9469
1010
751
927
968
5107
2452
2339
2228
1682
1821
533
1106
883
1209
9639
4227
967
1525
1393
3503
1729
895
1954
995
1207
6879
9272
809
977
1821
892
23391
6320
7876
3990
2149
1330
6799
412
4706
733
814
982
1538
42032
484
309
11769
1699
1168
603
2004
387
807
1963
640
3676
1786
807
693
541
2405
1875
1933
7220
1364
785
8970
2636
671
3541
2371
1817
11356
1966
1047
3218
2914
1341
3888
1100
2376
1876
10375
2479
1268
1034
2753
2612
1138
2948
1778
2663
4027
962
3490
3188
1379
4713
1706
14109
1916
14393
1937
5317
1913
1757
4496
2548
12033
51020
4918
5335
1417
231
227
251
672
282
2324
813
41497
298
721
173
2097
869
10556
0
0
0
214
3454
158
2214
344
97
1297
1276
791
1805
5983
5800
1873
9468
2226
1942
3062
1562
1380
3101
8243
1912
2235
26749
16005
5205
25424
1646
1692
1123
5124
1186
613
2231
5346
2520
906
3686
503
1493
8532
1266
1202
1062
2925
13872
614
1128
1531
1191
906
2572
1692
1446
1013
810
815
5060
23631
2144
2047
4081
1996
2814
1142
7452
605
1398
1193
5697
22695
706
1287
393
270
875
1021
351
7457
3154
429
1007
538
719
1698
1075
451
1034
2056
367
1814
469
469
495
1971
497
1449
208
2407
1119
3439
2929
1239
573
833
2797
4467
601
376
1792
1721
1407
1667
551
1842
1332
561
417
587
493
3002
2982
2710
2225
1085
1252
9391
5295
994
6708
2318
7469
2349
2235
2599
22419
4063
4312
4284
1161
4593
1122
2255
1296
908
58497
2072
3492
11345
19789
167
247
489
139
49
124
865
3149
7601
1291
122
149
1366
2151
517
214
3454
158
0
0
0
607
1079
1343
1614
2196
2600
3005
2182
1929
2550
7457
1484
898
1260
10008
2471
3102
4758
1792
3621
3177
2008
3827
750
1418
746
1334
820
3386
3734
1372
1335
10834
2581
858
1463
2314
1203
1340
3071
831
2275
1987
1217
5175
957
10015
33865
1539
1202
1920
41460
5782
7264
2265
7748
2631
1755
2032
1363
1273
16175
2446
4496
2310
3239
2413
28194
1013
2071
939
580
1499
594
511
1237
3259
25185
10417
11982
1282
4669
1857
1480
2638
1061
3805
1694
10446
472
2820
5203
594
794
4388
1644
804
1018
9545
8834
871
816
954
1227
1190
5743
1226
849
2265
7782
1768
2766
1821
778
3642
1476
1265
2034
763
29528
1169
2429
666
918
12711
1078
1180
3608
2383
4830
2469
2700
13368
3655
4003
957
27801
12346
2042
2558
1091
4960
3253
2307
1923
1240
7810
1701
322
266
2259
764
698
938
705
13161
500
602
876
871
6401
1813
2214
344
97
607
1079
1343
0
0
0
13061
1686
1064
8465
2232
58191
2538
10335
2895
1860
5523
4579
4154
1724
1982
2670
2071
1695
1267
1885
2883
878
6708
508
9004
1182
1375
6128
459
2462
1261
781
531
562
3201
3188
5093
2098
10413
3525
2784
2246
1283
3144
1701
1855
2791
4637
3443
14404
995
4107
2769
960
1655
3346
1561
1533
614
1321
1231
13145
2214
1882
1680
735
800
2308
1852
353
703
1542
2371
19324
4166
1503
2225
809
25229
13933
1277
388
939
2342
1018
461
744
634
1377
612
542
935
516
3695
1786
389
729
12148
265
416
739
597
1918
2297
3613
514
628
1163
977
2044
773
1903
6297
572
2181
428
837
834
1450
801
957
427
772
3484
4374
654
453
456
6948
1172
2650
1103
1965
997
1183
724
1528
7908
8472
2503
1924
1724
3131
8706
1284
645
14492
3206
1781
662
3090
36738
1138
1433
4435
1883
1810
8195
2447
1297
1276
791
1614
2196
2600
13061
1686
1064
0
0
0
1091
946
3544
1154
461
5861
381
401
901
2946
701
2199
9103
610
394
9310
2250
3955
3394
1049
3074
36706
1359
1125
1660
1913
15901
2503
5820
1897
3553
3359
1011
2721
2318
6604
399
2626
14402
694
1650
10417
3111
1821
6457
4421
1532
3947
4626
1140
1562
803
2026
1133
1839
4537
7638
1802
8694
623
4816
1140
1946
2257
1116
1907
729
1891
3655
621
2104
3377
880
2098
2585
616
10762
1174
1721
11507
2033
2624
1049
764
1057
1746
1783
10481
1653
1582
1147
1191
14506
2519
1517
2557
4674
1799
1293
2174
678
4947
1658
676
2883
1548
937
4562
2379
11913
4076
2341
1164
1297
2687
505
960
432
3432
605
3300
856
623
906
618
6023
154
82
137
813
580
485
3862
1538
2264
542
770
349
237
610
693
1339
1030
986
2164
13267
970
1109
13615
1207
2056
2792
2667
7202
2678
3753
1805
5983
5800
3005
2182
1929
8465
2232
58191
1091
946
3544
0
0
0
3204
1377
1497
1838
1079
2901
4277
480
206
1775
719
1177
1383
1379
6797
944
787
2470
751
473
3188
735
505
1125
758
3381
1266
469
20485
934
1256
3537
6495
739
428
462
1158
918
896
2475
1516
724
1455
3904
1589
1649
484
2321
729
1018
1075
852
634
4854
959
1056
671
1886
3894
1712
1552
2330
542
1174
3489
817
4836
2377
2077
2201
1807
23492
1276
1210
1348
1880
3146
11542
1391
845
1260
2128
862
9741
14649
1916
665
2343
1128
674
1326
3611
3691
5695
3485
1370
1931
4582
730
690
1557
667
691
1098
1297
8468
1912
791
513
372
1996
826
1651
416
490
537
163
574
641
573
295
181
201
212
2428
2028
5483
610
2007
931
8999
763
2612
1709
648
3386
535
2850
1695
1118
4017
1667
731
9845
4036
2453
2478
7279
1754
3445
7713
5699
2568
1873
9468
2226
2550
7457
1484
2538
10335
2895
1154
461
5861
3204
1377
1497
0
0
0
888
1219
842
309
2527
990
2039
150
183
8518
2813
4950
823
2171
1459
646
791
1599
1309
2853
1497
1062
661
30984
470
933
1971
1369
2062
1329
3657
2241
592
1224
1600
1309
49840
1055
1319
746
1406
770
1130
997
1920
1764
2010
944
4510
2321
1363
4251
3742
3304
3611
927
2068
2347
1248
825
3167
1088
3938
1339
1559
5367
2186
822
1353
2251
2651
5362
11901
3579
1885
1097
1149
1944
982
823
3506
3581
854
639
769
1511
578
616
19922
1996
1677
1207
2973
1110
706
705
891
939
317
1961
711
1517
1214
1262
384
1085
363
683
2247
403
4213
659
902
858
823
747
907
612
9632
1093
2212
2479
2141
3396
901
1203
2122
2008
2068
1587
1675
795
1250
3444
4668
957
678
18138
3200
827
2754
1642
1986
3746
2491
15318
4133
3962
8452
3105
1942
3062
1562
898
1260
10008
1860
5523
4579
381
401
901
1838
1079
2901
888
1219
842
0
0
0
591
574
1088
549
365
416
2800
28971
7432
7446
1906
1872
857
908
1567
8854
1030
1548
1657
1016
2340
2143
1012
3896
8719
1120
1547
2402
2786
746
437
1301
1693
5866
680
1543
1287
2617
841
3314
966
1856
1588
603
1110
2607
1551
1992
3871
593
662
1822
774
2331
1985
997
568
1049
1019
980
2734
5051
1517
4989
2772
1935
12015
8430
9234
1817
1689
1140
20808
741
5197
1130
1175
4300
4931
5904
11382
1496
542
8188
1312
7232
1868
3057
726
1819
6340
1253
837
696
877
9233
1895
827
824
2220
583
1255
3914
616
277
439
427
2483
1246
4330
3687
2188
3301
981
523
494
550
182
513
1296
680
675
444
1862
662
918
969
1098
1777
419
180
369
1771
3170
5075
2139
4092
3296
1971
1646
3421
1905
1585
4911
37391
2660
4519
1380
3101
8243
2471
3102
4758
4154
1724
1982
2946
701
2199
4277
480
206
309
2527
990
591
574
1088
0
0
0
15108
20689
706
1623
6551
2383
1401
670
1122
1105
778
13639
1635
1012
4038
8867
1664
2098
1920
1234
1744
1849
2031
514
501
387
1579
567
748
1473
43008
2222
17797
1390
1601
1563
590
953
2753
950
43660
16637
1936
6183
7330
872
1067
961
1024
1970
961
744
1117
528
6666
2049
3183
2591
3758
2691
935
1654
1595
1638
2378
2251
16609
2093
2243
842
3903
846
1006
21422
3410
3243
1394
1681
17182
2736
637
723
659
2476
1291
17480
628
3057
2149
1449
1207
375
468
1891
3251
1015
2932
905
586
1132
18907
1469
769
823
677
3666
512
416
1653
1123
1053
630
719
474
1402
788
1954
1026
2219
2667
1986
1837
2002
539
1388
5022
1025
849
811
6746
3355
1246
2186
1504
1299
2401
877
1862
1042
2840
2731
1367
5689
44651
1912
2235
26749
1792
3621
3177
2670
2071
1695
9103
610
394
1775
719
1177
2039
150
183
549
365
416
15108
20689
706
0
0
0
1502
780
18319
2159
1516
1462
22865
1861
1377
8136
2165
3010
2092
762
1447
24810
1765
1926
19123
821
5234
6154
4967
1506
858
1983
640
657
1693
2755
6498
5507
2066
712
968
729
1157
3282
689
625
1084
970
1357
1257
945
2027
896
330
691
4381
2122
4702
1635
2406
1708
715
1098
1110
1290
1246
1233
817
2183
1690
1828
1683
16002
1861
2223
7865
804
1200
812
29547
1766
1582
906
1313
1938
2118
1343
15290
1000
34313
2409
909
27408
2545
1026
1854
782
24348
18482
1437
2788
21555
1876
1154
1152
617
5562
2455
2501
4422
11365
1237
1068
836
2622
3468
34864
1602
2026
3279
3803
907
1157
6033
5352
948
1623
3179
1040
1047
1161
2180
2581
2081
1182
3594
1181
1083
201
464
326
9372
1295
1766
1517
1104
823
16005
5205
25424
2008
3827
750
1267
1885
2883
9310
2250
3955
1383
1379
6797
8518
2813
4950
2800
28971
7432
1623
6551
2383
1502
780
18319
0
0
0
