C_ijk
0
0
0
43
51
49
1283
139
80
386
180
896
1174
374
227
513
346
698
221
149
729
3846
245
251
405
575
567
6627
605
5232
194
139
183
596
1051
284
303
375
1127
299
490
579
389
554
13542
513
228
660
245
2158
1594
1141
317
1049
353
456
266
349
4629
327
7288
678
3601
166
529
1135
759
833
364
500
754
438
513
289
350
1206
3087
280
611
400
603
2969
775
183
3042
2315
650
586
770
7975
4296
1408
551
196
154
207
522
544
2119
1898
1113
4138
939
711
352
570
245
865
1043
1752
887
767
763
1230
1870
1023
1001
1974
1062
1706
1045
5562
1019
13069
1890
2381
1478
798
2134
1221
3491
1570
1847
1816
666
737
2055
4599
2090
4507
6360
2880
973
1734
1440
1085
14393
1060
612
423
36742
2541
10241
590
3288
1545
1754
1658
708
1045
15081
974
1555
939
827
3566
1879
10667
43
51
49
0
0
0
828
57
160
4472
215
106
106
270
627
1662
1398
706
276
222
338
4053
1409
406
313
1290
831
705
586
713
195
191
148
2046
329
669
2745
483
2405
618
328
3871
851
1163
278
1255
4070
374
687
2193
1096
978
756
579
866
2761
2284
4243
1264
608
445
3276
1847
1623
329
430
439
685
1284
686
1676
548
645
2065
124
1654
492
396
483
417
302
352
119
80
218
335
1328
112
393
1270
455
3447
668
107
82
164
903
371
1999
1456
2020
359
254
249
319
694
419
460
554
1733
771
842
867
1806
1242
4125
2319
776
653
898
892
508
5150
3433
1195
962
1043
2887
435
6570
790
522
4366
1753
3393
699
4709
2579
18345
5725
1085
15749
19386
1020
2026
2951
2087
810
2590
1359
1971
7325
1688
524
1469
1531
1566
3031
2427
2702
902
1538
2153
786
4207
1325
8375
17232
1283
139
80
828
57
160
0
0
0
55
40
122
525
272
643
266
385
394
314
197
310
3698
419
380
452
405
773
691
981
752
2655
174
504
564
348
315
413
992
2973
838
2828
444
171
2326
929
256
1885
1120
780
575
482
839
257
330
515
451
1029
177
2148
235
238
251
1385
228
309
336
1937
404
1070
331
2002
716
2571
72
612
311
349
1540
1766
713
169
99
381
242
719
4799
262
260
207
162
507
1104
8231
415
194
1146
561
337
270
12241
412
349
1074
970
327
339
723
799
2427
4732
1198
1530
5843
1042
755
4139
2061
3022
1295
7083
2846
15645
19796
380
2022
926
1592
738
919
4085
14178
1457
1752
434
9349
802
2316
584
2283
1248
1780
4825
1895
647
3050
4191
2075
515
595
631
2026
962
1015
4900
1108
376
970
444
3963
7870
4930
616
1438
30317
1610
3261
7333
1960
386
180
896
4472
215
106
55
40
122
0
0
0
323
831
648
4874
2399
432
697
1273
272
2635
490
604
1418
513
1174
533
628
1747
229
474
331
517
206
321
511
8426
801
2500
881
740
258
1513
745
6422
315
181
5392
2286
2337
732
7808
7659
346
699
348
321
1409
1736
769
470
367
782
124
1096
532
237
300
545
731
2086
100
184
72
551
273
467
873
825
248
117
1036
242
860
863
596
147
378
207
865
196
158
106
103
91
362
300
862
2132
347
470
238
742
1226
1403
716
400
984
1179
1123
10055
3936
2070
868
5535
1742
1134
725
1515
3881
1133
1725
9012
1365
25987
626
2632
2201
11241
1085
2560
608
3644
815
1076
1437
2763
640
3852
2436
3345
881
273
9175
3316
6675
2492
1309
2335
3545
4990
766
680
1026
1461
1128
12920
2827
916
1316
1581
2705
12133
1279
4528
5853
13800
1174
374
227
106
270
627
525
272
643
323
831
648
0
0
0
183
337
573
95
45
49
256
673
1077
268
2495
372
1962
492
1096
500
314
532
4309
860
301
11243
949
2452
650
1489
449
741
867
702
885
433
321
2823
1581
605
2339
494
424
1498
1746
1396
879
2113
1012
8449
241
9238
9281
332
357
3261
2316
1622
364
776
1615
1268
856
616
2900
1543
2225
2045
1857
1405
243
2959
1376
945
1451
325
299
268
583
409
330
937
672
276
669
1601
342
332
428
935
142
138
960
369
315
290
498
1307
1994
1602
969
974
1231
5892
4102
389
713
8560
2822
621
1873
292
659
8728
904
738
4486
1016
1435
3078
2005
1355
3972
2730
1514
1785
2792
2661
2370
1754
9431
10694
6843
13940
2408
16780
891
1949
357
3256
408
11189
292
1295
781
1193
5556
1557
4217
1454
11221
1707
2617
490
5473
933
1351
513
346
698
1662
1398
706
266
385
394
4874
2399
432
183
337
573
0
0
0
474
85
610
416
2005
290
409
236
754
4706
1775
582
1227
1121
377
1971
487
439
1363
460
663
2147
1331
523
898
2330
531
2095
582
569
2989
6210
1424
2259
792
685
1209
3626
593
812
1343
776
343
1862
535
2207
1435
873
1407
5866
2051
3671
1359
6838
366
771
530
393
1492
2331
354
714
1227
352
687
866
1203
843
1382
516
476
815
890
395
5898
704
655
6123
379
295
564
595
329
139
403
383
1190
383
355
401
799
2106
654
1287
10624
5685
573
446
602
1505
432
572
426
2611
600
9500
998
3359
6373
942
3771
18284
37903
907
1373
3095
8268
4057
1249
1366
9063
21590
2947
1653
4305
3702
3418
3183
2777
4305
4285
680
5668
1422
6616
1314
1686
1372
1117
1712
1108
630
1337
707
1080
961
706
1325
2753
3078
221
149
729
276
222
338
314
197
310
697
1273
272
95
45
49
474
85
610
0
0
0
1802
603
1572
393
3162
804
1038
597
7143
1551
517
130
337
725
667
983
3717
2496
762
280
2542
409
598
2258
315
526
1071
411
1064
1952
1788
525
2692
365
8026
2929
845
798
594
396
397
725
683
847
1060
1100
769
1151
794
1410
1264
287
218
519
2277
1589
3655
590
6938
770
248
567
819
289
796
253
3769
1642
2461
1014
674
862
525
680
748
525
130
1123
211
474
959
416
290
194
1045
506
481
1780
498
4088
1396
1336
2923
13912
595
879
3986
1133
880
1908
5153
2174
1028
1102
1234
2162
1506
648
1586
8953
1939
1012
1001
1682
25792
21615
3835
3170
4704
2107
4090
1191
1180
934
1749
789
1707
8391
1139
1123
5804
2394
960
438
805
847
796
1692
5246
6046
4730
1456
1435
1302
1833
14217
4231
3846
245
251
4053
1409
406
3698
419
380
2635
490
604
256
673
1077
416
2005
290
1802
603
1572
0
0
0
54
145
83
11
21
16
180
2834
412
569
246
357
1394
703
732
520
938
427
343
234
388
699
1123
501
730
492
519
1573
3604
2133
561
728
833
633
461
691
564
1770
795
401
1443
327
1285
704
1060
403
729
512
937
2541
1896
15556
9413
1362
3205
11226
1465
736
968
1724
1127
484
349
4114
15608
576
1571
1489
392
1347
1138
1149
7084
712
5677
216
1060
2696
957
1096
1342
495
3955
590
701
867
6322
2080
568
639
513
443
2168
923
450
760
1124
296
540
17526
48844
8017
21095
1516
834
643
1712
907
4702
1084
6260
1325
8674
1649
7219
3791
2545
812
6455
3792
4982
4169
2444
993
1597
29494
2386
2675
600
3025
1241
1516
1848
1956
1801
4260
10870
9908
514
1650
1484
2033
841
12248
405
575
567
313
1290
831
452
405
773
1418
513
1174
268
2495
372
409
236
754
393
3162
804
54
145
83
0
0
0
76
601
448
309
2805
878
214
1390
1102
897
205
3151
4270
893
373
621
508
3737
1079
500
17555
397
1957
1799
1805
1146
598
609
6826
894
622
14755
402
1616
10621
1565
785
1046
570
1325
2889
791
1698
433
1005
930
694
675
10115
3538
569
5301
929
2363
1087
879
2019
3536
2320
2689
1110
1083
928
3861
4189
5095
248
963
4117
628
705
814
522
365
1730
3141
4363
3471
793
3335
2204
674
24576
1528
1336
1159
782
239
601
504
718
411
643
1308
458
647
1915
7932
3141
2499
832
1060
2549
5384
2579
1128
2693
3504
6326
3802
1558
5244
2975
1039
1167
2825
3149
4157
3374
29588
1833
1108
11736
747
914
4090
920
453
1336
2760
4272
1014
1240
1287
2712
1663
22518
913
3557
1682
4876
6627
605
5232
705
586
713
691
981
752
533
628
1747
1962
492
1096
4706
1775
582
1038
597
7143
11
21
16
76
601
448
0
0
0
154
416
870
995
206
663
1434
264
1102
680
1643
575
353
746
715
1029
1261
249
875
1120
1804
930
1378
782
319
1347
403
1814
2796
1492
1177
2302
973
829
1710
869
328
592
403
1605
3540
1917
402
275
506
480
4356
7393
802
712
1743
1871
1993
1120
1215
1638
2656
1354
413
550
4820
763
748
501
586
2636
950
2591
3896
1551
820
323
892
736
550
1467
1726
346
574
4271
1277
1584
4139
723
1162
1343
1961
1818
427
3032
836
986
4026
2127
2534
3854
833
2450
785
852
1303
1868
938
2406
2053
554
822
789
3158
3465
10939
57981
1436
1283
3042
1780
1647
749
1513
13984
970
918
916
1222
910
636
2202
846
1145
3108
1727
943
1461
814
1554
6205
2039
2032
194
139
183
195
191
148
2655
174
504
229
474
331
500
314
532
1227
1121
377
1551
517
130
180
2834
412
309
2805
878
154
416
870
0
0
0
474
2518
136
573
13797
738
201
247
280
164
558
1665
463
243
207
802
292
647
1146
974
1723
440
558
592
176
569
2121
1027
515
433
227
652
309
480
1150
1445
737
1016
389
272
1760
2147
906
647
852
1888
1205
1299
10529
626
375
1270
1074
545
954
1297
797
670
2347
638
460
2246
1010
2909
297
847
413
5707
749
5872
2097
457
276
394
1440
2784
3391
13273
702
10462
536
385
1945
4724
465
356
735
1246
1030
1077
1786
655
1145
928
543
765
1186
1238
1050
811
628
1539
1011
1600
3563
1370
2303
2811
791
869
7665
1372
5953
2176
2000
2015
1181
672
537
1696
2286
3209
10302
954
860
875
8901
843
3553
1332
3635
2859
654
1760
1606
596
1051
284
2046
329
669
564
348
315
517
206
321
4309
860
301
1971
487
439
337
725
667
569
246
357
214
1390
1102
995
206
663
474
2518
136
0
0
0
805
187
454
238
789
396
519
315
359
181
1589
1345
808
355
1117
793
623
1070
409
420
1447
720
258
347
699
969
529
2865
148
256
1092
924
273
1104
2481
1528
609
345
869
401
610
25043
1022
3262
815
7356
717
385
1044
4511
969
2000
553
801
3345
4655
423
879
2929
3533
1677
3347
1032
525
474
335
993
775
711
1510
505
929
2159
1670
9868
1963
955
4037
1724
625
552
743
914
1576
3228
590
2208
3319
1890
882
1233
1152
2102
777
2787
968
14072
1196
2759
498
493
1548
2610
2466
1376
774
1146
572
52724
1046
1772
1777
797
1512
5330
1148
1075
5136
3865
1584
2298
1573
731
939
1195
7220
16277
1547
1315
558
672
1360
303
375
1127
2745
483
2405
413
992
2973
511
8426
801
11243
949
2452
1363
460
663
983
3717
2496
1394
703
732
897
205
3151
1434
264
1102
573
13797
738
805
187
454
0
0
0
193
34
53
261
1978
422
273
328
1961
392
623
545
265
823
766
527
260
8817
2437
403
317
6314
2540
2434
5908
1897
666
2888
520
536
769
487
1182
1097
583
1627
609
543
6137
1345
530
640
1770
5264
1327
1104
482
862
1754
829
428
807
3578
505
10622
3569
1065
16826
3622
3693
4870
550
972
776
376
487
6305
7598
14406
1551
1063
3329
11713
1228
422
10298
359
6744
1008
1069
1452
2013
1421
2313
691
1086
1120
828
753
1784
565
346
719
397
2020
2374
4226
796
1549
3980
4127
1364
3296
1448
3028
854
1590
725
882
721
2436
7952
5808
1068
5768
1302
763
2355
8423
1205
1127
2935
8751
8069
2800
1952
1084
9735
1347
299
490
579
618
328
3871
838
2828
444
2500
881
740
650
1489
449
2147
1331
523
762
280
2542
520
938
427
4270
893
373
680
1643
575
201
247
280
238
789
396
193
34
53
0
0
0
579
92
72
1553
2815
8052
533
420
597
246
1135
829
1047
254
4899
489
315
297
3163
1454
1244
473
5680
905
10840
5617
1452
916
8563
573
658
2393
1342
516
980
1249
459
5924
3138
4939
499
2456
866
555
1344
2279
4450
1256
2532
834
6767
1241
1221
511
838
898
1185
2216
1784
726
1298
856
884
1732
1050
5934
29108
3290
4521
9943
8078
1314
5765
548
1805
6426
680
1309
2715
808
1024
1698
2550
751
3158
967
1442
483
4392
986
2157
2118
1090
3086
664
1299
7680
3194
1765
4327
950
396
7447
1923
1680
5495
3656
6688
638
570
1004
2130
874
2920
827
2055
1606
1572
2153
1261
1581
1191
1745
7829
1143
2894
389
554
13542
851
1163
278
171
2326
929
258
1513
745
741
867
702
898
2330
531
409
598
2258
343
234
388
621
508
3737
353
746
715
164
558
1665
519
315
359
261
1978
422
579
92
72
0
0
0
376
437
2344
690
240
435
306
6490
483
222
1937
582
301
354
489
499
285
607
583
868
729
3633
518
304
560
474
1431
14716
326
190
729
6942
1267
2645
5571
2718
442
732
2281
1131
27310
2331
301
1145
2756
6457
1627
1461
654
3777
787
475
893
707
849
4141
800
6604
4190
2193
1550
1222
19799
882
3274
1052
1236
2723
598
642
355
10206
7498
6295
1636
530
639
923
565
16963
960
1343
6120
801
1098
4627
675
2377
617
3737
1631
3443
7961
1241
2757
1443
1188
2670
18465
846
2183
1415
1706
2830
576
1580
1729
11273
1404
1711
1451
3839
2735
1726
1143
10140
2324
2063
4461
1386
3710
1329
3069
513
228
660
1255
4070
374
256
1885
1120
6422
315
181
885
433
321
2095
582
569
315
526
1071
699
1123
501
1079
500
17555
1029
1261
249
463
243
207
181
1589
1345
273
328
1961
1553
2815
8052
376
437
2344
0
0
0
313
180
152
624
163
1384
119
151
2760
167
128
1116
1014
371
451
104
80
110
414
83
98
463
289
889
136
136
209
429
641
550
907
548
1117
459
200
384
775
950
699
225
629
264
379
1966
609
1282
2390
374
1131
450
3788
341
410
457
1269
443
10453
1056
751
1737
5777
4014
2863
2054
1006
1539
803
5712
1155
1166
597
5129
2259
3756
1233
1247
5223
2150
740
459
1605
776
2005
1053
1534
3243
579
657
674
1066
1124
1430
1491
1768
306
411
976
526
11322
1027
607
2960
1149
1260
30397
1532
7205
1075
1749
2491
7804
1862
7138
8581
1588
2619
10187
1788
8345
1042
245
2158
1594
687
2193
1096
780
575
482
5392
2286
2337
2823
1581
605
2989
6210
1424
411
1064
1952
730
492
519
397
1957
1799
875
1120
1804
802
292
647
808
355
1117
392
623
545
533
420
597
690
240
435
313
180
152
0
0
0
44
403
135
580
54
80
120
133
319
403
3830
437
1423
225
292
422
329
698
754
1188
851
792
3010
979
294
1112
687
5478
728
377
1065
6279
732
4927
519
2077
637
16581
4201
1268
8420
8137
366
609
1534
1467
789
989
3480
2108
1758
2490
1193
950
1210
913
2025
1292
6328
984
1592
2459
4507
1643
2431
1731
1581
2679
1838
1634
2851
4228
650
1275
832
3203
984
412
841
2898
539
984
16108
693
8744
3121
619
2077
1449
756
524
529
514
13225
10464
636
8226
14882
1903
3405
9706
11333
965
8044
1214
5351
730
3314
3963
975
1356
5616
1225
2301
36173
2041
1696
1141
317
1049
978
756
579
839
257
330
732
7808
7659
2339
494
424
2259
792
685
1788
525
2692
1573
3604
2133
1805
1146
598
930
1378
782
1146
974
1723
793
623
1070
265
823
766
246
1135
829
306
6490
483
624
163
1384
44
403
135
0
0
0
416
31
70
84
240
729
224
431
203
244
206
309
225
544
275
405
9343
224
593
959
417
722
1002
929
308
533
197
760
738
1385
693
1731
729
670
1183
361
684
562
1635
1468
3481
976
1015
630
2702
511
1342
1111
2385
1721
2906
653
16264
847
4824
2877
5455
1280
4125
587
1472
1053
1351
4053
2661
1697
6357
2945
2746
767
1796
9252
15010
4620
3515
6348
667
9753
4018
1986
1597
627
823
948
2052
1349
2572
5249
1996
791
1868
1812
2400
2485
1924
1118
2500
1959
1226
5061
1677
2277
12655
1233
2595
1477
946
958
5038
1936
1360
501
3105
1611
353
456
266
866
2761
2284
515
451
1029
346
699
348
1498
1746
1396
1209
3626
593
365
8026
2929
561
728
833
609
6826
894
319
1347
403
440
558
592
409
420
1447
527
260
8817
1047
254
4899
222
1937
582
119
151
2760
580
54
80
416
31
70
0
0
0
116
26
68
190
239
496
313
513
789
747
424
281
1207
262
187
743
315
225
587
871
911
279
840
598
279
792
3576
8052
775
2809
2886
792
1843
1606
1321
2730
1998
1813
927
1041
1051
1800
937
11871
6047
16196
1087
359
433
1421
1075
5531
68797
13569
966
1898
1661
1584
3165
14924
6062
2304
2502
2531
1774
935
5020
471
1015
812
1429
4354
2164
1046
12588
811
1139
546
12956
4139
758
18709
1050
2322
520
1270
1034
7375
2711
7040
811
14129
8774
2861
7596
7111
577
636
3628
1183
1052
752
2847
25921
3375
1685
634
2038
1260
1513
1272
349
4629
327
4243
1264
608
177
2148
235
321
1409
1736
879
2113
1012
812
1343
776
845
798
594
633
461
691
622
14755
402
1814
2796
1492
176
569
2121
720
258
347
2437
403
317
489
315
297
301
354
489
167
128
1116
120
133
319
84
240
729
116
26
68
0
0
0
189
440
840
413
711
554
365
1622
208
516
1070
811
480
8416
3671
297
1096
1412
340
456
390
1281
1276
3713
944
1408
3617
629
3809
1044
1143
17286
600
659
5434
1194
4661
10716
437
2214
1001
1011
1222
506
714
2137
546
670
12708
1634
3185
5966
3174
8904
1043
1245
958
1165
2507
9291
2549
1025
1142
1226
1611
639
1538
1109
2122
639
4820
1050
679
884
1718
1332
1204
556
2513
3586
468
1102
895
594
562
1045
1907
1942
7707
2615
2599
1520
1088
1415
1516
3017
1570
1291
1046
728
1253
1834
1573
11914
1267
11331
696
2584
7288
678
3601
445
3276
1847
238
251
1385
769
470
367
8449
241
9238
343
1862
535
396
397
725
564
1770
795
1616
10621
1565
1177
2302
973
1027
515
433
699
969
529
6314
2540
2434
3163
1454
1244
499
285
607
1014
371
451
403
3830
437
224
431
203
190
239
496
189
440
840
0
0
0
390
819
274
153
92
70
104
56
316
857
392
287
882
196
400
309
455
310
890
361
260
1244
18692
1967
377
537
492
3493
843
1403
792
1190
2223
1038
673
3144
17409
1193
2229
1719
1667
884
2554
1927
446
3010
4848
1151
1503
2618
1713
2020
1077
705
982
3190
683
7546
4282
2528
521
2243
1099
624
442
468
2072
553
3296
478
695
544
1394
910
1035
867
8516
770
2286
12040
1427
1245
419
2701
5608
1119
972
1458
1244
752
4270
1434
4008
910
2290
2440
2668
2460
2897
726
3787
1892
12561
1925
1650
166
529
1135
1623
329
430
228
309
336
782
124
1096
9281
332
357
2207
1435
873
683
847
1060
401
1443
327
785
1046
570
829
1710
869
227
652
309
2865
148
256
5908
1897
666
473
5680
905
583
868
729
104
80
110
1423
225
292
244
206
309
313
513
789
413
711
554
390
819
274
0
0
0
77
1147
237
312
440
308
489
1323
142
240
917
151
265
685
819
1750
179
98
2197
536
467
304
1342
386
564
1445
1753
3489
349
473
458
319
327
3272
821
807
517
416
1112
10901
1102
880
1935
53548
1702
3200
1191
966
1717
1086
1363
2050
2215
830
627
7766
688
698
8820
1442
372
953
863
555
5669
28645
790
6733
338
917
447
2403
1011
1684
896
1158
946
1842
1205
446
431
1657
11556
352
1765
1542
13043
1625
526
2087
758
3056
1324
26971
1127
1679
7220
10709
1538
802
801
13094
759
833
364
439
685
1284
1937
404
1070
532
237
300
3261
2316
1622
1407
5866
2051
1100
769
1151
1285
704
1060
1325
2889
791
328
592
403
480
1150
1445
1092
924
273
2888
520
536
10840
5617
1452
3633
518
304
414
83
98
422
329
698
225
544
275
747
424
281
365
1622
208
153
92
70
77
1147
237
0
0
0
252
672
201
425
2785
1580
263
374
598
532
651
373
540
430
707
9521
319
408
460
1416
300
931
311
898
1826
320
5156
933
1632
500
2135
1743
3983
418
293
2223
9431
601
1316
1020
979
2096
1546
17895
25319
39544
482
24660
720
5645
3443
2994
6682
1634
970
607
3135
529
579
1927
1169
1237
1006
1248
579
1909
1008
4082
1410
2333
796
601
658
10110
905
1144
1145
490
1436
1027
699
1999
30774
733
2174
3798
7264
1409
1658
695
10602
2142
1541
911
1624
753
5525
3794
1080
500
754
438
686
1676
548
331
2002
716
545
731
2086
364
776
1615
3671
1359
6838
794
1410
1264
403
729
512
1698
433
1005
1605
3540
1917
737
1016
389
1104
2481
1528
769
487
1182
916
8563
573
560
474
1431
463
289
889
754
1188
851
405
9343
224
1207
262
187
516
1070
811
104
56
316
312
440
308
252
672
201
0
0
0
2108
537
461
1364
8891
225
666
1280
308
543
1456
619
1097
10870
396
541
633
901
1770
765
353
442
610
654
583
680
1917
1729
10534
780
1079
345
1769
782
2736
9972
4439
2368
5945
1778
2857
4367
1417
894
17665
2169
1790
1642
4135
2425
7428
1493
939
568
1795
2910
9979
771
2523
4363
299
582
460
1934
6322
941
607
663
528
543
282
309
2030
382
14626
578
10126
1329
1658
3995
1553
2622
3295
1425
926
3744
3922
5584
694
4446
1236
4388
4323
2153
1271
2153
513
289
350
645
2065
124
2571
72
612
100
184
72
1268
856
616
366
771
530
287
218
519
937
2541
1896
930
694
675
402
275
506
272
1760
2147
609
345
869
1097
583
1627
658
2393
1342
14716
326
190
136
136
209
792
3010
979
593
959
417
743
315
225
480
8416
3671
857
392
287
489
1323
142
425
2785
1580
2108
537
461
0
0
0
1276
171
166
296
148
197
73
122
17
13190
397
1005
156
236
409
252
304
248
2611
333
265
378
424
333
247
406
877
239
391
581
980
255
723
3141
828
591
2045
3670
22368
1121
1438
533
889
1437
2132
2039
3552
1522
1882
3609
4796
420
1275
604
1178
1692
4514
496
669
1624
1805
1862
2619
4198
4436
8506
3537
6279
1105
2729
1054
978
1003
1265
1385
2106
5110
1760
2111
645
955
717
13457
2309
547
1959
4422
599
3433
2276
1051
1046
4449
1206
3087
280
1654
492
396
311
349
1540
551
273
467
2900
1543
2225
393
1492
2331
2277
1589
3655
15556
9413
1362
10115
3538
569
480
4356
7393
906
647
852
401
610
25043
609
543
6137
516
980
1249
729
6942
1267
429
641
550
294
1112
687
722
1002
929
587
871
911
297
1096
1412
882
196
400
240
917
151
263
374
598
1364
8891
225
1276
171
166
0
0
0
89
450
136
287
102
120
978
994
807
638
324
993
518
502
1390
491
1273
237
572
601
525
668
358
6835
1585
871
1050
653
460
326
5573
2456
2787
1048
2992
10408
4895
2722
1392
2803
2357
4658
2741
2167
2872
1648
2348
3072
1628
2584
1232
2703
2234
2113
845
702
778
1737
5660
453
401
1321
1786
2367
341
1354
462
840
1365
631
440
658
10128
8656
1500
1024
3927
929
1200
926
11741
2619
12459
2214
2176
2256
7344
3430
1147
49631
611
400
603
483
417
302
1766
713
169
873
825
248
2045
1857
1405
354
714
1227
590
6938
770
3205
11226
1465
5301
929
2363
802
712
1743
1888
1205
1299
1022
3262
815
1345
530
640
459
5924
3138
2645
5571
2718
907
548
1117
5478
728
377
308
533
197
279
840
598
340
456
390
309
455
310
265
685
819
532
651
373
666
1280
308
296
148
197
89
450
136
0
0
0
171
107
70
631
307
1440
5057
435
753
295
609
164
396
2899
143
5187
958
345
1829
508
432
464
634
1582
749
303
423
1318
1132
1350
9041
4979
1368
1032
3742
1220
2066
1320
580
759
4866
1212
3930
732
824
870
1164
922
864
1258
944
1660
808
1343
2251
1070
1763
737
1557
576
1756
912
1503
2524
6995
684
1018
4091
17815
24587
2463
1273
8531
1036
2636
1008
2157
917
1293
6673
1110
1319
1887
9386
2082
3924
1837
2969
775
183
352
119
80
99
381
242
117
1036
242
243
2959
1376
352
687
866
248
567
819
736
968
1724
1087
879
2019
1871
1993
1120
10529
626
375
7356
717
385
1770
5264
1327
4939
499
2456
442
732
2281
459
200
384
1065
6279
732
760
738
1385
279
792
3576
1281
1276
3713
890
361
260
1750
179
98
540
430
707
543
1456
619
73
122
17
287
102
120
171
107
70
0
0
0
508
1123
423
565
779
207
289
597
774
496
2113
197
10733
202
306
961
4832
730
632
254
379
6999
406
2169
10314
1880
5575
12876
809
836
1909
3278
1411
1140
1067
514
2554
3477
10933
4675
2025
605
8122
3642
1027
3929
1774
10057
484
4455
716
2701
1543
828
809
1365
7702
566
3016
547
2229
656
913
873
1160
1313
2822
1528
1276
8058
1236
2392
905
3491
9540
2757
12195
2870
3078
964
2903
1244
10194
859
3042
2315
650
218
335
1328
719
4799
262
860
863
596
945
1451
325
1203
843
1382
289
796
253
1127
484
349
3536
2320
2689
1215
1638
2656
1270
1074
545
1044
4511
969
1104
482
862
866
555
1344
1131
27310
2331
775
950
699
4927
519
2077
693
1731
729
8052
775
2809
944
1408
3617
1244
18692
1967
2197
536
467
9521
319
408
1097
10870
396
13190
397
1005
978
994
807
631
307
1440
508
1123
423
0
0
0
278
647
7478
86
262
2573
182
151
2653
1068
558
777
1248
682
499
221
376
483
494
2602
307
3196
1568
2579
1402
1147
1783
845
4641
1174
978
2712
8889
1172
3540
999
1183
2695
663
8903
1086
966
974
1378
771
683
1617
1028
1257
3008
36466
28669
28210
1024
2192
1663
1072
3947
2065
1029
549
658
1274
1972
3579
1856
691
861
658
1564
766
1276
989
1314
5581
1922
1214
771
9049
13446
2137
586
770
7975
112
393
1270
260
207
162
147
378
207
299
268
583
516
476
815
3769
1642
2461
4114
15608
576
1110
1083
928
1354
413
550
954
1297
797
2000
553
801
1754
829
428
2279
4450
1256
301
1145
2756
225
629
264
637
16581
4201
670
1183
361
2886
792
1843
629
3809
1044
377
537
492
304
1342
386
460
1416
300
541
633
901
156
236
409
638
324
993
5057
435
753
565
779
207
278
647
7478
0
0
0
228
147
326
44
103
48
196
161
159
502
616
3668
393
225
173
525
3394
1926
1197
2650
1140
1593
2923
945
581
2059
1029
1117
3341
4614
1305
2254
26624
1291
1953
4037
4432
922
2775
791
6577
9462
619
2702
712
1404
722
1930
1744
772
1986
648
1175
1174
1038
7522
1651
5685
920
1002
870
2115
1287
1093
1621
1603
682
1478
585
1695
8266
3024
2603
1633
731
9885
1256
1999
4296
1408
551
455
3447
668
507
1104
8231
865
196
158
409
330
937
890
395
5898
1014
674
862
1571
1489
392
3861
4189
5095
4820
763
748
670
2347
638
3345
4655
423
807
3578
505
2532
834
6767
6457
1627
1461
379
1966
609
1268
8420
8137
684
562
1635
1606
1321
2730
1143
17286
600
3493
843
1403
564
1445
1753
931
311
898
1770
765
353
252
304
248
518
502
1390
295
609
164
289
597
774
86
262
2573
228
147
326
0
0
0
397
283
388
566
2176
464
498
687
444
1539
2312
354
315
662
612
3328
1026
2376
1006
1075
707
2098
5144
3098
3536
865
4922
3124
4260
11158
1146
2303
2912
1921
1844
2292
1841
2539
1437
498
4994
552
4075
2415
1023
1185
656
595
2813
1030
2067
6846
1123
1026
347
560
1476
2537
1185
1002
775
784
2688
1045
2136
3956
1547
973
1496
1273
1362
983
753
67238
1778
196
154
207
107
82
164
415
194
1146
106
103
91
672
276
669
704
655
6123
525
680
748
1347
1138
1149
248
963
4117
501
586
2636
460
2246
1010
879
2929
3533
10622
3569
1065
1241
1221
511
654
3777
787
1282
2390
374
366
609
1534
1468
3481
976
1998
1813
927
659
5434
1194
792
1190
2223
3489
349
473
1826
320
5156
442
610
654
2611
333
265
491
1273
237
396
2899
143
496
2113
197
182
151
2653
44
103
48
397
283
388
0
0
0
330
313
205
1191
744
1894
249
200
149
371
1233
271
2438
1514
613
1720
715
1087
10977
3321
2874
3022
2486
1985
4791
693
2219
11183
13975
1195
7281
2220
4718
960
4855
983
593
432
2824
867
2517
2127
880
1527
1104
1098
618
2854
12000
1111
1911
1255
2405
1229
4103
3514
8125
837
909
690
1208
902
1133
1773
1040
1878
770
726
974
641
1642
3539
522
544
2119
903
371
1999
561
337
270
362
300
862
1601
342
332
379
295
564
525
130
1123
7084
712
5677
628
705
814
950
2591
3896
2909
297
847
1677
3347
1032
16826
3622
3693
838
898
1185
475
893
707
1131
450
3788
1467
789
989
1015
630
2702
1041
1051
1800
4661
10716
437
1038
673
3144
458
319
327
933
1632
500
583
680
1917
378
424
333
572
601
525
5187
958
345
10733
202
306
1068
558
777
196
161
159
566
2176
464
330
313
205
0
0
0
117
129
81
235
166
204
150
73
166
544
12869
887
27226
578
3044
764
688
743
608
549
1026
837
345
766
5047
1228
7068
4717
5220
1913
2207
15749
3703
13875
1023
582
2026
1822
4893
4487
1495
9890
2683
3580
3167
2153
1944
6073
3132
1410
892
3314
3315
781
8792
487
665
3235
613
1860
819
7183
1884
1370
1055
353
12430
1521
858
1898
1113
4138
1456
2020
359
12241
412
349
2132
347
470
428
935
142
595
329
139
211
474
959
216
1060
2696
522
365
1730
1551
820
323
413
5707
749
525
474
335
4870
550
972
2216
1784
726
849
4141
800
341
410
457
3480
2108
1758
511
1342
1111
937
11871
6047
2214
1001
1011
17409
1193
2229
3272
821
807
2135
1743
3983
1729
10534
780
247
406
877
668
358
6835
1829
508
432
961
4832
730
1248
682
499
502
616
3668
498
687
444
1191
744
1894
117
129
81
0
0
0
209
693
2306
102
43
180
1166
21934
3444
860
2027
3733
1493
34097
5990
3576
1816
487
660
593
973
901
6802
5115
4747
1116
7534
6163
3676
2856
1958
1187
759
2550
1965
3209
1675
6097
7418
2006
5476
12500
2674
2257
34409
1545
598
823
2530
871
463
552
467
382
827
741
1658
1042
2472
3579
7025
1485
399
3219
3720
2464
939
711
352
254
249
319
1074
970
327
238
742
1226
138
960
369
403
383
1190
416
290
194
957
1096
1342
3141
4363
3471
892
736
550
5872
2097
457
993
775
711
776
376
487
1298
856
884
6604
4190
2193
1269
443
10453
2490
1193
950
2385
1721
2906
16196
1087
359
1222
506
714
1719
1667
884
517
416
1112
418
293
2223
1079
345
1769
239
391
581
1585
871
1050
464
634
1582
632
254
379
221
376
483
393
225
173
1539
2312
354
249
200
149
235
166
204
209
693
2306
0
0
0
626
234
1128
633
4159
1826
19064
796
4620
781
2148
1174
1365
12934
1166
2650
1207
2565
981
1167
1065
3114
1736
2418
8825
16954
16387
4608
2650
1320
5203
10607
5982
8616
1208
2845
2358
1344
6116
3655
3802
3057
546
1783
5921
9837
930
835
358
651
394
791
920
1074
728
761
454
1258
3718
4061
31166
4104
6594
570
245
865
694
419
460
339
723
799
1403
716
400
315
290
498
383
355
401
1045
506
481
495
3955
590
793
3335
2204
1467
1726
346
276
394
1440
1510
505
929
6305
7598
14406
1732
1050
5934
1550
1222
19799
1056
751
1737
1210
913
2025
653
16264
847
433
1421
1075
2137
546
670
2554
1927
446
10901
1102
880
9431
601
1316
782
2736
9972
980
255
723
653
460
326
749
303
423
6999
406
2169
494
2602
307
525
3394
1926
315
662
612
371
1233
271
150
73
166
102
43
180
626
234
1128
0
0
0
1552
815
14441
1462
611
1347
364
584
670
1055
739
618
3469
729
561
1269
9187
3743
1165
1160
1368
6680
1095
2531
1098
824
2336
1295
2210
13680
76078
2613
4135
1523
2702
14923
1410
1418
1046
1444
1064
1070
4464
687
1634
1145
5456
226
1020
4032
1105
1181
1527
2481
576
567
732
1912
5607
2009
1043
1752
887
554
1733
771
2427
4732
1198
984
1179
1123
1307
1994
1602
799
2106
654
1780
498
4088
701
867
6322
674
24576
1528
574
4271
1277
2784
3391
13273
2159
1670
9868
1551
1063
3329
29108
3290
4521
882
3274
1052
5777
4014
2863
1292
6328
984
4824
2877
5455
5531
68797
13569
12708
1634
3185
3010
4848
1151
1935
53548
1702
1020
979
2096
4439
2368
5945
3141
828
591
5573
2456
2787
1318
1132
1350
10314
1880
5575
3196
1568
2579
1197
2650
1140
3328
1026
2376
2438
1514
613
544
12869
887
1166
21934
3444
633
4159
1826
1552
815
14441
0
0
0
435
1975
338
490
3058
647
1944
2090
2166
3377
780
262
1807
2737
2405
1822
10058
5126
2564
4087
3040
1284
6899
2172
1360
3030
1205
2145
2269
6528
3615
1274
35822
3503
4770
12936
2273
5383
3346
134
504
137
703
4500
855
1490
21550
948
674
149
454
9793
1493
5229
1691
2546
1056
767
763
1230
842
867
1806
1530
5843
1042
10055
3936
2070
969
974
1231
1287
10624
5685
1396
1336
2923
2080
568
639
1336
1159
782
1584
4139
723
702
10462
536
1963
955
4037
11713
1228
422
9943
8078
1314
1236
2723
598
2054
1006
1539
1592
2459
4507
1280
4125
587
966
1898
1661
5966
3174
8904
1503
2618
1713
3200
1191
966
1546
17895
25319
1778
2857
4367
2045
3670
22368
1048
2992
10408
9041
4979
1368
12876
809
836
1402
1147
1783
1593
2923
945
1006
1075
707
1720
715
1087
27226
578
3044
860
2027
3733
19064
796
4620
1462
611
1347
435
1975
338
0
0
0
382
468
972
581
2615
6514
644
623
276
2078
2316
2012
850
2082
1439
1537
1283
27286
2472
2966
22202
2302
3096
1507
1980
3739
40054
8103
1477
13232
4698
3980
3349
13461
815
4045
796
777
6097
1005
666
531
909
1019
2373
1093
461
1601
1015
1423
2172
941
1520
27369
1870
1023
1001
1242
4125
2319
755
4139
2061
868
5535
1742
5892
4102
389
573
446
602
13912
595
879
513
443
2168
239
601
504
1162
1343
1961
385
1945
4724
1724
625
552
10298
359
6744
5765
548
1805
642
355
10206
803
5712
1155
1643
2431
1731
1472
1053
1351
1584
3165
14924
1043
1245
958
2020
1077
705
1717
1086
1363
39544
482
24660
1417
894
17665
1121
1438
533
4895
2722
1392
1032
3742
1220
1909
3278
1411
845
4641
1174
581
2059
1029
2098
5144
3098
10977
3321
2874
764
688
743
1493
34097
5990
781
2148
1174
364
584
670
490
3058
647
382
468
972
0
0
0
334
951
267
421
13675
2519
6137
1963
5846
3349
671
819
417
7196
1631
9958
32357
1759
2136
1176
4729
3122
7675
4698
2151
2755
1268
1935
19028
7250
3121
3467
2359
1971
4382
472
1092
1129
4612
1857
4379
1641
1491
6169
1522
3703
3455
1725
3088
1470
1803
1974
1062
1706
776
653
898
3022
1295
7083
1134
725
1515
713
8560
2822
1505
432
572
3986
1133
880
923
450
760
718
411
643
1818
427
3032
465
356
735
743
914
1576
1008
1069
1452
6426
680
1309
7498
6295
1636
1166
597
5129
1581
2679
1838
4053
2661
1697
6062
2304
2502
1165
2507
9291
982
3190
683
2050
2215
830
720
5645
3443
2169
1790
1642
889
1437
2132
2803
2357
4658
2066
1320
580
1140
1067
514
978
2712
8889
1117
3341
4614
3536
865
4922
3022
2486
1985
608
549
1026
3576
1816
487
1365
12934
1166
1055
739
618
1944
2090
2166
581
2615
6514
334
951
267
0
0
0
938
823
406
9958
4990
1684
2933
850
1118
922
25463
861
11120
1621
949
750
4306
2845
5588
5241
1740
983
4077
2075
2575
1379
3019
4470
792
1353
966
629
11817
14083
985
1081
12258
1206
2811
1018
347
968
1956
1441
1090
9080
1724
3744
1045
5562
1019
892
508
5150
2846
15645
19796
3881
1133
1725
621
1873
292
426
2611
600
1908
5153
2174
1124
296
540
1308
458
647
836
986
4026
1246
1030
1077
3228
590
2208
2013
1421
2313
2715
808
1024
530
639
923
2259
3756
1233
1634
2851
4228
6357
2945
2746
2531
1774
935
2549
1025
1142
7546
4282
2528
627
7766
688
2994
6682
1634
4135
2425
7428
2039
3552
1522
2741
2167
2872
759
4866
1212
2554
3477
10933
1172
3540
999
1305
2254
26624
3124
4260
11158
4791
693
2219
837
345
766
660
593
973
2650
1207
2565
3469
729
561
3377
780
262
644
623
276
421
13675
2519
938
823
406
0
0
0
36432
2561
4366
3627
2749
1000
26472
1691
1184
2708
3637
13466
11065
2709
978
1364
877
3458
2289
4884
5384
1916
4102
3161
1052
6117
924
270
7158
2869
789
1034
686
3135
8937
2169
2018
812
2680
9679
780
3087
4983
1268
962
13069
1890
2381
3433
1195
962
380
2022
926
9012
1365
25987
659
8728
904
9500
998
3359
1028
1102
1234
17526
48844
8017
1915
7932
3141
2127
2534
3854
1786
655
1145
3319
1890
882
691
1086
1120
1698
2550
751
565
16963
960
1247
5223
2150
650
1275
832
767
1796
9252
5020
471
1015
1226
1611
639
521
2243
1099
698
8820
1442
970
607
3135
1493
939
568
1882
3609
4796
1648
2348
3072
3930
732
824
4675
2025
605
1183
2695
663
1291
1953
4037
1146
2303
2912
11183
13975
1195
5047
1228
7068
901
6802
5115
981
1167
1065
1269
9187
3743
1807
2737
2405
2078
2316
2012
6137
1963
5846
9958
4990
1684
36432
2561
4366
0
0
0
106
118
216
2017
1786
1168
305
657
179
418
3026
7584
1002
155
5650
170
209
1845
314
5077
3390
15496
7971
3594
4933
9931
3848
1067
2626
1966
4349
13298
1080
1461
2295
1510
10866
4552
1755
1137
1248
15504
1478
798
2134
1043
2887
435
1592
738
919
626
2632
2201
738
4486
1016
6373
942
3771
2162
1506
648
21095
1516
834
2499
832
1060
833
2450
785
928
543
765
1233
1152
2102
828
753
1784
3158
967
1442
1343
6120
801
740
459
1605
3203
984
412
15010
4620
3515
812
1429
4354
1538
1109
2122
624
442
468
372
953
863
529
579
1927
1795
2910
9979
420
1275
604
1628
2584
1232
870
1164
922
8122
3642
1027
8903
1086
966
4432
922
2775
1921
1844
2292
7281
2220
4718
4717
5220
1913
4747
1116
7534
3114
1736
2418
1165
1160
1368
1822
10058
5126
850
2082
1439
3349
671
819
2933
850
1118
3627
2749
1000
106
118
216
0
0
0
611
1796
7024
2792
40
52
734
1854
6111
1440
334
508
211
97
138
322
455
202
7215
1807
1546
16100
26315
1561
9460
1587
2105
1968
2024
20435
2020
5649
1404
1141
2639
31227
6654
2500
1904
1221
3491
1570
6570
790
522
4085
14178
1457
11241
1085
2560
1435
3078
2005
18284
37903
907
1586
8953
1939
643
1712
907
2549
5384
2579
852
1303
1868
1186
1238
1050
777
2787
968
565
346
719
483
4392
986
1098
4627
675
776
2005
1053
841
2898
539
6348
667
9753
2164
1046
12588
639
4820
1050
2072
553
3296
555
5669
28645
1169
1237
1006
771
2523
4363
1178
1692
4514
2703
2234
2113
864
1258
944
3929
1774
10057
974
1378
771
791
6577
9462
1841
2539
1437
960
4855
983
2207
15749
3703
6163
3676
2856
8825
16954
16387
6680
1095
2531
2564
4087
3040
1537
1283
27286
417
7196
1631
922
25463
861
26472
1691
1184
2017
1786
1168
611
1796
7024
0
0
0
22873
847
1427
1187
366
922
5460
2148
1981
3565
2195
867
3166
2340
3641
5159
43415
5171
1099
2251
1110
2780
12341
870
3259
2986
5279
1612
1783
3604
22408
6275
2626
544
1986
1095
1847
1816
666
4366
1753
3393
1752
434
9349
608
3644
815
1355
3972
2730
1373
3095
8268
1012
1001
1682
4702
1084
6260
1128
2693
3504
938
2406
2053
811
628
1539
14072
1196
2759
397
2020
2374
2157
2118
1090
2377
617
3737
1534
3243
579
984
16108
693
4018
1986
1597
811
1139
546
679
884
1718
478
695
544
790
6733
338
1248
579
1909
299
582
460
496
669
1624
845
702
778
1660
808
1343
484
4455
716
683
1617
1028
619
2702
712
498
4994
552
593
432
2824
13875
1023
582
1958
1187
759
4608
2650
1320
1098
824
2336
1284
6899
2172
2472
2966
22202
9958
32357
1759
11120
1621
949
2708
3637
13466
305
657
179
2792
40
52
22873
847
1427
0
0
0
761
411
1725
442
489
982
59
88
117
731
259
535
7847
2821
4539
6454
22401
1896
2380
6543
10659
1423
1431
5364
1173
6643
1881
1851
846
3483
1996
5482
1888
737
2055
4599
699
4709
2579
802
2316
584
1076
1437
2763
1514
1785
2792
4057
1249
1366
25792
21615
3835
1325
8674
1649
6326
3802
1558
554
822
789
1011
1600
3563
498
493
1548
4226
796
1549
3086
664
1299
1631
3443
7961
657
674
1066
8744
3121
619
627
823
948
12956
4139
758
1332
1204
556
1394
910
1035
917
447
2403
1008
4082
1410
1934
6322
941
1805
1862
2619
1737
5660
453
2251
1070
1763
2701
1543
828
1257
3008
36466
1404
722
1930
4075
2415
1023
867
2517
2127
2026
1822
4893
2550
1965
3209
5203
10607
5982
1295
2210
13680
1360
3030
1205
2302
3096
1507
2136
1176
4729
750
4306
2845
11065
2709
978
418
3026
7584
734
1854
6111
1187
366
922
761
411
1725
0
0
0
2180
738
1328
4126
2163
2172
869
3340
1409
4865
1878
3425
1690
6745
2518
1300
2370
2271
2949
5111
1982
5823
48114
3410
4063
2743
871
3946
1077
2090
2090
4507
6360
18345
5725
1085
2283
1248
1780
640
3852
2436
2661
2370
1754
9063
21590
2947
3170
4704
2107
7219
3791
2545
5244
2975
1039
3158
3465
10939
1370
2303
2811
2610
2466
1376
3980
4127
1364
7680
3194
1765
1241
2757
1443
1124
1430
1491
2077
1449
756
2052
1349
2572
18709
1050
2322
2513
3586
468
867
8516
770
1011
1684
896
2333
796
601
607
663
528
4198
4436
8506
401
1321
1786
737
1557
576
809
1365
7702
28669
28210
1024
1744
772
1986
1185
656
595
880
1527
1104
4487
1495
9890
1675
6097
7418
8616
1208
2845
76078
2613
4135
2145
2269
6528
1980
3739
40054
3122
7675
4698
5588
5241
1740
1364
877
3458
1002
155
5650
1440
334
508
5460
2148
1981
442
489
982
2180
738
1328
0
0
0
183
286
344
272
124
324
4846
4324
611
2898
1092
5602
13219
1958
3178
9002
1121
4986
1045
3656
2822
11865
7102
4798
1428
1376
7438
2880
973
1734
15749
19386
1020
4825
1895
647
3345
881
273
9431
10694
6843
1653
4305
3702
4090
1191
1180
812
6455
3792
1167
2825
3149
57981
1436
1283
791
869
7665
774
1146
572
3296
1448
3028
4327
950
396
1188
2670
18465
1768
306
411
524
529
514
5249
1996
791
520
1270
1034
1102
895
594
2286
12040
1427
1158
946
1842
658
10110
905
543
282
309
3537
6279
1105
2367
341
1354
1756
912
1503
566
3016
547
2192
1663
1072
648
1175
1174
2813
1030
2067
1098
618
2854
2683
3580
3167
2006
5476
12500
2358
1344
6116
1523
2702
14923
3615
1274
35822
8103
1477
13232
2151
2755
1268
983
4077
2075
2289
4884
5384
170
209
1845
211
97
138
3565
2195
867
59
88
117
4126
2163
2172
183
286
344
0
0
0
366
893
323
612
848
4480
1168
2022
3604
2533
4422
1728
2455
2323
4659
2826
84901
2487
4027
2529
7627
3206
2546
2137
1440
1085
14393
2026
2951
2087
3050
4191
2075
9175
3316
6675
13940
2408
16780
3418
3183
2777
934
1749
789
4982
4169
2444
4157
3374
29588
3042
1780
1647
1372
5953
2176
52724
1046
1772
854
1590
725
7447
1923
1680
846
2183
1415
976
526
11322
13225
10464
636
1868
1812
2400
7375
2711
7040
562
1045
1907
1245
419
2701
1205
446
431
1144
1145
490
2030
382
14626
2729
1054
978
462
840
1365
2524
6995
684
2229
656
913
3947
2065
1029
1038
7522
1651
6846
1123
1026
12000
1111
1911
2153
1944
6073
2674
2257
34409
3655
3802
3057
1410
1418
1046
3503
4770
12936
4698
3980
3349
1935
19028
7250
2575
1379
3019
1916
4102
3161
314
5077
3390
322
455
202
3166
2340
3641
731
259
535
869
3340
1409
272
124
324
366
893
323
0
0
0
7326
901
1060
2270
5781
3757
6190
4839
18340
4638
6425
2455
2085
1213
3017
64281
2163
2514
3836
3910
1159
1060
612
423
810
2590
1359
515
595
631
2492
1309
2335
891
1949
357
4305
4285
680
1707
8391
1139
993
1597
29494
1833
1108
11736
749
1513
13984
2000
2015
1181
1777
797
1512
882
721
2436
5495
3656
6688
1706
2830
576
1027
607
2960
8226
14882
1903
2485
1924
1118
811
14129
8774
1942
7707
2615
5608
1119
972
1657
11556
352
1436
1027
699
578
10126
1329
1003
1265
1385
631
440
658
1018
4091
17815
873
1160
1313
549
658
1274
5685
920
1002
347
560
1476
1255
2405
1229
3132
1410
892
1545
598
823
546
1783
5921
1444
1064
1070
2273
5383
3346
13461
815
4045
3121
3467
2359
4470
792
1353
1052
6117
924
15496
7971
3594
7215
1807
1546
5159
43415
5171
7847
2821
4539
4865
1878
3425
4846
4324
611
612
848
4480
7326
901
1060
0
0
0
2753
4093
1281
903
501
3030
266
1110
3598
5435
3239
2311
757
707
782
1801
1915
1284
36742
2541
10241
1971
7325
1688
2026
962
1015
3545
4990
766
3256
408
11189
5668
1422
6616
1123
5804
2394
2386
2675
600
747
914
4090
970
918
916
672
537
1696
5330
1148
1075
7952
5808
1068
638
570
1004
1580
1729
11273
1149
1260
30397
3405
9706
11333
2500
1959
1226
2861
7596
7111
2599
1520
1088
1458
1244
752
1765
1542
13043
1999
30774
733
1658
3995
1553
2106
5110
1760
10128
8656
1500
24587
2463
1273
2822
1528
1276
1972
3579
1856
870
2115
1287
2537
1185
1002
4103
3514
8125
3314
3315
781
2530
871
463
9837
930
835
4464
687
1634
134
504
137
796
777
6097
1971
4382
472
966
629
11817
270
7158
2869
4933
9931
3848
16100
26315
1561
1099
2251
1110
6454
22401
1896
1690
6745
2518
2898
1092
5602
1168
2022
3604
2270
5781
3757
2753
4093
1281
0
0
0
980
808
407
1569
1095
1834
330
425
171
2581
1834
1497
10448
810
1400
590
3288
1545
524
1469
1531
4900
1108
376
680
1026
1461
292
1295
781
1314
1686
1372
960
438
805
3025
1241
1516
920
453
1336
1222
910
636
2286
3209
10302
5136
3865
1584
5768
1302
763
2130
874
2920
1404
1711
1451
1532
7205
1075
965
8044
1214
5061
1677
2277
577
636
3628
1415
1516
3017
4270
1434
4008
1625
526
2087
2174
3798
7264
2622
3295
1425
2111
645
955
1024
3927
929
8531
1036
2636
8058
1236
2392
691
861
658
1093
1621
1603
775
784
2688
837
909
690
8792
487
665
552
467
382
358
651
394
1145
5456
226
703
4500
855
1005
666
531
1092
1129
4612
14083
985
1081
789
1034
686
1067
2626
1966
9460
1587
2105
2780
12341
870
2380
6543
10659
1300
2370
2271
13219
1958
3178
2533
4422
1728
6190
4839
18340
903
501
3030
980
808
407
0
0
0
433
2422
469
113
446
648
467
306
534
1360
3473
2090
1754
1658
708
1566
3031
2427
970
444
3963
1128
12920
2827
1193
5556
1557
1117
1712
1108
847
796
1692
1848
1956
1801
2760
4272
1014
2202
846
1145
954
860
875
2298
1573
731
2355
8423
1205
827
2055
1606
3839
2735
1726
1749
2491
7804
5351
730
3314
12655
1233
2595
1183
1052
752
1570
1291
1046
910
2290
2440
758
3056
1324
1409
1658
695
926
3744
3922
717
13457
2309
1200
926
11741
1008
2157
917
905
3491
9540
1564
766
1276
682
1478
585
1045
2136
3956
1208
902
1133
3235
613
1860
827
741
1658
791
920
1074
1020
4032
1105
1490
21550
948
909
1019
2373
1857
4379
1641
12258
1206
2811
3135
8937
2169
4349
13298
1080
1968
2024
20435
3259
2986
5279
1423
1431
5364
2949
5111
1982
9002
1121
4986
2455
2323
4659
4638
6425
2455
266
1110
3598
1569
1095
1834
433
2422
469
0
0
0
787
737
1088
703
775
261
1134
2753
4337
1045
15081
974
2702
902
1538
7870
4930
616
916
1316
1581
4217
1454
11221
630
1337
707
5246
6046
4730
4260
10870
9908
1240
1287
2712
3108
1727
943
8901
843
3553
939
1195
7220
1127
2935
8751
1572
2153
1261
1143
10140
2324
1862
7138
8581
3963
975
1356
1477
946
958
2847
25921
3375
728
1253
1834
2668
2460
2897
26971
1127
1679
10602
2142
1541
5584
694
4446
547
1959
4422
2619
12459
2214
1293
6673
1110
2757
12195
2870
989
1314
5581
1695
8266
3024
1547
973
1496
1773
1040
1878
819
7183
1884
1042
2472
3579
728
761
454
1181
1527
2481
674
149
454
1093
461
1601
1491
6169
1522
1018
347
968
2018
812
2680
1461
2295
1510
2020
5649
1404
1612
1783
3604
1173
6643
1881
5823
48114
3410
1045
3656
2822
2826
84901
2487
2085
1213
3017
5435
3239
2311
330
425
171
113
446
648
787
737
1088
0
0
0
1027
479
528
2653
595
2521
1555
939
827
2153
786
4207
1438
30317
1610
2705
12133
1279
1707
2617
490
1080
961
706
1456
1435
1302
514
1650
1484
1663
22518
913
1461
814
1554
1332
3635
2859
16277
1547
1315
8069
2800
1952
1581
1191
1745
2063
4461
1386
1588
2619
10187
5616
1225
2301
5038
1936
1360
1685
634
2038
1573
11914
1267
726
3787
1892
7220
10709
1538
911
1624
753
1236
4388
4323
599
3433
2276
2176
2256
7344
1319
1887
9386
3078
964
2903
1922
1214
771
2603
1633
731
1273
1362
983
770
726
974
1370
1055
353
7025
1485
399
1258
3718
4061
576
567
732
9793
1493
5229
1015
1423
2172
3703
3455
1725
1956
1441
1090
9679
780
3087
10866
4552
1755
1141
2639
31227
22408
6275
2626
1851
846
3483
4063
2743
871
11865
7102
4798
4027
2529
7627
64281
2163
2514
757
707
782
2581
1834
1497
467
306
534
703
775
261
1027
479
528
0
0
0
5077
8100
6832
3566
1879
10667
1325
8375
17232
3261
7333
1960
4528
5853
13800
5473
933
1351
1325
2753
3078
1833
14217
4231
2033
841
12248
3557
1682
4876
6205
2039
2032
654
1760
1606
558
672
1360
1084
9735
1347
7829
1143
2894
3710
1329
3069
1788
8345
1042
36173
2041
1696
501
3105
1611
1260
1513
1272
11331
696
2584
12561
1925
1650
802
801
13094
5525
3794
1080
2153
1271
2153
1051
1046
4449
3430
1147
49631
2082
3924
1837
1244
10194
859
9049
13446
2137
9885
1256
1999
753
67238
1778
641
1642
3539
12430
1521
858
3219
3720
2464
31166
4104
6594
1912
5607
2009
1691
2546
1056
941
1520
27369
3088
1470
1803
9080
1724
3744
4983
1268
962
1137
1248
15504
6654
2500
1904
544
1986
1095
1996
5482
1888
3946
1077
2090
1428
1376
7438
3206
2546
2137
3836
3910
1159
1801
1915
1284
10448
810
1400
1360
3473
2090
1134
2753
4337
2653
595
2521
5077
8100
6832
0
0
0
