C_ijk
0
0
0
77
76
40
69
51
150
600
262
549
222
132
188
351
359
197
170
248
234
564
3735
957
1131
590
419
830
506
223
224
201
113
118
298
229
866
550
599
759
896
598
270
1088
503
195
273
251
1416
294
732
798
388
652
464
1156
607
854
565
372
15708
1530
7640
389
1250
735
3020
291
348
1327
2260
1949
533
205
936
1206
322
13022
488
792
1577
2731
970
173
1593
485
486
550
106
411
1092
868
1279
422
231
336
307
408
308
1128
2610
3343
827
672
359
2525
1936
7819
9735
937
1110
1929
21392
896
1661
7497
1346
1406
1296
1817
1617
1797
457
6459
1222
13111
1497
2388
1872
1688
1491
3004
1390
2106
16949
1367
17587
1719
4125
1250
1907
8530
1117
1550
2996
571
29947
1335
3621
3588
3637
1470
908
10638
1149
824
1167
1471
885
897
11523
873
2496
1208
17241
2346
1120
28111
77
76
40
0
0
0
107
77
90
135
1609
283
7222
418
148
523
2677
620
129
470
1993
563
665
503
1245
712
759
552
318
4518
333
1645
152
248
250
379
615
493
4164
326
3333
729
851
1122
385
300
1804
279
665
1262
1611
2402
212
1090
1603
318
528
2917
1435
975
3032
1653
2599
985
260
747
229
500
469
751
4083
703
175
192
173
1199
609
654
1174
545
274
142
196
222
405
1442
380
123
529
248
235
4346
949
188
437
118
178
280
1213
270
462
758
124
282
1051
1824
184
1815
641
668
1524
1630
1406
1242
886
1172
445
1639
1256
1192
843
1712
2432
1829
4260
1054
1829
841
1693
1401
2645
995
1025
1036
2335
1757
7900
15036
843
1036
1678
1006
941
1483
17968
1612
5272
1733
1308
964
3039
668
1102
981
2863
820
1623
2772
824
682
2151
1048
5393
1811
573
2814
5639
3247
69
51
150
107
77
90
0
0
0
106
47
42
1018
501
134
596
860
910
192
397
829
5060
313
842
312
287
729
514
205
453
134
456
101
175
437
133
7530
342
798
375
677
2182
632
433
139
315
280
320
1336
1130
472
446
583
281
6634
520
259
499
444
334
628
572
728
292
137
360
1461
570
402
1563
1167
2070
126
319
205
417
394
1996
646
364
592
88
721
137
1861
447
2456
253
175
1024
4826
1949
5270
358
192
164
147
185
308
347
271
216
164
864
568
2878
319
373
20200
1336
8463
2157
2020
1669
1322
638
626
824
1260
575
11504
2266
761
869
1045
1002
1049
678
837
864
700
6190
26218
1172
763
1185
2583
6230
1010
1831
3296
682
1187
496
2387
937
1623
1412
1736
13546
653
676
1819
4479
1895
1446
1325
1396
10068
981
945
5607
817
1376
1975
1941
1757
3350
600
262
549
135
1609
283
106
47
42
0
0
0
1053
307
311
447
459
318
294
233
221
738
444
2624
766
13923
3029
482
1069
8105
175
217
1117
490
2061
1325
1009
4601
1947
304
421
902
3947
725
442
213
507
311
510
1261
4664
343
282
1649
965
201
709
2561
1736
306
733
10036
458
371
106
143
220
443
591
738
239
468
141
55
496
260
818
438
63
783
580
290
63
103
719
5139
1574
163
624
213
219
2155
510
1216
206
2467
607
332
575
741
889
650
3134
1599
296
532
401
731
6772
1460
21225
3902
2524
1363
1266
2131
7621
2912
1407
1206
587
918
12583
937
3994
580
501
893
1031
1324
1875
2202
1185
12728
1455
1001
946
4724
1473
1810
2162
348
1792
913
1807
2284
1204
2155
2057
1454
3527
5106
4993
1093
2161
1040
867
1272
1486
1245
617
859
1052
4146
525
1921
887
4290
222
132
188
7222
418
148
1018
501
134
1053
307
311
0
0
0
200
4416
182
72
121
352
1507
311
507
932
267
240
574
682
350
1409
332
336
1024
197
837
3924
417
735
1082
578
1777
713
4680
4231
1243
288
1153
1281
3425
1146
3037
1316
462
731
750
380
4772
731
1444
886
2341
805
3895
947
926
1137
4304
440
721
1313
1143
603
1268
1042
800
865
891
291
333
438
3074
9326
945
846
2230
964
342
456
276
457
761
835
655
1236
163
409
172
1153
1012
1262
333
235
1301
1911
360
389
594
819
589
1308
1254
1218
3713
767
349
1400
781
648
5303
5158
1568
867
9840
19502
1710
1136
800
532
907
1433
768
1874
2717
1893
1178
3612
560
1959
1103
3598
1244
2319
3679
1642
1490
769
691
6638
5080
1486
704
3037
697
1396
632
419
14797
1042
855
3836
735
4201
1292
1128
599
1295
15181
351
359
197
523
2677
620
596
860
910
447
459
318
200
4416
182
0
0
0
352
212
143
117
543
319
910
1369
2983
611
476
500
504
196
316
242
659
884
3470
1609
666
1794
2025
939
676
420
584
543
677
1334
1852
392
889
411
722
1128
450
2359
768
13604
695
643
1239
3408
1583
213
581
611
1360
1701
4518
589
4686
3732
827
2761
840
1091
7742
486
400
1702
1203
4277
711
470
240
613
913
1524
1486
1072
560
360
511
629
584
2120
638
863
346
1192
706
6652
7197
778
244
238
430
2327
1785
494
922
758
1028
886
466
1000
348
472
871
877
717
2983
901
2675
23804
7920
619
1887
12823
2522
733
2419
3263
1224
1821
2595
1378
1209
12188
2259
721
2668
1764
1273
20752
1892
6991
3817
2549
1688
636
662
388
1779
1095
20160
908
1592
2770
3883
3245
698
3234
926
815
1093
1277
1353
170
248
234
129
470
1993
192
397
829
294
233
221
72
121
352
352
212
143
0
0
0
553
302
183
278
587
678
316
257
289
1238
217
308
252
2449
741
765
795
755
564
1059
1033
643
256
5519
2464
1193
403
1154
486
434
4139
2377
907
1085
658
1549
985
1179
379
649
1987
4077
358
736
1200
754
420
784
5850
5665
3260
1086
493
275
524
2188
285
2076
633
324
5869
552
637
395
5129
1085
332
1369
2473
794
277
728
325
356
565
92
994
281
211
284
261
251
185
268
349
6117
818
944
3007
790
4170
3407
2199
4508
516
826
4962
721
1205
1116
1376
1038
1386
557
1497
763
1797
1128
2260
3984
1711
1076
489
1051
751
3121
1101
19812
2588
1409
1884
1054
1557
4048
2160
1582
2204
899
2790
2518
2474
1455
475
1082
660
1560
938
3646
607
1393
1073
1012
635
1419
1616
2274
1037
564
3735
957
563
665
503
5060
313
842
738
444
2624
1507
311
507
117
543
319
553
302
183
0
0
0
44
354
44
30
7
83
218
237
189
838
506
315
355
549
327
2525
772
875
738
1012
351
1292
1196
10213
662
314
4093
246
2140
1526
1785
293
748
11963
1593
5150
669
1371
1985
355
1133
4648
2350
460
1074
4675
4495
839
845
443
210
983
554
928
420
1272
938
584
1494
1300
5049
1276
486
889
2292
2091
1028
1353
1324
633
702
901
962
1403
440
2622
1326
1398
1556
2111
442
482
1069
2411
1321
1167
3436
355
362
637
570
209
535
436
637
322
1339
352
1849
3647
1167
9490
2992
4309
1864
1268
929
2367
2441
1243
1047
7369
1104
888
1293
771
886
29509
1143
745
1747
592
2035
2930
1095
7572
2773
1030
4529
2196
5690
961
3989
12435
1164
2599
2808
6696
2191
5207
16872
1006
1321
2431
1131
590
419
1245
712
759
312
287
729
766
13923
3029
932
267
240
910
1369
2983
278
587
678
44
354
44
0
0
0
61
42
107
169
820
479
412
795
358
1065
702
325
353
1035
269
648
541
1418
833
1348
914
3516
4229
2540
793
955
702
413
1361
1817
1734
1097
2080
916
1049
780
469
1567
1625
510
1066
1575
3675
1040
2440
12992
1127
1187
6744
2305
1168
2568
761
1120
780
1040
1471
1150
2259
4786
1695
647
9011
1386
817
848
808
833
862
466
297
7735
720
616
361
642
21415
608
1814
868
637
1288
1568
518
580
425
10851
334
462
337
1003
1562
1040
3932
543
2205
1352
1241
693
593
440
1923
2115
468
2049
766
1972
1307
3510
515
5160
1397
1036
2695
855
703
861
1794
4840
868
4139
5199
1178
1746
976
1369
4835
2006
1004
1874
3053
2710
811
825
1725
1506
7220
28799
1587
2287
1004
830
506
223
552
318
4518
514
205
453
482
1069
8105
574
682
350
611
476
500
316
257
289
30
7
83
61
42
107
0
0
0
493
288
166
209
401
2362
414
1903
707
552
1149
466
830
864
363
665
1247
895
2247
2910
666
778
1010
640
814
589
710
6790
507
380
644
9892
1337
1586
479
1074
400
779
1599
1203
16241
1965
388
644
827
1154
749
346
785
7037
1016
990
598
328
1772
20523
1394
762
1433
931
8503
5071
788
7373
728
378
1246
3291
485
2243
1043
6452
1666
2513
3148
1304
355
649
17684
4881
591
574
379
574
7334
187
399
9751
382
12710
1353
668
464
16193
1416
1058
1089
918
2232
1439
604
2211
2078
3439
757
2517
47469
2365
10967
3262
2492
752
23821
1618
1286
1832
1792
1111
1515
4049
1929
1538
1174
5862
4179
3201
1730
2260
923
31255
524
2896
794
1077
509
969
501
2243
224
201
113
333
1645
152
134
456
101
175
217
1117
1409
332
336
504
196
316
1238
217
308
218
237
189
169
820
479
493
288
166
0
0
0
172
39
189
1874
231
434
379
8916
1614
199
313
202
394
558
217
410
410
889
850
1064
572
810
223
422
1007
5062
682
1714
1676
1760
262
599
824
11428
281
205
2978
4162
444
2498
370
1014
846
527
580
3273
314
1405
719
3055
1024
801
708
356
282
166
816
1110
213
2078
374
478
1374
2301
822
1113
737
6025
1728
364
1328
3555
413
1206
1832
631
880
1535
690
3250
2379
594
628
929
1866
1293
4009
1031
425
1452
4664
2163
2272
1436
560
4426
5695
2422
1546
2118
918
1039
2835
798
1810
14887
1630
1486
827
3907
3993
10982
3134
1188
739
2045
1081
1020
3962
864
1282
1263
458
16516
983
1209
1148
1655
917
18923
766
1895
998
1524
12625
118
298
229
248
250
379
175
437
133
490
2061
1325
1024
197
837
242
659
884
252
2449
741
838
506
315
412
795
358
209
401
2362
172
39
189
0
0
0
1137
361
382
775
224
609
185
814
97
76
283
360
405
388
315
1327
352
437
391
289
295
397
282
254
362
1255
1152
329
324
333
560
1428
621
1452
1785
694
910
287
696
510
1023
6002
4555
723
426
1244
1442
405
1127
592
607
197
1190
818
1316
531
971
716
466
3342
289
1370
424
820
583
660
837
1021
4064
462
372
322
766
1398
569
879
910
734
14677
1905
1837
537
2295
3386
777
5698
1255
3488
419
1615
2978
1649
1520
633
2261
2276
1990
905
3195
590
717
1196
1917
1841
1979
2817
27874
2434
565
1497
1080
2637
2172
1642
8672
10325
3679
325
638
871
2079
2383
1451
1551
2309
1655
1541
2950
750
2188
1156
983
866
550
599
615
493
4164
7530
342
798
1009
4601
1947
3924
417
735
3470
1609
666
765
795
755
355
549
327
1065
702
325
414
1903
707
1874
231
434
1137
361
382
0
0
0
72
54
75
130
255
70
1539
333
447
1856
1458
2263
1193
938
356
625
1417
242
341
736
573
6260
358
2974
225
1801
834
551
458
2149
810
585
751
845
501
728
1436
846
532
235
530
983
1146
4399
1012
1463
1356
1694
2914
611
1363
5347
1444
1042
490
1039
5420
4148
664
1039
4212
563
1427
720
700
894
1469
2722
1121
749
2678
9053
5994
883
2072
1030
770
533
1195
449
927
919
1122
3337
1692
961
893
981
498
6915
954
518
853
15742
1062
2430
2286
279
25323
1322
1793
792
920
2339
481
3417
1340
5677
2452
2175
4501
4241
2585
4199
890
1956
1441
1095
3273
3240
2091
1475
2793
1650
27063
3747
829
791
1858
759
896
598
326
3333
729
375
677
2182
304
421
902
1082
578
1777
1794
2025
939
564
1059
1033
2525
772
875
353
1035
269
552
1149
466
379
8916
1614
775
224
609
72
54
75
0
0
0
127
63
80
827
5434
470
1144
636
1151
302
299
1041
342
368
546
375
15028
130
5169
620
1651
815
4465
1151
2250
796
259
4177
4411
857
1011
1871
9032
1398
1237
1062
1249
667
3421
457
1178
881
1070
1008
585
592
3996
1149
2680
10746
2034
1282
576
760
843
2840
320
1089
3425
536
818
1520
3206
1249
6274
2294
6205
2097
2319
2838
1223
768
625
577
539
547
626
792
2652
516
8158
1270
1864
1940
1163
8516
5340
715
777
861
699
391
952
889
1290
411
1466
804
749
4002
885
3002
1512
1519
1371
2405
1569
658
1219
2821
1439
2984
7139
12513
1465
3968
4400
1478
5282
1026
24546
3691
949
682
785
690
270
1088
503
851
1122
385
632
433
139
3947
725
442
713
4680
4231
676
420
584
643
256
5519
738
1012
351
648
541
1418
830
864
363
199
313
202
185
814
97
130
255
70
127
63
80
0
0
0
291
998
444
2985
2826
609
410
1351
177
575
1453
1480
675
636
117
529
1555
6657
5338
583
345
7020
194
1504
276
601
800
1053
974
2545
1003
817
358
333
3720
727
2363
632
850
703
385
642
4115
220
697
3024
2645
1596
2015
818
877
362
908
819
772
510
2051
1062
1019
707
1256
1106
1525
3370
961
1379
1591
11227
997
821
707
536
1655
794
2382
1400
3049
1789
3654
2757
2223
1196
940
563
2660
555
1430
847
553
1857
518
2435
1688
810
3188
1818
1043
2095
464
3870
2198
1420
1041
3576
1171
617
1305
13339
4377
3300
1063
1757
10240
2749
3640
445
17169
2290
20048
4087
3651
1320
14946
195
273
251
300
1804
279
315
280
320
213
507
311
1243
288
1153
543
677
1334
2464
1193
403
1292
1196
10213
833
1348
914
665
1247
895
394
558
217
76
283
360
1539
333
447
827
5434
470
291
998
444
0
0
0
113
117
1982
101
459
272
201
339
184
107
1568
81
131
1170
279
47
835
182
144
147
388
226
266
704
166
280
572
361
2465
963
558
461
616
183
321
1853
3443
423
632
856
2360
273
1204
537
2211
346
396
1601
1093
825
528
661
1141
936
417
1074
1044
1268
818
1003
15657
1872
1877
607
2227
1142
2249
583
1860
1343
1106
2350
2627
1041
813
1857
1342
2760
801
700
800
919
5809
2433
735
530
3797
692
5402
4408
2987
574
5362
1315
837
718
50971
3951
2389
1573
955
2688
1166
947
1820
4123
1893
15494
2678
1954
3945
27234
6336
4049
3670
10653
1410
2325
999
1076
1416
294
732
665
1262
1611
1336
1130
472
510
1261
4664
1281
3425
1146
1852
392
889
1154
486
434
662
314
4093
3516
4229
2540
2247
2910
666
410
410
889
405
388
315
1856
1458
2263
1144
636
1151
2985
2826
609
113
117
1982
0
0
0
130
66
42
132
86
158
138
565
560
445
474
196
231
319
5555
242
229
679
643
147
303
450
323
1162
1786
7208
483
569
177
462
3043
493
1116
7206
1211
747
1405
1507
601
471
1657
888
689
1225
890
797
1112
1175
808
2048
1073
727
933
1151
998
4168
3447
3013
2230
1089
1158
1276
4861
4910
1168
8847
1372
2279
1685
997
2822
2516
548
936
4836
922
301
478
566
409
1920
763
1415
671
1516
3060
296
551
612
6792
1970
231
1999
1737
850
413
1139
633
3261
1982
2474
10418
1417
822
1010
1419
2857
1782
24275
4879
1373
7926
40197
9328
944
1932
461
798
388
652
2402
212
1090
446
583
281
343
282
1649
3037
1316
462
411
722
1128
4139
2377
907
246
2140
1526
793
955
702
778
1010
640
850
1064
572
1327
352
437
1193
938
356
302
299
1041
410
1351
177
101
459
272
130
66
42
0
0
0
28
470
120
101
50
100
709
472
2256
1043
277
277
333
253
1002
1215
3996
276
454
539
562
360
1590
672
588
489
698
1820
609
5549
634
1161
3509
579
2054
926
533
883
871
1069
5238
1246
724
531
16373
445
6515
812
1154
5455
631
1234
4454
866
1502
1359
3734
5725
1703
6929
3923
888
746
666
7312
2478
13964
1993
3365
722
6199
2213
519
366
16199
4159
928
4949
782
928
548
1022
875
468
550
525
746
1703
480
5930
1252
1084
773
1413
1308
749
4946
5375
1129
2063
1610
4508
2612
21462
5554
8069
1078
6937
2729
9779
11696
882
11684
2215
464
1156
607
1603
318
528
6634
520
259
965
201
709
731
750
380
450
2359
768
1085
658
1549
1785
293
748
413
1361
1817
814
589
710
810
223
422
391
289
295
625
1417
242
342
368
546
575
1453
1480
201
339
184
132
86
158
28
470
120
0
0
0
50
195
42
185
240
212
163
570
789
285
3610
1034
2388
711
257
582
2152
685
1522
890
1449
207
673
934
527
852
377
1955
4776
796
695
1575
343
1050
1573
1210
5348
683
313
4822
265
1644
2169
1240
1219
337
899
686
2810
951
1097
8634
1246
4800
3132
1721
3048
1202
3257
1240
481
15597
2555
7693
1241
2573
1066
1413
11514
315
562
12081
1188
1229
957
656
2740
454
785
7123
3030
2229
1991
1760
526
694
2129
2735
1846
911
5592
778
1111
1025
2669
8806
1486
1775
2045
6399
885
1171
1008
1886
1087
4592
9878
1633
782
890
1698
854
565
372
2917
1435
975
499
444
334
2561
1736
306
4772
731
1444
13604
695
643
985
1179
379
11963
1593
5150
1734
1097
2080
6790
507
380
1007
5062
682
397
282
254
341
736
573
375
15028
130
675
636
117
107
1568
81
138
565
560
101
50
100
50
195
42
0
0
0
1078
243
200
2408
1666
395
295
2239
2202
335
726
3938
458
723
631
437
830
1448
486
3048
882
8052
752
419
2135
551
1026
731
3648
370
2025
2511
1031
1007
1724
707
783
2036
485
1352
737
1003
664
537
1957
2639
1046
710
1424
3438
2216
2077
1657
794
5269
816
837
4428
6341
1571
2978
906
3651
1849
4035
7455
1024
624
579
387
977
722
439
322
2201
919
2706
2478
413
1695
949
1584
1052
703
412
1407
1485
4800
1466
2280
1186
3257
1762
1676
2225
1554
1481
1133
11706
1315
1142
1430
1098
17789
3232
926
686
10941
15708
1530
7640
3032
1653
2599
628
572
728
733
10036
458
886
2341
805
1239
3408
1583
649
1987
4077
669
1371
1985
916
1049
780
644
9892
1337
1714
1676
1760
362
1255
1152
6260
358
2974
5169
620
1651
529
1555
6657
131
1170
279
445
474
196
709
472
2256
185
240
212
1078
243
200
0
0
0
1466
293
379
107
295
289
35
2038
565
546
499
1057
1141
283
216
168
177
1158
198
4132
392
878
625
788
654
588
3718
567
3389
744
530
2256
1167
1858
530
1209
1160
2535
472
747
510
863
808
3021
1557
5987
3020
2104
1110
4211
5109
2884
751
2599
1812
6804
1119
9344
3609
2095
1101
704
4602
346
899
1690
677
2396
1694
9262
10884
5180
715
1016
1631
2519
2026
439
423
3443
198
1759
680
1630
596
4561
2002
1183
1144
1137
961
781
584
1253
9622
12885
1522
3863
1940
1856
2198
3076
2808
3936
1124
389
1250
735
985
260
747
292
137
360
371
106
143
3895
947
926
213
581
611
358
736
1200
355
1133
4648
469
1567
1625
1586
479
1074
262
599
824
329
324
333
225
1801
834
815
4465
1151
5338
583
345
47
835
182
231
319
5555
1043
277
277
163
570
789
2408
1666
395
1466
293
379
0
0
0
259
99
102
396
1024
325
122
213
158
1610
2726
301
218
844
1059
131
151
137
452
1409
1471
3078
592
2577
732
647
628
192
227
723
972
2422
593
1421
1207
1893
612
963
1567
7678
3324
1028
884
3253
3753
5030
6196
3247
5747
1318
1380
948
1646
891
8179
600
812
1896
1423
6077
804
1556
583
3009
1015
2203
764
1070
403
1740
3011
9885
976
1134
2193
457
709
570
1132
16738
3199
2036
1153
1160
1075
1959
3737
4552
22142
837
725
1676
1144
1237
2113
1910
648
1667
4037
2526
2680
2906
3020
291
348
229
500
469
1461
570
402
220
443
591
1137
4304
440
1360
1701
4518
754
420
784
2350
460
1074
510
1066
1575
400
779
1599
11428
281
205
560
1428
621
551
458
2149
2250
796
259
7020
194
1504
144
147
388
242
229
679
333
253
1002
285
3610
1034
295
2239
2202
107
295
289
259
99
102
0
0
0
157
499
233
128
398
461
775
181
292
627
296
273
254
259
577
737
325
2449
836
198
583
542
4310
783
654
447
580
4985
475
477
822
297
831
998
806
809
1997
11191
1865
1304
8443
41649
1259
1151
942
1423
2645
2554
513
1645
1553
3352
13533
5401
666
20004
19261
355
3665
510
1158
1021
759
2075
2526
669
1291
1084
1707
3383
1561
1292
1199
1097
941
12414
5477
1098
1750
890
1508
836
1120
2379
5147
3232
20087
1823
6771
1862
2498
1649
4763
5896
3595
1228
31342
1921
1944
1327
2260
1949
751
4083
703
1563
1167
2070
738
239
468
721
1313
1143
589
4686
3732
5850
5665
3260
4675
4495
839
3675
1040
2440
1203
16241
1965
2978
4162
444
1452
1785
694
810
585
751
4177
4411
857
276
601
800
226
266
704
643
147
303
1215
3996
276
2388
711
257
335
726
3938
35
2038
565
396
1024
325
157
499
233
0
0
0
160
955
424
3356
681
202
1557
260
240
585
11332
644
531
3545
635
459
403
344
532
1025
888
3104
756
384
1027
501
14687
756
1804
1731
847
3335
3006
752
707
13316
2113
3494
815
34859
2909
3712
2919
876
11965
2531
1542
2522
2923
4681
2274
664
720
1130
362
1143
389
3617
1134
2460
798
434
267
2627
4068
1052
734
3821
4934
646
1047
2906
1711
3381
958
1650
3484
895
1040
32094
6949
3937
630
7145
1474
1420
3926
13271
5908
5309
1981
1928
2312
1897
8386
2347
533
205
936
175
192
173
126
319
205
141
55
496
603
1268
1042
827
2761
840
1086
493
275
845
443
210
12992
1127
1187
388
644
827
2498
370
1014
910
287
696
845
501
728
1011
1871
9032
1053
974
2545
166
280
572
450
323
1162
454
539
562
582
2152
685
458
723
631
546
499
1057
122
213
158
128
398
461
160
955
424
0
0
0
643
119
160
58
398
203
599
567
62
274
227
369
2803
1935
212
393
804
6026
258
160
142
551
828
505
302
577
1537
519
528
901
1809
1714
1113
1263
2191
11288
1262
1623
1542
1093
7611
1099
1714
999
873
1513
1144
1165
926
1319
2766
2328
2274
718
1811
1351
804
2032
8769
503
6141
926
4677
3421
753
1218
1592
595
706
1159
1227
1223
648
509
1596
1146
1010
6306
1476
1255
691
2286
4533
3877
778
1522
1343
2034
1179
2499
1852
2484
3178
1206
322
13022
1199
609
654
417
394
1996
260
818
438
800
865
891
1091
7742
486
524
2188
285
983
554
928
6744
2305
1168
1154
749
346
846
527
580
510
1023
6002
1436
846
532
1398
1237
1062
1003
817
358
361
2465
963
1786
7208
483
360
1590
672
1522
890
1449
437
830
1448
1141
283
216
1610
2726
301
775
181
292
3356
681
202
643
119
160
0
0
0
127
80
177
108
137
377
276
188
637
462
1644
1113
348
922
1383
153
248
388
614
923
367
906
476
777
5551
636
1523
607
1581
769
1570
1534
25254
991
1147
1187
2183
695
7724
1565
764
2715
6573
499
8498
1257
1268
1438
393
1294
4690
1259
1034
956
598
709
1074
1425
2960
1909
33054
2107
1121
312
1875
539
1483
1798
2720
1496
4827
4644
2008
1156
1628
733
859
1242
4308
1396
9907
647
5984
1454
1078
1614
1620
2664
2828
3432
488
792
1577
1174
545
274
646
364
592
63
783
580
291
333
438
400
1702
1203
2076
633
324
420
1272
938
2568
761
1120
785
7037
1016
3273
314
1405
4555
723
426
235
530
983
1249
667
3421
333
3720
727
558
461
616
569
177
462
588
489
698
207
673
934
486
3048
882
168
177
1158
218
844
1059
627
296
273
1557
260
240
58
398
203
127
80
177
0
0
0
93
94
204
146
346
380
245
127
1582
249
1083
392
259
534
125
667
5170
1745
613
1259
2631
850
1016
1008
1352
7677
412
4368
1054
1952
2237
1396
1138
1093
1048
6228
853
6730
1131
1796
913
1686
1448
2213
5051
807
1184
510
1623
12570
17364
2632
211
1567
12740
5917
806
3965
1489
2829
1657
1348
2870
672
1319
1209
1042
19451
705
1480
1408
7491
514
1304
7070
1017
1794
11574
2208
1904
963
7253
483
6773
2293
1906
1746
2731
970
173
142
196
222
88
721
137
290
63
103
3074
9326
945
4277
711
470
5869
552
637
584
1494
1300
780
1040
1471
990
598
328
719
3055
1024
1244
1442
405
1146
4399
1012
457
1178
881
2363
632
850
183
321
1853
3043
493
1116
1820
609
5549
527
852
377
8052
752
419
198
4132
392
131
151
137
254
259
577
585
11332
644
599
567
62
108
137
377
93
94
204
0
0
0
253
719
363
273
213
215
230
204
267
1285
161
164
3419
397
1214
1730
1624
4938
422
964
341
428
370
694
1707
2400
1035
3849
13277
6564
39907
1509
20793
690
1359
1354
1757
908
647
2690
889
529
937
4508
1812
1599
7546
1611
673
522
4060
3293
12087
3841
1378
2684
1163
689
637
4544
920
2093
10001
641
663
7188
2529
6791
2637
2326
725
4003
6138
1396
907
615
8684
4470
3563
1604
6068
4206
2136
2020
1593
485
486
405
1442
380
1861
447
2456
719
5139
1574
846
2230
964
240
613
913
395
5129
1085
5049
1276
486
1150
2259
4786
1772
20523
1394
801
708
356
1127
592
607
1463
1356
1694
1070
1008
585
703
385
642
3443
423
632
7206
1211
747
634
1161
3509
1955
4776
796
2135
551
1026
878
625
788
452
1409
1471
737
325
2449
531
3545
635
274
227
369
276
188
637
146
346
380
253
719
363
0
0
0
271
308
223
160
271
2155
211
2108
263
253
945
307
390
1211
692
197
473
189
1150
1219
717
1002
818
10295
562
1083
12375
1272
2167
1857
1777
5715
986
956
743
829
3406
40405
4235
849
9385
10968
3353
3801
18529
3215
1007
1030
3864
1704
1386
6292
2256
1390
1596
1269
1772
1334
1902
1064
494
1487
1954
1014
2970
1571
495
4307
3456
310
524
692
1485
921
1002
357
635
321
832
2679
1745
550
106
411
123
529
248
253
175
1024
163
624
213
342
456
276
1524
1486
1072
332
1369
2473
889
2292
2091
1695
647
9011
762
1433
931
282
166
816
197
1190
818
2914
611
1363
592
3996
1149
4115
220
697
856
2360
273
1405
1507
601
579
2054
926
695
1575
343
731
3648
370
654
588
3718
3078
592
2577
836
198
583
459
403
344
2803
1935
212
462
1644
1113
245
127
1582
273
213
215
271
308
223
0
0
0
232
741
270
137
83
28
179
420
171
190
775
386
316
195
341
2276
173
307
2281
2613
1183
605
1158
3993
640
1292
1249
909
1160
503
2218
702
828
24748
1153
2018
1677
3101
670
2811
16031
2540
973
1072
598
7252
2309
5583
800
7286
6294
1786
1854
747
1275
1693
1101
754
522
1398
1360
649
1623
19126
359
1610
723
389
547
1624
5752
763
1621
467
406
6364
2186
3979
1092
868
1279
235
4346
949
4826
1949
5270
219
2155
510
457
761
835
560
360
511
794
277
728
1028
1353
1324
1386
817
848
8503
5071
788
1110
213
2078
1316
531
971
5347
1444
1042
2680
10746
2034
3024
2645
1596
1204
537
2211
471
1657
888
533
883
871
1050
1573
1210
2025
2511
1031
567
3389
744
732
647
628
542
4310
783
532
1025
888
393
804
6026
348
922
1383
249
1083
392
230
204
267
160
271
2155
232
741
270
0
0
0
359
267
220
1231
369
500
491
638
1864
471
239
249
398
4213
503
12857
3791
2145
1219
1931
34954
869
1807
1198
761
9209
691
789
965
768
1522
961
1417
1336
1410
10038
2788
1723
1517
681
3733
1572
936
1718
959
1799
6514
998
1299
2617
1290
22460
13693
1276
1073
617
447
3133
2526
696
768
905
6467
493
4766
1724
3193
660
818
576
824
1120
51528
942
1224
422
231
336
188
437
118
358
192
164
1216
206
2467
655
1236
163
629
584
2120
325
356
565
633
702
901
808
833
862
7373
728
378
374
478
1374
716
466
3342
490
1039
5420
1282
576
760
2015
818
877
346
396
1601
689
1225
890
1069
5238
1246
5348
683
313
1007
1724
707
530
2256
1167
192
227
723
654
447
580
3104
756
384
258
160
142
153
248
388
259
534
125
1285
161
164
211
2108
263
137
83
28
359
267
220
0
0
0
311
153
288
1743
427
967
733
404
632
204
968
2687
4902
1568
2100
2194
5661
1530
1043
1906
3699
622
16604
1580
9947
648
1159
1467
1612
2901
323
1369
1640
13384
8101
1274
551
1593
1922
1168
473
6512
1271
457
2053
365
1110
885
1781
1460
3223
2967
969
1014
2791
1426
969
1357
922
4893
1340
6171
8608
859
711
704
1526
1485
1558
5722
1285
4123
307
408
308
178
280
1213
147
185
308
607
332
575
409
172
1153
638
863
346
92
994
281
962
1403
440
466
297
7735
1246
3291
485
2301
822
1113
289
1370
424
4148
664
1039
843
2840
320
362
908
819
1093
825
528
797
1112
1175
724
531
16373
4822
265
1644
783
2036
485
1858
530
1209
972
2422
593
4985
475
477
1027
501
14687
551
828
505
614
923
367
667
5170
1745
3419
397
1214
253
945
307
179
420
171
1231
369
500
311
153
288
0
0
0
264
247
322
457
305
150
147
57
88
1466
599
1202
1315
435
779
877
1856
1014
1493
1556
903
761
572
4104
3728
25843
892
2345
3094
3051
2063
5054
1250
2301
1863
1825
2415
2494
960
1469
2211
2571
986
1989
2441
1823
9247
5053
3309
922
1631
408
3080
1477
372
566
948
961
3960
14483
1827
454
1004
1180
3816
645
34397
10906
47126
1128
2610
3343
270
462
758
347
271
216
741
889
650
1012
1262
333
1192
706
6652
211
284
261
2622
1326
1398
720
616
361
2243
1043
6452
737
6025
1728
820
583
660
4212
563
1427
1089
3425
536
772
510
2051
661
1141
936
808
2048
1073
445
6515
812
2169
1240
1219
1352
737
1003
1160
2535
472
1421
1207
1893
822
297
831
756
1804
1731
302
577
1537
906
476
777
613
1259
2631
1730
1624
4938
390
1211
692
190
775
386
491
638
1864
1743
427
967
264
247
322
0
0
0
373
212
575
87
3182
35
1851
1100
2019
968
1256
1935
1199
552
518
480
1690
841
3661
3116
1571
3164
828
4715
1064
5559
22331
1651
8059
1051
1893
4032
11507
15145
1998
2847
1148
1429
7418
2523
1269
1563
4410
1447
1540
809
626
577
2680
2305
1586
305
806
687
836
1176
12032
1188
1629
1199
4047
4292
400
1417
1689
4196
827
672
359
124
282
1051
164
864
568
3134
1599
296
235
1301
1911
7197
778
244
251
185
268
1556
2111
442
642
21415
608
1666
2513
3148
364
1328
3555
837
1021
4064
720
700
894
818
1520
3206
1062
1019
707
417
1074
1044
727
933
1151
1154
5455
631
337
899
686
664
537
1957
747
510
863
612
963
1567
998
806
809
847
3335
3006
519
528
901
5551
636
1523
850
1016
1008
422
964
341
197
473
189
316
195
341
471
239
249
733
404
632
457
305
150
373
212
575
0
0
0
175
587
79
2564
12691
967
532
8897
505
7610
3104
6561
579
3229
995
10459
4272
21254
1158
1113
2004
969
1164
3076
760
1461
1835
693
2828
3186
980
2780
3089
16605
23261
2190
9708
836
1270
5832
3489
1096
869
531
685
13689
3932
8163
1094
1220
986
517
408
2170
3107
2443
2346
478
1431
1590
3772
1422
4179
2525
1936
7819
1824
184
1815
2878
319
373
532
401
731
360
389
594
238
430
2327
349
6117
818
482
1069
2411
1814
868
637
1304
355
649
413
1206
1832
462
372
322
1469
2722
1121
1249
6274
2294
1256
1106
1525
1268
818
1003
998
4168
3447
1234
4454
866
2810
951
1097
2639
1046
710
808
3021
1557
7678
3324
1028
1997
11191
1865
752
707
13316
1809
1714
1113
607
1581
769
1352
7677
412
428
370
694
1150
1219
717
2276
173
307
398
4213
503
204
968
2687
147
57
88
87
3182
35
175
587
79
0
0
0
2892
1316
647
1378
716
3994
957
1303
1311
1015
1255
1669
594
900
775
1932
1425
606
1833
982
6780
1118
8931
3137
2498
5659
682
1750
1294
3005
3555
2448
1533
5809
5512
3985
3342
1821
1590
719
3852
1208
2420
5129
2362
281
522
4924
4528
601
258
474
1177
465
1560
2186
636
1973
3576
782
9735
937
1110
641
668
1524
20200
1336
8463
6772
1460
21225
819
589
1308
1785
494
922
944
3007
790
1321
1167
3436
1288
1568
518
17684
4881
591
631
880
1535
766
1398
569
749
2678
9053
6205
2097
2319
3370
961
1379
15657
1872
1877
3013
2230
1089
1502
1359
3734
8634
1246
4800
1424
3438
2216
5987
3020
2104
884
3253
3753
1304
8443
41649
2113
3494
815
1263
2191
11288
1570
1534
25254
4368
1054
1952
1707
2400
1035
1002
818
10295
2281
2613
1183
12857
3791
2145
4902
1568
2100
1466
599
1202
1851
1100
2019
2564
12691
967
2892
1316
647
0
0
0
3082
249
450
1188
884
1008
312
628
1320
7967
652
438
1524
1673
34433
2539
2091
3930
2984
1550
2446
1936
5313
5076
4351
1950
2259
4940
5246
13986
7599
3410
4208
2351
5325
4095
5071
2892
2889
153
50
364
1379
1778
1323
1926
1178
504
2893
641
354
3769
388
1611
3929
2220
1180
1929
21392
896
1630
1406
1242
2157
2020
1669
3902
2524
1363
1254
1218
3713
758
1028
886
4170
3407
2199
355
362
637
580
425
10851
574
379
574
690
3250
2379
879
910
734
5994
883
2072
2838
1223
768
1591
11227
997
607
2227
1142
1158
1276
4861
5725
1703
6929
3132
1721
3048
2077
1657
794
1110
4211
5109
5030
6196
3247
1259
1151
942
34859
2909
3712
1262
1623
1542
991
1147
1187
2237
1396
1138
3849
13277
6564
562
1083
12375
605
1158
3993
1219
1931
34954
2194
5661
1530
1315
435
779
968
1256
1935
532
8897
505
1378
716
3994
3082
249
450
0
0
0
483
1243
985
376
323
1107
461
150
550
5347
1110
4561
2780
5485
3937
10641
1765
5218
8903
1094
2309
5114
2793
27585
1872
3335
14602
2164
773
9250
2673
1166
9914
755
3647
1911
140
313
622
3107
4795
5710
860
986
8038
1056
427
1069
9039
2194
1999
965
871
1380
1661
7497
1346
886
1172
445
1322
638
626
1266
2131
7621
767
349
1400
466
1000
348
4508
516
826
570
209
535
334
462
337
7334
187
399
594
628
929
14677
1905
1837
1030
770
533
625
577
539
821
707
536
2249
583
1860
4910
1168
8847
3923
888
746
1202
3257
1240
5269
816
837
2884
751
2599
5747
1318
1380
1423
2645
2554
2919
876
11965
1093
7611
1099
2183
695
7724
1093
1048
6228
39907
1509
20793
1272
2167
1857
640
1292
1249
869
1807
1198
1043
1906
3699
877
1856
1014
1199
552
518
7610
3104
6561
957
1303
1311
1188
884
1008
483
1243
985
0
0
0
205
213
617
782
789
475
4837
1633
1339
1225
2878
1164
1405
1659
1150
4951
3948
1079
745
1618
8786
4565
5109
24141
6868
1274
21374
6739
3638
1355
11666
3409
3723
585
1779
1183
1380
1752
6779
1943
976
2609
663
1229
2122
7896
2683
5464
3202
5219
3612
1406
1296
1817
1639
1256
1192
824
1260
575
2912
1407
1206
781
648
5303
472
871
877
4962
721
1205
436
637
322
1003
1562
1040
9751
382
12710
1866
1293
4009
537
2295
3386
1195
449
927
547
626
792
1655
794
2382
1343
1106
2350
1372
2279
1685
666
7312
2478
481
15597
2555
4428
6341
1571
1812
6804
1119
948
1646
891
513
1645
1553
2531
1542
2522
1714
999
873
1565
764
2715
853
6730
1131
690
1359
1354
1777
5715
986
909
1160
503
761
9209
691
622
16604
1580
1493
1556
903
480
1690
841
579
3229
995
1015
1255
1669
312
628
1320
376
323
1107
205
213
617
0
0
0
1687
2124
2646
1003
2358
6834
953
1029
996
1578
1005
1448
1545
1166
20874
21444
2670
2096
6432
22440
2039
6419
11701
9572
3369
4723
8996
8673
2067
1421
1422
715
344
425
1355
698
15194
5867
2330
995
858
1113
1752
4629
2680
20593
889
448
1617
1797
457
843
1712
2432
11504
2266
761
587
918
12583
5158
1568
867
717
2983
901
1116
1376
1038
1339
352
1849
3932
543
2205
1353
668
464
1031
425
1452
777
5698
1255
919
1122
3337
2652
516
8158
1400
3049
1789
2627
1041
813
997
2822
2516
13964
1993
3365
7693
1241
2573
2978
906
3651
9344
3609
2095
8179
600
812
3352
13533
5401
2923
4681
2274
1513
1144
1165
6573
499
8498
1796
913
1686
1757
908
647
956
743
829
2218
702
828
789
965
768
9947
648
1159
761
572
4104
3661
3116
1571
10459
4272
21254
594
900
775
7967
652
438
461
150
550
782
789
475
1687
2124
2646
0
0
0
2559
1012
811
1913
3157
2163
6586
1289
1410
1328
1446
3340
2159
4651
1824
4401
993
4565
1538
1316
2196
1785
5360
1959
896
5077
2803
145
1114
2419
2529
7847
374
10796
2372
9867
543
2826
448
1422
12067
4218
687
4394
2457
6459
1222
13111
1829
4260
1054
869
1045
1002
937
3994
580
9840
19502
1710
2675
23804
7920
1386
557
1497
3647
1167
9490
1352
1241
693
16193
1416
1058
4664
2163
2272
3488
419
1615
1692
961
893
1270
1864
1940
3654
2757
2223
1857
1342
2760
548
936
4836
722
6199
2213
1066
1413
11514
1849
4035
7455
1101
704
4602
1896
1423
6077
666
20004
19261
664
720
1130
926
1319
2766
1257
1268
1438
1448
2213
5051
2690
889
529
3406
40405
4235
24748
1153
2018
1522
961
1417
1467
1612
2901
3728
25843
892
3164
828
4715
1158
1113
2004
1932
1425
606
1524
1673
34433
5347
1110
4561
4837
1633
1339
1003
2358
6834
2559
1012
811
0
0
0
148
1201
687
1871
1205
6181
531
584
249
373
1437
775
241
4921
277
205
232
149
459
643
4052
1916
4277
1757
2659
1012
5131
1501
11086
3237
2311
1845
1819
63768
1967
48009
7443
1997
1873
3533
897
1676
1497
2388
1872
1829
841
1693
1049
678
837
501
893
1031
1136
800
532
619
1887
12823
763
1797
1128
2992
4309
1864
593
440
1923
1089
918
2232
1436
560
4426
2978
1649
1520
981
498
6915
1163
8516
5340
1196
940
563
801
700
800
922
301
478
519
366
16199
315
562
12081
1024
624
579
346
899
1690
804
1556
583
355
3665
510
362
1143
389
2328
2274
718
393
1294
4690
807
1184
510
937
4508
1812
849
9385
10968
1677
3101
670
1336
1410
10038
323
1369
1640
2345
3094
3051
1064
5559
22331
969
1164
3076
1833
982
6780
2539
2091
3930
2780
5485
3937
1225
2878
1164
953
1029
996
1913
3157
2163
148
1201
687
0
0
0
1404
1766
1709
92
59
86
1946
612
313
928
884
304
475
292
377
475
11759
655
2637
1400
1290
15564
1622
5603
2026
2898
6651
1635
14708
7486
1380
756
45178
1903
3755
11758
3913
2825
9373
1688
1491
3004
1401
2645
995
864
700
6190
1324
1875
2202
907
1433
768
2522
733
2419
2260
3984
1711
1268
929
2367
2115
468
2049
1439
604
2211
5695
2422
1546
633
2261
2276
954
518
853
715
777
861
2660
555
1430
919
5809
2433
566
409
1920
4159
928
4949
1188
1229
957
387
977
722
677
2396
1694
3009
1015
2203
1158
1021
759
3617
1134
2460
1811
1351
804
1259
1034
956
1623
12570
17364
1599
7546
1611
3353
3801
18529
2811
16031
2540
2788
1723
1517
13384
8101
1274
2063
5054
1250
1651
8059
1051
760
1461
1835
1118
8931
3137
2984
1550
2446
10641
1765
5218
1405
1659
1150
1578
1005
1448
6586
1289
1410
1871
1205
6181
1404
1766
1709
0
0
0
1798
4771
2974
640
1433
1777
7250
2625
1604
1132
2169
1067
5178
2352
5603
3025
3524
14146
2250
6430
3931
3327
23712
4742
1433
4197
1685
1938
1131
924
12631
2005
7736
291
3558
262
1390
2106
16949
1025
1036
2335
26218
1172
763
1185
12728
1455
1874
2717
1893
3263
1224
1821
1076
489
1051
2441
1243
1047
766
1972
1307
2078
3439
757
2118
918
1039
1990
905
3195
15742
1062
2430
699
391
952
847
553
1857
735
530
3797
763
1415
671
782
928
548
656
2740
454
439
322
2201
9262
10884
5180
764
1070
403
2075
2526
669
798
434
267
2032
8769
503
598
709
1074
2632
211
1567
673
522
4060
3215
1007
1030
973
1072
598
681
3733
1572
551
1593
1922
2301
1863
1825
1893
4032
11507
693
2828
3186
2498
5659
682
1936
5313
5076
8903
1094
2309
4951
3948
1079
1545
1166
20874
1328
1446
3340
531
584
249
92
59
86
1798
4771
2974
0
0
0
6876
515
504
680
1700
396
204
68
176
480
738
296
1458
7001
2253
1764
4317
3772
9456
996
779
4178
1049
2898
2504
2388
2972
1547
3005
7174
2642
1312
6706
1367
17587
1719
1757
7900
15036
1185
2583
6230
1001
946
4724
1178
3612
560
2595
1378
1209
751
3121
1101
7369
1104
888
3510
515
5160
2517
47469
2365
2835
798
1810
590
717
1196
2286
279
25323
889
1290
411
518
2435
1688
692
5402
4408
1516
3060
296
1022
875
468
785
7123
3030
919
2706
2478
715
1016
1631
1740
3011
9885
1291
1084
1707
2627
4068
1052
6141
926
4677
1425
2960
1909
12740
5917
806
3293
12087
3841
3864
1704
1386
7252
2309
5583
936
1718
959
1168
473
6512
2415
2494
960
15145
1998
2847
980
2780
3089
1750
1294
3005
4351
1950
2259
5114
2793
27585
745
1618
8786
21444
2670
2096
2159
4651
1824
373
1437
775
1946
612
313
640
1433
1777
6876
515
504
0
0
0
732
1691
2410
1583
1173
2539
1164
12535
999
3493
10191
9597
3195
2530
6210
1969
2111
1663
20933
1425
5968
13405
1678
3425
7956
1879
3176
1093
3295
799
4125
1250
1907
843
1036
1678
1010
1831
3296
1473
1810
2162
1959
1103
3598
12188
2259
721
19812
2588
1409
1293
771
886
1397
1036
2695
10967
3262
2492
14887
1630
1486
1917
1841
1979
1322
1793
792
1466
804
749
810
3188
1818
2987
574
5362
551
612
6792
550
525
746
2229
1991
1760
413
1695
949
2519
2026
439
976
1134
2193
3383
1561
1292
734
3821
4934
3421
753
1218
33054
2107
1121
3965
1489
2829
1378
2684
1163
6292
2256
1390
800
7286
6294
1799
6514
998
1271
457
2053
1469
2211
2571
1148
1429
7418
16605
23261
2190
3555
2448
1533
4940
5246
13986
1872
3335
14602
4565
5109
24141
6432
22440
2039
4401
993
4565
241
4921
277
928
884
304
7250
2625
1604
680
1700
396
732
1691
2410
0
0
0
187
2442
225
75
616
227
1463
2597
1937
18931
30207
2258
804
49791
1768
3233
3939
740
3150
12089
6778
1356
3851
1452
14393
1437
1275
8530
1117
1550
1006
941
1483
682
1187
496
348
1792
913
1244
2319
3679
2668
1764
1273
1884
1054
1557
29509
1143
745
855
703
861
752
23821
1618
827
3907
3993
2817
27874
2434
920
2339
481
4002
885
3002
1043
2095
464
1315
837
718
1970
231
1999
1703
480
5930
526
694
2129
1584
1052
703
423
3443
198
457
709
570
1199
1097
941
646
1047
2906
1592
595
706
312
1875
539
1657
1348
2870
689
637
4544
1596
1269
1772
1786
1854
747
1299
2617
1290
365
1110
885
986
1989
2441
2523
1269
1563
9708
836
1270
5809
5512
3985
7599
3410
4208
2164
773
9250
6868
1274
21374
6419
11701
9572
1538
1316
2196
205
232
149
475
292
377
1132
2169
1067
204
68
176
1583
1173
2539
187
2442
225
0
0
0
639
1208
4585
16286
994
706
10826
3430
3380
4993
3340
2527
1207
1983
2869
1570
3000
2739
2028
5414
1861
1403
1767
2798
2996
571
29947
17968
1612
5272
2387
937
1623
1807
2284
1204
1642
1490
769
20752
1892
6991
4048
2160
1582
1747
592
2035
1794
4840
868
1286
1832
1792
10982
3134
1188
565
1497
1080
3417
1340
5677
1512
1519
1371
3870
2198
1420
50971
3951
2389
1737
850
413
1252
1084
773
2735
1846
911
412
1407
1485
1759
680
1630
1132
16738
3199
12414
5477
1098
1711
3381
958
1159
1227
1223
1483
1798
2720
672
1319
1209
920
2093
10001
1334
1902
1064
1275
1693
1101
22460
13693
1276
1781
1460
3223
1823
9247
5053
4410
1447
1540
5832
3489
1096
3342
1821
1590
2351
5325
4095
2673
1166
9914
6739
3638
1355
3369
4723
8996
1785
5360
1959
459
643
4052
475
11759
655
5178
2352
5603
480
738
296
1164
12535
999
75
616
227
639
1208
4585
0
0
0
5080
1992
18917
1546
2533
5893
2045
3651
39552
882
1883
6940
12104
2860
2009
43244
2644
5300
18591
1707
1442
1335
3621
3588
1733
1308
964
1412
1736
13546
2155
2057
1454
691
6638
5080
3817
2549
1688
2204
899
2790
2930
1095
7572
4139
5199
1178
1111
1515
4049
739
2045
1081
2637
2172
1642
2452
2175
4501
2405
1569
658
1041
3576
1171
1573
955
2688
1139
633
3261
1413
1308
749
5592
778
1111
4800
1466
2280
596
4561
2002
2036
1153
1160
1750
890
1508
1650
3484
895
648
509
1596
1496
4827
4644
1042
19451
705
641
663
7188
494
1487
1954
754
522
1398
1073
617
447
2967
969
1014
3309
922
1631
809
626
577
869
531
685
719
3852
1208
5071
2892
2889
755
3647
1911
11666
3409
3723
8673
2067
1421
896
5077
2803
1916
4277
1757
2637
1400
1290
3025
3524
14146
1458
7001
2253
3493
10191
9597
1463
2597
1937
16286
994
706
5080
1992
18917
0
0
0
5616
1131
2334
1147
1017
643
1133
1259
1009
965
6201
17789
3930
2608
596
9542
28762
10697
3637
1470
908
3039
668
1102
653
676
1819
3527
5106
4993
1486
704
3037
636
662
388
2518
2474
1455
2773
1030
4529
1746
976
1369
1929
1538
1174
1020
3962
864
8672
10325
3679
4241
2585
4199
1219
2821
1439
617
1305
13339
1166
947
1820
1982
2474
10418
4946
5375
1129
1025
2669
8806
1186
3257
1762
1183
1144
1137
1075
1959
3737
836
1120
2379
1040
32094
6949
1146
1010
6306
2008
1156
1628
1480
1408
7491
2529
6791
2637
1014
2970
1571
1360
649
1623
3133
2526
696
2791
1426
969
408
3080
1477
2680
2305
1586
13689
3932
8163
2420
5129
2362
153
50
364
140
313
622
585
1779
1183
1422
715
344
145
1114
2419
2659
1012
5131
15564
1622
5603
2250
6430
3931
1764
4317
3772
3195
2530
6210
18931
30207
2258
10826
3430
3380
1546
2533
5893
5616
1131
2334
0
0
0
4100
892
1385
1964
11445
1074
163
318
1829
1642
7785
495
14981
731
1316
10638
1149
824
981
2863
820
4479
1895
1446
1093
2161
1040
697
1396
632
1779
1095
20160
475
1082
660
2196
5690
961
4835
2006
1004
5862
4179
3201
1282
1263
458
325
638
871
890
1956
1441
2984
7139
12513
4377
3300
1063
4123
1893
15494
1417
822
1010
2063
1610
4508
1486
1775
2045
1676
2225
1554
961
781
584
4552
22142
837
5147
3232
20087
3937
630
7145
1476
1255
691
733
859
1242
514
1304
7070
2326
725
4003
495
4307
3456
19126
359
1610
768
905
6467
1357
922
4893
372
566
948
305
806
687
1094
1220
986
281
522
4924
1379
1778
1323
3107
4795
5710
1380
1752
6779
425
1355
698
2529
7847
374
1501
11086
3237
2026
2898
6651
3327
23712
4742
9456
996
779
1969
2111
1663
804
49791
1768
4993
3340
2527
2045
3651
39552
1147
1017
643
4100
892
1385
0
0
0
498
1906
1050
222
3078
425
309
221
177
1663
26755
15373
1167
1471
885
1623
2772
824
1325
1396
10068
867
1272
1486
419
14797
1042
908
1592
2770
1560
938
3646
3989
12435
1164
1874
3053
2710
1730
2260
923
16516
983
1209
2079
2383
1451
1095
3273
3240
1465
3968
4400
1757
10240
2749
2678
1954
3945
1419
2857
1782
2612
21462
5554
6399
885
1171
1481
1133
11706
1253
9622
12885
725
1676
1144
1823
6771
1862
1474
1420
3926
2286
4533
3877
4308
1396
9907
1017
1794
11574
6138
1396
907
310
524
692
723
389
547
493
4766
1724
1340
6171
8608
961
3960
14483
836
1176
12032
517
408
2170
4528
601
258
1926
1178
504
860
986
8038
1943
976
2609
15194
5867
2330
10796
2372
9867
2311
1845
1819
1635
14708
7486
1433
4197
1685
4178
1049
2898
20933
1425
5968
3233
3939
740
1207
1983
2869
882
1883
6940
1133
1259
1009
1964
11445
1074
498
1906
1050
0
0
0
6059
2798
1011
469
1860
855
1017
9884
3131
897
11523
873
682
2151
1048
981
945
5607
1245
617
859
855
3836
735
3883
3245
698
607
1393
1073
2599
2808
6696
811
825
1725
31255
524
2896
1148
1655
917
1551
2309
1655
2091
1475
2793
1478
5282
1026
3640
445
17169
27234
6336
4049
24275
4879
1373
8069
1078
6937
1008
1886
1087
1315
1142
1430
1522
3863
1940
1237
2113
1910
2498
1649
4763
13271
5908
5309
778
1522
1343
647
5984
1454
2208
1904
963
615
8684
4470
1485
921
1002
1624
5752
763
3193
660
818
859
711
704
1827
454
1004
1188
1629
1199
3107
2443
2346
474
1177
465
2893
641
354
1056
427
1069
663
1229
2122
995
858
1113
543
2826
448
63768
1967
48009
1380
756
45178
1938
1131
924
2504
2388
2972
13405
1678
3425
3150
12089
6778
1570
3000
2739
12104
2860
2009
965
6201
17789
163
318
1829
222
3078
425
6059
2798
1011
0
0
0
1283
1603
656
2700
4133
2921
2496
1208
17241
5393
1811
573
817
1376
1975
1052
4146
525
4201
1292
1128
3234
926
815
1012
635
1419
2191
5207
16872
1506
7220
28799
794
1077
509
18923
766
1895
1541
2950
750
1650
27063
3747
24546
3691
949
2290
20048
4087
3670
10653
1410
7926
40197
9328
2729
9779
11696
4592
9878
1633
1098
17789
3232
1856
2198
3076
648
1667
4037
5896
3595
1228
1981
1928
2312
2034
1179
2499
1078
1614
1620
7253
483
6773
3563
1604
6068
357
635
321
1621
467
406
576
824
1120
1526
1485
1558
1180
3816
645
4047
4292
400
478
1431
1590
1560
2186
636
3769
388
1611
9039
2194
1999
7896
2683
5464
1752
4629
2680
1422
12067
4218
7443
1997
1873
1903
3755
11758
12631
2005
7736
1547
3005
7174
7956
1879
3176
1356
3851
1452
2028
5414
1861
43244
2644
5300
3930
2608
596
1642
7785
495
309
221
177
469
1860
855
1283
1603
656
0
0
0
2160
4599
1075
2346
1120
28111
2814
5639
3247
1941
1757
3350
1921
887
4290
599
1295
15181
1093
1277
1353
1616
2274
1037
1006
1321
2431
1587
2287
1004
969
501
2243
998
1524
12625
2188
1156
983
829
791
1858
682
785
690
3651
1320
14946
2325
999
1076
944
1932
461
882
11684
2215
782
890
1698
926
686
10941
2808
3936
1124
2526
2680
2906
31342
1921
1944
1897
8386
2347
1852
2484
3178
2664
2828
3432
2293
1906
1746
4206
2136
2020
832
2679
1745
6364
2186
3979
51528
942
1224
5722
1285
4123
34397
10906
47126
1417
1689
4196
3772
1422
4179
1973
3576
782
3929
2220
1180
965
871
1380
3202
5219
3612
20593
889
448
687
4394
2457
3533
897
1676
3913
2825
9373
291
3558
262
2642
1312
6706
1093
3295
799
14393
1437
1275
1403
1767
2798
18591
1707
1442
9542
28762
10697
14981
731
1316
1663
26755
15373
1017
9884
3131
2700
4133
2921
2160
4599
1075
0
0
0
