C_ijk
0
0
0
46
53
104
54
237
302
137
545
171
1134
187
299
377
539
1054
126
596
214
6560
1828
607
1172
221
1033
1337
621
658
171
712
110
238
3631
404
364
243
8133
1020
597
222
3097
627
372
260
323
182
2945
303
572
511
555
450
448
579
4156
387
1620
310
1793
525
948
508
1062
712
295
4060
193
1773
1033
341
126
243
164
566
422
390
218
540
3960
231
1018
180
303
629
527
303
177
410
480
2397
1125
407
134
225
241
320
991
302
354
280
409
706
1364
677
364
418
867
2865
2414
3663
1126
13634
12213
2493
1456
3184
8250
1080
7596
18911
4495
1026
2631
1160
1383
505
1155
3423
20648
14615
1906
1395
9137
1174
996
634
5072
1765
2261
1129
2034
2731
1049
2953
3917
503
582
1122
1147
1594
2369
3201
1556
513
1514
502
7568
1067
3264
1809
1231
1301
3351
1289
1950
1699
46
53
104
0
0
0
110
157
188
162
305
67
233
834
483
1232
9126
420
87
808
307
1492
11193
743
566
993
1602
185
684
553
1270
247
197
380
2792
2583
3959
3110
470
383
559
435
343
7597
635
361
557
1308
3103
370
504
1819
893
391
837
1813
862
472
507
638
268
509
306
193
334
1612
6913
494
232
1007
699
2073
3271
187
195
1423
1060
1457
273
320
556
748
133
7249
276
733
601
160
118
173
2046
354
337
119
902
399
708
665
1544
619
841
1123
245
521
262
490
345
261
2406
2470
3109
829
1142
940
7944
1992
2157
1732
2243
2024
3444
4061
5177
2799
1815
5525
2261
1585
987
810
729
6447
3244
2623
9314
2388
7526
1569
2352
5296
15201
2675
538
1974
752
1377
2068
1691
1039
920
6632
3356
585
1116
3292
708
1245
906
2052
1510
4375
865
19548
2077
2825
6149
5872
1210
54
237
302
110
157
188
0
0
0
96
83
67
122
335
330
1558
898
382
470
1449
634
526
1212
589
772
815
5418
1013
1372
2390
946
134
395
624
318
924
886
783
256
667
1037
1187
839
452
351
456
162
571
1831
566
343
4979
799
396
216
1257
7819
667
357
307
490
1929
285
372
423
187
351
342
224
1285
345
698
235
208
107
311
235
476
361
203
317
630
206
110
1057
227
3910
145
127
421
791
1051
569
1760
246
1028
3396
451
8308
4086
1209
1414
8121
410
1060
283
246
669
2523
4034
557
715
2341
1379
5803
1164
884
1327
1077
418
3131
711
1310
1262
924
1314
4237
780
1549
3893
2883
8325
1087
2114
716
2144
10547
3913
1198
2540
4092
1418
3537
5917
1062
2263
696
587
567
1602
1078
3694
4041
755
2548
1289
1883
1879
2043
877
1712
1338
1388
685
700
1287
3747
2551
137
545
171
162
305
67
96
83
67
0
0
0
128
1196
605
521
410
454
216
472
419
406
458
13112
1314
917
636
683
2007
2885
274
451
445
276
691
1514
3701
4387
3178
587
683
2302
249
606
574
1189
458
927
640
6926
349
1322
1864
1970
631
1619
255
776
551
411
260
457
549
192
598
165
3337
656
767
1965
499
1785
51
166
115
593
578
216
156
1938
150
127
166
81
597
765
299
152
307
201
250
217
343
80
122
1330
304
287
436
646
1008
1098
417
453
439
321
362
2727
2095
1357
1634
7763
654
537
1012
1145
4951
1104
1895
2105
1130
765
878
4382
7829
1562
434
3892
1147
4185
9182
4419
829
1717
782
2038
1592
1216
41296
1562
1522
19453
486
4076
1271
1168
14135
1804
770
993
2577
4305
1938
1212
785
1049
597
1006
896
1755
774
936
754
1221
797
937
3820
690
1134
187
299
233
834
483
122
335
330
128
1196
605
0
0
0
1431
213
1354
95
38
78
356
1582
398
344
183
277
1179
1715
219
197
151
183
1697
251
1378
854
1312
996
766
4161
1168
3293
9455
1821
621
2448
883
2246
572
8916
3362
6589
271
2679
1170
726
1927
1047
999
755
1518
1403
851
594
590
433
556
1220
2747
1212
1662
1131
435
262
2856
751
598
3487
1811
667
1341
1295
171
699
713
409
326
210
293
704
425
203
1126
1043
6854
321
338
256
386
348
191
170
196
541
250
1151
102
5580
491
810
2218
1242
1148
1628
12141
15645
2408
417
820
12045
1015
853
1643
1365
1793
1130
3055
3390
932
1948
773
995
789
979
1486
4114
25924
2896
1560
2613
3905
35519
3317
2262
7147
2430
1802
1003
4952
13697
679
1598
1742
486
4192
2969
532
1060
1556
6744
947
889
977
630
1439
2237
1527
377
539
1054
1232
9126
420
1558
898
382
521
410
454
1431
213
1354
0
0
0
1248
387
153
332
406
186
1480
1647
1328
360
4195
1078
337
527
6448
777
1745
1952
813
714
1467
680
1577
491
558
390
804
869
459
9671
1156
11136
1146
1429
1898
4194
636
600
498
2058
730
748
3301
3770
887
2417
350
498
10389
1309
1855
1650
1058
995
4862
601
9212
1258
2163
2419
620
2643
962
2553
1206
2516
1014
898
982
2060
1134
980
460
763
2147
468
1874
817
1147
384
1196
252
1636
5494
280
822
5563
492
1762
11070
1166
28098
472
558
767
1184
2864
5523
641
711
332
696
805
1464
554
4972
2038
1269
1632
1999
1221
2078
1647
1095
1331
1113
633
1416
1554
1207
4330
4364
1666
2643
39717
2927
3237
1490
2348
2636
2200
8441
1149
4996
10478
2207
527
787
1234
540
917
1537
1474
2342
2082
599
1147
6191
4137
4487
126
596
214
87
808
307
470
1449
634
216
472
419
95
38
78
1248
387
153
0
0
0
443
670
224
411
213
195
1342
505
758
147
287
3049
186
458
264
710
8196
6061
2464
884
585
525
810
3549
260
678
461
2130
3723
14086
242
835
487
501
788
708
518
1209
773
504
1806
2074
1091
6219
462
657
608
955
500
11742
1014
312
287
431
588
4941
581
1176
1055
930
277
791
484
557
910
309
248
3378
674
265
726
378
255
269
487
423
314
738
276
182
290
1134
982
817
532
269
112
1689
2202
677
960
904
926
2114
7371
2065
7088
660
2268
3512
1485
2157
3970
5219
1862
1274
897
6762
4065
2410
2785
3093
1023
3115
6860
1636
3751
1349
32691
1063
618
3263
3683
1121
2928
753
599
2597
1594
722
1467
2108
2353
721
1021
4961
545
1307
883
545
973
2781
7811
461
12347
6460
5667
6560
1828
607
1492
11193
743
526
1212
589
406
458
13112
356
1582
398
332
406
186
443
670
224
0
0
0
249
95
132
15
11
14
610
245
345
1310
270
10024
1524
2986
507
561
851
877
333
1425
398
770
685
4718
2528
12504
1359
723
1728
638
2321
1739
345
969
654
3520
1276
1685
623
2679
4832
2247
512
875
1143
3369
1529
893
969
2406
2521
1072
6196
14139
610
766
1140
6175
1017
979
523
1418
440
547
2334
1476
1832
25389
336
422
583
369
874
1041
3529
541
558
1430
455
972
1038
967
848
950
1054
892
1360
563
2059
5094
763
280
844
627
475
398
557
525
3561
1537
1108
877
13031
4738
1285
3651
7273
1560
3076
4646
11474
2072
1478
7452
3032
9654
3775
567
1786
1841
9812
10395
1825
1024
965
4983
1233
2095
7052
1208
1563
1550
43654
1606
5078
4424
1210
9334
5111
1678
2010
618
5983
769
1172
221
1033
566
993
1602
772
815
5418
1314
917
636
344
183
277
1480
1647
1328
411
213
195
249
95
132
0
0
0
167
81
108
456
545
949
613
736
532
1918
1979
627
315
5269
1464
363
247
252
738
597
438
9314
323
331
652
408
550
789
532
1312
5397
804
462
672
1705
1676
438
411
255
1008
504
640
737
402
1706
7191
984
2453
1239
1290
5459
759
693
432
853
1373
848
9920
11808
435
565
523
1309
1420
2074
619
3610
574
7442
1374
3233
797
333
3120
797
1958
762
4486
482
910
547
8807
1360
554
1053
488
1000
756
357
732
804
879
5198
748
2033
3030
1431
1203
3329
1746
1156
3873
2098
1250
7363
9970
898
1022
12363
1915
1090
2475
4121
1488
1170
5851
2519
1339
2223
2649
1422
884
1910
567
1110
10285
798
598
1136
2702
1223
1884
995
1457
1090
1586
1804
1280
824
887
6744
1337
621
658
185
684
553
1013
1372
2390
683
2007
2885
1179
1715
219
360
4195
1078
1342
505
758
15
11
14
167
81
108
0
0
0
402
795
147
463
188
142
522
463
541
337
4340
333
395
1209
3676
574
1145
591
1441
1233
2389
518
344
2013
1241
417
1633
8845
522
970
5483
775
853
1619
406
730
578
516
2193
2511
3626
755
2003
11957
1526
884
848
680
533
1942
591
529
784
3566
414
6976
346
779
1210
902
802
1114
1331
472
425
12947
439
959
354
696
1824
1654
943
1737
4249
496
1011
833
3958
2486
2279
649
609
1125
141
1468
346
2133
769
922
1515
765
342
2588
741
3700
2382
1002
9434
795
16502
9023
996
849
1010
1027
4165
6370
1687
4739
6096
2356
1446
2604
1626
3474
1826
1034
1271
4760
1544
796
1464
1302
1778
797
1459
1796
3267
726
321
1340
4908
1323
1227
2244
686
3329
171
712
110
1270
247
197
946
134
395
274
451
445
197
151
183
337
527
6448
147
287
3049
610
245
345
456
545
949
402
795
147
0
0
0
275
477
331
503
6648
325
2312
394
535
793
314
106
227
671
855
852
1338
5935
578
1860
932
344
1473
965
270
326
351
1069
636
559
565
332
298
276
1157
478
2281
963
410
479
276
370
564
6097
387
1169
461
2433
183
208
604
3456
636
1665
463
883
442
413
1736
227
4168
379
264
1121
774
1291
4055
743
381
215
768
2963
881
502
408
1325
9727
693
631
2736
734
256
3602
2402
1112
650
1577
3347
600
708
1690
1830
1157
653
4570
677
1640
905
985
5775
3126
3389
884
1177
1620
1866
1007
1760
1578
1078
20444
2586
1387
533
987
1262
1179
1409
1624
1345
998
883
1032
1160
1362
2133
1948
1874
885
493
1353
1673
7409
1545
2372
238
3631
404
380
2792
2583
624
318
924
276
691
1514
1697
251
1378
777
1745
1952
186
458
264
1310
270
10024
613
736
532
463
188
142
275
477
331
0
0
0
1445
1022
426
422
332
908
363
99
410
639
326
389
227
387
862
441
238
190
1300
3105
698
231
230
323
1612
1889
721
395
948
433
10101
363
385
578
9980
1963
801
1148
390
911
687
357
1184
1017
330
177
248
449
372
574
4007
283
622
733
660
1051
5128
393
218
270
454
566
1082
491
3252
8655
668
565
671
3539
677
630
1311
5459
2244
356
556
2881
7291
691
1424
1328
1150
3249
1514
585
973
1583
713
617
1810
1651
4338
1323
498
2166
2780
605
874
842
5503
953
607
1405
1827
2328
1072
1128
4439
7127
1434
1065
793
854
954
2566
1303
817
514
838
1816
8245
1511
1120
1261
9646
990
8987
1535
4502
27893
948
364
243
8133
3959
3110
470
886
783
256
3701
4387
3178
854
1312
996
813
714
1467
710
8196
6061
1524
2986
507
1918
1979
627
522
463
541
503
6648
325
1445
1022
426
0
0
0
252
964
114
3787
400
119
1283
970
553
611
260
218
995
271
201
655
318
473
690
229
155
743
10005
1823
2235
903
1394
4378
481
3302
736
1303
406
750
1250
1150
990
1885
642
4467
2176
692
283
439
4724
2223
3622
5148
409
1068
922
2530
872
1111
433
1031
1074
1020
3484
10229
1013
4508
545
1205
900
753
5227
2112
1634
3647
1344
1666
1370
11670
3262
4577
398
4088
17785
3201
4769
457
915
1064
1134
1304
844
978
822
1405
1793
5343
3178
632
1595
499
1609
613
638
693
16987
1209
1041
2578
1569
1203
756
3981
1823
7318
6009
2775
3662
2260
3770
1112
4464
1649
1054
822
1388
1585
2338
2422
966
5986
1704
910
5407
1020
597
222
383
559
435
667
1037
1187
587
683
2302
766
4161
1168
680
1577
491
2464
884
585
561
851
877
315
5269
1464
337
4340
333
2312
394
535
422
332
908
252
964
114
0
0
0
206
187
252
725
987
426
530
218
687
604
1430
305
8116
393
421
279
395
246
339
677
1320
5596
624
3725
732
373
987
787
3100
343
500
315
1058
1224
820
552
782
496
686
2386
1030
489
2060
9517
1498
7650
3889
544
4690
1568
300
3124
2684
1279
1384
1404
11713
545
2214
1137
1118
1057
1120
1171
1210
623
2284
1543
4785
14987
1417
797
5631
578
1661
4397
650
2209
4036
2934
979
1047
1367
3109
739
548
1341
627
2098
748
1609
2887
8950
2834
720
6327
1469
1575
9277
1115
9162
821
2173
12575
2745
2339
1020
1286
9180
2223
597
1739
43345
896
1750
1173
3648
3500
3920
2810
2561
1547
25735
842
1553
4624
3097
627
372
343
7597
635
839
452
351
249
606
574
3293
9455
1821
558
390
804
525
810
3549
333
1425
398
363
247
252
395
1209
3676
793
314
106
363
99
410
3787
400
119
206
187
252
0
0
0
203
423
337
3436
1429
1213
911
328
1313
464
466
239
213
285
211
816
903
1528
596
1897
1493
238
616
4045
299
1188
1482
6972
732
3080
7949
1531
423
921
1071
4546
755
296
10427
1138
1777
1106
6216
1109
324
816
1094
13519
883
2611
12330
15795
608
1164
1369
695
957
1295
4398
11541
1706
381
6284
2104
6467
5502
3118
2084
1093
745
3649
774
786
3031
1447
1401
1190
5509
940
761
5156
2164
987
2625
1239
755
414
1143
790
528
1303
2039
737
1636
2132
3021
1162
2868
1514
7330
10132
5614
8715
3666
966
4090
1095
2753
912
3172
4711
1796
2016
1626
1237
1328
18822
2279
4803
1594
1624
8026
3587
260
323
182
361
557
1308
456
162
571
1189
458
927
621
2448
883
869
459
9671
260
678
461
770
685
4718
738
597
438
574
1145
591
227
671
855
639
326
389
1283
970
553
725
987
426
203
423
337
0
0
0
206
213
292
2123
553
206
219
135
253
237
613
143
2213
706
6982
448
584
107
1516
134
4097
306
247
117
316
1831
134
607
408
803
255
337
223
456
728
437
815
752
13480
509
1330
630
464
1368
818
189
577
361
1439
836
5221
1171
793
1138
869
1115
7026
1211
1148
846
2495
2047
1547
1759
519
1296
908
1286
582
1572
741
1609
3148
939
1877
476
1266
1289
725
651
829
670
1110
9377
384
9312
5334
3868
2464
4907
3080
1692
695
430
701
4471
897
2846
1039
1231
7896
821
734
987
3149
625
875
1238
2450
1317
998
2642
1101
1596
777
1341
865
1599
2600
3756
2945
303
572
3103
370
504
1831
566
343
640
6926
349
2246
572
8916
1156
11136
1146
2130
3723
14086
2528
12504
1359
9314
323
331
1441
1233
2389
852
1338
5935
227
387
862
611
260
218
530
218
687
3436
1429
1213
206
213
292
0
0
0
162
94
99
167
224
219
345
85
178
266
573
430
127
2840
541
659
455
901
5170
342
223
585
694
557
1242
463
522
471
245
579
441
339
357
2550
428
510
1436
544
1472
927
1170
678
506
2082
1054
4255
943
680
1553
2089
1549
656
1137
1002
14037
436
2339
2291
3865
1669
1463
6494
862
1238
1093
7393
1503
1607
6574
1119
15749
2687
1050
1700
844
345
412
1506
830
4891
721
244
660
3648
1524
3059
499
833
1000
1977
1776
488
501
4139
1039
3210
5104
1000
761
2159
5124
921
2463
7625
1538
754
741
1338
16989
2299
3155
12198
1797
4520
4452
2739
1206
511
555
450
1819
893
391
4979
799
396
1322
1864
1970
3362
6589
271
1429
1898
4194
242
835
487
723
1728
638
652
408
550
518
344
2013
578
1860
932
441
238
190
995
271
201
604
1430
305
911
328
1313
2123
553
206
162
94
99
0
0
0
1043
43
41
293
178
259
155
603
735
4199
331
250
221
239
607
2347
604
272
1233
453
378
1025
1160
521
1224
258
929
1028
1014
1373
435
2494
967
3585
1300
1541
2016
425
1075
922
408
3527
1636
4960
1628
1578
6933
1999
930
858
926
950
972
8339
3545
3026
964
2108
1069
1364
1649
1182
7425
4003
5959
1018
1990
642
1945
954
1706
3622
6116
242
1200
1617
1305
2029
525
2215
1169
7836
1003
1340
890
594
2108
479
3003
1441
6293
6089
3067
1065
1160
1690
4220
3178
1213
2941
1448
1180
4080
2040
3314
6565
10693
2928
42107
776
3255
3405
1825
3247
448
579
4156
837
1813
862
216
1257
7819
631
1619
255
2679
1170
726
636
600
498
501
788
708
2321
1739
345
789
532
1312
1241
417
1633
344
1473
965
1300
3105
698
655
318
473
8116
393
421
464
466
239
219
135
253
167
224
219
1043
43
41
0
0
0
134
1004
74
1279
285
298
203
821
349
1958
185
1021
394
540
1597
423
627
334
344
882
503
2329
1651
470
443
412
6098
709
690
658
922
967
572
5572
1616
539
454
801
821
1318
1200
1106
691
827
17751
611
1883
3621
815
639
791
4478
1986
2148
32050
1047
2646
3883
949
1092
1801
1532
767
1109
729
2667
872
2030
6627
10279
495
333
1809
1846
420
11508
3035
694
1610
1197
958
1110
1336
1186
392
485
440
1756
6964
3275
943
1650
947
2388
2782
1314
3701
1789
684
5467
3525
749
2800
5650
12890
1680
2300
1499
1125
750
841
387
1620
310
472
507
638
667
357
307
776
551
411
1927
1047
999
2058
730
748
518
1209
773
969
654
3520
5397
804
462
8845
522
970
270
326
351
231
230
323
690
229
155
279
395
246
213
285
211
237
613
143
345
85
178
293
178
259
134
1004
74
0
0
0
2806
293
1071
471
192
2894
169
456
2141
579
535
2248
513
490
1437
2203
1019
436
894
8041
1725
579
1086
1236
956
851
3491
620
611
354
2473
2618
1071
2526
1159
1151
2718
2540
1589
601
608
1052
780
3748
3545
1410
1224
863
13233
1125
1577
2920
758
1234
1514
20806
406
1495
535
1995
2364
24269
1221
14187
2593
4203
1029
406
3292
1596
4858
756
2409
695
578
626
1167
545
553
1247
1606
3084
1569
228
771
892
792
4071
659
1889
12748
1109
1240
5804
2734
3363
2262
974
1311
849
2356
2382
5104
587
1575
7180
9637
959
1793
525
948
268
509
306
490
1929
285
260
457
549
755
1518
1403
3301
3770
887
504
1806
2074
1276
1685
623
672
1705
1676
5483
775
853
1069
636
559
1612
1889
721
743
10005
1823
339
677
1320
816
903
1528
2213
706
6982
266
573
430
155
603
735
1279
285
298
2806
293
1071
0
0
0
447
158
380
250
175
76
59
63
72
2486
624
692
550
165
398
235
1339
261
1292
322
790
981
532
480
309
363
490
3085
900
433
272
294
1078
1524
1638
997
1141
548
1015
671
5124
656
413
6051
354
1301
3050
2887
2094
7604
4023
641
1666
903
1801
5881
2184
1904
917
2364
1246
1836
3903
910
821
1233
2478
2835
1259
333
365
1122
739
391
605
626
1789
730
415
1852
723
1026
2214
1442
1306
1669
2507
1730
3202
1094
873
1861
1277
1898
8573
2233
15139
2847
1453
3350
3054
1454
1849
16066
1045
508
1062
712
193
334
1612
372
423
187
192
598
165
851
594
590
2417
350
498
1091
6219
462
2679
4832
2247
438
411
255
1619
406
730
565
332
298
395
948
433
2235
903
1394
5596
624
3725
596
1897
1493
448
584
107
127
2840
541
4199
331
250
203
821
349
471
192
2894
447
158
380
0
0
0
90
300
131
283
910
261
61
211
118
190
196
361
217
135
199
181
320
743
626
912
1013
194
470
210
354
395
610
353
1558
176
4897
1106
1595
3184
424
575
459
353
2344
394
1934
449
13034
1048
11204
3858
2017
13704
632
1243
1362
1330
1316
658
2418
1458
25934
892
508
1723
2446
1316
1181
792
3630
3174
724
371
3143
2003
5701
4664
984
2423
1578
2394
714
876
2102
1506
1183
558
13075
1146
10526
7498
1027
1119
3287
1609
2868
1690
1717
7327
1644
865
2677
1497
1352
635
23785
2096
295
4060
193
6913
494
232
351
342
224
3337
656
767
433
556
1220
10389
1309
1855
657
608
955
512
875
1143
1008
504
640
578
516
2193
276
1157
478
10101
363
385
4378
481
3302
732
373
987
238
616
4045
1516
134
4097
659
455
901
221
239
607
1958
185
1021
169
456
2141
250
175
76
90
300
131
0
0
0
183
1841
244
622
260
575
168
699
252
103
364
174
372
296
187
495
408
2082
2208
174
264
473
568
894
1226
1828
214
1297
987
508
550
951
1140
704
688
309
558
5881
2138
1089
2545
2236
8427
2085
949
744
2501
1246
624
1306
1960
1129
586
1412
1012
2333
2406
675
1056
547
1073
624
1759
876
818
713
2867
674
645
1672
771
930
363
594
2407
746
2225
634
746
471
801
2549
2801
26016
706
845
688
782
1727
1805
1230
13285
8205
1800
65736
865
2001
2013
941
1773
1033
341
1007
699
2073
1285
345
698
1965
499
1785
2747
1212
1662
1650
1058
995
500
11742
1014
3369
1529
893
737
402
1706
2511
3626
755
2281
963
410
578
9980
1963
736
1303
406
787
3100
343
299
1188
1482
306
247
117
5170
342
223
2347
604
272
394
540
1597
579
535
2248
59
63
72
283
910
261
183
1841
244
0
0
0
3499
186
399
833
379
223
632
292
2144
318
588
247
3300
635
2914
5138
766
1005
4412
922
2963
509
668
499
632
1550
24675
1598
325
915
1652
18297
1537
2153
1278
1024
2856
1927
2413
1078
5009
16141
759
2391
1168
1050
5994
2812
2146
1066
1200
741
3533
612
240
319
1130
918
892
4119
3483
331
1160
5040
3952
1255
3665
1654
422
5076
302
1315
705
842
2629
1616
1469
4132
3228
13142
7955
1287
624
1597
3522
1150
1265
755
2567
1233
1882
1565
1508
1534
2030
5526
126
243
164
3271
187
195
235
208
107
51
166
115
1131
435
262
4862
601
9212
312
287
431
969
2406
2521
7191
984
2453
2003
11957
1526
479
276
370
801
1148
390
750
1250
1150
500
315
1058
6972
732
3080
316
1831
134
585
694
557
1233
453
378
423
627
334
513
490
1437
2486
624
692
61
211
118
622
260
575
3499
186
399
0
0
0
219
236
272
99
207
108
50
81
202
307
257
913
288
178
300
375
622
231
125
1626
288
423
376
280
469
569
480
578
497
447
1112
747
435
12785
689
10000
6932
1009
1093
3081
427
6759
26616
2491
537
2368
1774
3309
780
1313
6974
546
685
544
1290
1676
15167
344
2006
678
1498
3721
892
905
912
1417
523
378
1271
3149
568
2148
1042
2897
1828
7099
2756
3149
13572
2948
1512
3293
964
4440
3280
1419
3765
985
1495
728
1804
3130
1641
566
422
390
1423
1060
1457
311
235
476
593
578
216
2856
751
598
1258
2163
2419
588
4941
581
1072
6196
14139
1239
1290
5459
884
848
680
564
6097
387
911
687
357
990
1885
642
1224
820
552
7949
1531
423
607
408
803
1242
463
522
1025
1160
521
344
882
503
2203
1019
436
550
165
398
190
196
361
168
699
252
833
379
223
219
236
272
0
0
0
63
181
112
332
358
973
555
580
2272
232
200
1745
286
1375
457
1286
104
581
1918
608
540
3369
405
774
407
308
318
1730
631
507
2381
2578
1338
1077
3648
3942
5379
2573
15746
2752
1036
1458
4686
1524
1601
1259
3315
898
465
9169
1754
2024
616
8881
394
609
1075
4552
750
1698
1429
2157
7452
346
1190
561
1199
1815
648
318
3340
710
4942
1008
2906
2898
3687
3839
2791
1197
1723
1228
1374
1130
1336
1754
734
1591
8983
6654
218
540
3960
273
320
556
361
203
317
156
1938
150
3487
1811
667
620
2643
962
1176
1055
930
610
766
1140
759
693
432
533
1942
591
1169
461
2433
1184
1017
330
4467
2176
692
782
496
686
921
1071
4546
255
337
223
471
245
579
1224
258
929
2329
1651
470
894
8041
1725
235
1339
261
217
135
199
103
364
174
632
292
2144
99
207
108
63
181
112
0
0
0
492
152
93
423
441
321
202
189
221
803
182
638
441
515
206
25837
716
554
1312
1014
330
337
1248
345
5773
893
410
1321
854
668
3497
34734
1327
2661
647
1962
1503
4893
1542
2084
3459
3047
805
3436
515
1636
1631
413
5770
2013
2754
2205
1194
1516
4848
7832
6835
2364
1050
926
718
940
456
2317
827
5656
5389
936
515
3606
2633
2249
2389
1480
2701
3126
1103
949
1022
1452
1600
9090
8517
5369
4075
6632
1931
231
1018
180
748
133
7249
630
206
110
127
166
81
1341
1295
171
2553
1206
2516
277
791
484
6175
1017
979
853
1373
848
529
784
3566
183
208
604
177
248
449
283
439
4724
2386
1030
489
755
296
10427
456
728
437
441
339
357
1028
1014
1373
443
412
6098
579
1086
1236
1292
322
790
181
320
743
372
296
187
318
588
247
50
81
202
332
358
973
492
152
93
0
0
0
594
855
584
142
528
264
439
409
236
69
158
131
1731
182
719
4204
1796
6911
1327
823
237
1214
648
350
1883
3913
640
889
1446
1985
3328
11889
1833
2254
4335
894
1012
741
908
966
722
2201
725
2576
758
1845
9624
1023
3937
2088
1654
1435
641
3431
1502
1695
695
3674
613
3315
1211
721
1212
3284
1119
447
885
571
3599
1835
1033
853
1856
1072
1573
1050
1058
991
384
2195
11404
1533
1454
2400
303
629
527
276
733
601
1057
227
3910
597
765
299
699
713
409
1014
898
982
557
910
309
523
1418
440
9920
11808
435
414
6976
346
3456
636
1665
372
574
4007
2223
3622
5148
2060
9517
1498
1138
1777
1106
815
752
13480
2550
428
510
435
2494
967
709
690
658
956
851
3491
981
532
480
626
912
1013
495
408
2082
3300
635
2914
307
257
913
555
580
2272
423
441
321
594
855
584
0
0
0
565
443
160
54
524
517
139
1931
289
956
519
225
508
590
1029
178
452
223
427
344
721
764
3587
1571
1963
1006
1484
6058
1107
2599
1640
3973
1391
1216
1603
2205
932
801
1408
2321
3223
1458
1397
46399
8471
2020
851
2141
3082
1570
965
4576
782
2345
1366
1254
1362
9609
1019
1719
826
2844
1243
3810
1340
1377
512
529
614
890
254
2830
1340
2116
1990
762
437
3561
1574
1095
1130
303
177
410
160
118
173
145
127
421
152
307
201
326
210
293
2060
1134
980
248
3378
674
547
2334
1476
565
523
1309
779
1210
902
463
883
442
283
622
733
409
1068
922
7650
3889
544
6216
1109
324
509
1330
630
1436
544
1472
3585
1300
1541
922
967
572
620
611
354
309
363
490
194
470
210
2208
174
264
5138
766
1005
288
178
300
232
200
1745
202
189
221
142
528
264
565
443
160
0
0
0
462
154
514
16
32
77
312
249
336
1260
2370
674
337
115
1201
165
583
891
1791
1127
1335
3575
1671
1815
1087
1754
3361
823
1267
1208
1578
2698
542
1636
741
1031
826
14432
2356
1061
8298
1747
922
1039
1032
1307
934
1328
1499
1344
2066
2654
525
1475
1048
9474
1666
804
454
988
706
550
1326
652
2458
328
4585
1060
5777
1628
2242
5879
681
1078
1478
59422
1307
1238
480
2397
1125
2046
354
337
791
1051
569
250
217
343
704
425
203
460
763
2147
265
726
378
1832
25389
336
1420
2074
619
802
1114
1331
413
1736
227
660
1051
5128
2530
872
1111
4690
1568
300
816
1094
13519
464
1368
818
927
1170
678
2016
425
1075
5572
1616
539
2473
2618
1071
3085
900
433
354
395
610
473
568
894
4412
922
2963
375
622
231
286
1375
457
803
182
638
439
409
236
54
524
517
462
154
514
0
0
0
426
3043
428
607
510
407
822
452
1171
330
562
245
327
388
403
1864
660
24512
12712
1438
982
858
4140
1720
2165
1739
1322
2756
5919
4440
8332
1752
1631
2082
4799
18563
7978
19169
706
952
760
1372
3658
2547
4452
1331
1113
693
615
1699
3111
3525
665
1698
571
602
852
680
8068
976
3641
993
791
726
3303
3306
5327
933
5345
639
5905
1055
1349
6620
2031
407
134
225
119
902
399
1760
246
1028
80
122
1330
1126
1043
6854
468
1874
817
255
269
487
422
583
369
3610
574
7442
472
425
12947
4168
379
264
393
218
270
433
1031
1074
3124
2684
1279
883
2611
12330
189
577
361
506
2082
1054
922
408
3527
454
801
821
2526
1159
1151
272
294
1078
353
1558
176
1226
1828
214
509
668
499
125
1626
288
1286
104
581
441
515
206
69
158
131
139
1931
289
16
32
77
426
3043
428
0
0
0
300
216
461
988
1379
697
419
354
215
721
2544
1174
1086
1543
10412
1967
1022
867
3653
3408
381
3386
1543
1869
9505
2210
1168
1727
732
1016
3357
2931
1083
1796
2351
27317
1574
824
1512
1943
1835
4473
1095
1665
2407
1052
757
2355
1980
1909
1190
466
2367
1506
2269
1088
4206
570
1490
1348
2352
1185
697
1411
11231
2862
868
1399
1828
3005
1692
2470
241
320
991
708
665
1544
3396
451
8308
304
287
436
321
338
256
1147
384
1196
423
314
738
874
1041
3529
1374
3233
797
439
959
354
1121
774
1291
454
566
1082
1020
3484
10229
1384
1404
11713
15795
608
1164
1439
836
5221
4255
943
680
1636
4960
1628
1318
1200
1106
2718
2540
1589
1524
1638
997
4897
1106
1595
1297
987
508
632
1550
24675
423
376
280
1918
608
540
25837
716
554
1731
182
719
956
519
225
312
249
336
607
510
407
300
216
461
0
0
0
87
125
271
167
380
325
308
56
95
1660
846
8974
10012
661
1049
3983
2648
993
1040
1761
1242
3744
565
869
1252
20724
3798
2025
1920
733
1010
1949
30604
1976
2045
3350
1901
2163
5163
3709
2356
3085
1194
1006
1806
23259
4489
3344
390
994
627
3086
878
2366
2929
933
1045
714
1744
571
2310
1806
1655
1600
553
3964
2305
1942
9613
302
354
280
619
841
1123
4086
1209
1414
646
1008
1098
386
348
191
252
1636
5494
276
182
290
541
558
1430
333
3120
797
696
1824
1654
4055
743
381
491
3252
8655
1013
4508
545
545
2214
1137
1369
695
957
1171
793
1138
1553
2089
1549
1578
6933
1999
691
827
17751
601
608
1052
1141
548
1015
3184
424
575
550
951
1140
1598
325
915
469
569
480
3369
405
774
1312
1014
330
4204
1796
6911
508
590
1029
1260
2370
674
822
452
1171
988
1379
697
87
125
271
0
0
0
333
264
361
564
319
64
1496
1591
593
1786
1830
4326
651
2637
547
561
4805
711
1337
2113
592
3386
1684
1920
1813
1536
847
2518
894
1918
1634
1037
1430
6459
974
2794
1268
1451
2948
644
1660
4120
6663
6642
7363
676
572
1283
934
714
844
285
395
773
485
980
7405
1161
13249
7712
2067
952
1065
2918
2916
1844
409
706
1364
245
521
262
8121
410
1060
417
453
439
170
196
541
280
822
5563
1134
982
817
455
972
1038
1958
762
4486
943
1737
4249
215
768
2963
668
565
671
1205
900
753
1118
1057
1120
1295
4398
11541
869
1115
7026
656
1137
1002
930
858
926
611
1883
3621
780
3748
3545
671
5124
656
459
353
2344
704
688
309
1652
18297
1537
578
497
447
407
308
318
337
1248
345
1327
823
237
178
452
223
337
115
1201
330
562
245
419
354
215
167
380
325
333
264
361
0
0
0
203
245
517
911
1329
5335
3999
24979
982
1530
1549
4623
3199
886
809
417
1261
1369
7087
1386
3523
1843
18240
3560
12955
1810
1543
884
1580
2118
2659
2268
8312
2476
1050
3869
1471
1624
1327
4421
5451
2861
1515
1783
697
1554
5470
1202
347
460
3551
955
905
902
925
3458
755
976
617
381
1328
1606
4919
677
364
418
490
345
261
283
246
669
321
362
2727
250
1151
102
492
1762
11070
532
269
112
967
848
950
482
910
547
496
1011
833
881
502
408
3539
677
630
5227
2112
1634
1171
1210
623
1706
381
6284
1211
1148
846
14037
436
2339
950
972
8339
815
639
791
1410
1224
863
413
6051
354
394
1934
449
558
5881
2138
2153
1278
1024
1112
747
435
1730
631
507
5773
893
410
1214
648
350
427
344
721
165
583
891
327
388
403
721
2544
1174
308
56
95
564
319
64
203
245
517
0
0
0
722
448
2771
503
802
902
12615
2211
372
5537
811
803
1524
518
1275
15058
662
1488
11931
1579
1017
24362
14394
4411
2450
666
3263
4225
1592
3700
810
1158
4352
7181
3182
4250
1936
3712
979
863
782
1774
1345
542
1091
378
684
138
336
2312
8817
2718
562
1714
886
2085
1258
2578
2411
1554
867
2865
2414
2406
2470
3109
2523
4034
557
2095
1357
1634
5580
491
810
1166
28098
472
1689
2202
677
1054
892
1360
8807
1360
554
3958
2486
2279
1325
9727
693
1311
5459
2244
3647
1344
1666
2284
1543
4785
2104
6467
5502
2495
2047
1547
2291
3865
1669
3545
3026
964
4478
1986
2148
13233
1125
1577
1301
3050
2887
13034
1048
11204
1089
2545
2236
2856
1927
2413
12785
689
10000
2381
2578
1338
1321
854
668
1883
3913
640
764
3587
1571
1791
1127
1335
1864
660
24512
1086
1543
10412
1660
846
8974
1496
1591
593
911
1329
5335
722
448
2771
0
0
0
396
3101
1706
841
860
2643
6383
1672
1662
186
718
304
1890
25062
2473
1456
4041
3147
2199
6654
4116
1677
9100
3963
2147
2783
2247
1637
1869
1594
1781
26126
1531
28048
1459
2134
16205
1213
2300
275
481
177
548
839
496
1428
8517
2449
144
556
168
785
521
2344
2704
1561
1216
3663
1126
13634
829
1142
940
715
2341
1379
7763
654
537
2218
1242
1148
558
767
1184
960
904
926
563
2059
5094
1053
488
1000
649
609
1125
631
2736
734
356
556
2881
1370
11670
3262
14987
1417
797
3118
2084
1093
1759
519
1296
1463
6494
862
2108
1069
1364
32050
1047
2646
2920
758
1234
2094
7604
4023
3858
2017
13704
8427
2085
949
1078
5009
16141
6932
1009
1093
1077
3648
3942
3497
34734
1327
889
1446
1985
1963
1006
1484
3575
1671
1815
12712
1438
982
1967
1022
867
10012
661
1049
1786
1830
4326
3999
24979
982
503
802
902
396
3101
1706
0
0
0
2683
507
1139
1617
9169
442
279
1784
220
2036
7782
2450
1851
11166
988
2454
1107
2661
20421
6550
12385
1658
1758
1542
6637
1661
1499
1180
3047
1736
5096
2428
1362
4275
5731
2600
214
3258
254
1245
596
2378
4386
1121
1314
670
3854
317
1123
764
1535
915
1233
2123
12213
2493
1456
7944
1992
2157
5803
1164
884
1012
1145
4951
1628
12141
15645
2864
5523
641
2114
7371
2065
763
280
844
756
357
732
141
1468
346
256
3602
2402
7291
691
1424
4577
398
4088
5631
578
1661
745
3649
774
908
1286
582
1238
1093
7393
1649
1182
7425
3883
949
1092
1514
20806
406
641
1666
903
632
1243
1362
744
2501
1246
759
2391
1168
3081
427
6759
5379
2573
15746
2661
647
1962
3328
11889
1833
6058
1107
2599
1087
1754
3361
858
4140
1720
3653
3408
381
3983
2648
993
651
2637
547
1530
1549
4623
12615
2211
372
841
860
2643
2683
507
1139
0
0
0
171
89
1354
1597
551
4562
4454
2577
8075
1417
954
2999
3750
1094
929
3443
1697
2404
3132
802
12875
1460
1726
1441
1944
1494
784
1901
1516
1295
1741
3269
1909
845
3173
1176
8134
1928
594
6628
2898
980
998
1373
2850
20110
33307
2647
2439
9916
373
3184
8250
1080
1732
2243
2024
1327
1077
418
1104
1895
2105
2408
417
820
711
332
696
7088
660
2268
627
475
398
804
879
5198
2133
769
922
1112
650
1577
1328
1150
3249
17785
3201
4769
4397
650
2209
786
3031
1447
1572
741
1609
1503
1607
6574
4003
5959
1018
1801
1532
767
1495
535
1995
1801
5881
2184
1330
1316
658
624
1306
1960
1050
5994
2812
26616
2491
537
2752
1036
1458
1503
4893
1542
2254
4335
894
1640
3973
1391
823
1267
1208
2165
1739
1322
3386
1543
1869
1040
1761
1242
561
4805
711
3199
886
809
5537
811
803
6383
1672
1662
1617
9169
442
171
89
1354
0
0
0
1658
411
762
1373
3572
887
1600
3244
2143
603
8769
2163
1756
4272
1177
1324
4238
5621
5291
9477
1210
8864
1134
2005
1403
2488
6619
14478
12164
10680
971
1530
1762
3173
27102
7384
3754
5989
5147
3588
580
885
3890
1355
1586
569
3687
787
7596
18911
4495
3444
4061
5177
3131
711
1310
1130
765
878
12045
1015
853
805
1464
554
3512
1485
2157
557
525
3561
748
2033
3030
1515
765
342
3347
600
708
1514
585
973
457
915
1064
4036
2934
979
1401
1190
5509
3148
939
1877
1119
15749
2687
1990
642
1945
1109
729
2667
2364
24269
1221
1904
917
2364
2418
1458
25934
1129
586
1412
2146
1066
1200
2368
1774
3309
4686
1524
1601
2084
3459
3047
1012
741
908
1216
1603
2205
1578
2698
542
2756
5919
4440
9505
2210
1168
3744
565
869
1337
2113
592
417
1261
1369
1524
518
1275
186
718
304
279
1784
220
1597
551
4562
1658
411
762
0
0
0
2519
5104
1505
3321
4256
4181
2612
3299
12988
3393
10917
2142
1574
1473
928
9016
1051
2349
1755
1166
4743
1428
12655
2832
3073
2343
2816
268
360
195
940
2926
2873
4834
2578
1509
678
2861
557
1647
453
1080
1690
1208
1850
1026
2631
1160
2799
1815
5525
1262
924
1314
4382
7829
1562
1643
1365
1793
4972
2038
1269
3970
5219
1862
1537
1108
877
1431
1203
3329
2588
741
3700
1690
1830
1157
1583
713
617
1134
1304
844
1047
1367
3109
940
761
5156
476
1266
1289
1050
1700
844
954
1706
3622
872
2030
6627
14187
2593
4203
1246
1836
3903
892
508
1723
1012
2333
2406
741
3533
612
780
1313
6974
1259
3315
898
805
3436
515
966
722
2201
932
801
1408
1636
741
1031
8332
1752
1631
1727
732
1016
1252
20724
3798
3386
1684
1920
7087
1386
3523
15058
662
1488
1890
25062
2473
2036
7782
2450
4454
2577
8075
1373
3572
887
2519
5104
1505
0
0
0
2584
289
117
11219
6794
1855
2500
158
482
1319
3295
544
421
246
274
182
414
538
258
258
816
906
2311
1984
3851
1456
2775
2815
1192
2803
938
1936
1610
3487
20333
6698
10379
3532
5463
2328
6550
3193
1383
505
1155
2261
1585
987
4237
780
1549
434
3892
1147
1130
3055
3390
1632
1999
1221
1274
897
6762
13031
4738
1285
1746
1156
3873
2382
1002
9434
653
4570
677
1810
1651
4338
978
822
1405
739
548
1341
2164
987
2625
725
651
829
345
412
1506
6116
242
1200
10279
495
333
1029
406
3292
910
821
1233
2446
1316
1181
675
1056
547
240
319
1130
546
685
544
465
9169
1754
1636
1631
413
725
2576
758
2321
3223
1458
826
14432
2356
2082
4799
18563
3357
2931
1083
2025
1920
733
1813
1536
847
1843
18240
3560
11931
1579
1017
1456
4041
3147
1851
11166
988
1417
954
2999
1600
3244
2143
3321
4256
4181
2584
289
117
0
0
0
2015
9043
10472
217
171
66
533
1448
268
7453
4489
149
126
457
480
1351
2426
547
852
1833
1228
3445
4687
9930
1041
1019
3772
10031
628
10753
1647
1819
4104
1936
6726
7448
875
2822
4514
3423
20648
14615
810
729
6447
3893
2883
8325
4185
9182
4419
932
1948
773
2078
1647
1095
4065
2410
2785
3651
7273
1560
2098
1250
7363
795
16502
9023
1640
905
985
1323
498
2166
1793
5343
3178
627
2098
748
1239
755
414
670
1110
9377
830
4891
721
1617
1305
2029
1809
1846
420
1596
4858
756
2478
2835
1259
792
3630
3174
1073
624
1759
918
892
4119
1290
1676
15167
2024
616
8881
5770
2013
2754
1845
9624
1023
1397
46399
8471
1061
8298
1747
7978
19169
706
1796
2351
27317
1010
1949
30604
2518
894
1918
12955
1810
1543
24362
14394
4411
2199
6654
4116
2454
1107
2661
3750
1094
929
603
8769
2163
2612
3299
12988
11219
6794
1855
2015
9043
10472
0
0
0
2057
3369
2467
422
449
1225
16537
962
3144
1084
3358
6504
15637
1683
21438
1437
3586
2029
15730
4260
1917
1257
5301
1589
2641
3718
1605
2669
5043
1574
6878
1497
6406
254
314
293
1906
1395
9137
3244
2623
9314
1087
2114
716
829
1717
782
995
789
979
1331
1113
633
3093
1023
3115
3076
4646
11474
9970
898
1022
996
849
1010
5775
3126
3389
2780
605
874
632
1595
499
1609
2887
8950
1143
790
528
384
9312
5334
244
660
3648
525
2215
1169
11508
3035
694
2409
695
578
333
365
1122
724
371
3143
876
818
713
3483
331
1160
344
2006
678
394
609
1075
2205
1194
1516
3937
2088
1654
2020
851
2141
922
1039
1032
952
760
1372
1574
824
1512
1976
2045
3350
1634
1037
1430
884
1580
2118
2450
666
3263
1677
9100
3963
20421
6550
12385
3443
1697
2404
1756
4272
1177
3393
10917
2142
2500
158
482
217
171
66
2057
3369
2467
0
0
0
613
2288
1038
308
1174
351
2709
801
67
610
6968
697
666
1021
8441
3091
2748
2726
18269
4739
715
3828
1838
2701
13229
1148
2368
5739
3129
9329
3440
2446
2951
1174
996
634
2388
7526
1569
2144
10547
3913
2038
1592
1216
1486
4114
25924
1416
1554
1207
6860
1636
3751
2072
1478
7452
12363
1915
1090
1027
4165
6370
884
1177
1620
842
5503
953
1609
613
638
2834
720
6327
1303
2039
737
3868
2464
4907
1524
3059
499
7836
1003
1340
1610
1197
958
626
1167
545
739
391
605
2003
5701
4664
2867
674
645
5040
3952
1255
1498
3721
892
4552
750
1698
4848
7832
6835
1435
641
3431
3082
1570
965
1307
934
1328
3658
2547
4452
1943
1835
4473
1901
2163
5163
6459
974
2794
2659
2268
8312
4225
1592
3700
2147
2783
2247
1658
1758
1542
3132
802
12875
1324
4238
5621
1574
1473
928
1319
3295
544
533
1448
268
422
449
1225
613
2288
1038
0
0
0
1469
1226
6231
1285
945
8995
2618
851
3318
2310
2519
18905
1210
1326
4233
31285
1340
2123
10058
4330
3045
1207
2096
1229
1864
6431
3394
2182
765
2297
5072
1765
2261
2352
5296
15201
1198
2540
4092
41296
1562
1522
2896
1560
2613
4330
4364
1666
1349
32691
1063
3032
9654
3775
2475
4121
1488
1687
4739
6096
1866
1007
1760
607
1405
1827
693
16987
1209
1469
1575
9277
1636
2132
3021
3080
1692
695
833
1000
1977
890
594
2108
1110
1336
1186
553
1247
1606
626
1789
730
984
2423
1578
1672
771
930
3665
1654
422
905
912
1417
1429
2157
7452
2364
1050
926
1502
1695
695
4576
782
2345
1499
1344
2066
1331
1113
693
1095
1665
2407
3709
2356
3085
1268
1451
2948
2476
1050
3869
810
1158
4352
1637
1869
1594
6637
1661
1499
1460
1726
1441
5291
9477
1210
9016
1051
2349
421
246
274
7453
4489
149
16537
962
3144
308
1174
351
1469
1226
6231
0
0
0
304
433
400
172
1411
100
876
1657
2730
1627
5962
2445
8396
1454
7254
2119
6012
3462
3521
2466
4624
4658
5387
8127
2878
2122
4044
1129
2034
2731
2675
538
1974
1418
3537
5917
19453
486
4076
3905
35519
3317
2643
39717
2927
618
3263
3683
567
1786
1841
1170
5851
2519
2356
1446
2604
1578
1078
20444
2328
1072
1128
1041
2578
1569
1115
9162
821
1162
2868
1514
430
701
4471
1776
488
501
479
3003
1441
392
485
440
3084
1569
228
415
1852
723
2394
714
876
363
594
2407
5076
302
1315
523
378
1271
346
1190
561
718
940
456
3674
613
3315
1366
1254
1362
2654
525
1475
615
1699
3111
1052
757
2355
1194
1006
1806
644
1660
4120
1471
1624
1327
7181
3182
4250
1781
26126
1531
1180
3047
1736
1944
1494
784
8864
1134
2005
1755
1166
4743
182
414
538
126
457
480
1084
3358
6504
2709
801
67
1285
945
8995
304
433
400
0
0
0
6642
845
366
1547
6071
1611
5355
4534
2643
12336
2774
7092
3068
2282
2732
39248
1466
1587
1954
2438
1600
3803
9707
1113
1049
2953
3917
752
1377
2068
1062
2263
696
1271
1168
14135
2262
7147
2430
3237
1490
2348
1121
2928
753
9812
10395
1825
1339
2223
2649
1626
3474
1826
2586
1387
533
4439
7127
1434
1203
756
3981
2173
12575
2745
7330
10132
5614
897
2846
1039
4139
1039
3210
6293
6089
3067
1756
6964
3275
771
892
792
1026
2214
1442
2102
1506
1183
746
2225
634
705
842
2629
3149
568
2148
1199
1815
648
2317
827
5656
1211
721
1212
9609
1019
1719
1048
9474
1666
3525
665
1698
1980
1909
1190
23259
4489
3344
6663
6642
7363
4421
5451
2861
1936
3712
979
28048
1459
2134
5096
2428
1362
1901
1516
1295
1403
2488
6619
1428
12655
2832
258
258
816
1351
2426
547
15637
1683
21438
610
6968
697
2618
851
3318
172
1411
100
6642
845
366
0
0
0
2540
777
7231
7163
3222
4827
2161
43294
36875
1472
1662
1489
2728
1809
19153
2666
2321
1442
21692
11584
3843
503
582
1122
1691
1039
920
587
567
1602
1804
770
993
1802
1003
4952
2636
2200
8441
599
2597
1594
1024
965
4983
1422
884
1910
1034
1271
4760
987
1262
1179
1065
793
854
1823
7318
6009
2339
1020
1286
8715
3666
966
1231
7896
821
5104
1000
761
1065
1160
1690
943
1650
947
4071
659
1889
1306
1669
2507
558
13075
1146
746
471
801
1616
1469
4132
1042
2897
1828
318
3340
710
5389
936
515
3284
1119
447
826
2844
1243
804
454
988
571
602
852
466
2367
1506
390
994
627
676
572
1283
1515
1783
697
863
782
1774
16205
1213
2300
4275
5731
2600
1741
3269
1909
14478
12164
10680
3073
2343
2816
906
2311
1984
852
1833
1228
1437
3586
2029
666
1021
8441
2310
2519
18905
876
1657
2730
1547
6071
1611
2540
777
7231
0
0
0
2511
1743
1417
685
903
751
8076
962
810
7177
3064
1994
682
1299
3592
81623
1024
2560
1147
1594
2369
6632
3356
585
1078
3694
4041
2577
4305
1938
13697
679
1598
1149
4996
10478
722
1467
2108
1233
2095
7052
567
1110
10285
1544
796
1464
1409
1624
1345
954
2566
1303
2775
3662
2260
9180
2223
597
4090
1095
2753
734
987
3149
2159
5124
921
4220
3178
1213
2388
2782
1314
12748
1109
1240
1730
3202
1094
10526
7498
1027
2549
2801
26016
3228
13142
7955
7099
2756
3149
4942
1008
2906
3606
2633
2249
885
571
3599
3810
1340
1377
706
550
1326
680
8068
976
2269
1088
4206
3086
878
2366
934
714
844
1554
5470
1202
1345
542
1091
275
481
177
214
3258
254
845
3173
1176
971
1530
1762
268
360
195
3851
1456
2775
3445
4687
9930
15730
4260
1917
3091
2748
2726
1210
1326
4233
1627
5962
2445
5355
4534
2643
7163
3222
4827
2511
1743
1417
0
0
0
365
798
1313
7096
11466
1249
255
891
337
661
503
1109
1398
1621
1173
3201
1556
513
1116
3292
708
755
2548
1289
1212
785
1049
1742
486
4192
2207
527
787
2353
721
1021
1208
1563
1550
798
598
1136
1302
1778
797
998
883
1032
817
514
838
3770
1112
4464
1739
43345
896
912
3172
4711
625
875
1238
2463
7625
1538
2941
1448
1180
3701
1789
684
5804
2734
3363
873
1861
1277
1119
3287
1609
706
845
688
1287
624
1597
13572
2948
1512
2898
3687
3839
2389
1480
2701
1835
1033
853
512
529
614
652
2458
328
3641
993
791
570
1490
1348
2929
933
1045
285
395
773
347
460
3551
378
684
138
548
839
496
1245
596
2378
8134
1928
594
3173
27102
7384
940
2926
2873
2815
1192
2803
1041
1019
3772
1257
5301
1589
18269
4739
715
31285
1340
2123
8396
1454
7254
12336
2774
7092
2161
43294
36875
685
903
751
365
798
1313
0
0
0
691
418
878
333
462
661
314
534
249
1932
2713
1859
1514
502
7568
1245
906
2052
1883
1879
2043
597
1006
896
2969
532
1060
1234
540
917
4961
545
1307
43654
1606
5078
2702
1223
1884
1459
1796
3267
1160
1362
2133
1816
8245
1511
1649
1054
822
1750
1173
3648
1796
2016
1626
2450
1317
998
754
741
1338
4080
2040
3314
5467
3525
749
2262
974
1311
1898
8573
2233
2868
1690
1717
782
1727
1805
3522
1150
1265
3293
964
4440
2791
1197
1723
3126
1103
949
1856
1072
1573
890
254
2830
4585
1060
5777
726
3303
3306
2352
1185
697
714
1744
571
485
980
7405
955
905
902
336
2312
8817
1428
8517
2449
4386
1121
1314
6628
2898
980
3754
5989
5147
4834
2578
1509
938
1936
1610
10031
628
10753
2641
3718
1605
3828
1838
2701
10058
4330
3045
2119
6012
3462
3068
2282
2732
1472
1662
1489
8076
962
810
7096
11466
1249
691
418
878
0
0
0
1108
7041
2147
565
240
584
2341
70044
1357
1067
3264
1809
1510
4375
865
877
1712
1338
1755
774
936
1556
6744
947
1537
1474
2342
883
545
973
4424
1210
9334
995
1457
1090
726
321
1340
1948
1874
885
1120
1261
9646
1388
1585
2338
3500
3920
2810
1237
1328
18822
2642
1101
1596
16989
2299
3155
6565
10693
2928
2800
5650
12890
849
2356
2382
15139
2847
1453
7327
1644
865
1230
13285
8205
755
2567
1233
3280
1419
3765
1228
1374
1130
1022
1452
1600
1050
1058
991
1340
2116
1990
1628
2242
5879
5327
933
5345
1411
11231
2862
2310
1806
1655
1161
13249
7712
925
3458
755
2718
562
1714
144
556
168
670
3854
317
998
1373
2850
3588
580
885
678
2861
557
3487
20333
6698
1647
1819
4104
2669
5043
1574
13229
1148
2368
1207
2096
1229
3521
2466
4624
39248
1466
1587
2728
1809
19153
7177
3064
1994
255
891
337
333
462
661
1108
7041
2147
0
0
0
499
770
735
2332
4492
2891
1231
1301
3351
19548
2077
2825
1388
685
700
754
1221
797
889
977
630
2082
599
1147
2781
7811
461
5111
1678
2010
1586
1804
1280
4908
1323
1227
493
1353
1673
990
8987
1535
2422
966
5986
2561
1547
25735
2279
4803
1594
777
1341
865
12198
1797
4520
42107
776
3255
1680
2300
1499
5104
587
1575
3350
3054
1454
2677
1497
1352
1800
65736
865
1882
1565
1508
985
1495
728
1336
1754
734
9090
8517
5369
384
2195
11404
762
437
3561
681
1078
1478
639
5905
1055
868
1399
1828
1600
553
3964
2067
952
1065
976
617
381
886
2085
1258
785
521
2344
1123
764
1535
20110
33307
2647
3890
1355
1586
1647
453
1080
10379
3532
5463
1936
6726
7448
6878
1497
6406
5739
3129
9329
1864
6431
3394
4658
5387
8127
1954
2438
1600
2666
2321
1442
682
1299
3592
661
503
1109
314
534
249
565
240
584
499
770
735
0
0
0
2467
2520
3724
1289
1950
1699
6149
5872
1210
1287
3747
2551
937
3820
690
1439
2237
1527
6191
4137
4487
12347
6460
5667
618
5983
769
824
887
6744
2244
686
3329
7409
1545
2372
4502
27893
948
1704
910
5407
842
1553
4624
1624
8026
3587
1599
2600
3756
4452
2739
1206
3405
1825
3247
1125
750
841
7180
9637
959
1849
16066
1045
635
23785
2096
2001
2013
941
1534
2030
5526
1804
3130
1641
1591
8983
6654
4075
6632
1931
1533
1454
2400
1574
1095
1130
59422
1307
1238
1349
6620
2031
3005
1692
2470
2305
1942
9613
2918
2916
1844
1328
1606
4919
2578
2411
1554
2704
1561
1216
915
1233
2123
2439
9916
373
569
3687
787
1690
1208
1850
2328
6550
3193
875
2822
4514
254
314
293
3440
2446
2951
2182
765
2297
2878
2122
4044
3803
9707
1113
21692
11584
3843
81623
1024
2560
1398
1621
1173
1932
2713
1859
2341
70044
1357
2332
4492
2891
2467
2520
3724
0
0
0
