C_ijk
0
0
0
60
66
84
88
56
54
120
289
914
166
169
395
238
206
313
1376
266
145
701
315
349
296
277
781
209
1220
8369
1453
242
51
967
1477
153
2094
1109
758
645
1762
638
941
241
2204
1276
332
204
411
2313
902
1366
837
1070
529
914
695
371
530
547
475
3915
1075
360
702
731
487
631
566
531
6280
1065
334
99
382
325
609
522
257
232
694
631
274
420
1207
816
977
1606
941
153
704
2428
264
483
279
283
221
186
1133
701
418
860
582
728
1002
943
531
11345
805
17145
1284
12403
1332
1526
1391
835
3374
375
1659
2581
1524
328
4971
1943
1052
2532
939
1475
1078
1729
1772
1530
918
2949
968
834
553
1129
2416
13102
2685
1881
3686
421
530
10060
1720
1366
6373
792
3359
1920
3818
1130
2968
1988
743
861
3445
1642
2377
1652
1122
5175
441
1096
674
1390
60
66
84
0
0
0
154
95
219
223
123
370
314
90
1919
523
3445
8570
238
148
201
996
3766
651
776
474
3564
853
474
3898
145
476
151
1098
4235
235
603
379
1092
525
924
582
5107
837
434
544
241
219
2222
3851
549
755
1510
5695
841
1702
452
1817
1027
3205
1125
6702
662
163
1048
290
402
587
742
801
635
917
107
130
168
311
714
726
160
204
517
187
1898
152
475
291
1838
298
362
144
765
404
404
2060
173
254
780
556
812
2390
3991
601
1223
239
985
322
891
506
1482
867
1694
1086
1673
1321
2380
4807
9114
735
1327
535
1186
1231
6257
6805
8451
759
3152
1029
6585
3447
797
2347
2495
1632
2137
4633
6162
1681
6776
871
1929
10096
1663
5045
1394
3461
7903
17566
14458
499
768
1391
566
3716
907
766
3079
723
1769
1642
2822
657
2254
1308
1291
1272
2135
2249
88
56
54
154
95
219
0
0
0
97
90
27
595
194
293
425
717
8275
1143
142
3003
10531
11564
378
1315
699
1737
365
678
539
3409
123
182
277
199
166
1205
366
1000
274
275
1421
1169
407
3128
234
3211
238
1051
634
246
1538
501
457
509
217
311
631
312
565
1232
429
1604
125
230
124
299
346
348
4802
667
632
101
183
115
156
363
142
208
173
469
87
205
135
1705
660
268
220
232
128
1093
715
2993
556
250
320
447
15795
2594
1063
293
2375
436
6244
472
2441
479
1543
6179
1485
1432
5878
4199
2113
519
537
3660
950
452
1211
603
802
2261
681
1500
3877
2615
3277
4572
1655
5227
1223
1069
1918
751
2840
496
659
618
2674
5441
948
2280
2898
6318
1254
3322
3025
1511
962
2743
1407
4085
839
2340
1072
593
832
5293
1106
810
5086
696
1738
795
16894
1721
13439
120
289
914
223
123
370
97
90
27
0
0
0
370
598
748
315
6256
952
302
840
537
2178
2705
273
887
747
398
855
525
1174
2205
795
131
696
3658
1008
3317
2824
1064
2175
1586
528
510
6918
1546
369
193
100
6730
2024
255
698
753
770
1904
517
2000
254
3127
1736
1029
417
544
675
380
152
399
258
366
3441
311
741
52
1870
85
1482
167
332
1265
160
282
142
168
87
289
2081
619
124
291
1224
345
432
572
468
206
1018
698
287
406
566
844
545
2119
973
679
1054
1512
1041
1319
17821
6751
1026
1000
2734
1073
533
1905
10467
2769
2719
2407
3350
6367
2526
5961
5069
9006
756
347
9688
1229
1050
545
559
3903
839
680
10905
5050
1403
3062
788
877
4459
1784
2662
4788
5507
4168
302
1239
3789
663
1817
2404
932
878
488
1023
1565
871
1940
616
469
923
12615
1898
3690
166
169
395
314
90
1919
595
194
293
370
598
748
0
0
0
230
126
170
47
78
66
870
948
267
192
208
211
346
573
7334
258
98
1762
297
372
506
1392
627
384
453
2281
450
3871
418
464
1004
257
5051
1111
385
3958
572
1274
3695
1038
645
1897
895
428
596
2438
1634
927
259
567
3451
8705
553
1864
1560
1361
12501
231
676
5171
1977
1080
4639
12941
742
1001
726
615
208
2511
649
670
477
1009
1293
524
415
328
382
1144
702
445
350
321
278
284
1036
259
148
272
251
371
952
6474
6602
508
769
10395
4249
536
379
10550
628
1103
1619
930
574
524
2716
1304
1850
900
1528
1559
1081
3765
4705
1626
3115
3413
1862
1659
1190
1754
2266
15743
771
1197
1231
4654
695
1447
1122
788
678
17749
1714
966
6489
4887
1257
1749
555
9566
968
2667
654
651
8413
2383
1941
2488
2004
238
206
313
523
3445
8570
425
717
8275
315
6256
952
230
126
170
0
0
0
204
165
704
740
594
851
411
5087
298
329
276
289
223
353
283
432
381
420
685
1507
18336
404
579
4035
957
634
313
1140
586
404
856
1957
962
424
2074
1274
1538
1197
2017
912
1269
628
615
27209
624
1152
475
757
3272
415
1138
982
9345
4673
2192
878
8418
935
872
1163
11992
1204
5272
397
998
711
1146
3242
566
318
3223
215
890
1865
729
562
352
14829
356
163
2008
1801
635
187
1019
298
198
783
609
3018
1365
658
415
1679
951
1628
1814
1673
723
461
880
559
523
2655
427
835
22888
3784
3274
1072
2565
724
2433
3139
1351
2447
813
1894
6655
23297
2557
2398
1691
2781
932
1785
25471
1685
3787
1694
3103
1633
779
822
521
4169
286
1348
844
3019
13664
411
689
422
1412
2679
6432
1372
1204
9750
1376
266
145
238
148
201
1143
142
3003
302
840
537
47
78
66
204
165
704
0
0
0
893
2208
1123
889
4513
3218
281
713
637
264
641
556
452
724
434
886
224
6848
1051
452
647
142
640
606
355
2237
427
6974
8565
322
507
419
754
738
22902
3106
452
412
3806
13532
702
1444
488
910
411
656
452
4020
950
481
1269
273
2444
462
1004
1461
379
2158
374
298
575
602
210
873
1185
716
457
966
848
695
1257
286
455
327
173
223
74
966
642
540
228
958
356
378
235
266
156
2183
720
710
620
712
8078
449
535
576
1292
948
10770
1568
1620
319
1506
3751
3065
2724
929
939
23326
2821
944
3104
526
2250
530
2058
1073
2303
3491
790
3432
813
1487
4972
23267
18960
2934
3110
2152
1008
6361
389
3607
2522
313
1231
2023
3914
5664
726
5389
14787
845
861
5150
5164
3030
701
315
349
996
3766
651
10531
11564
378
2178
2705
273
870
948
267
740
594
851
893
2208
1123
0
0
0
28
108
29
44
21
155
3656
3085
2174
512
257
440
470
211
2339
260
499
223
275
364
480
603
269
262
7333
1015
959
417
1152
736
1665
536
518
653
570
1446
5718
1853
2056
486
734
531
9760
599
378
629
834
2136
4828
9001
2894
1049
1058
13136
820
397
3701
1038
578
9571
1328
2727
773
7246
529
1067
920
11918
412
3282
523
4002
237
4209
2749
712
2218
1066
668
2120
2386
1105
550
624
14440
2068
891
1883
2394
2519
1838
367
314
624
321
736
1222
324
441
11254
605
2547
1047
5565
841
1269
12616
864
1013
1957
11477
474
2460
5256
1390
7527
1451
1991
1264
19103
671
7448
30823
1926
14045
1729
10366
1883
6752
817
1105
1841
1582
1336
663
6173
1220
1464
5383
1075
1477
1624
2019
1840
296
277
781
776
474
3564
1315
699
1737
887
747
398
192
208
211
411
5087
298
889
4513
3218
28
108
29
0
0
0
94
326
99
711
269
5616
516
2558
3794
249
448
299
2838
760
565
743
360
325
697
4986
815
765
12207
620
10892
1063
780
1261
360
24286
563
412
2972
2039
1066
351
1369
891
388
389
1024
7378
631
3050
699
1001
858
527
958
493
825
658
2158
1449
515
4768
11314
1597
1299
21198
1189
1961
517
1358
471
8385
2128
616
2664
2326
768
1565
339
1012
796
740
1828
1453
1529
788
559
862
712
702
531
1140
1380
401
220
1221
279
4511
241
5063
284
527
809
3253
4486
1285
1324
2206
1961
960
1201
11594
1750
1532
796
1212
7527
3372
3429
1812
1214
578
1206
3833
1803
5722
1328
2525
19596
1766
1220
1650
1222
1652
1618
2876
1837
1681
970
536
11690
2541
641
837
4163
1103
2119
209
1220
8369
853
474
3898
365
678
539
855
525
1174
346
573
7334
329
276
289
281
713
637
44
21
155
94
326
99
0
0
0
1273
198
328
3355
342
342
1028
449
278
3210
838
412
624
238
3338
358
1979
478
251
2848
4140
794
4625
1039
525
677
1286
560
339
1684
2787
1307
553
1819
957
372
985
495
9090
754
602
1485
1283
1193
6927
3611
492
1093
2025
875
1041
509
1218
1769
610
5047
5971
441
1790
819
1052
1977
1305
499
7023
965
638
444
1675
1674
479
532
226
519
663
347
1733
1065
1175
526
815
4007
1161
1607
911
2062
206
489
396
614
2714
786
1865
6388
2089
3265
882
2864
1432
2990
5055
1246
2534
923
1803
1323
1920
1321
3013
952
15033
5305
2994
1931
1089
1226
12104
1167
653
9711
5902
2050
4175
1120
635
5549
1751
986
6459
588
1185
810
8631
2371
1140
665
1381
2017
1453
242
51
145
476
151
3409
123
182
2205
795
131
258
98
1762
223
353
283
264
641
556
3656
3085
2174
711
269
5616
1273
198
328
0
0
0
233
928
137
6179
1058
1837
559
285
1461
330
188
566
197
328
181
1337
443
384
1036
2405
1264
1580
6280
283
1765
4062
504
658
3726
2295
184
336
485
1497
1748
723
380
471
1276
442
387
766
346
1988
320
990
539
1204
2243
392
436
720
790
452
980
397
359
279
2260
10270
163
197
762
405
499
1555
1541
522
2270
1793
1420
1511
681
387
2558
2489
1012
1130
592
1530
2889
899
739
942
8668
805
835
2470
2350
590
6124
3637
718
2510
19107
2507
3417
996
1044
1410
445
3274
11927
1589
2023
1890
708
2709
2181
3148
475
1859
20513
2326
1245
4301
2319
24992
2153
2482
862
651
681
1678
1460
4582
1095
763
1358
6020
1295
1779
7055
1894
827
967
1477
153
1098
4235
235
277
199
166
696
3658
1008
297
372
506
432
381
420
452
724
434
512
257
440
516
2558
3794
3355
342
342
233
928
137
0
0
0
613
387
178
297
329
1027
229
195
475
291
141
176
375
256
432
416
1939
566
240
248
2685
979
225
1603
3229
1126
825
947
2134
813
433
1443
561
4083
380
897
352
159
441
21490
1037
982
343
253
460
418
390
558
1640
934
1796
1598
596
629
6932
1553
374
556
402
491
789
1417
866
640
1287
905
546
606
1388
566
2354
704
537
1673
1369
1366
1152
1566
1039
465
849
1641
550
1125
6607
568
1574
1049
2531
2012
6773
862
869
533
2541
643
441
1846
2922
1104
687
1632
3028
843
1143
3097
3658
1004
2443
764
1867
3683
2678
3209
2522
857
4256
686
8811
3690
1832
2554
1403
1139
8275
1536
899
2047
1507
402
1385
1473
2094
1109
758
603
379
1092
1205
366
1000
3317
2824
1064
1392
627
384
685
1507
18336
886
224
6848
470
211
2339
249
448
299
1028
449
278
6179
1058
1837
613
387
178
0
0
0
121
268
76
63
73
50
1121
213
1247
669
311
325
937
411
2845
528
1073
347
4062
416
538
904
1793
453
225
1209
7984
516
1342
1043
462
428
675
1223
906
1809
945
358
1192
914
276
4638
3043
760
1012
930
4760
687
330
4906
5292
1728
15180
990
904
589
1200
409
2190
2148
8989
758
786
835
1455
2541
1342
496
799
2296
7048
3662
946
13868
6566
3428
2687
465
500
1483
1959
1088
867
646
3815
768
11452
552
1419
514
454
691
810
681
7820
1742
1911
1623
326
3323
879
1250
2501
8212
3301
2560
3579
41031
8597
4061
2216
6004
3208
621
5712
3868
7866
845
1334
1178
594
1054
1070
1493
1358
9238
9512
8755
2604
645
1762
638
525
924
582
274
275
1421
2175
1586
528
453
2281
450
404
579
4035
1051
452
647
260
499
223
2838
760
565
3210
838
412
559
285
1461
297
329
1027
121
268
76
0
0
0
1021
1593
133
7833
1501
4456
2136
1216
359
578
458
357
2745
489
572
221
6763
3477
462
1188
637
2794
1166
609
290
887
342
1175
287
781
1866
905
7519
1763
1748
964
1424
676
3498
786
2194
526
2195
2138
1989
1544
507
1613
4427
1129
1752
1149
1788
795
587
8868
669
8408
5982
1182
540
1603
668
743
2572
1717
3286
3471
1423
1562
1510
1080
1445
728
17283
350
545
2465
1964
961
2988
3068
528
2515
972
3323
339
1023
4675
878
1538
762
2571
893
2708
552
1354
610
1950
9934
2742
549
739
1324
1301
1398
1123
1477
3010
1354
1631
2764
933
1546
5641
20578
19483
1268
1264
1406
1771
1897
7474
1504
683
1028
941
241
2204
5107
837
434
1169
407
3128
510
6918
1546
3871
418
464
957
634
313
142
640
606
275
364
480
743
360
325
624
238
3338
330
188
566
229
195
475
63
73
50
1021
1593
133
0
0
0
401
373
271
430
1282
248
226
402
2271
221
163
328
459
1044
533
384
584
2981
237
531
500
443
771
5413
507
420
477
660
9125
974
4946
602
1219
717
1950
367
520
1090
3126
1570
2656
2460
2230
1359
10385
863
556
443
521
2615
957
373
781
669
962
8039
874
1290
1421
626
1565
860
6439
1796
1429
12002
18700
1987
1034
1035
998
522
593
832
5828
824
954
910
766
1380
2063
617
516
311
2105
1504
1105
1131
823
450
1020
769
845
1625
4786
2785
6002
2138
1943
967
3047
1326
1194
684
4107
1186
2030
3942
2265
813
628
4217
1732
1487
1716
703
758
33975
12063
1790
1434
704
1184
1276
332
204
544
241
219
234
3211
238
369
193
100
1004
257
5051
1140
586
404
355
2237
427
603
269
262
697
4986
815
358
1979
478
197
328
181
291
141
176
1121
213
1247
7833
1501
4456
401
373
271
0
0
0
1232
2633
479
238
328
461
3994
782
141
1495
285
211
596
230
165
72
93
119
222
74
361
444
182
233
482
164
141
508
788
500
441
320
614
158
529
446
1390
1617
1841
669
572
251
1397
333
1065
356
527
311
388
2104
4414
2837
1245
663
438
657
1283
967
1747
3372
11411
3704
6836
619
17609
4375
982
573
2602
2989
2031
1445
635
2277
1373
1033
1154
3239
605
12782
17507
498
3462
884
5198
776
4540
1529
530
614
7386
2672
2118
488
2686
758
7812
585
717
1041
836
367
6907
1077
1862
1495
3061
1099
1122
1735
4858
2937
1479
1375
809
1172
1384
6786
1859
1594
411
2313
902
2222
3851
549
1051
634
246
6730
2024
255
1111
385
3958
856
1957
962
6974
8565
322
7333
1015
959
765
12207
620
251
2848
4140
1337
443
384
375
256
432
669
311
325
2136
1216
359
430
1282
248
1232
2633
479
0
0
0
453
59
53
220
86
205
528
113
119
244
521
279
752
734
759
226
287
214
648
909
183
829
341
1980
639
2487
774
456
591
2199
459
634
613
2439
1495
1106
284
4490
665
609
1839
1543
2178
495
1683
6338
1550
1500
1369
1027
2618
2053
919
397
1045
1910
2375
3757
1315
2160
18914
940
707
726
729
1212
2030
574
2151
1400
6249
559
495
10283
5661
429
381
562
1472
500
536
1312
744
395
5082
1329
8045
654
1582
2513
1074
905
559
561
1042
2841
1899
3188
2301
982
19064
1326
17573
1432
2598
1740
1364
3254
1701
4439
2044
2734
1036
2018
1875
11990
13575
1366
837
1070
755
1510
5695
1538
501
457
698
753
770
572
1274
3695
424
2074
1274
507
419
754
417
1152
736
10892
1063
780
794
4625
1039
1036
2405
1264
416
1939
566
937
411
2845
578
458
357
226
402
2271
238
328
461
453
59
53
0
0
0
38
140
46
238
153
153
942
4383
224
347
253
661
191
1228
210
2296
1160
468
1236
1227
272
1060
1068
312
3191
424
3965
362
604
801
661
2972
2176
817
1540
1229
3387
427
2895
706
740
1745
563
14515
1257
611
4930
6555
301
3072
811
1147
8818
18884
1795
929
2064
2134
4218
1710
2744
1783
634
3318
1908
1034
2975
1672
1997
527
3039
833
1978
780
806
539
1030
1368
487
1022
1312
614
1500
969
1297
986
1706
850
1811
945
597
624
2247
3085
1432
5510
5261
990
2741
2819
33495
745
3282
6169
1525
3969
1027
812
2693
3266
858
2930
527
1284
529
914
695
841
1702
452
509
217
311
1904
517
2000
1038
645
1897
1538
1197
2017
738
22902
3106
1665
536
518
1261
360
24286
525
677
1286
1580
6280
283
240
248
2685
528
1073
347
2745
489
572
221
163
328
3994
782
141
220
86
205
38
140
46
0
0
0
37
81
126
223
360
857
269
889
956
183
169
198
2297
653
406
478
925
708
1153
4175
313
764
390
951
280
1420
441
883
1116
2744
635
8075
3040
1306
1135
2159
877
724
4174
481
4432
349
1680
448
9221
3248
1516
1799
1262
1838
697
3253
1960
23847
3469
1405
3549
1069
1859
781
1287
3232
1054
1760
11792
549
1138
2395
2074
470
446
948
723
1337
861
635
1020
530
30122
2640
652
11287
956
1476
755
495
282
1737
17769
25954
11763
627
6192
1407
15397
1800
11095
1089
1745
2101
1078
2212
1482
1648
11326
3602
1125
3240
1491
1375
402
371
530
547
1817
1027
3205
631
312
565
254
3127
1736
895
428
596
912
1269
628
452
412
3806
653
570
1446
563
412
2972
560
339
1684
1765
4062
504
979
225
1603
4062
416
538
221
6763
3477
459
1044
533
1495
285
211
528
113
119
238
153
153
37
81
126
0
0
0
193
391
1198
320
368
1132
2912
300
537
2393
263
1783
661
782
1323
1295
1053
2615
1900
2157
385
2788
705
512
1290
1660
693
1018
962
1429
1135
446
1970
316
555
896
619
870
3000
943
869
637
1578
1017
3576
1124
2577
2909
914
8225
788
1292
1154
1980
1145
1009
930
1828
1750
708
1142
2096
7928
2091
1627
799
374
2975
1646
1339
615
2231
503
833
847
574
1919
1239
1701
1333
5054
933
2947
1240
2396
1048
17781
1025
1527
6043
3013
2069
797
1044
813
1587
6094
1190
2117
2472
4909
988
1371
13769
1944
1463
3851
899
475
3915
1075
1125
6702
662
1232
429
1604
1029
417
544
2438
1634
927
615
27209
624
13532
702
1444
5718
1853
2056
2039
1066
351
2787
1307
553
658
3726
2295
3229
1126
825
904
1793
453
462
1188
637
384
584
2981
596
230
165
244
521
279
942
4383
224
223
360
857
193
391
1198
0
0
0
155
576
1128
111
153
456
750
112
176
510
847
183
685
4437
275
733
439
1946
169
540
880
548
300
7830
583
624
466
650
789
644
1067
1091
2555
1214
1113
595
331
2821
405
746
1539
1764
1196
4956
17122
6118
824
2353
4301
4986
3855
8270
810
1419
5929
784
1490
1179
2026
3176
4120
655
19527
1194
466
1882
1476
773
823
493
1280
1070
629
1469
2433
1654
1304
907
577
270
642
688
403
1276
791
921
1897
1991
1263
1462
1023
1774
3529
4353
1586
1921
1490
7461
7689
889
6645
1452
603
4606
653
360
702
731
163
1048
290
125
230
124
675
380
152
259
567
3451
1152
475
757
488
910
411
486
734
531
1369
891
388
1819
957
372
184
336
485
947
2134
813
225
1209
7984
2794
1166
609
237
531
500
72
93
119
752
734
759
347
253
661
269
889
956
320
368
1132
155
576
1128
0
0
0
89
829
137
549
477
1405
123
2492
109
217
797
291
1714
672
132
622
438
257
1136
413
568
1704
352
2069
2766
458
277
544
266
571
545
4905
7621
2772
1163
803
647
2857
371
397
483
6060
2044
1637
11239
36451
1894
3060
793
1801
902
1533
2641
11479
1370
1306
624
1775
2156
2212
11900
2537
955
2840
846
5152
698
636
962
1823
2812
1115
524
1717
2413
1628
871
488
1183
2837
820
1040
663
958
2248
4925
1109
1449
2807
1830
2583
1262
2340
1369
1214
1569
922
1795
1092
1375
1110
966
487
631
566
402
587
742
299
346
348
399
258
366
8705
553
1864
3272
415
1138
656
452
4020
9760
599
378
389
1024
7378
985
495
9090
1497
1748
723
433
1443
561
516
1342
1043
290
887
342
443
771
5413
222
74
361
226
287
214
191
1228
210
183
169
198
2912
300
537
111
153
456
89
829
137
0
0
0
591
711
1092
260
1235
322
1139
1054
519
2631
368
140
248
862
142
2523
729
532
1224
426
313
1325
734
320
2520
397
384
667
822
999
1987
458
469
564
572
697
3812
2627
548
1426
2769
2079
6518
4340
3284
976
748
13295
1868
5737
13618
702
2290
2221
1008
871
925
1347
417
1788
922
5767
2416
933
811
408
882
1009
1373
1375
3734
1660
2053
2177
365
1056
1487
1294
4112
2169
805
2776
1670
1783
6003
1164
3160
712
3642
1425
4173
1242
1857
1006
1760
1783
1725
5311
2941
531
6280
1065
801
635
917
4802
667
632
3441
311
741
1560
1361
12501
982
9345
4673
950
481
1269
629
834
2136
631
3050
699
754
602
1485
380
471
1276
4083
380
897
462
428
675
1175
287
781
507
420
477
444
182
233
648
909
183
2296
1160
468
2297
653
406
2393
263
1783
750
112
176
549
477
1405
591
711
1092
0
0
0
333
451
562
212
504
414
846
831
244
288
442
369
2057
837
486
810
16484
1558
580
490
3021
339
207
878
871
10486
998
2507
8529
1091
1157
3318
5324
2978
530
1141
3376
3089
818
19793
747
4552
1196
1305
1628
1379
2215
978
940
5869
1812
1570
463
963
859
356
1036
10876
2717
2008
9884
522
362
659
2239
552
289
873
2617
514
684
347
2259
865
6367
13217
2149
850
5662
1714
2691
1879
4306
533
2828
455
2670
26059
31236
1449
5072
1957
3732
1731
1304
16953
334
99
382
107
130
168
101
183
115
52
1870
85
231
676
5171
2192
878
8418
273
2444
462
4828
9001
2894
1001
858
527
1283
1193
6927
442
387
766
352
159
441
1223
906
1809
1866
905
7519
660
9125
974
482
164
141
829
341
1980
1236
1227
272
478
925
708
661
782
1323
510
847
183
123
2492
109
260
1235
322
333
451
562
0
0
0
791
229
8990
216
150
1127
107
343
17
347
367
1120
170
147
1241
351
483
1321
212
1546
80
718
188
769
10636
285
661
374
494
488
998
694
4132
2833
3887
33496
1663
668
7357
5376
8226
1142
666
1013
902
605
46924
2177
670
1227
4457
4617
596
2485
1434
1521
3644
12434
1291
746
1109
2665
1609
2193
2222
997
1114
367
1935
904
1510
4311
1735
1180
732
11448
598
21305
1365
793
5020
1154
1041
14033
6494
2369
1119
727
1184
1769
1114
7904
3640
325
609
522
311
714
726
156
363
142
1482
167
332
1977
1080
4639
935
872
1163
1004
1461
379
1049
1058
13136
958
493
825
3611
492
1093
346
1988
320
21490
1037
982
945
358
1192
1763
1748
964
4946
602
1219
508
788
500
639
2487
774
1060
1068
312
1153
4175
313
1295
1053
2615
685
4437
275
217
797
291
1139
1054
519
212
504
414
791
229
8990
0
0
0
102
195
86
194
109
94
210
492
266
163
679
1240
358
113
421
1160
279
323
1759
793
400
2144
1273
3786
462
1745
6201
3254
484
1556
1405
1563
1524
1243
709
12660
757
1528
1557
510
5546
4246
1186
3640
1069
1330
1387
840
570
1160
636
853
4105
4999
453
1983
717
559
1633
2397
1245
11631
994
743
825
529
4815
1767
5232
1924
2282
403
1399
2841
3094
1369
2655
5619
1358
13001
1314
2931
1994
4723
601
1674
1163
1549
961
7680
257
232
694
160
204
517
208
173
469
1265
160
282
12941
742
1001
11992
1204
5272
2158
374
298
820
397
3701
658
2158
1449
2025
875
1041
990
539
1204
343
253
460
914
276
4638
1424
676
3498
717
1950
367
441
320
614
456
591
2199
3191
424
3965
764
390
951
1900
2157
385
733
439
1946
1714
672
132
2631
368
140
846
831
244
216
150
1127
102
195
86
0
0
0
53
4848
166
1014
911
862
629
234
2350
783
418
248
216
2011
1048
650
3158
2859
1188
1123
1410
929
2172
293
5752
590
2550
877
1948
2933
1903
3248
639
2827
866
2603
3529
1659
10042
1456
1819
2205
723
948
781
4384
1164
839
960
3898
3358
680
747
15049
29098
9858
1107
1366
817
1352
1003
1529
567
1099
2430
13848
1372
675
387
1623
3268
8047
754
2692
2247
777
700
17774
2239
1364
15663
3037
2964
830
2912
2786
5898
631
274
420
187
1898
152
87
205
135
142
168
87
726
615
208
397
998
711
575
602
210
1038
578
9571
515
4768
11314
509
1218
1769
2243
392
436
418
390
558
3043
760
1012
786
2194
526
520
1090
3126
158
529
446
459
634
613
362
604
801
280
1420
441
2788
705
512
169
540
880
622
438
257
248
862
142
288
442
369
107
343
17
194
109
94
53
4848
166
0
0
0
1030
1308
188
126
276
768
237
136
1156
206
221
135
749
2630
5114
886
899
409
1124
720
458
510
616
672
1437
1095
1523
1505
2757
1389
878
2972
729
2326
17944
11699
4137
2736
442
472
740
7994
1409
540
1795
5885
1198
707
5005
1076
904
660
1313
1892
819
1698
600
10862
925
2051
1945
1106
3014
931
1774
3355
2069
16380
1759
1349
2912
2132
2524
950
5589
2487
815
7561
1074
3342
19398
919
13248
4071
1207
816
977
475
291
1838
1705
660
268
289
2081
619
2511
649
670
1146
3242
566
873
1185
716
1328
2727
773
1597
1299
21198
610
5047
5971
720
790
452
1640
934
1796
930
4760
687
2195
2138
1989
1570
2656
2460
1390
1617
1841
2439
1495
1106
661
2972
2176
883
1116
2744
1290
1660
693
548
300
7830
1136
413
568
2523
729
532
2057
837
486
347
367
1120
210
492
266
1014
911
862
1030
1308
188
0
0
0
1416
6218
292
71
107
118
841
281
236
300
415
468
2343
468
4987
188
266
418
1550
305
314
3360
1704
821
1102
4606
6152
2159
1829
1794
976
899
1241
867
2080
3351
1562
1017
7280
1107
1681
1630
657
4821
2735
2219
1435
3137
2345
934
1235
916
674
1608
951
1023
2559
1334
1461
1171
1570
3403
5693
1431
3033
840
470
916
512
491
384
363
1140
3876
2776
695
619
1036
30225
3675
1289
1606
941
153
298
362
144
220
232
128
124
291
1224
477
1009
1293
318
3223
215
457
966
848
7246
529
1067
1189
1961
517
441
1790
819
980
397
359
1598
596
629
330
4906
5292
1544
507
1613
2230
1359
10385
669
572
251
284
4490
665
817
1540
1229
635
8075
3040
1018
962
1429
583
624
466
1704
352
2069
1224
426
313
810
16484
1558
170
147
1241
163
679
1240
629
234
2350
126
276
768
1416
6218
292
0
0
0
752
366
110
39
25
63
342
610
1048
719
316
390
225
144
261
797
223
368
2422
6282
1493
1209
1046
4715
2680
947
1273
1041
1744
1082
981
4883
11943
1395
2363
3750
1585
7396
1357
2662
4357
4981
907
8789
627
1280
3293
1795
1512
767
855
809
993
3229
1523
1919
1470
1734
509
608
628
1705
963
1200
428
400
1240
2731
712
969
669
2252
6601
1000
539
19812
1438
1021
704
2428
264
765
404
404
1093
715
2993
345
432
572
524
415
328
890
1865
729
695
1257
286
920
11918
412
1358
471
8385
1052
1977
1305
279
2260
10270
6932
1553
374
1728
15180
990
4427
1129
1752
863
556
443
1397
333
1065
609
1839
1543
3387
427
2895
1306
1135
2159
1135
446
1970
650
789
644
2766
458
277
1325
734
320
580
490
3021
351
483
1321
358
113
421
783
418
248
237
136
1156
71
107
118
752
366
110
0
0
0
133
223
888
2423
524
415
1234
483
335
658
444
541
607
231
1341
1966
3691
20233
20577
1045
3763
799
1930
1910
5232
1447
1385
723
1306
2150
891
1596
2505
1088
1850
5781
2259
3392
4193
719
620
1507
1189
2713
1696
2823
2315
906
1163
6540
832
1296
1168
1950
513
1625
1695
1956
1643
6417
1116
2023
601
1655
467
1741
5094
1930
546
691
1516
714
3902
5497
13513
483
279
283
2060
173
254
556
250
320
468
206
1018
382
1144
702
562
352
14829
455
327
173
3282
523
4002
2128
616
2664
499
7023
965
163
197
762
556
402
491
904
589
1200
1149
1788
795
521
2615
957
356
527
311
2178
495
1683
706
740
1745
877
724
4174
316
555
896
1067
1091
2555
544
266
571
2520
397
384
339
207
878
212
1546
80
1160
279
323
216
2011
1048
206
221
135
841
281
236
39
25
63
133
223
888
0
0
0
1275
331
786
319
269
344
411
397
305
753
304
505
1684
765
1358
1081
1417
13003
4782
4406
1197
968
1469
659
577
446
11816
513
2388
9736
2969
2052
2351
808
3516
3286
1073
698
8309
2611
4365
916
3013
1265
601
2134
675
1251
2274
1353
2859
750
1124
8405
749
12259
1470
552
1017
1802
1177
1619
552
3934
3890
2282
1193
3366
1270
13848
28754
9234
221
186
1133
780
556
812
447
15795
2594
698
287
406
445
350
321
356
163
2008
223
74
966
237
4209
2749
2326
768
1565
638
444
1675
405
499
1555
789
1417
866
409
2190
2148
587
8868
669
373
781
669
388
2104
4414
6338
1550
1500
563
14515
1257
481
4432
349
619
870
3000
1214
1113
595
545
4905
7621
667
822
999
871
10486
998
718
188
769
1759
793
400
650
3158
2859
749
2630
5114
300
415
468
342
610
1048
2423
524
415
1275
331
786
0
0
0
106
265
179
193
62
231
435
587
102
484
1154
773
838
2143
1550
1529
473
1184
970
869
1392
813
1830
2081
1194
2454
2759
1579
1930
2201
914
2500
2932
1735
677
496
1829
1465
1297
919
2843
1933
3016
3555
1438
1760
29898
20037
12232
1553
1062
2738
1160
668
583
3507
1401
2081
1142
7722
1412
1403
7467
1347
4289
699
1800
1810
4814
701
418
860
2390
3991
601
1063
293
2375
566
844
545
278
284
1036
1801
635
187
642
540
228
712
2218
1066
339
1012
796
1674
479
532
1541
522
2270
640
1287
905
8989
758
786
8408
5982
1182
962
8039
874
2837
1245
663
1369
1027
2618
611
4930
6555
1680
448
9221
943
869
637
331
2821
405
2772
1163
803
1987
458
469
2507
8529
1091
10636
285
661
2144
1273
3786
1188
1123
1410
886
899
409
2343
468
4987
719
316
390
1234
483
335
319
269
344
106
265
179
0
0
0
219
191
121
79
270
146
6186
822
2977
795
3815
10002
1436
812
533
4976
1061
598
627
826
1810
1042
2042
829
1288
2656
1699
1258
1505
640
2561
3929
625
1688
7653
3406
1479
1177
1931
1219
1738
2577
962
3361
1410
1117
988
2305
2973
1030
761
485
279
399
1360
959
242
1726
1090
471
1481
7829
2015
8162
1950
1657
582
728
1002
1223
239
985
436
6244
472
2119
973
679
259
148
272
1019
298
198
958
356
378
668
2120
2386
740
1828
1453
226
519
663
1793
1420
1511
546
606
1388
835
1455
2541
540
1603
668
1290
1421
626
438
657
1283
2053
919
397
301
3072
811
3248
1516
1799
1578
1017
3576
746
1539
1764
647
2857
371
564
572
697
1157
3318
5324
374
494
488
462
1745
6201
929
2172
293
1124
720
458
188
266
418
225
144
261
658
444
541
411
397
305
193
62
231
219
191
121
0
0
0
3160
127
112
446
2066
1081
1223
23101
974
7183
1354
538
1791
1434
2572
1453
2489
1075
6456
8874
2035
1061
5513
1591
4332
2274
1617
1054
1349
1053
22379
9658
1553
871
3066
5164
2281
15531
1158
2993
1676
1332
3683
1590
936
5703
2279
1787
565
402
376
578
323
967
1031
2006
3004
1050
5932
578
1364
5750
4518
943
531
11345
322
891
506
2441
479
1543
1054
1512
1041
251
371
952
783
609
3018
235
266
156
1105
550
624
1529
788
559
347
1733
1065
681
387
2558
566
2354
704
1342
496
799
743
2572
1717
1565
860
6439
967
1747
3372
1045
1910
2375
1147
8818
18884
1262
1838
697
1124
2577
2909
1196
4956
17122
397
483
6060
3812
2627
548
2978
530
1141
998
694
4132
3254
484
1556
5752
590
2550
510
616
672
1550
305
314
797
223
368
607
231
1341
753
304
505
435
587
102
79
270
146
3160
127
112
0
0
0
5819
977
3074
459
1648
875
1558
2542
1975
1604
1274
1814
1728
741
2417
827
1152
6320
5213
2444
754
18109
4696
892
2436
1187
1267
1177
7407
1030
2411
8419
9175
950
1808
1815
814
1057
30524
507
1112
747
657
889
1870
278
1431
451
1932
951
564
4933
1070
4757
811
1696
751
5844
2129
1216
805
17145
1284
1482
867
1694
6179
1485
1432
1319
17821
6751
6474
6602
508
1365
658
415
2183
720
710
14440
2068
891
862
712
702
1175
526
815
2489
1012
1130
537
1673
1369
2296
7048
3662
3286
3471
1423
1796
1429
12002
11411
3704
6836
3757
1315
2160
1795
929
2064
3253
1960
23847
914
8225
788
6118
824
2353
2044
1637
11239
1426
2769
2079
3376
3089
818
2833
3887
33496
1405
1563
1524
877
1948
2933
1437
1095
1523
3360
1704
821
2422
6282
1493
1966
3691
20233
1684
765
1358
484
1154
773
6186
822
2977
446
2066
1081
5819
977
3074
0
0
0
218
659
589
14138
1207
12024
935
353
374
1451
150
3455
10904
2297
26004
13070
1453
1965
57067
2197
1058
7394
1572
2441
3342
4705
1297
7711
4698
8637
4510
2491
35685
40181
5850
10728
8857
20989
1094
605
72
118
861
384
1684
1748
6089
486
689
275
160
2827
966
1248
1454
6518
1162
12403
1332
1526
1086
1673
1321
5878
4199
2113
1026
1000
2734
769
10395
4249
1679
951
1628
620
712
8078
1883
2394
2519
531
1140
1380
4007
1161
1607
592
1530
2889
1366
1152
1566
946
13868
6566
1562
1510
1080
18700
1987
1034
619
17609
4375
18914
940
707
2134
4218
1710
3469
1405
3549
1292
1154
1980
4301
4986
3855
36451
1894
3060
6518
4340
3284
19793
747
4552
1663
668
7357
1243
709
12660
1903
3248
639
1505
2757
1389
1102
4606
6152
1209
1046
4715
20577
1045
3763
1081
1417
13003
838
2143
1550
795
3815
10002
1223
23101
974
459
1648
875
218
659
589
0
0
0
691
381
1636
530
2230
556
217
469
132
2417
1811
1217
7528
1070
1216
6503
1027
849
2564
1195
1005
2602
13897
2116
5187
1884
5555
1379
2035
3025
2519
39934
19020
2943
2255
1627
388
138
172
424
683
16529
14358
23041
1445
501
454
669
1704
3310
3383
2050
1103
4553
1391
835
3374
2380
4807
9114
519
537
3660
1073
533
1905
536
379
10550
1814
1673
723
449
535
576
1838
367
314
401
220
1221
911
2062
206
899
739
942
1039
465
849
3428
2687
465
1445
728
17283
1035
998
522
982
573
2602
726
729
1212
2744
1783
634
1069
1859
781
1145
1009
930
8270
810
1419
793
1801
902
976
748
13295
1196
1305
1628
5376
8226
1142
757
1528
1557
2827
866
2603
878
2972
729
2159
1829
1794
2680
947
1273
799
1930
1910
4782
4406
1197
1529
473
1184
1436
812
533
7183
1354
538
1558
2542
1975
14138
1207
12024
691
381
1636
0
0
0
810
393
477
2585
1345
704
4764
856
1366
3573
2797
1473
949
508
851
652
1639
1490
904
1763
901
4553
1502
2440
1301
1147
3546
2422
12996
1215
5036
5213
3828
466
1264
381
7489
2699
1484
2501
5597
636
912
577
3209
3196
3342
5569
8281
924
3234
375
1659
2581
735
1327
535
950
452
1211
10467
2769
2719
628
1103
1619
461
880
559
1292
948
10770
624
321
736
279
4511
241
489
396
614
8668
805
835
1641
550
1125
500
1483
1959
350
545
2465
593
832
5828
2989
2031
1445
2030
574
2151
3318
1908
1034
1287
3232
1054
1828
1750
708
5929
784
1490
1533
2641
11479
1868
5737
13618
1379
2215
978
666
1013
902
510
5546
4246
3529
1659
10042
2326
17944
11699
976
899
1241
1041
1744
1082
5232
1447
1385
968
1469
659
970
869
1392
4976
1061
598
1791
1434
2572
1604
1274
1814
935
353
374
530
2230
556
810
393
477
0
0
0
2643
587
1581
9015
2773
1906
2488
3370
1514
847
1025
1923
994
1321
2179
7272
2039
3987
4874
4138
3167
1079
1150
4253
3364
3270
3793
3835
1258
4472
1571
894
604
6432
2314
1455
5540
3024
4641
2940
1420
7050
2952
1330
625
4061
1384
1075
1524
328
4971
1186
1231
6257
603
802
2261
2407
3350
6367
930
574
524
523
2655
427
1568
1620
319
1222
324
441
5063
284
527
2714
786
1865
2470
2350
590
6607
568
1574
1088
867
646
1964
961
2988
824
954
910
635
2277
1373
1400
6249
559
2975
1672
1997
1760
11792
549
1142
2096
7928
1179
2026
3176
1370
1306
624
702
2290
2221
940
5869
1812
605
46924
2177
1186
3640
1069
1456
1819
2205
4137
2736
442
867
2080
3351
981
4883
11943
723
1306
2150
577
446
11816
813
1830
2081
627
826
1810
1453
2489
1075
1728
741
2417
1451
150
3455
217
469
132
2585
1345
704
2643
587
1581
0
0
0
5691
3195
7549
7668
2873
3513
2328
5356
574
2360
47129
1738
1417
1823
7911
4391
5568
5187
2469
1356
3557
48820
4357
2628
2506
1369
710
506
541
271
1322
562
989
1112
1613
9927
489
5462
3433
7622
757
8105
1550
1465
1691
1943
1052
2532
6805
8451
759
681
1500
3877
2526
5961
5069
2716
1304
1850
835
22888
3784
1506
3751
3065
11254
605
2547
809
3253
4486
6388
2089
3265
6124
3637
718
1049
2531
2012
3815
768
11452
3068
528
2515
766
1380
2063
1033
1154
3239
495
10283
5661
527
3039
833
1138
2395
2074
2091
1627
799
4120
655
19527
1775
2156
2212
1008
871
925
1570
463
963
670
1227
4457
1330
1387
840
723
948
781
472
740
7994
1562
1017
7280
1395
2363
3750
891
1596
2505
513
2388
9736
1194
2454
2759
1042
2042
829
6456
8874
2035
827
1152
6320
10904
2297
26004
2417
1811
1217
4764
856
1366
9015
2773
1906
5691
3195
7549
0
0
0
411
167
258
1133
2469
954
212
338
162
10465
1014
1396
275
371
324
686
199
94
567
437
242
4039
4422
1435
1572
2375
14074
5462
14717
2548
1745
2821
3329
2420
6951
8540
4356
2178
912
2645
9450
4270
939
1475
1078
3152
1029
6585
2615
3277
4572
9006
756
347
900
1528
1559
3274
1072
2565
2724
929
939
1047
5565
841
1285
1324
2206
882
2864
1432
2510
19107
2507
6773
862
869
552
1419
514
972
3323
339
617
516
311
605
12782
17507
429
381
562
1978
780
806
470
446
948
374
2975
1646
1194
466
1882
11900
2537
955
1347
417
1788
859
356
1036
4617
596
2485
570
1160
636
4384
1164
839
1409
540
1795
1107
1681
1630
1585
7396
1357
1088
1850
5781
2969
2052
2351
1579
1930
2201
1288
2656
1699
1061
5513
1591
5213
2444
754
13070
1453
1965
7528
1070
1216
3573
2797
1473
2488
3370
1514
7668
2873
3513
411
167
258
0
0
0
750
975
1597
98
574
42
2843
3178
3676
441
383
299
260
803
232
374
2411
510
1288
3005
905
21490
5449
1949
984
4156
6304
1397
2847
8516
2125
3775
2631
1480
2404
1681
699
871
1934
1729
1772
1530
3447
797
2347
1655
5227
1223
9688
1229
1050
1081
3765
4705
724
2433
3139
23326
2821
944
1269
12616
864
1961
960
1201
2990
5055
1246
3417
996
1044
533
2541
643
454
691
810
1023
4675
878
2105
1504
1105
498
3462
884
1472
500
536
539
1030
1368
723
1337
861
1339
615
2231
1476
773
823
2840
846
5152
922
5767
2416
10876
2717
2008
1434
1521
3644
853
4105
4999
960
3898
3358
5885
1198
707
657
4821
2735
2662
4357
4981
2259
3392
4193
808
3516
3286
914
2500
2932
1258
1505
640
4332
2274
1617
18109
4696
892
57067
2197
1058
6503
1027
849
949
508
851
847
1025
1923
2328
5356
574
1133
2469
954
750
975
1597
0
0
0
1459
980
821
3125
1179
412
4652
1864
4605
3128
815
1902
3257
1317
1011
1976
1479
1505
2450
1119
2951
1699
13854
19154
24911
1595
1252
25032
13256
4109
11797
4349
12591
715
775
790
918
2949
968
2495
1632
2137
1069
1918
751
545
559
3903
1626
3115
3413
1351
2447
813
3104
526
2250
1013
1957
11477
11594
1750
1532
2534
923
1803
1410
445
3274
441
1846
2922
681
7820
1742
1538
762
2571
1131
823
450
5198
776
4540
1312
744
395
487
1022
1312
635
1020
530
503
833
847
493
1280
1070
698
636
962
933
811
408
9884
522
362
12434
1291
746
453
1983
717
680
747
15049
5005
1076
904
2219
1435
3137
907
8789
627
719
620
1507
1073
698
8309
1735
677
496
2561
3929
625
1054
1349
1053
2436
1187
1267
7394
1572
2441
2564
1195
1005
652
1639
1490
994
1321
2179
2360
47129
1738
212
338
162
98
574
42
1459
980
821
0
0
0
1960
841
628
705
287
296
74
167
384
1133
1848
941
1056
899
533
1868
7030
3930
6654
755
50768
2206
2858
2173
12475
2791
3556
3022
18530
3935
1267
11697
1372
834
553
1129
4633
6162
1681
2840
496
659
839
680
10905
1862
1659
1190
1894
6655
23297
530
2058
1073
474
2460
5256
796
1212
7527
1323
1920
1321
11927
1589
2023
1104
687
1632
1911
1623
326
893
2708
552
1020
769
845
1529
530
614
5082
1329
8045
614
1500
969
30122
2640
652
574
1919
1239
629
1469
2433
1823
2812
1115
882
1009
1373
659
2239
552
1109
2665
1609
559
1633
2397
29098
9858
1107
660
1313
1892
2345
934
1235
1280
3293
1795
1189
2713
1696
2611
4365
916
1829
1465
1297
1688
7653
3406
22379
9658
1553
1177
7407
1030
3342
4705
1297
2602
13897
2116
904
1763
901
7272
2039
3987
1417
1823
7911
10465
1014
1396
2843
3178
3676
3125
1179
412
1960
841
628
0
0
0
2943
1217
1268
517
1409
1670
2641
1267
790
2691
35513
3503
1966
2438
3690
1151
4055
12046
9269
3106
1783
1221
1665
2799
3271
21477
6388
23550
3043
1487
2416
13102
2685
6776
871
1929
618
2674
5441
5050
1403
3062
1754
2266
15743
2557
2398
1691
2303
3491
790
1390
7527
1451
3372
3429
1812
3013
952
15033
1890
708
2709
3028
843
1143
3323
879
1250
1354
610
1950
1625
4786
2785
7386
2672
2118
654
1582
2513
1297
986
1706
11287
956
1476
1701
1333
5054
1654
1304
907
524
1717
2413
1375
3734
1660
289
873
2617
2193
2222
997
1245
11631
994
1366
817
1352
819
1698
600
916
674
1608
1512
767
855
2823
2315
906
3013
1265
601
919
2843
1933
1479
1177
1931
871
3066
5164
2411
8419
9175
7711
4698
8637
5187
1884
5555
4553
1502
2440
4874
4138
3167
4391
5568
5187
275
371
324
441
383
299
4652
1864
4605
705
287
296
2943
1217
1268
0
0
0
149
752
258
96
135
203
1979
2505
2596
2449
3255
6431
1670
1712
2582
26811
12198
8078
2356
4401
4622
2973
6853
1343
11184
10535
4498
1881
3686
421
10096
1663
5045
948
2280
2898
788
877
4459
771
1197
1231
2781
932
1785
3432
813
1487
1991
1264
19103
1214
578
1206
5305
2994
1931
2181
3148
475
3097
3658
1004
2501
8212
3301
9934
2742
549
6002
2138
1943
488
2686
758
1074
905
559
850
1811
945
755
495
282
933
2947
1240
577
270
642
1628
871
488
2053
2177
365
514
684
347
1114
367
1935
743
825
529
1003
1529
567
10862
925
2051
951
1023
2559
809
993
3229
1163
6540
832
2134
675
1251
3016
3555
1438
1219
1738
2577
2281
15531
1158
950
1808
1815
4510
2491
35685
1379
2035
3025
1301
1147
3546
1079
1150
4253
2469
1356
3557
686
199
94
260
803
232
3128
815
1902
74
167
384
517
1409
1670
149
752
258
0
0
0
1267
465
373
798
1537
1257
27436
3314
2589
1434
3572
1224
5940
8119
900
4317
4173
8635
3040
2488
2764
1086
4996
944
530
10060
1720
1394
3461
7903
6318
1254
3322
1784
2662
4788
4654
695
1447
25471
1685
3787
4972
23267
18960
671
7448
30823
3833
1803
5722
1089
1226
12104
1859
20513
2326
2443
764
1867
2560
3579
41031
739
1324
1301
967
3047
1326
7812
585
717
561
1042
2841
597
624
2247
1737
17769
25954
2396
1048
17781
688
403
1276
1183
2837
820
1056
1487
1294
2259
865
6367
904
1510
4311
4815
1767
5232
1099
2430
13848
1945
1106
3014
1334
1461
1171
1523
1919
1470
1296
1168
1950
2274
1353
2859
1760
29898
20037
962
3361
1410
2993
1676
1332
814
1057
30524
40181
5850
10728
2519
39934
19020
2422
12996
1215
3364
3270
3793
48820
4357
2628
567
437
242
374
2411
510
3257
1317
1011
1133
1848
941
2641
1267
790
96
135
203
1267
465
373
0
0
0
1323
4819
1157
4788
7303
2728
2556
1868
4064
851
4572
37101
3253
1878
1670
4112
4339
5883
859
2328
1719
1366
6373
792
17566
14458
499
3025
1511
962
5507
4168
302
1122
788
678
1694
3103
1633
2934
3110
2152
1926
14045
1729
1328
2525
19596
1167
653
9711
1245
4301
2319
3683
2678
3209
8597
4061
2216
1398
1123
1477
1194
684
4107
1041
836
367
1899
3188
2301
3085
1432
5510
11763
627
6192
1025
1527
6043
791
921
1897
1040
663
958
4112
2169
805
13217
2149
850
1735
1180
732
1924
2282
403
1372
675
387
931
1774
3355
1570
3403
5693
1734
509
608
513
1625
1695
750
1124
8405
12232
1553
1062
1117
988
2305
3683
1590
936
507
1112
747
8857
20989
1094
2943
2255
1627
5036
5213
3828
3835
1258
4472
2506
1369
710
4039
4422
1435
1288
3005
905
1976
1479
1505
1056
899
533
2691
35513
3503
1979
2505
2596
798
1537
1257
1323
4819
1157
0
0
0
3591
13370
873
1746
2013
1489
413
1309
1678
4847
7217
7850
1182
1093
3450
3127
2987
35915
3359
1920
3818
768
1391
566
2743
1407
4085
1239
3789
663
17749
1714
966
779
822
521
1008
6361
389
10366
1883
6752
1766
1220
1650
5902
2050
4175
24992
2153
2482
2522
857
4256
6004
3208
621
3010
1354
1631
1186
2030
3942
6907
1077
1862
982
19064
1326
5261
990
2741
1407
15397
1800
3013
2069
797
1991
1263
1462
2248
4925
1109
2776
1670
1783
5662
1714
2691
11448
598
21305
1399
2841
3094
1623
3268
8047
2069
16380
1759
1431
3033
840
628
1705
963
1956
1643
6417
749
12259
1470
2738
1160
668
2973
1030
761
5703
2279
1787
657
889
1870
605
72
118
388
138
172
466
1264
381
1571
894
604
506
541
271
1572
2375
14074
21490
5449
1949
2450
1119
2951
1868
7030
3930
1966
2438
3690
2449
3255
6431
27436
3314
2589
4788
7303
2728
3591
13370
873
0
0
0
611
920
340
26196
1337
2950
448
538
351
927
2039
1483
3790
1295
1144
1130
2968
1988
3716
907
766
839
2340
1072
1817
2404
932
6489
4887
1257
4169
286
1348
3607
2522
313
817
1105
1841
1222
1652
1618
1120
635
5549
862
651
681
686
8811
3690
5712
3868
7866
2764
933
1546
2265
813
628
1495
3061
1099
17573
1432
2598
2819
33495
745
11095
1089
1745
1044
813
1587
1023
1774
3529
1449
2807
1830
6003
1164
3160
1879
4306
533
1365
793
5020
1369
2655
5619
754
2692
2247
1349
2912
2132
470
916
512
1200
428
400
1116
2023
601
552
1017
1802
583
3507
1401
485
279
399
565
402
376
278
1431
451
861
384
1684
424
683
16529
7489
2699
1484
6432
2314
1455
1322
562
989
5462
14717
2548
984
4156
6304
1699
13854
19154
6654
755
50768
1151
4055
12046
1670
1712
2582
1434
3572
1224
2556
1868
4064
1746
2013
1489
611
920
340
0
0
0
6073
489
2584
307
1846
372
197
401
363
6798
4355
3180
743
861
3445
3079
723
1769
593
832
5293
878
488
1023
1749
555
9566
844
3019
13664
1231
2023
3914
1582
1336
663
2876
1837
1681
1751
986
6459
1678
1460
4582
1832
2554
1403
845
1334
1178
5641
20578
19483
4217
1732
1487
1122
1735
4858
1740
1364
3254
3282
6169
1525
2101
1078
2212
6094
1190
2117
4353
1586
1921
2583
1262
2340
712
3642
1425
2828
455
2670
1154
1041
14033
1358
13001
1314
777
700
17774
2524
950
5589
491
384
363
1240
2731
712
1655
467
1741
1177
1619
552
2081
1142
7722
1360
959
242
578
323
967
1932
951
564
1748
6089
486
14358
23041
1445
2501
5597
636
5540
3024
4641
1112
1613
9927
1745
2821
3329
1397
2847
8516
24911
1595
1252
2206
2858
2173
9269
3106
1783
26811
12198
8078
5940
8119
900
851
4572
37101
413
1309
1678
26196
1337
2950
6073
489
2584
0
0
0
1490
2463
416
439
473
1197
2160
2575
1304
1642
2377
1652
1642
2822
657
1106
810
5086
1565
871
1940
968
2667
654
411
689
422
5664
726
5389
6173
1220
1464
970
536
11690
588
1185
810
1095
763
1358
1139
8275
1536
594
1054
1070
1268
1264
1406
1716
703
758
2937
1479
1375
1701
4439
2044
3969
1027
812
1482
1648
11326
2472
4909
988
1490
7461
7689
1369
1214
1569
4173
1242
1857
26059
31236
1449
6494
2369
1119
2931
1994
4723
2239
1364
15663
2487
815
7561
1140
3876
2776
969
669
2252
5094
1930
546
3934
3890
2282
1412
1403
7467
1726
1090
471
1031
2006
3004
4933
1070
4757
689
275
160
501
454
669
912
577
3209
2940
1420
7050
489
5462
3433
2420
6951
8540
2125
3775
2631
25032
13256
4109
12475
2791
3556
1221
1665
2799
2356
4401
4622
4317
4173
8635
3253
1878
1670
4847
7217
7850
448
538
351
307
1846
372
1490
2463
416
0
0
0
418
976
1082
2084
2835
968
1122
5175
441
2254
1308
1291
696
1738
795
616
469
923
651
8413
2383
1412
2679
6432
14787
845
861
5383
1075
1477
2541
641
837
8631
2371
1140
6020
1295
1779
899
2047
1507
1493
1358
9238
1771
1897
7474
33975
12063
1790
809
1172
1384
2734
1036
2018
2693
3266
858
3602
1125
3240
1371
13769
1944
889
6645
1452
922
1795
1092
1006
1760
1783
5072
1957
3732
727
1184
1769
601
1674
1163
3037
2964
830
1074
3342
19398
695
619
1036
6601
1000
539
691
1516
714
1193
3366
1270
1347
4289
699
1481
7829
2015
1050
5932
578
811
1696
751
2827
966
1248
1704
3310
3383
3196
3342
5569
2952
1330
625
7622
757
8105
4356
2178
912
1480
2404
1681
11797
4349
12591
3022
18530
3935
3271
21477
6388
2973
6853
1343
3040
2488
2764
4112
4339
5883
1182
1093
3450
927
2039
1483
197
401
363
439
473
1197
418
976
1082
0
0
0
2528
1576
3339
1096
674
1390
1272
2135
2249
16894
1721
13439
12615
1898
3690
1941
2488
2004
1372
1204
9750
5150
5164
3030
1624
2019
1840
4163
1103
2119
665
1381
2017
7055
1894
827
402
1385
1473
9512
8755
2604
1504
683
1028
1434
704
1184
6786
1859
1594
1875
11990
13575
2930
527
1284
1491
1375
402
1463
3851
899
603
4606
653
1375
1110
966
1725
5311
2941
1731
1304
16953
1114
7904
3640
1549
961
7680
2912
2786
5898
919
13248
4071
30225
3675
1289
19812
1438
1021
3902
5497
13513
13848
28754
9234
1800
1810
4814
8162
1950
1657
1364
5750
4518
5844
2129
1216
1454
6518
1162
2050
1103
4553
8281
924
3234
4061
1384
1075
1550
1465
1691
2645
9450
4270
699
871
1934
715
775
790
1267
11697
1372
23550
3043
1487
11184
10535
4498
1086
4996
944
859
2328
1719
3127
2987
35915
3790
1295
1144
6798
4355
3180
2160
2575
1304
2084
2835
968
2528
1576
3339
0
0
0
