C_ijk
0
0
0
87
33
130
135
490
64
5882
756
1853
160
95
194
432
311
651
192
178
136
345
173
541
584
167
720
349
1057
2898
254
750
870
157
229
116
451
299
2080
713
510
487
1636
2789
565
145
216
368
1535
631
4924
476
3382
208
2108
1965
20925
637
954
281
1655
546
2777
333
219
710
640
332
1619
5633
527
246
1351
365
151
3876
246
882
585
468
692
641
2491
247
373
1420
379
2029
1051
819
603
844
7619
178
232
1777
728
253
327
149
831
698
249
477
310
159
840
621
8041
15371
1346
1860
2293
669
2330
2700
13096
4035
1456
2331
4848
1399
2820
945
452
432
2240
1194
2296
9139
4299
555
5301
676
1887
398
1838
1517
1183
707
26830
985
557
2040
2075
1305
2401
3646
1276
1516
16214
1109
979
817
1041
5436
8785
883
1126
1366
1661
1987
1657
2696
1733
5927
1586
1203
87
33
130
0
0
0
93
132
163
153
103
468
149
435
251
164
168
430
1089
126
239
4317
489
290
1434
1104
1031
747
4544
492
178
198
1242
1077
594
347
4485
9661
432
490
1581
391
836
731
1480
201
225
413
501
531
624
4463
5698
797
643
1729
771
494
749
201
949
783
440
269
395
2173
1694
953
295
341
1051
2253
275
190
239
521
3735
2500
1179
307
299
754
1010
3098
395
13674
734
134
147
271
346
771
667
585
215
465
555
878
296
294
872
218
699
713
552
3138
1746
1283
1828
12733
2798
850
757
15477
2586
1400
9731
1435
1554
2618
2578
1389
2520
1630
1112
3387
1165
1092
447
1509
2373
2839
843
1232
34856
1495
804
2073
5308
891
1555
2954
5088
1607
1273
1471
1715
1769
3613
3559
4651
6285
1006
902
842
2329
618
970
10491
2879
1216
1155
1925
1656
711
9009
15358
1441
135
490
64
93
132
163
0
0
0
368
74
94
307
398
1015
254
840
480
1105
612
3389
375
1192
248
742
259
1337
1628
581
369
99
260
762
162
2549
888
2313
4329
607
930
531
1026
556
271
2910
341
588
490
312
465
341
514
5587
400
519
164
243
904
444
293
504
555
1200
233
178
81
347
340
220
1157
1211
348
169
120
207
5207
1845
486
943
183
1126
130
154
148
370
251
291
249
121
1708
1700
318
617
272
200
115
608
475
4460
1309
637
2052
1712
433
632
590
160
506
621
2019
2015
11169
3735
41428
5137
733
23445
2300
2051
1227
778
1618
1982
15780
1465
3176
1130
640
1043
1393
2519
1398
967
1453
1621
2569
1194
1446
899
616
1231
965
1263
1877
934
3628
6115
6211
1711
4980
14493
12708
1214
1017
1645
535
1538
1095
10079
1953
1982
992
2204
1597
630
752
3306
1491
5882
756
1853
153
103
468
368
74
94
0
0
0
550
420
306
6400
526
3165
363
6485
456
770
904
978
1108
625
2163
638
9812
1420
8202
333
2675
673
927
206
903
428
634
846
1819
777
2087
267
330
2218
338
486
479
615
1169
593
4355
2579
690
696
673
1019
398
985
4779
625
4054
230
113
119
762
261
392
669
577
1028
200
142
39
216
472
262
559
508
220
168
61
73
392
1152
4358
550
74
1373
1273
192
765
234
972
222
399
951
2735
183
708
2708
3313
2056
340
1349
1618
1299
4138
1008
2868
2570
10688
2696
554
520
1049
590
825
685
2316
1010
569
2327
1886
1098
2734
5397
1970
19834
1683
1097
1385
4788
865
4343
5640
3513
13196
1560
742
1981
389
1178
2708
582
1964
2851
1244
363
987
1673
890
420
1380
1012
346
9150
1106
3461
782
5805
764
897
2050
4327
662
1129
160
95
194
149
435
251
307
398
1015
550
420
306
0
0
0
165
134
400
77
43
80
387
1523
296
433
612
255
275
297
1726
237
935
622
487
253
796
2327
3825
2054
7366
357
1280
333
399
5042
763
443
537
610
578
719
6830
854
976
2227
449
1486
1435
1659
2167
1617
2069
3318
1603
1008
703
789
431
1288
1213
1394
682
834
381
1308
501
705
1484
4465
1385
1660
363
422
519
666
615
309
405
528
238
1511
539
849
3518
342
575
4360
471
89
319
245
210
553
151
136
357
314
698
7111
1081
777
1116
839
4429
681
2588
7889
950
1455
1667
1996
929
600
589
7417
938
885
756
1295
1016
1793
973
610
4035
801
3356
1178
7689
54188
2344
1149
874
1392
2030
6908
1862
5655
730
388
1081
565
921
676
385
5768
4697
1573
652
22986
1534
3376
2672
582
472
1755
1037
69523
1065
432
311
651
164
168
430
254
840
480
6400
526
3165
165
134
400
0
0
0
158
2189
213
130
172
1851
658
759
288
434
1604
642
1088
283
138
567
1073
751
853
464
501
1503
855
1578
377
2405
423
352
615
1290
633
1795
1175
783
625
540
3015
1723
612
2361
1624
1434
472
926
559
702
618
2488
5003
485
733
3888
812
1623
298
1286
1054
10426
2515
1296
1432
1962
646
1148
1091
906
843
945
848
531
1568
695
550
684
1970
1210
1789
2129
224
193
369
353
263
856
1682
569
1034
2152
875
363
2473
355
408
4526
937
455
423
1312
1381
939
8139
1139
1311
2461
379
621
6596
4580
801
1464
3528
1527
1262
19526
866
4561
3689
828
1428
1830
42094
1692
4058
1610
1408
2002
2331
10218
6022
7918
663
854
659
897
4283
936
1022
637
2055
1810
1407
390
654
1165
12726
1154
6178
3236
1685
1098
192
178
136
1089
126
239
1105
612
3389
363
6485
456
77
43
80
158
2189
213
0
0
0
833
351
206
5087
360
2483
166
690
246
276
178
294
806
683
265
722
903
2159
2115
913
1001
927
822
4304
1598
355
1109
355
1371
902
4037
677
557
390
1943
1547
1404
1913
2420
823
3015
934
411
308
355
784
1418
286
673
787
1208
4327
643
1150
5627
837
399
703
1495
1470
338
517
1422
364
519
470
1075
328
253
1166
643
4521
2562
228
429
3557
198
369
1939
590
405
287
424
348
264
780
2464
4518
996
2008
1533
640
1362
823
380
1938
771
690
661
1253
434
629
2058
1026
6051
1235
2583
3361
2019
1917
1390
1158
686
3904
1630
2100
1990
4497
1115
1874
1447
426
2563
23968
3884
480
783
967
678
1353
5331
2331
578
1483
562
1062
1099
7116
3111
2685
1030
878
556
1518
3245
2572
1051
345
173
541
4317
489
290
375
1192
248
770
904
978
387
1523
296
130
172
1851
833
351
206
0
0
0
48
47
37
8
218
8
512
3340
445
311
1133
489
283
359
481
505
3507
278
330
3335
840
197
534
4766
1034
2020
1198
417
1800
649
6906
542
728
1369
779
652
4692
1155
1402
278
952
419
672
1141
2650
1812
1719
1883
477
2356
1597
602
702
729
7485
2687
1027
1954
8195
674
4259
623
2593
503
781
711
548
5577
1761
1213
296
6338
759
834
1023
960
745
4470
336
2276
496
775
1909
682
1402
3709
1339
2326
975
3467
899
1462
847
324
444
334
920
1070
1520
980
808
13613
859
6580
876
1304
623
1328
8190
6515
1323
1563
999
2712
2297
2040
705
1930
2080
830
2664
2975
2041
653
1671
2622
1074
838
605
3574
1491
2273
2624
15788
4576
837
656
487
2476
1308
503
2124
2897
5632
584
167
720
1434
1104
1031
742
259
1337
1108
625
2163
433
612
255
658
759
288
5087
360
2483
48
47
37
0
0
0
65
36
153
598
2157
174
231
826
353
530
1040
542
875
282
388
354
1495
333
462
952
1157
343
12000
1467
934
1490
771
703
3404
552
2729
627
612
704
3148
877
1273
3674
915
949
1007
11168
6309
1222
1579
5633
226
502
3096
12416
1406
12995
1355
2526
893
308
2762
1087
409
1747
520
792
1001
1435
1164
3254
1223
595
1115
1229
566
582
459
3094
3075
1257
2217
15247
672
2981
729
17316
4311
2063
1698
532
5803
750
607
654
996
279
2404
789
2108
273
811
2603
1853
848
1073
1757
3254
590
1186
5684
2593
19897
1043
1107
650
796
1396
5699
4369
14806
478
1928
2321
804
3997
7278
2229
418
7241
2016
4521
1802
2663
2081
663
813
3131
637
1608
2648
4238
5793
1471
815
1050
349
1057
2898
747
4544
492
1628
581
369
638
9812
1420
275
297
1726
434
1604
642
166
690
246
8
218
8
65
36
153
0
0
0
388
221
158
208
239
246
302
4266
276
1652
234
658
4594
277
370
2506
320
414
9054
448
2126
970
3823
365
350
325
3241
789
4494
2161
1003
3530
740
538
962
1110
493
974
532
2275
2394
544
519
3198
437
2830
670
2127
1912
951
720
704
647
1675
1151
1715
866
764
729
16585
2774
826
2032
380
2376
4529
364
2514
456
2399
504
885
2414
1494
2226
2096
364
527
680
15181
619
451
2485
895
1520
461
1668
2355
1007
3147
618
439
877
11307
1134
1995
6127
1509
6169
802
273
747
1264
1533
1201
5430
10227
1010
5309
3596
3356
3258
860
2202
5419
4388
1617
2167
1278
1220
8180
1782
1358
1727
835
16298
1392
1457
1190
1589
3098
18678
1348
8192
3178
678
872
2131
254
750
870
178
198
1242
99
260
762
8202
333
2675
237
935
622
1088
283
138
276
178
294
512
3340
445
598
2157
174
388
221
158
0
0
0
1235
274
118
336
343
1385
1544
645
460
320
1015
4521
486
559
744
746
1603
452
1455
473
292
447
4360
1153
2401
5808
215
7417
976
982
444
462
399
522
1850
482
309
386
9310
533
417
912
555
750
1657
1080
307
446
1307
466
607
916
817
3535
594
313
521
665
1006
2050
1492
721
1186
751
678
386
534
938
292
766
7487
5631
15027
1964
1270
580
5965
1814
6365
13215
1551
650
886
959
3206
2569
4948
710
3153
9341
1115
4749
5728
915
3903
21633
2094
1414
3327
536
1494
3933
537
1997
2291
2408
1114
1348
588
1488
2654
9867
2274
2698
1655
1645
2082
2187
3196
2509
654
1164
1497
475
2364
2165
1630
10564
3537
2340
1749
791
1477
2448
6594
157
229
116
1077
594
347
162
2549
888
673
927
206
487
253
796
567
1073
751
806
683
265
311
1133
489
231
826
353
208
239
246
1235
274
118
0
0
0
543
407
456
472
1528
910
136
197
191
159
193
169
1387
503
256
397
1425
210
6898
511
629
4034
253
347
525
480
399
652
201
427
314
1087
904
3000
709
1867
367
267
249
432
1828
1555
1303
1870
571
1309
278
727
332
1336
542
399
811
648
366
1414
1993
563
3693
490
8740
430
666
1550
1931
1531
914
877
1656
1045
5878
546
2312
4424
4577
586
758
1739
2648
283
18717
881
4321
8695
399
788
1422
1585
3223
2361
939
1235
720
2584
1524
563
1448
784
2669
30344
841
9546
34917
2205
683
3903
626
500
5289
4261
1993
1232
1132
2388
1004
3184
1593
2946
893
1216
3826
1653
3984
12080
1294
1124
997
2391
1790
1729
2352
1394
451
299
2080
4485
9661
432
2313
4329
607
903
428
634
2327
3825
2054
853
464
501
722
903
2159
283
359
481
530
1040
542
302
4266
276
336
343
1385
543
407
456
0
0
0
32
158
80
148
219
396
1980
207
672
478
922
350
5591
2434
370
379
890
335
196
711
272
939
486
924
2860
904
348
1504
657
1132
1547
1827
264
10756
1656
545
1238
7954
630
1502
1333
1345
620
3107
1131
619
1337
1239
1773
995
3982
4842
2832
837
386
2070
2723
8111
1800
3303
552
10407
2713
616
15934
1102
5605
1687
907
1830
634
3881
1372
1018
3218
299
2709
397
1049
1310
2124
2188
983
1787
862
1130
3730
8784
519
2180
1022
707
1163
1086
1582
469
5270
500
405
1336
718
1203
645
1420
785
1418
2150
2601
1574
738
1466
2479
928
929
4460
4222
874
2384
724
1734
842
1700
4583
3963
1219
8833
995
495
597
713
510
487
490
1581
391
930
531
1026
846
1819
777
7366
357
1280
1503
855
1578
2115
913
1001
505
3507
278
875
282
388
1652
234
658
1544
645
460
472
1528
910
32
158
80
0
0
0
338
74
1197
868
193
4792
457
574
924
671
581
793
229
241
256
121
209
647
3695
1342
734
903
513
10689
861
1468
524
3941
1033
2847
907
2217
1255
641
923
1093
11473
1549
1020
829
535
911
1047
1266
817
1928
555
6976
4474
748
750
2053
977
1994
2096
2954
3802
2895
991
677
1570
1652
406
1612
4866
974
889
3609
2163
2029
2023
866
1503
3801
377
806
551
5383
451
5429
1775
996
1285
649
4403
580
643
1520
496
724
7001
933
1420
511
599
1054
1534
1310
742
886
491
1622
5375
1452
5448
1314
1485
5559
934
4733
1213
5137
1113
6308
2645
10486
3959
1294
1529
2307
12866
2515
2623
2698
631
664
1636
2789
565
836
731
1480
556
271
2910
2087
267
330
333
399
5042
377
2405
423
927
822
4304
330
3335
840
354
1495
333
4594
277
370
320
1015
4521
136
197
191
148
219
396
338
74
1197
0
0
0
1024
349
461
1125
885
360
458
401
151
507
213
438
188
106
1387
745
222
1685
764
1052
1078
1438
922
316
441
3125
669
376
752
1058
802
2669
2111
597
2406
954
625
402
1536
9309
506
832
267
896
2983
540
5110
895
1883
1764
1805
498
988
22754
264
1610
2070
291
420
974
2122
535
1870
820
5869
1811
832
1413
4131
759
1011
639
1955
1317
1108
2391
785
949
1891
1358
3312
945
2677
1067
1022
4297
6837
1040
934
591
943
1772
3689
6810
19962
2063
5579
1025
451
1555
4106
4197
563
422
2494
37788
1875
1056
630
2678
748
7041
3077
3307
4568
8700
2111
998
2051
1719
3102
1670
1623
145
216
368
201
225
413
341
588
490
2218
338
486
763
443
537
352
615
1290
1598
355
1109
197
534
4766
462
952
1157
2506
320
414
486
559
744
159
193
169
1980
207
672
868
193
4792
1024
349
461
0
0
0
680
150
1170
1796
184
193
1243
246
317
1453
132
134
466
96
286
547
136
100
76
410
4320
631
189
1209
752
160
193
699
644
1808
868
425
592
2832
469
294
730
673
1649
804
902
1053
650
1161
912
1295
1515
941
841
547
433
27442
517
1670
434
272
8473
1837
597
1596
5921
17142
6548
1816
4454
893
1159
10789
523
1940
1821
6459
983
2448
2125
2116
5665
1485
2169
2191
1982
1147
918
527
490
925
1849
2425
1267
436
3612
887
1420
573
1469
324
2257
1388
1518
743
633
10395
14759
2994
1962
22472
1355
1330
2335
1131
1141
784
2700
1983
3110
754
2800
2609
888
1816
1535
631
4924
501
531
624
312
465
341
479
615
1169
610
578
719
633
1795
1175
355
1371
902
1034
2020
1198
343
12000
1467
9054
448
2126
746
1603
452
1387
503
256
478
922
350
457
574
924
1125
885
360
680
150
1170
0
0
0
101
65
369
67
272
231
107
1096
3256
5062
203
214
423
222
426
309
234
230
2262
2332
470
6472
853
320
309
1398
966
328
465
300
791
1021
1995
2323
1422
17924
516
416
720
4180
544
1359
595
6126
997
865
4362
4488
865
583
15551
4860
824
587
3076
878
1710
10906
5391
1839
29745
28224
2528
3450
1955
1083
1075
9369
1122
1602
1050
1509
4371
6274
377
367
670
2331
7365
1231
929
1568
252
465
470
719
858
1099
725
468
1491
1070
3196
1410
2273
7004
8767
3854
3902
2172
21061
3688
1165
14279
1648
65592
4725
9881
8822
2503
2587
1408
3646
2890
956
1322
2203
476
3382
208
4463
5698
797
514
5587
400
593
4355
2579
6830
854
976
783
625
540
4037
677
557
417
1800
649
934
1490
771
970
3823
365
1455
473
292
397
1425
210
5591
2434
370
671
581
793
458
401
151
1796
184
193
101
65
369
0
0
0
28
34
29
143
108
79
188
319
400
381
115
232
291
361
293
260
422
510
1477
237
749
723
1737
1117
722
1370
1756
349
290
512
1074
868
2146
1214
1764
1403
496
9469
5529
540
301
2041
5280
560
1256
1126
1936
2885
869
857
1352
879
1432
6038
5664
5561
19655
1808
2968
1372
877
3902
1733
908
5859
1313
3087
3425
3800
2014
870
1437
688
421
2984
1869
564
1445
2066
400
901
651
680
1496
513
1156
6549
939
2192
793
9148
791
1271
1276
3925
2719
856
5163
906
5369
7264
3294
2653
3286
2170
1967
1164
4619
739
871
3209
3622
3334
1578
2108
1965
20925
643
1729
771
519
164
243
690
696
673
2227
449
1486
3015
1723
612
390
1943
1547
6906
542
728
703
3404
552
350
325
3241
447
4360
1153
6898
511
629
379
890
335
229
241
256
507
213
438
1243
246
317
67
272
231
28
34
29
0
0
0
70
66
2390
223
292
343
743
221
136
731
154
671
714
641
175
2885
1043
1345
1142
234
622
610
337
4246
5460
572
1030
1718
1087
1480
600
3181
525
2537
706
1572
704
679
818
1161
1346
427
2755
2106
1353
369
5909
745
701
2264
1148
2633
1249
3463
5919
2399
2558
2724
796
393
6756
1045
4078
1200
2151
3163
887
2146
3179
320
349
326
703
601
327
781
507
866
474
561
1208
728
1714
1113
530
4801
1765
2258
921
2777
3761
1958
1984
2050
1239
1248
1726
1321
1671
650
1383
1796
1604
1568
15408
1308
5666
2970
1485
1886
1579
637
954
281
494
749
201
904
444
293
1019
398
985
1435
1659
2167
2361
1624
1434
1404
1913
2420
1369
779
652
2729
627
612
789
4494
2161
2401
5808
215
4034
253
347
196
711
272
121
209
647
188
106
1387
1453
132
134
107
1096
3256
143
108
79
70
66
2390
0
0
0
158
766
374
386
506
1073
184
2954
505
7377
1568
267
812
662
1320
2083
385
530
428
366
1159
421
13373
1108
593
776
25769
1420
757
965
1369
5812
305
652
1006
280
4057
1556
3793
235
1361
841
4688
3361
8654
4442
6079
1054
4001
6523
1210
1036
1924
11043
1396
650
2796
427
515
20132
1647
6323
1471
4704
1192
7885
582
1076
492
5896
16444
4131
721
378
949
8270
1330
1100
3810
7145
1456
611
1292
650
2271
946
1009
1733
2686
1856
7178
3378
19260
3023
1847
2822
3495
4676
3869
2199
3302
1679
2169
39207
4300
2592
2410
851
1655
546
2777
949
783
440
504
555
1200
4779
625
4054
1617
2069
3318
472
926
559
823
3015
934
4692
1155
1402
704
3148
877
1003
3530
740
7417
976
982
525
480
399
939
486
924
3695
1342
734
745
222
1685
466
96
286
5062
203
214
188
319
400
223
292
343
158
766
374
0
0
0
158
3722
283
145
244
287
460
1734
87
865
261
593
1813
238
1357
84
306
107
1420
742
205
451
4889
856
624
639
1011
1199
1524
1761
2921
6103
366
1739
1055
750
2868
1342
3775
513
7709
4779
5232
1927
641
2321
3010
780
1319
2061
887
1618
8148
1846
1685
1183
7925
3415
1026
1068
1419
505
535
350
1211
349
1479
523
710
4319
597
463
376
1063
3476
735
3441
1420
3699
210
942
1069
1215
1957
429
2851
1183
33366
1600
2639
1288
881
973
2767
1711
1716
11088
3573
1183
2948
886
4032
2555
5697
14269
333
219
710
269
395
2173
233
178
81
230
113
119
1603
1008
703
702
618
2488
411
308
355
278
952
419
1273
3674
915
538
962
1110
444
462
399
652
201
427
2860
904
348
903
513
10689
764
1052
1078
547
136
100
423
222
426
381
115
232
743
221
136
386
506
1073
158
3722
283
0
0
0
152
1954
219
310
8668
901
610
154
203
4112
421
123
144
419
901
67
613
104
1156
613
3188
227
549
453
593
449
2850
380
1329
382
829
1383
373
1070
911
3510
4710
589
299
792
1089
477
30883
4509
2939
3073
1065
1605
1845
1713
951
2852
1472
645
841
744
3722
8817
664
845
793
1729
1240
1112
1277
694
849
1105
675
642
18358
387
1763
36573
619
804
879
1744
27092
1744
1335
1805
3735
1570
3855
1027
1651
3497
11910
813
21626
1089
789
5387
5257
2247
1871
1229
621
4728
3708
4443
640
332
1619
1694
953
295
347
340
220
762
261
392
789
431
1288
5003
485
733
784
1418
286
672
1141
2650
949
1007
11168
493
974
532
522
1850
482
314
1087
904
1504
657
1132
861
1468
524
1438
922
316
76
410
4320
309
234
230
291
361
293
731
154
671
184
2954
505
145
244
287
152
1954
219
0
0
0
123
2053
151
109
977
260
638
450
151
409
1288
229
318
740
255
1242
1042
610
843
629
225
622
503
7674
567
457
1311
3540
1601
637
609
414
1688
683
925
1678
1437
1441
1124
1863
1431
2812
2502
2343
2219
477
8102
3765
1263
4552
3085
2900
1961
857
1183
3425
759
959
259
396
6519
1779
1659
2099
403
288
1364
2472
1233
346
1169
934
494
708
257
1332
2501
923
516
7141
807
14407
2864
1181
4954
3568
753
1591
8216
1051
622
3114
1080
803
20317
1541
1195
1874
3722
5633
527
246
341
1051
2253
1157
1211
348
669
577
1028
1213
1394
682
3888
812
1623
673
787
1208
1812
1719
1883
6309
1222
1579
2275
2394
544
309
386
9310
3000
709
1867
1547
1827
264
3941
1033
2847
441
3125
669
631
189
1209
2262
2332
470
260
422
510
714
641
175
7377
1568
267
460
1734
87
310
8668
901
123
2053
151
0
0
0
375
809
1333
293
1850
406
826
191
890
771
768
513
1998
632
1839
1283
1813
811
1089
763
575
643
428
760
789
764
5656
927
6802
1858
530
549
752
865
851
805
1776
2809
5897
12788
2891
1522
3757
995
2040
1085
858
8970
1305
1708
18347
1061
782
1384
450
485
7984
3659
19321
1521
1354
1570
262
17621
1933
1577
30561
226
748
837
525
485
1572
1019
900
973
1258
2087
749
628
1139
3569
2784
780
14276
1851
2273
1051
1139
2163
1855
1529
5262
3173
963
1444
1351
365
151
275
190
239
169
120
207
200
142
39
834
381
1308
298
1286
1054
4327
643
1150
477
2356
1597
5633
226
502
519
3198
437
533
417
912
367
267
249
10756
1656
545
907
2217
1255
376
752
1058
752
160
193
6472
853
320
1477
237
749
2885
1043
1345
812
662
1320
865
261
593
610
154
203
109
977
260
375
809
1333
0
0
0
200
307
275
186
107
4973
34
18
70
325
4025
592
117
321
974
303
533
260
183
504
116
194
727
364
658
666
3375
1042
2233
320
955
1453
959
1965
7148
1708
546
2019
1783
913
27657
1129
1752
919
4861
1958
1341
3057
337
3138
1802
823
777
2880
2714
2302
1779
1228
781
1118
8967
10360
825
1416
12757
1715
1317
554
2107
2554
2007
1265
1980
1332
515
1396
2240
1667
2789
382
1599
1124
416
1270
3012
1993
2228
7580
635
2090
11264
2476
12078
3876
246
882
521
3735
2500
5207
1845
486
216
472
262
501
705
1484
10426
2515
1296
5627
837
399
602
702
729
3096
12416
1406
2830
670
2127
555
750
1657
432
1828
1555
1238
7954
630
641
923
1093
802
2669
2111
699
644
1808
309
1398
966
723
1737
1117
1142
234
622
2083
385
530
1813
238
1357
4112
421
123
638
450
151
293
1850
406
200
307
275
0
0
0
128
131
349
189
283
80
792
617
786
276
439
686
139
150
112
5775
269
353
835
884
6838
996
2509
878
570
367
472
367
925
8507
1368
1034
1632
2929
1657
2695
4097
2676
2942
2233
9574
3812
1096
1603
2411
405
482
2742
491
19824
2149
10518
1422
841
1402
1126
1809
8411
777
722
839
977
5715
794
553
7444
1769
1907
2764
519
9736
595
1987
2033
11117
820
982
2952
1825
3260
18645
798
3362
1566
935
1474
579
1877
3954
11820
585
468
692
1179
307
299
943
183
1126
559
508
220
4465
1385
1660
1432
1962
646
703
1495
1470
7485
2687
1027
12995
1355
2526
1912
951
720
1080
307
446
1303
1870
571
1502
1333
1345
11473
1549
1020
597
2406
954
868
425
592
328
465
300
722
1370
1756
610
337
4246
428
366
1159
84
306
107
144
419
901
409
1288
229
826
191
890
186
107
4973
128
131
349
0
0
0
91
83
249
1101
454
408
5827
163
236
1985
814
456
334
113
399
671
2750
937
6641
2542
866
947
1029
1172
4117
860
1349
2229
4453
1915
1605
4064
2165
1921
818
1427
460
658
578
732
8522
1071
1483
1121
799
1364
1119
2866
1430
26791
3388
957
1425
2014
4409
3794
1423
1033
1324
2769
581
603
412
591
1862
1055
373
680
2271
1024
1330
866
1132
1025
3050
11968
1389
664
716
1021
1009
1987
2715
1307
3243
1657
2712
641
2491
247
754
1010
3098
130
154
148
168
61
73
363
422
519
1148
1091
906
338
517
1422
1954
8195
674
893
308
2762
704
647
1675
1307
466
607
1309
278
727
620
3107
1131
829
535
911
625
402
1536
2832
469
294
791
1021
1995
349
290
512
5460
572
1030
421
13373
1108
1420
742
205
67
613
104
318
740
255
771
768
513
34
18
70
189
283
80
91
83
249
0
0
0
1272
719
298
350
244
637
498
185
353
79
987
45
680
339
616
321
771
638
484
985
435
661
385
473
4998
6355
2499
4472
4453
16596
19573
420
1132
5207
677
3019
4080
1882
854
1169
698
628
773
623
699
20179
2391
1411
464
581
756
1357
1180
1287
2718
923
1861
1676
1307
18471
689
949
1020
9005
1512
7088
2304
1925
1518
1613
7684
342
1364
4305
1283
1372
1372
1546
1208
935
1951
2457
2083
17394
373
1420
379
395
13674
734
370
251
291
392
1152
4358
666
615
309
843
945
848
364
519
470
4259
623
2593
1087
409
1747
1151
1715
866
916
817
3535
332
1336
542
619
1337
1239
1047
1266
817
9309
506
832
730
673
1649
2323
1422
17924
1074
868
2146
1718
1087
1480
593
776
25769
451
4889
856
1156
613
3188
1242
1042
610
1998
632
1839
325
4025
592
792
617
786
1101
454
408
1272
719
298
0
0
0
138
237
94
136
164
115
442
11086
426
667
1454
208
705
778
285
450
191
506
772
947
369
2787
1595
476
821
2958
4505
3942
6023
4183
1376
4573
1926
481
1821
1041
852
1004
1137
1038
1370
988
2636
815
2301
1729
1689
1604
1358
1005
2238
9326
8144
13275
2781
1742
30890
5914
2891
1162
1380
1673
595
5170
2108
969
945
4228
3470
364
3684
3774
2874
1048
1487
624
721
20323
5478
4160
1562
2029
1051
819
134
147
271
249
121
1708
550
74
1373
405
528
238
531
1568
695
1075
328
253
503
781
711
520
792
1001
764
729
16585
594
313
521
399
811
648
1773
995
3982
1928
555
6976
267
896
2983
804
902
1053
516
416
720
1214
1764
1403
600
3181
525
1420
757
965
624
639
1011
227
549
453
843
629
225
1283
1813
811
117
321
974
276
439
686
5827
163
236
350
244
637
138
237
94
0
0
0
143
562
303
38
87
44
168
277
334
568
561
582
495
126
1217
4153
1298
210
3908
6751
474
1170
2984
6697
8212
3563
2893
29716
2049
1508
809
2161
906
706
10825
1729
4811
1346
1781
1403
3417
1066
1291
5114
752
7912
1005
2027
10783
620
505
885
554
857
8281
28890
2566
934
656
4165
2283
2868
1755
866
497
2040
1800
571
1217
997
3599
934
3096
893
584
1308
664
12716
603
844
7619
346
771
667
1700
318
617
1273
192
765
1511
539
849
550
684
1970
1166
643
4521
548
5577
1761
1435
1164
3254
2774
826
2032
665
1006
2050
366
1414
1993
4842
2832
837
4474
748
750
540
5110
895
650
1161
912
4180
544
1359
496
9469
5529
2537
706
1572
1369
5812
305
1199
1524
1761
593
449
2850
622
503
7674
1089
763
575
303
533
260
139
150
112
1985
814
456
498
185
353
136
164
115
143
562
303
0
0
0
310
139
282
482
1112
510
208
433
301
176
553
233
431
336
272
1351
2127
5504
1898
3252
1985
4812
2749
14907
1677
998
1470
1971
643
1112
632
5626
872
1378
14069
2709
9306
2032
3274
828
1113
1537
5804
6364
7987
1036
2216
11372
790
2878
673
9611
866
672
1529
545
844
950
2340
2151
4302
405
334
762
4750
900
872
843
1079
2229
1131
444
739
4830
2333
178
232
1777
585
215
465
272
200
115
234
972
222
3518
342
575
1210
1789
2129
2562
228
429
1213
296
6338
1223
595
1115
380
2376
4529
1492
721
1186
563
3693
490
386
2070
2723
2053
977
1994
1883
1764
1805
1295
1515
941
595
6126
997
540
301
2041
704
679
818
652
1006
280
2921
6103
366
380
1329
382
567
457
1311
643
428
760
183
504
116
5775
269
353
334
113
399
79
987
45
442
11086
426
38
87
44
310
139
282
0
0
0
325
326
1998
208
401
150
1228
2410
386
718
270
517
1539
1548
1786
2742
8984
1228
752
22295
1228
3234
1126
1565
4126
5014
1830
980
2244
1180
774
3508
3274
2324
1685
1213
1164
540
1345
2318
1428
1490
2137
2780
1895
2994
1122
654
1376
1718
1819
2424
1330
654
2473
1756
3489
815
949
748
2843
610
999
33776
2086
1693
920
2126
6144
2498
2932
3501
728
253
327
555
878
296
608
475
4460
399
951
2735
4360
471
89
224
193
369
3557
198
369
759
834
1023
1229
566
582
364
2514
456
751
678
386
8740
430
666
8111
1800
3303
2096
2954
3802
498
988
22754
841
547
433
865
4362
4488
5280
560
1256
1161
1346
427
4057
1556
3793
1739
1055
750
829
1383
373
3540
1601
637
789
764
5656
194
727
364
835
884
6838
671
2750
937
680
339
616
667
1454
208
168
277
334
482
1112
510
325
326
1998
0
0
0
268
55
170
269
373
126
61
549
81
647
584
784
3928
734
9799
791
1725
5057
2381
1898
3409
521
1089
1429
1621
649
23651
15777
811
652
2177
1030
5035
1205
1050
1277
19763
2889
21036
1626
10697
2287
4548
1199
3151
1668
2831
7574
1657
983
393
4730
4553
1652
1838
671
3787
899
3622
1309
1004
661
452
1568
977
2145
1921
1788
2656
149
831
698
294
872
218
1309
637
2052
183
708
2708
319
245
210
353
263
856
1939
590
405
960
745
4470
459
3094
3075
2399
504
885
534
938
292
1550
1931
1531
552
10407
2713
2895
991
677
264
1610
2070
27442
517
1670
865
583
15551
1126
1936
2885
2755
2106
1353
235
1361
841
2868
1342
3775
1070
911
3510
609
414
1688
927
6802
1858
658
666
3375
996
2509
878
6641
2542
866
321
771
638
705
778
285
568
561
582
208
433
301
208
401
150
268
55
170
0
0
0
118
106
1033
54
348
114
12664
2429
361
691
684
846
1629
1313
493
932
962
1370
599
608
991
1941
982
4657
11107
1906
1147
1807
1860
2803
22716
565
2925
904
44115
1356
16176
4120
1954
579
2303
767
4348
3006
1961
1759
6315
1427
476
1736
23456
2075
439
916
356
1039
1188
11462
7570
824
408
1279
635
2323
985
1418
249
477
310
699
713
552
1712
433
632
3313
2056
340
553
151
136
1682
569
1034
287
424
348
336
2276
496
1257
2217
15247
2414
1494
2226
766
7487
5631
914
877
1656
616
15934
1102
1570
1652
406
291
420
974
434
272
8473
4860
824
587
869
857
1352
369
5909
745
4688
3361
8654
513
7709
4779
4710
589
299
683
925
1678
530
549
752
1042
2233
320
570
367
472
947
1029
1172
484
985
435
450
191
506
495
126
1217
176
553
233
1228
2410
386
269
373
126
118
106
1033
0
0
0
135
690
499
1739
13221
374
1258
1380
4511
1168
816
669
2929
1369
1354
344
7357
3605
2343
6016
694
3417
5321
7399
1893
13471
1954
2042
4527
1607
8857
1949
7893
1325
2861
3479
12517
3394
1443
1203
1582
1119
631
397
1775
1767
1620
2092
718
1642
1607
1861
463
4732
1144
739
1316
1615
926
2087
1374
1172
23369
159
840
621
3138
1746
1283
590
160
506
1349
1618
1299
357
314
698
2152
875
363
264
780
2464
775
1909
682
672
2981
729
2096
364
527
15027
1964
1270
1045
5878
546
5605
1687
907
1612
4866
974
2122
535
1870
1837
597
1596
3076
878
1710
879
1432
6038
701
2264
1148
4442
6079
1054
5232
1927
641
792
1089
477
1437
1441
1124
865
851
805
955
1453
959
367
925
8507
4117
860
1349
661
385
473
772
947
369
4153
1298
210
431
336
272
718
270
517
61
549
81
54
348
114
135
690
499
0
0
0
946
2257
1477
1062
1467
969
1087
2211
2284
823
1634
2091
388
1232
587
1662
950
804
858
1673
943
928
1384
3573
1674
1804
1981
1219
3530
976
6693
2385
803
770
12558
1654
2036
2138
1377
1409
1045
1985
719
649
1008
359
337
367
713
1701
2356
1533
472
362
643
10985
19113
3991
1504
1720
8041
15371
1346
1828
12733
2798
621
2019
2015
4138
1008
2868
7111
1081
777
2473
355
408
4518
996
2008
1402
3709
1339
17316
4311
2063
680
15181
619
580
5965
1814
2312
4424
4577
1830
634
3881
889
3609
2163
820
5869
1811
5921
17142
6548
10906
5391
1839
5664
5561
19655
2633
1249
3463
4001
6523
1210
2321
3010
780
30883
4509
2939
1863
1431
2812
1776
2809
5897
1965
7148
1708
1368
1034
1632
2229
4453
1915
4998
6355
2499
2787
1595
476
3908
6751
474
1351
2127
5504
1539
1548
1786
647
584
784
12664
2429
361
1739
13221
374
946
2257
1477
0
0
0
232
243
1699
2743
2681
3988
440
853
995
671
702
3504
6561
5778
1944
2649
1274
2421
2809
1183
11449
10367
2568
1896
1906
2230
5830
5096
3541
2496
10542
1511
1790
1589
2304
3792
24681
3325
5330
160
992
93
1245
2080
516
1116
1746
3446
813
302
262
3068
632
2662
8229
3858
1579
1860
2293
669
850
757
15477
11169
3735
41428
2570
10688
2696
1116
839
4429
4526
937
455
1533
640
1362
2326
975
3467
1698
532
5803
451
2485
895
6365
13215
1551
586
758
1739
1372
1018
3218
2029
2023
866
832
1413
4131
1816
4454
893
29745
28224
2528
1808
2968
1372
5919
2399
2558
1036
1924
11043
1319
2061
887
3073
1065
1605
2502
2343
2219
12788
2891
1522
546
2019
1783
2929
1657
2695
1605
4064
2165
4472
4453
16596
821
2958
4505
1170
2984
6697
1898
3252
1985
2742
8984
1228
3928
734
9799
691
684
846
1258
1380
4511
1062
1467
969
232
243
1699
0
0
0
814
1544
2011
542
954
413
360
223
540
3705
39561
3247
2502
2565
2706
2801
1396
660
19232
5855
2128
1671
4987
3460
12758
4602
2795
2383
4732
2128
7597
2857
1365
2872
1894
3459
845
408
410
1422
1033
780
1420
1977
4522
1818
1247
270
1189
4149
1317
914
1598
3251
2330
2700
13096
2586
1400
9731
5137
733
23445
554
520
1049
681
2588
7889
423
1312
1381
823
380
1938
899
1462
847
750
607
654
1520
461
1668
650
886
959
2648
283
18717
299
2709
397
1503
3801
377
759
1011
639
1159
10789
523
3450
1955
1083
877
3902
1733
2724
796
393
1396
650
2796
1618
8148
1846
1845
1713
951
477
8102
3765
3757
995
2040
913
27657
1129
4097
2676
2942
1921
818
1427
19573
420
1132
3942
6023
4183
8212
3563
2893
4812
2749
14907
752
22295
1228
791
1725
5057
1629
1313
493
1168
816
669
1087
2211
2284
2743
2681
3988
814
1544
2011
0
0
0
273
299
158
1196
756
1433
1623
2837
3452
9551
1365
1566
4031
1346
2265
1314
1999
47504
7646
2264
868
5228
3719
922
1095
29823
12030
1165
1614
4014
1456
23767
11772
5573
3511
404
23725
1017
715
2408
1709
1761
2584
1328
988
1062
2352
650
851
1294
1824
4035
1456
2331
1435
1554
2618
2300
2051
1227
590
825
685
950
1455
1667
939
8139
1139
771
690
661
324
444
334
996
279
2404
2355
1007
3147
3206
2569
4948
881
4321
8695
1049
1310
2124
806
551
5383
1955
1317
1108
1940
1821
6459
1075
9369
1122
908
5859
1313
6756
1045
4078
427
515
20132
1685
1183
7925
2852
1472
645
1263
4552
3085
1085
858
8970
1752
919
4861
2233
9574
3812
460
658
578
5207
677
3019
1376
4573
1926
29716
2049
1508
1677
998
1470
3234
1126
1565
2381
1898
3409
932
962
1370
2929
1369
1354
823
1634
2091
440
853
995
542
954
413
273
299
158
0
0
0
573
458
1118
5105
7720
2046
2786
1929
1579
1698
7704
2169
1151
1644
6134
2320
1240
7235
3493
3653
3139
1310
2619
792
1412
8499
4156
7292
2259
4011
1625
744
917
650
44700
4340
2994
5430
1459
625
974
1135
3835
1195
33612
1273
1617
875
4848
1399
2820
2578
1389
2520
778
1618
1982
2316
1010
569
1996
929
600
1311
2461
379
1253
434
629
920
1070
1520
789
2108
273
618
439
877
710
3153
9341
399
788
1422
2188
983
1787
451
5429
1775
2391
785
949
983
2448
2125
1602
1050
1509
3087
3425
3800
1200
2151
3163
1647
6323
1471
3415
1026
1068
841
744
3722
2900
1961
857
1305
1708
18347
1958
1341
3057
1096
1603
2411
732
8522
1071
4080
1882
854
481
1821
1041
809
2161
906
1971
643
1112
4126
5014
1830
521
1089
1429
599
608
991
344
7357
3605
388
1232
587
671
702
3504
360
223
540
1196
756
1433
573
458
1118
0
0
0
1861
9286
2553
15833
3755
1722
3620
5016
5265
4673
2765
9436
4215
9792
3711
8674
1234
1944
1774
1204
2336
1041
28715
5095
1744
946
3194
214
218
119
2085
667
366
526
1696
566
556
818
531
3050
492
1452
13249
1007
2278
945
452
432
1630
1112
3387
15780
1465
3176
2327
1886
1098
589
7417
938
621
6596
4580
2058
1026
6051
980
808
13613
811
2603
1853
11307
1134
1995
1115
4749
5728
1585
3223
2361
862
1130
3730
996
1285
649
1891
1358
3312
2116
5665
1485
4371
6274
377
2014
870
1437
887
2146
3179
4704
1192
7885
1419
505
535
8817
664
845
1183
3425
759
1061
782
1384
337
3138
1802
405
482
2742
1483
1121
799
1169
698
628
852
1004
1137
706
10825
1729
632
5626
872
980
2244
1180
1621
649
23651
1941
982
4657
2343
6016
694
1662
950
804
6561
5778
1944
3705
39561
3247
1623
2837
3452
5105
7720
2046
1861
9286
2553
0
0
0
254
176
95
810
2533
1100
314
1584
241
4812
1969
677
1439
211
370
473
164
455
2144
525
6153
832
4186
3410
3136
1416
1474
10930
2918
1295
1113
6600
1649
7909
3378
6927
19212
2910
4998
2555
2890
2937
2240
1194
2296
1165
1092
447
1130
640
1043
2734
5397
1970
885
756
1295
801
1464
3528
1235
2583
3361
859
6580
876
848
1073
1757
6127
1509
6169
915
3903
21633
939
1235
720
8784
519
2180
4403
580
643
945
2677
1067
2169
2191
1982
367
670
2331
688
421
2984
320
349
326
582
1076
492
350
1211
349
793
1729
1240
959
259
396
450
485
7984
823
777
2880
491
19824
2149
1364
1119
2866
773
623
699
1038
1370
988
4811
1346
1781
1378
14069
2709
774
3508
3274
15777
811
652
11107
1906
1147
3417
5321
7399
858
1673
943
2649
1274
2421
2502
2565
2706
9551
1365
1566
2786
1929
1579
15833
3755
1722
254
176
95
0
0
0
3379
2404
1783
75
247
569
3657
938
770
2569
564
807
252
249
3990
5928
1233
402
2160
1103
2749
2216
1469
2553
11302
2438
3266
3200
1120
795
2631
3472
4350
8696
3340
2544
3121
800
1375
9139
4299
555
1509
2373
2839
1393
2519
1398
19834
1683
1097
1016
1793
973
1527
1262
19526
2019
1917
1390
1304
623
1328
3254
590
1186
802
273
747
2094
1414
3327
2584
1524
563
1022
707
1163
1520
496
724
1022
4297
6837
1147
918
527
7365
1231
929
1869
564
1445
703
601
327
5896
16444
4131
1479
523
710
1112
1277
694
6519
1779
1659
3659
19321
1521
2714
2302
1779
10518
1422
841
1430
26791
3388
20179
2391
1411
2636
815
2301
1403
3417
1066
9306
2032
3274
2324
1685
1213
2177
1030
5035
1807
1860
2803
1893
13471
1954
928
1384
3573
2809
1183
11449
2801
1396
660
4031
1346
2265
1698
7704
2169
3620
5016
5265
810
2533
1100
3379
2404
1783
0
0
0
2350
1340
6424
3999
904
546
3523
3323
10415
2181
1463
2452
1348
4590
2328
2034
1976
2194
1497
972
1665
2203
2868
2881
47648
2528
3812
4492
1643
1135
3463
2198
2341
698
284
650
5301
676
1887
843
1232
34856
967
1453
1621
1385
4788
865
610
4035
801
866
4561
3689
1158
686
3904
8190
6515
1323
5684
2593
19897
1264
1533
1201
536
1494
3933
1448
784
2669
1086
1582
469
7001
933
1420
1040
934
591
490
925
1849
1568
252
465
2066
400
901
781
507
866
721
378
949
4319
597
463
849
1105
675
2099
403
288
1354
1570
262
1228
781
1118
1402
1126
1809
957
1425
2014
464
581
756
1729
1689
1604
1291
5114
752
828
1113
1537
1164
540
1345
1205
1050
1277
22716
565
2925
2042
4527
1607
1674
1804
1981
10367
2568
1896
19232
5855
2128
1314
1999
47504
1151
1644
6134
4673
2765
9436
314
1584
241
75
247
569
2350
1340
6424
0
0
0
6358
2445
1803
1565
614
344
246
195
441
411
1402
701
834
1210
2806
2705
2605
12080
21482
1425
4959
1942
1322
649
3002
1375
2939
3002
2848
901
1553
2484
11791
398
1838
1517
1495
804
2073
2569
1194
1446
4343
5640
3513
3356
1178
7689
828
1428
1830
1630
2100
1990
1563
999
2712
1043
1107
650
5430
10227
1010
537
1997
2291
30344
841
9546
5270
500
405
511
599
1054
943
1772
3689
2425
1267
436
470
719
858
651
680
1496
474
561
1208
8270
1330
1100
376
1063
3476
642
18358
387
1364
2472
1233
17621
1933
1577
8967
10360
825
8411
777
722
4409
3794
1423
1357
1180
1287
1358
1005
2238
7912
1005
2027
5804
6364
7987
2318
1428
1490
19763
2889
21036
904
44115
1356
8857
1949
7893
1219
3530
976
1906
2230
5830
1671
4987
3460
7646
2264
868
2320
1240
7235
4215
9792
3711
4812
1969
677
3657
938
770
3999
904
546
6358
2445
1803
0
0
0
1354
1046
927
618
3118
820
45006
569
984
1400
909
1383
11843
27787
8878
2961
1495
2547
1561
1535
8698
2495
14074
4123
1400
3773
4498
2836
1681
9629
1183
707
26830
5308
891
1555
899
616
1231
13196
1560
742
54188
2344
1149
42094
1692
4058
4497
1115
1874
2297
2040
705
796
1396
5699
5309
3596
3356
2408
1114
1348
34917
2205
683
1336
718
1203
1534
1310
742
6810
19962
2063
3612
887
1420
1099
725
468
513
1156
6549
728
1714
1113
3810
7145
1456
735
3441
1420
1763
36573
619
346
1169
934
30561
226
748
1416
12757
1715
839
977
5715
1033
1324
2769
2718
923
1861
9326
8144
13275
10783
620
505
1036
2216
11372
2137
2780
1895
1626
10697
2287
16176
4120
1954
1325
2861
3479
6693
2385
803
5096
3541
2496
12758
4602
2795
5228
3719
922
3493
3653
3139
8674
1234
1944
1439
211
370
2569
564
807
3523
3323
10415
1565
614
344
1354
1046
927
0
0
0
820
283
193
208
96
115
1037
9415
2246
1764
1688
6461
10195
2978
1793
1765
1389
959
1566
2992
4558
66034
4395
16097
3276
2449
5384
985
557
2040
2954
5088
1607
965
1263
1877
1981
389
1178
874
1392
2030
1610
1408
2002
1447
426
2563
1930
2080
830
4369
14806
478
3258
860
2202
588
1488
2654
3903
626
500
645
1420
785
886
491
1622
5579
1025
451
573
1469
324
1491
1070
3196
939
2192
793
530
4801
1765
611
1292
650
3699
210
942
804
879
1744
494
708
257
837
525
485
1317
554
2107
794
553
7444
581
603
412
1676
1307
18471
2781
1742
30890
885
554
857
790
2878
673
2994
1122
654
4548
1199
3151
579
2303
767
12517
3394
1443
770
12558
1654
10542
1511
1790
2383
4732
2128
1095
29823
12030
1310
2619
792
1774
1204
2336
473
164
455
252
249
3990
2181
1463
2452
246
195
441
618
3118
820
820
283
193
0
0
0
627
1542
161
2976
1099
8346
1110
2377
55073
4575
8163
2958
819
1361
42204
1640
2578
2675
2043
4041
2305
4372
2098
3357
2075
1305
2401
1273
1471
1715
934
3628
6115
2708
582
1964
6908
1862
5655
2331
10218
6022
23968
3884
480
2664
2975
2041
1928
2321
804
5419
4388
1617
9867
2274
2698
5289
4261
1993
1418
2150
2601
5375
1452
5448
1555
4106
4197
2257
1388
1518
1410
2273
7004
9148
791
1271
2258
921
2777
2271
946
1009
1069
1215
1957
27092
1744
1335
1332
2501
923
1572
1019
900
2554
2007
1265
1769
1907
2764
591
1862
1055
689
949
1020
5914
2891
1162
8281
28890
2566
9611
866
672
1376
1718
1819
1668
2831
7574
4348
3006
1961
1203
1582
1119
2036
2138
1377
1589
2304
3792
7597
2857
1365
1165
1614
4014
1412
8499
4156
1041
28715
5095
2144
525
6153
5928
1233
402
1348
4590
2328
411
1402
701
45006
569
984
208
96
115
627
1542
161
0
0
0
1988
2760
1410
20031
2883
4373
1375
5120
2307
8863
3647
6505
4454
1692
3119
2384
2771
1124
33701
6543
10030
3646
1276
1516
1769
3613
3559
6211
1711
4980
2851
1244
363
730
388
1081
7918
663
854
783
967
678
653
1671
2622
3997
7278
2229
2167
1278
1220
1655
1645
2082
1232
1132
2388
1574
738
1466
1314
1485
5559
563
422
2494
743
633
10395
8767
3854
3902
1276
3925
2719
3761
1958
1984
1733
2686
1856
429
2851
1183
1805
3735
1570
516
7141
807
973
1258
2087
1980
1332
515
519
9736
595
373
680
2271
9005
1512
7088
1380
1673
595
934
656
4165
1529
545
844
2424
1330
654
1657
983
393
1759
6315
1427
631
397
1775
1409
1045
1985
24681
3325
5330
2872
1894
3459
1456
23767
11772
7292
2259
4011
1744
946
3194
832
4186
3410
2160
1103
2749
2034
1976
2194
834
1210
2806
1400
909
1383
1037
9415
2246
2976
1099
8346
1988
2760
1410
0
0
0
6193
1988
1455
4874
2862
4927
1147
718
3040
2534
2089
1378
354
1188
1242
2340
4206
14184
16214
1109
979
4651
6285
1006
14493
12708
1214
987
1673
890
565
921
676
659
897
4283
1353
5331
2331
1074
838
605
418
7241
2016
8180
1782
1358
2187
3196
2509
1004
3184
1593
2479
928
929
934
4733
1213
37788
1875
1056
14759
2994
1962
2172
21061
3688
856
5163
906
2050
1239
1248
7178
3378
19260
33366
1600
2639
3855
1027
1651
14407
2864
1181
749
628
1139
1396
2240
1667
1987
2033
11117
1024
1330
866
2304
1925
1518
5170
2108
969
2283
2868
1755
950
2340
2151
2473
1756
3489
4730
4553
1652
476
1736
23456
1767
1620
2092
719
649
1008
160
992
93
845
408
410
5573
3511
404
1625
744
917
214
218
119
3136
1416
1474
2216
1469
2553
1497
972
1665
2705
2605
12080
11843
27787
8878
1764
1688
6461
1110
2377
55073
20031
2883
4373
6193
1988
1455
0
0
0
2829
825
1142
20616
1436
1753
195
2400
336
664
1528
1100
10873
662
1585
817
1041
5436
902
842
2329
1017
1645
535
420
1380
1012
385
5768
4697
936
1022
637
578
1483
562
3574
1491
2273
4521
1802
2663
1727
835
16298
654
1164
1497
2946
893
1216
4460
4222
874
5137
1113
6308
630
2678
748
22472
1355
1330
1165
14279
1648
5369
7264
3294
1726
1321
1671
3023
1847
2822
1288
881
973
3497
11910
813
4954
3568
753
3569
2784
780
2789
382
1599
820
982
2952
1132
1025
3050
1613
7684
342
945
4228
3470
866
497
2040
4302
405
334
815
949
748
1838
671
3787
2075
439
916
718
1642
1607
359
337
367
1245
2080
516
1422
1033
780
23725
1017
715
650
44700
4340
2085
667
366
10930
2918
1295
11302
2438
3266
2203
2868
2881
21482
1425
4959
2961
1495
2547
10195
2978
1793
4575
8163
2958
1375
5120
2307
4874
2862
4927
2829
825
1142
0
0
0
6597
455
665
254
392
314
290
1043
854
3797
2339
2702
8785
883
1126
618
970
10491
1538
1095
10079
346
9150
1106
1573
652
22986
2055
1810
1407
1062
1099
7116
2624
15788
4576
2081
663
813
1392
1457
1190
475
2364
2165
3826
1653
3984
2384
724
1734
2645
10486
3959
7041
3077
3307
2335
1131
1141
65592
4725
9881
2653
3286
2170
650
1383
1796
3495
4676
3869
2767
1711
1716
21626
1089
789
1591
8216
1051
14276
1851
2273
1124
416
1270
1825
3260
18645
11968
1389
664
1364
4305
1283
364
3684
3774
1800
571
1217
762
4750
900
2843
610
999
899
3622
1309
356
1039
1188
1861
463
4732
713
1701
2356
1116
1746
3446
1420
1977
4522
2408
1709
1761
2994
5430
1459
526
1696
566
1113
6600
1649
3200
1120
795
47648
2528
3812
1942
1322
649
1561
1535
8698
1765
1389
959
819
1361
42204
8863
3647
6505
1147
718
3040
20616
1436
1753
6597
455
665
0
0
0
771
1201
966
206
1510
398
5617
4365
3186
1366
1661
1987
2879
1216
1155
1953
1982
992
3461
782
5805
1534
3376
2672
390
654
1165
3111
2685
1030
837
656
487
3131
637
1608
1589
3098
18678
1630
10564
3537
12080
1294
1124
842
1700
4583
1294
1529
2307
4568
8700
2111
784
2700
1983
8822
2503
2587
1967
1164
4619
1604
1568
15408
2199
3302
1679
11088
3573
1183
5387
5257
2247
622
3114
1080
1051
1139
2163
3012
1993
2228
798
3362
1566
716
1021
1009
1372
1372
1546
2874
1048
1487
997
3599
934
872
843
1079
33776
2086
1693
1004
661
452
11462
7570
824
1144
739
1316
1533
472
362
813
302
262
1818
1247
270
2584
1328
988
625
974
1135
556
818
531
7909
3378
6927
2631
3472
4350
4492
1643
1135
3002
1375
2939
2495
14074
4123
1566
2992
4558
1640
2578
2675
4454
1692
3119
2534
2089
1378
195
2400
336
254
392
314
771
1201
966
0
0
0
306
9230
2066
1456
2666
6549
1657
2696
1733
1925
1656
711
2204
1597
630
764
897
2050
582
472
1755
12726
1154
6178
878
556
1518
2476
1308
503
2648
4238
5793
1348
8192
3178
2340
1749
791
997
2391
1790
3963
1219
8833
12866
2515
2623
998
2051
1719
3110
754
2800
1408
3646
2890
739
871
3209
1308
5666
2970
2169
39207
4300
2948
886
4032
1871
1229
621
803
20317
1541
1855
1529
5262
7580
635
2090
935
1474
579
1987
2715
1307
1208
935
1951
624
721
20323
3096
893
584
2229
1131
444
920
2126
6144
1568
977
2145
408
1279
635
1615
926
2087
643
10985
19113
3068
632
2662
1189
4149
1317
1062
2352
650
3835
1195
33612
3050
492
1452
19212
2910
4998
8696
3340
2544
3463
2198
2341
3002
2848
901
1400
3773
4498
66034
4395
16097
2043
4041
2305
2384
2771
1124
354
1188
1242
664
1528
1100
290
1043
854
206
1510
398
306
9230
2066
0
0
0
1371
1720
2486
5927
1586
1203
9009
15358
1441
752
3306
1491
4327
662
1129
1037
69523
1065
3236
1685
1098
3245
2572
1051
2124
2897
5632
1471
815
1050
678
872
2131
1477
2448
6594
1729
2352
1394
995
495
597
2698
631
664
3102
1670
1623
2609
888
1816
956
1322
2203
3622
3334
1578
1485
1886
1579
2592
2410
851
2555
5697
14269
4728
3708
4443
1195
1874
3722
3173
963
1444
11264
2476
12078
1877
3954
11820
3243
1657
2712
2457
2083
17394
5478
4160
1562
1308
664
12716
739
4830
2333
2498
2932
3501
1921
1788
2656
2323
985
1418
1374
1172
23369
3991
1504
1720
8229
3858
1579
914
1598
3251
851
1294
1824
1273
1617
875
13249
1007
2278
2555
2890
2937
3121
800
1375
698
284
650
1553
2484
11791
2836
1681
9629
3276
2449
5384
4372
2098
3357
33701
6543
10030
2340
4206
14184
10873
662
1585
3797
2339
2702
5617
4365
3186
1456
2666
6549
1371
1720
2486
0
0
0
