C_ijk
0
0
0
91
158
62
122
109
160
124
564
212
306
226
883
854
1192
9751
262
419
172
250
346
1814
955
943
1051
704
314
1071
230
520
216
360
277
1228
1531
3119
465
342
633
688
1055
420
848
150
341
261
1243
452
1012
664
938
600
1051
367
337
657
3163
1695
1320
1698
2588
2209
200
215
1549
534
331
461
522
1748
195
442
381
814
1417
559
187
4862
1562
529
5557
443
1338
409
801
816
498
138
488
422
4190
309
197
307
682
823
332
300
947
280
596
520
2021
507
2767
459
16181
669
1594
2268
2882
1513
1005
633
1493
1880
1364
2924
1410
1413
900
2851
1247
3498
1103
908
4817
2421
2251
876
766
3509
544
2582
2910
1373
943
1607
1609
1469
1325
921
6758
10325
1051
2598
678
5326
1598
1262
801
870
829
1617
2670
946
887
2573
1010
801
1308
4832
2031
1463
1181
518
91
158
62
0
0
0
134
149
604
126
115
388
468
152
1126
389
1728
580
198
226
1158
1744
576
318
2008
660
2712
978
336
759
223
363
386
427
359
2013
313
412
10578
7233
4907
712
675
782
541
324
1679
500
422
576
617
376
463
354
642
348
274
776
518
1075
264
813
734
139
279
361
820
632
728
375
744
5211
1421
389
161
1010
907
11952
181
435
683
577
127
202
1328
565
196
104
207
228
12961
509
952
843
565
2929
1338
1689
377
2135
153
532
534
158
641
323
698
1888
2760
1578
3216
1081
1344
1249
1268
601
5001
8102
792
1856
1357
2007
6154
2977
1531
5007
830
1066
1254
1413
1807
1648
976
1403
512
4000
941
9134
2056
6498
566
3776
2303
783
2569
543
7091
477
1023
8841
615
5776
1498
2110
2084
1699
2137
2888
5321
2628
646
1071
2539
825
26077
2129
10455
1014
122
109
160
134
149
604
0
0
0
318
147
78
1085
197
438
2280
4195
8026
632
3540
143
200
6946
523
1731
425
402
478
1661
976
1755
205
152
115
432
155
1079
9414
3403
1230
1876
12411
1522
683
263
931
105
500
1434
500
795
164
1927
4015
2925
4870
756
778
6752
967
217
396
2424
414
652
94
297
5825
606
544
421
3639
334
1672
173
524
710
475
1481
413
1624
5600
140
225
950
652
583
187
353
3725
580
988
685
138
827
1682
595
566
290
6563
254
726
1265
250
2356
307
1192
667
2185
938
3923
2570
1090
1428
860
11300
729
2649
6863
1268
695
2216
1443
1280
2569
2888
1085
2272
1120
1613
1464
1005
744
8058
713
9843
1325
3060
9290
567
1344
1297
1201
2346
10985
1285
616
1611
966
2588
1057
1119
795
613
1750
1303
24803
2490
1578
1833
842
2154
1276
1356
3416
4293
1054
5365
124
564
212
126
115
388
318
147
78
0
0
0
269
550
7279
5001
267
719
481
212
1116
691
655
541
2799
587
924
633
4887
977
248
579
354
235
1296
709
499
298
536
937
305
3213
2531
427
1253
279
292
153
1964
606
3785
832
1760
205
525
283
547
721
886
435
6468
855
597
115
534
364
214
147
956
402
873
1050
191
59
359
180
314
315
441
294
121
1115
164
161
189
175
517
190
242
146
316
715
4811
268
112
178
416
706
577
849
409
11889
180
1056
499
255
194
412
1171
2682
2568
6088
12899
1068
8133
1179
1573
520
745
2897
1252
1128
591
887
2365
625
1502
6573
2180
2264
578
3969
1167
1757
469
1493
1051
3942
1181
1851
1515
1264
481
564
694
4593
930
1887
1639
1053
3854
1916
2636
1325
635
8177
1479
1175
3197
1819
1950
1430
1077
834
9388
2681
2123
5886
306
226
883
468
152
1126
1085
197
438
269
550
7279
0
0
0
271
198
750
195
120
350
1389
5448
288
407
7004
517
184
279
1134
215
955
547
3538
1060
245
4749
602
2729
364
403
417
645
1113
850
511
1046
290
874
635
1449
1465
2541
847
576
448
977
369
930
821
2547
819
689
615
465
751
2318
397
452
772
2061
7077
199
428
543
525
10856
1518
254
1782
729
623
620
407
340
3984
410
512
348
183
418
453
424
150
884
1196
438
1625
287
619
148
189
538
340
148
694
381
374
950
1058
1362
959
485
998
690
1284
1522
1493
760
1246
808
3102
421
606
1301
30564
1002
1179
1264
867
3385
775
761
1858
1746
1848
4900
1101
4682
1943
964
4015
10329
19074
3630
988
10692
1127
1614
4068
769
1086
1150
1040
369
806
900
3236
1219
2028
4475
369
2048
759
744
8034
1326
1831
854
1192
9751
389
1728
580
2280
4195
8026
5001
267
719
271
198
750
0
0
0
162
290
3459
1344
1122
326
298
647
602
637
3619
317
561
297
699
750
832
1316
2221
472
1290
2013
1263
5508
1722
836
19668
781
1187
670
1442
1223
15449
3046
505
1272
751
1364
450
3157
441
603
812
1747
768
1938
756
921
1355
461
2428
521
573
5494
654
557
1403
984
377
2011
836
3577
714
1597
612
2777
897
507
666
578
602
3195
955
1042
2639
368
676
544
616
1799
196
306
817
321
284
2114
790
552
627
333
887
3376
1665
614
1883
7891
592
307
1184
1063
2816
971
829
1531
783
3105
998
3671
751
3499
1688
1690
2936
3153
4432
1033
1110
2542
3019
1996
1696
1333
926
2301
634
3120
9643
2805
3821
2569
470
688
670
5586
840
13698
2371
660
354
1126
1944
578
2914
371
32432
2289
3520
1214
1680
1535
262
419
172
198
226
1158
632
3540
143
481
212
1116
195
120
350
162
290
3459
0
0
0
1395
772
421
749
572
240
1058
275
763
4869
151
434
728
1083
267
706
689
1566
500
1163
1941
381
629
1158
326
2107
1250
442
718
772
1669
451
2333
2594
531
5665
406
6813
1505
1219
483
909
723
1012
1148
549
1566
1706
741
1310
9013
1012
431
418
7687
5083
1246
1909
320
15104
332
380
461
592
350
635
8383
265
495
1542
443
653
276
6589
714
473
996
257
210
263
295
430
256
238
2738
697
358
840
684
23505
3902
30913
1640
1039
724
3132
764
1692
502
2603
1536
443
5493
567
1825
991
1704
2185
869
859
1216
1652
2995
2034
14838
2382
15508
846
1162
1441
1371
1501
1903
1250
2304
3576
4223
710
4288
1941
13317
2945
700
2142
17141
2986
661
45876
5632
6477
6338
762
2003
983
1481
10328
4601
250
346
1814
1744
576
318
200
6946
523
691
655
541
1389
5448
288
1344
1122
326
1395
772
421
0
0
0
54
48
55
39
48
32
636
654
423
189
291
955
1542
182
5680
513
479
1145
165
456
282
574
717
1557
2921
971
3495
1221
2002
14348
469
906
347
3539
433
301
1988
2097
1828
381
1243
1369
519
946
25740
1755
1270
4551
6581
1577
374
4746
480
745
577
1183
1438
901
397
673
2265
882
2692
7102
884
512
429
4560
1545
533
947
558
842
1659
350
1658
5489
945
18872
540
9920
1468
3166
800
949
2638
1098
480
2003
2315
7407
995
3983
1571
4180
1623
8599
1219
1964
1199
946
5726
2087
2386
2171
1857
562
818
804
6583
2296
5221
827
356
868
1083
956
1374
551
3152
3782
7503
7054
3293
994
2703
11783
4865
4206
799
1754
968
1697
12830
2358
708
3167
4081
4113
604
761
1203
2828
3644
955
943
1051
2008
660
2712
1731
425
402
2799
587
924
407
7004
517
298
647
602
749
572
240
54
48
55
0
0
0
51
52
1060
681
684
877
313
1062
6457
1063
909
604
202
288
883
324
270
328
1226
315
230
540
402
1975
3842
575
1921
1605
459
1851
2232
797
450
1081
2016
2801
432
1664
1569
3639
1312
1928
5583
1525
2719
25947
12600
3616
701
1415
2968
551
16029
949
1842
685
933
27746
1068
14987
5538
662
634
3034
697
1213
1752
939
4441
3827
683
573
12590
856
373
1960
1188
467
651
410
606
2557
9719
5487
439
3178
325
323
632
529
5210
444
399
450
550
668
22047
4343
707
3218
934
1876
5077
4693
3093
926
1186
1410
1135
18326
4129
4950
2022
3325
2848
1156
2210
897
1449
1141
1161
1786
1858
817
802
789
5651
3399
2925
15086
1000
601
2217
701
1566
2155
4610
860
1144
3724
803
704
314
1071
978
336
759
478
1661
976
633
4887
977
184
279
1134
637
3619
317
1058
275
763
39
48
32
51
52
1060
0
0
0
1445
544
454
388
343
193
1194
535
9448
851
753
1294
143
363
518
3420
1272
904
1697
637
6570
840
257
1272
404
688
762
1264
756
1508
491
616
1150
4219
533
13637
307
2444
592
2491
699
2400
1344
335
660
6012
765
788
3646
523
391
12384
3944
2076
993
5267
1499
2502
791
664
3704
826
656
1869
729
535
745
2143
633
398
636
1094
313
802
485
773
18744
776
698
605
2686
3594
5494
703
626
507
1253
384
788
1149
1323
1812
869
2338
47107
2516
1891
3614
1623
3709
1266
915
1055
2245
2571
1149
2100
498
2645
1442
1716
3746
2574
1930
5097
4715
1438
5996
1132
2115
845
744
1842
590
499
3214
4448
2475
3829
4640
4971
429
3030
944
4999
868
1304
982
230
520
216
223
363
386
1755
205
152
248
579
354
215
955
547
561
297
699
4869
151
434
636
654
423
681
684
877
1445
544
454
0
0
0
123
173
1083
761
386
447
235
322
1746
297
567
1251
325
352
483
1035
672
2573
663
630
518
317
621
334
1730
3986
1467
1498
992
724
377
708
294
669
1731
2454
983
2104
7390
310
669
1653
201
455
433
551
393
574
610
473
768
331
4563
2776
714
414
676
1410
930
1474
437
508
482
943
708
165
386
427
297
2190
329
494
464
2190
373
645
1682
1164
1247
536
1156
2668
752
1033
433
444
6636
1985
2143
1191
13109
1945
2646
761
553
1555
3033
24009
1284
864
1059
675
526
1957
885
1483
643
932
5935
940
6355
904
2936
3266
1430
1244
1481
7279
6184
3950
856
1072
910
1902
1024
12794
708
2054
711
1339
829
898
811
24276
1126
360
277
1228
427
359
2013
115
432
155
235
1296
709
3538
1060
245
750
832
1316
728
1083
267
189
291
955
313
1062
6457
388
343
193
123
173
1083
0
0
0
348
897
8724
185
386
200
567
542
4802
726
240
650
395
294
767
393
259
1200
960
202
568
1765
1338
256
391
670
625
250
280
456
390
1997
7016
10207
743
5217
4836
541
2781
522
982
1557
2462
703
1274
467
1543
314
559
3958
364
1251
1486
1931
1879
1966
1128
1181
437
946
346
511
1048
744
527
255
1408
2911
1210
2297
272
2092
2537
1212
1556
979
4876
695
715
525
844
1283
1524
581
1145
1287
3563
1581
1502
2097
1061
766
1120
500
1462
1470
489
1119
608
3877
687
395
1316
39711
1429
27600
1156
1229
1789
4676
19824
2929
1601
1887
648
2483
2662
1980
3771
730
1050
2573
1056
1204
12030
1478
1839
4273
1071
3966
939
1488
1531
3119
465
313
412
10578
1079
9414
3403
499
298
536
4749
602
2729
2221
472
1290
706
689
1566
1542
182
5680
1063
909
604
1194
535
9448
761
386
447
348
897
8724
0
0
0
123
29
65
297
188
140
968
338
903
1016
463
2363
241
1313
1967
657
360
1595
395
3047
323
2525
3575
2032
254
863
733
522
521
2664
271
1083
954
417
869
2271
880
1263
1094
615
1417
1612
1520
834
281
2713
1088
724
1699
951
1347
4065
1348
929
1462
628
26771
503
953
1194
4362
2351
981
2321
2876
533
1339
4341
1696
2615
12532
2926
3358
4016
3924
327
5081
1180
8720
1110
10505
726
850
1764
4908
1293
1547
736
1505
622
1280
667
752
4026
3965
597
745
2702
7519
1152
1578
5702
886
2232
2266
881
1288
681
7005
879
1137
6923
4366
1339
822
5564
1303
2089
4112
2494
2739
20026
1959
1008
3249
3953
1182
833
2199
342
633
688
7233
4907
712
1230
1876
12411
937
305
3213
364
403
417
2013
1263
5508
500
1163
1941
513
479
1145
202
288
883
851
753
1294
235
322
1746
185
386
200
123
29
65
0
0
0
135
347
179
677
355
9912
320
243
374
297
172
6128
300
521
606
338
711
456
1751
1532
742
430
676
2295
388
921
995
556
1136
963
2726
424
600
907
2416
5924
489
6543
313
1219
666
3962
1555
29726
1870
497
864
464
848
9919
780
470
907
546
2104
2493
1513
577
606
687
956
453
557
1586
29813
1273
1750
1337
776
3155
625
722
379
2783
3049
632
964
1539
1122
401
5596
1929
4920
24036
702
760
2209
560
1112
2742
707
1100
2168
922
442
2781
1231
841
1238
586
1231
2104
20901
1120
2986
815
927
4597
1130
657
10567
30844
2722
1926
2001
1572
3960
8043
638
2324
1579
1607
9722
1549
819
856
1055
420
848
675
782
541
1522
683
263
2531
427
1253
645
1113
850
1722
836
19668
381
629
1158
165
456
282
324
270
328
143
363
518
297
567
1251
567
542
4802
297
188
140
135
347
179
0
0
0
974
7517
852
2689
407
359
7052
581
412
548
319
1180
273
249
256
3745
6927
669
670
563
261
767
190
209
3022
3945
3231
1871
442
729
2467
732
794
315
427
4570
7352
735
1729
486
1519
908
311
1304
568
697
1395
5473
2110
1401
913
854
806
790
927
1522
546
1233
646
374
606
7969
1295
2289
1422
5353
537
3665
788
3829
2850
4072
2209
1967
1326
1904
5586
3671
688
1218
1492
732
7774
831
1366
942
1716
2048
555
544
690
802
1773
1275
2470
2434
805
610
2045
1818
1473
1483
1942
22415
878
1930
2941
4390
1351
6079
784
3296
1064
1523
4329
911
2517
2149
622
2939
683
2015
3330
150
341
261
324
1679
500
931
105
500
279
292
153
511
1046
290
781
1187
670
326
2107
1250
574
717
1557
1226
315
230
3420
1272
904
325
352
483
726
240
650
968
338
903
677
355
9912
974
7517
852
0
0
0
184
216
5393
828
434
454
191
305
206
157
408
1830
392
1233
3514
285
155
95
123
176
175
512
1346
269
360
1534
101
1233
623
3233
222
3399
1253
294
757
276
6398
533
1350
541
1231
716
1892
1748
2206
506
279
621
1790
4116
1917
664
692
1421
995
395
1739
383
1496
2329
3382
6558
2679
1187
1685
708
1249
3075
1690
2322
665
743
2080
22950
1475
696
2321
1573
2997
515
728
507
712
3855
712
1323
2966
11710
616
2099
980
816
1473
1150
979
1261
1448
2451
8870
398
7557
613
4849
1019
1323
2653
9171
4735
1324
3344
1767
1985
2383
3647
1363
1579
3165
1306
448
2108
1243
452
1012
422
576
617
1434
500
795
1964
606
3785
874
635
1449
1442
1223
15449
442
718
772
2921
971
3495
540
402
1975
1697
637
6570
1035
672
2573
395
294
767
1016
463
2363
320
243
374
2689
407
359
184
216
5393
0
0
0
52
58
153
93
203
1319
340
158
117
256
470
1441
305
262
409
213
674
671
1087
401
235
375
436
1540
379
1268
791
998
560
9670
1391
1102
820
507
1068
2855
344
694
659
1242
1295
361
416
5181
933
1265
1080
599
10665
813
543
506
689
2138
990
2020
3866
1364
824
2758
929
2155
2855
1156
1969
3294
891
843
1124
1500
1695
699
1473
1245
1349
1109
2341
578
2061
4418
5816
1401
7927
278
2937
1302
1034
3187
5813
529
298
878
839
654
731
665
25154
2800
10613
1376
1427
2486
1241
3350
523
3958
6123
2214
1151
967
1810
3060
1521
662
2069
1293
2572
664
938
600
376
463
354
164
1927
4015
832
1760
205
1465
2541
847
3046
505
1272
1669
451
2333
1221
2002
14348
3842
575
1921
840
257
1272
663
630
518
393
259
1200
241
1313
1967
297
172
6128
7052
581
412
828
434
454
52
58
153
0
0
0
39
103
105
90
57
124
1544
145
516
1149
589
2082
6524
292
362
523
198
938
661
684
455
510
378
1946
381
1244
458
363
439
905
757
326
1001
736
375
545
737
842
630
3561
2137
996
351
3473
800
428
2213
1916
650
791
526
1432
10977
11871
3460
1058
1259
15220
10575
17080
5250
9548
6646
12871
5232
45742
4345
13520
5026
9603
413
596
818
648
532
3404
1183
812
202
419
1207
15228
1005
12161
719
1182
613
380
759
437
22500
743
3681
711
5715
2356
4579
1194
456
3253
4891
800
2200
608
1910
2737
1501
14141
3081
6179
16449
5075
962
976
1051
367
337
642
348
274
2925
4870
756
525
283
547
576
448
977
751
1364
450
2594
531
5665
469
906
347
1605
459
1851
404
688
762
317
621
334
960
202
568
657
360
1595
300
521
606
548
319
1180
191
305
206
93
203
1319
39
103
105
0
0
0
481
61
65
513
1047
824
161
177
1691
450
483
316
750
609
5683
880
6924
1021
832
584
558
1241
1916
890
391
817
4999
404
995
2195
227
1267
1438
2414
1356
23333
4355
363
956
6847
1433
955
952
1440
1194
1412
2891
1100
1668
714
1904
4343
1705
1345
642
1879
1979
1578
2220
383
589
1962
1016
38502
470
18605
582
711
597
1535
1429
308
1450
717
655
8747
1043
350
1954
606
1623
898
912
2442
662
2232
739
1860
1216
14895
962
10417
589
3826
2025
1139
1246
4282
676
4433
8471
4718
1179
1929
3498
2331
12112
4904
1585
2139
5229
657
3163
1695
776
518
1075
778
6752
967
721
886
435
369
930
821
3157
441
603
406
6813
1505
3539
433
301
2232
797
450
1264
756
1508
1730
3986
1467
1765
1338
256
395
3047
323
338
711
456
273
249
256
157
408
1830
340
158
117
90
57
124
481
61
65
0
0
0
583
799
983
221
369
824
1069
550
249
526
1186
482
1213
1320
717
1090
473
1255
1546
724
698
259
858
268
1128
390
1222
386
814
637
1213
1809
1555
2836
499
903
17599
1685
602
819
1539
690
842
390
1079
551
2697
428
2688
1234
1499
663
1249
11350
1420
4209
1351
3827
4622
1320
1126
31058
6540
352
459
4709
970
941
600
4304
2091
1233
938
1392
302
799
2049
644
1567
586
762
239
2255
1474
2512
648
1044
838
887
3900
4864
1001
1961
510
17523
3166
1488
4720
1671
1351
2981
3573
7143
669
1162
3707
805
1320
1320
1698
2588
264
813
734
217
396
2424
6468
855
597
2547
819
689
812
1747
768
1219
483
909
1988
2097
1828
1081
2016
2801
491
616
1150
1498
992
724
391
670
625
2525
3575
2032
1751
1532
742
3745
6927
669
392
1233
3514
256
470
1441
1544
145
516
513
1047
824
583
799
983
0
0
0
408
317
246
381
98
487
167
43
2185
221
152
1910
678
810
843
826
295
692
242
284
160
2051
218
593
343
390
849
721
2001
899
294
956
448
666
1266
706
1469
1378
16522
900
2014
654
1131
1279
785
3858
1119
1319
1108
1437
3337
2129
678
2701
33242
1485
22224
1816
757
1370
4879
380
1181
476
1460
6413
2647
1519
753
14310
138
2174
3028
4907
7754
1527
436
1268
912
616
516
5150
526
708
1318
38981
2102
1955
3603
2283
3186
1056
1615
13053
1381
3028
4325
5406
637
1680
2162
6052
1793
1906
1498
2209
200
215
139
279
361
414
652
94
115
534
364
615
465
751
1938
756
921
723
1012
1148
381
1243
1369
432
1664
1569
4219
533
13637
377
708
294
250
280
456
254
863
733
430
676
2295
670
563
261
285
155
95
305
262
409
1149
589
2082
161
177
1691
221
369
824
408
317
246
0
0
0
470
69
367
243
658
349
487
90
90
656
4730
1631
139
1326
92
212
112
797
546
786
274
359
268
237
732
925
350
645
479
357
558
341
3156
1873
2830
586
609
1151
503
480
1254
846
27120
3597
27672
1840
6653
2140
844
1433
1168
7551
597
10571
2797
2499
620
553
678
1452
3637
2434
1447
10831
497
2828
2079
1046
470
3034
1399
693
10524
735
1087
854
534
789
2202
524
4163
680
1037
714
1780
1374
1475
1102
1696
2080
1098
1214
1226
3417
873
9868
3897
2170
6759
2134
6102
4957
1549
534
331
820
632
728
297
5825
606
214
147
956
2318
397
452
1355
461
2428
549
1566
1706
519
946
25740
3639
1312
1928
307
2444
592
669
1731
2454
390
1997
7016
522
521
2664
388
921
995
767
190
209
123
176
175
213
674
671
6524
292
362
450
483
316
1069
550
249
381
98
487
470
69
367
0
0
0
383
117
175
504
252
1638
395
619
562
135
196
733
3994
204
370
707
5598
698
5650
868
2057
879
437
1902
444
4872
554
2008
1407
344
741
610
1677
708
1181
441
427
1280
697
5218
2257
1990
2223
1018
1119
756
1679
768
3863
3120
13831
1754
6179
5585
335
1429
1739
607
505
757
1727
7934
2197
6876
1417
319
1767
1316
2029
11187
742
1967
7270
1982
2087
5023
4488
995
1261
975
5344
3644
1755
947
2056
5279
10942
1293
16722
3882
1216
12698
1188
1663
1813
1185
2486
1854
2907
461
522
1748
375
744
5211
544
421
3639
402
873
1050
772
2061
7077
521
573
5494
741
1310
9013
1755
1270
4551
5583
1525
2719
2491
699
2400
983
2104
7390
10207
743
5217
271
1083
954
556
1136
963
3022
3945
3231
512
1346
269
1087
401
235
523
198
938
750
609
5683
526
1186
482
167
43
2185
243
658
349
383
117
175
0
0
0
670
173
2125
153
405
236
915
4173
660
331
473
290
1356
894
2418
1278
1118
246
4797
1572
312
1920
3989
3444
524
740
1228
850
978
819
1109
1190
2159
1146
1645
646
1486
17600
10497
4244
1049
1716
2003
2737
8013
3047
2698
2159
1564
2127
1632
454
1057
812
967
7471
304
4802
31649
4720
261
409
368
1244
1605
1976
516
711
1713
338
808
592
622
465
662
5624
4724
1998
3287
3432
7101
1700
5271
771
480
4335
23810
4213
1867
6035
4607
3336
669
1833
13650
32756
195
442
381
1421
389
161
334
1672
173
191
59
359
199
428
543
654
557
1403
1012
431
418
6581
1577
374
25947
12600
3616
1344
335
660
310
669
1653
4836
541
2781
417
869
2271
2726
424
600
1871
442
729
360
1534
101
375
436
1540
661
684
455
880
6924
1021
1213
1320
717
221
152
1910
487
90
90
504
252
1638
670
173
2125
0
0
0
440
850
481
583
97
88
46
59
113
354
1501
5482
91
196
177
434
176
344
409
251
157
2477
828
938
674
470
511
505
431
804
454
320
1499
1436
3175
2694
1664
3478
3687
893
914
1156
2816
2852
1399
703
1813
2305
608
805
1316
5432
744
1738
854
1097
3431
6400
1046
2279
3280
1826
2136
820
2862
890
7217
1486
2548
16023
1036
5023
1860
499
544
3194
5593
6129
1078
2197
811
2251
1445
9362
530
5554
11929
1360
14651
5142
3681
1351
2476
814
1417
559
1010
907
11952
524
710
475
180
314
315
525
10856
1518
984
377
2011
7687
5083
1246
4746
480
745
701
1415
2968
6012
765
788
201
455
433
522
982
1557
880
1263
1094
907
2416
5924
2467
732
794
1233
623
3233
379
1268
791
510
378
1946
832
584
558
1090
473
1255
678
810
843
656
4730
1631
395
619
562
153
405
236
440
850
481
0
0
0
106
562
80
537
1423
328
2138
175
2651
732
212
291
741
356
746
1026
1085
2387
317
335
388
1061
806
308
593
568
7232
1569
1053
600
5550
1144
3822
1249
1601
1543
4115
5234
1052
1726
974
917
2557
4099
2341
1761
897
1003
1527
750
12193
1710
1138
1809
515
446
656
3504
1294
2989
886
5521
959
736
895
1681
11566
1468
1100
906
2120
384
1714
7776
1801
660
3413
950
943
2026
6911
1756
2078
1000
1560
2824
13243
20406
6343
10230
187
4862
1562
181
435
683
1481
413
1624
441
294
121
254
1782
729
836
3577
714
1909
320
15104
577
1183
1438
551
16029
949
3646
523
391
551
393
574
2462
703
1274
615
1417
1612
489
6543
313
315
427
4570
222
3399
1253
998
560
9670
381
1244
458
1241
1916
890
1546
724
698
826
295
692
139
1326
92
135
196
733
915
4173
660
583
97
88
106
562
80
0
0
0
160
295
251
784
451
381
430
1809
185
960
1854
272
360
707
5108
1498
3016
1104
307
8133
348
350
547
288
1984
583
322
1079
1451
1359
1244
2290
1892
883
544
3494
3808
1786
1394
1828
1731
1009
582
6464
915
702
313
658
1062
611
1109
964
568
5004
9078
1986
1013
990
1788
1063
6370
2677
1305
39072
1866
1367
677
1566
1591
1109
890
4448
2225
657
2199
663
1122
1604
3299
514
2124
10121
3198
824
1584
9875
1913
529
5557
443
577
127
202
5600
140
225
1115
164
161
623
620
407
1597
612
2777
332
380
461
901
397
673
1842
685
933
12384
3944
2076
610
473
768
467
1543
314
1520
834
281
1219
666
3962
7352
735
1729
294
757
276
1391
1102
820
363
439
905
391
817
4999
259
858
268
242
284
160
212
112
797
3994
204
370
331
473
290
46
59
113
537
1423
328
160
295
251
0
0
0
930
523
850
517
304
312
233
212
1470
475
186
234
1430
3156
6106
1986
598
270
170
476
342
708
512
572
2031
3837
4237
1491
4515
810
939
880
1269
1228
2856
1112
420
15396
1184
2233
2035
4633
4018
4934
2985
2334
6238
3383
766
828
1530
1870
2739
810
7790
391
646
1281
695
654
2366
6943
747
319
1033
923
2677
915
4392
935
743
387
2264
1638
631
1103
6647
1902
1675
8019
4646
1476
10566
1805
1338
409
801
1328
565
196
950
652
583
189
175
517
340
3984
410
897
507
666
592
350
635
2265
882
2692
27746
1068
14987
993
5267
1499
331
4563
2776
559
3958
364
2713
1088
724
1555
29726
1870
486
1519
908
6398
533
1350
507
1068
2855
757
326
1001
404
995
2195
1128
390
1222
2051
218
593
546
786
274
707
5598
698
1356
894
2418
354
1501
5482
2138
175
2651
784
451
381
930
523
850
0
0
0
125
209
165
71
115
205
143
669
661
870
1048
414
490
330
703
97
1217
151
355
323
340
11674
4030
1539
825
1220
1784
4054
1742
682
1936
1587
2590
808
2821
3123
2720
9184
905
1099
664
577
7199
1863
4969
12381
1968
1184
1305
6046
1964
1386
1577
7757
1032
820
559
1030
1134
1640
1876
1744
1114
2262
1115
941
487
443
779
766
7529
12028
1349
792
7118
1007
936
2411
1044
1084
5190
816
498
138
104
207
228
187
353
3725
190
242
146
512
348
183
578
602
3195
8383
265
495
7102
884
512
5538
662
634
2502
791
664
714
414
676
1251
1486
1931
1699
951
1347
497
864
464
311
1304
568
541
1231
716
344
694
659
736
375
545
227
1267
1438
386
814
637
343
390
849
359
268
237
5650
868
2057
1278
1118
246
91
196
177
732
212
291
430
1809
185
517
304
312
125
209
165
0
0
0
295
131
151
45
180
91
246
1235
826
212
860
4066
225
730
180
537
166
307
6790
520
6807
1432
1634
4399
687
1093
6865
2373
1576
1866
1492
665
1093
1969
877
2530
1543
5898
656
501
649
3598
1829
6941
1600
2175
24377
8744
5744
3457
1549
5795
1011
1182
1942
2295
2665
1061
795
1036
16330
1202
24405
719
2365
1288
774
21677
690
3941
2289
700
727
2887
676
1571
2676
2438
488
422
4190
12961
509
952
580
988
685
316
715
4811
418
453
424
955
1042
2639
1542
443
653
429
4560
1545
3034
697
1213
3704
826
656
1410
930
1474
1879
1966
1128
4065
1348
929
848
9919
780
697
1395
5473
1892
1748
2206
1242
1295
361
737
842
630
2414
1356
23333
1213
1809
1555
721
2001
899
732
925
350
879
437
1902
4797
1572
312
434
176
344
741
356
746
960
1854
272
233
212
1470
71
115
205
295
131
151
0
0
0
145
127
2457
262
954
485
514
914
1336
738
428
783
831
13693
383
777
811
1728
3071
3157
9895
824
2568
1659
1091
1384
6003
1163
4340
3978
1943
1167
4750
692
798
1594
2305
25467
17360
13426
4624
2583
2365
973
5445
903
646
936
1065
1627
1082
2691
693
746
745
940
338
4648
15877
1156
4793
1145
1058
1017
850
1579
2028
1751
10814
604
984
421
11917
4505
2190
309
197
307
843
565
2929
138
827
1682
268
112
178
150
884
1196
368
676
544
276
6589
714
533
947
558
1752
939
4441
1869
729
535
437
508
482
1181
437
946
1462
628
26771
470
907
546
2110
1401
913
506
279
621
416
5181
933
3561
2137
996
4355
363
956
2836
499
903
294
956
448
645
479
357
444
4872
554
1920
3989
3444
409
251
157
1026
1085
2387
360
707
5108
475
186
234
143
669
661
45
180
91
145
127
2457
0
0
0
269
316
515
528
414
391
973
166
186
295
814
784
4427
4912
2372
1041
3550
19079
1007
1237
810
1783
4944
1408
1343
600
1139
4481
2283
909
470
775
664
1688
1419
2722
1541
1494
988
8676
1219
12020
2060
665
3912
1207
1037
2516
1179
2091
1230
996
934
6220
1674
2021
1097
644
22221
14397
892
972
837
670
751
814
1358
619
2333
1398
1900
6106
682
823
332
1338
1689
377
595
566
290
416
706
577
438
1625
287
616
1799
196
473
996
257
842
1659
350
3827
683
573
745
2143
633
943
708
165
346
511
1048
503
953
1194
2104
2493
1513
854
806
790
1790
4116
1917
1265
1080
599
351
3473
800
6847
1433
955
17599
1685
602
666
1266
706
558
341
3156
2008
1407
344
524
740
1228
2477
828
938
317
335
388
1498
3016
1104
1430
3156
6106
870
1048
414
246
1235
826
262
954
485
269
316
515
0
0
0
42
697
59
48
739
70
195
210
968
914
1984
970
1073
2514
1994
2353
1752
1528
1291
1714
626
3507
1161
2540
2979
5109
765
561
1466
945
1373
6785
1139
1115
1895
27743
12932
3129
4477
3630
4122
1243
1349
1926
1188
3370
1204
999
25231
1488
1303
1142
1304
2287
341
337
239
638
904
1257
285
535
700
627
1816
1160
2104
10722
945
300
947
280
2135
153
532
6563
254
726
849
409
11889
619
148
189
306
817
321
210
263
295
1658
5489
945
12590
856
373
398
636
1094
386
427
297
744
527
255
4362
2351
981
577
606
687
927
1522
546
664
692
1421
10665
813
543
428
2213
1916
952
1440
1194
819
1539
690
1469
1378
16522
1873
2830
586
741
610
1677
850
978
819
674
470
511
1061
806
308
307
8133
348
1986
598
270
490
330
703
212
860
4066
514
914
1336
528
414
391
42
697
59
0
0
0
245
117
111
102
65
718
1029
360
2165
12576
1545
1506
568
590
845
3802
1528
1447
886
929
1392
2096
2715
1623
802
43965
1416
8090
1663
49943
1955
1130
2651
1342
1556
6965
6596
1565
5753
6044
7277
1295
6223
1148
18274
2157
1005
12001
624
2528
2661
213
3538
384
2823
1154
5804
2834
755
1173
291
727
907
17597
4870
1892
596
520
2021
534
158
641
1265
250
2356
180
1056
499
538
340
148
284
2114
790
430
256
238
18872
540
9920
1960
1188
467
313
802
485
2190
329
494
1408
2911
1210
2321
2876
533
956
453
557
1233
646
374
995
395
1739
506
689
2138
650
791
526
1412
2891
1100
842
390
1079
900
2014
654
609
1151
503
708
1181
441
1109
1190
2159
505
431
804
593
568
7232
350
547
288
170
476
342
97
1217
151
225
730
180
738
428
783
973
166
186
48
739
70
245
117
111
0
0
0
170
90
252
731
784
543
1704
8569
756
1094
2087
4125
443
807
1560
1021
2094
618
966
1743
3045
19569
6123
1033
4996
717
1145
630
30901
2295
2854
1192
674
2592
1053
872
30539
912
4363
2013
3161
1137
1267
1150
699
8070
3642
2129
363
1394
977
740
679
1205
716
1276
931
2149
1306
4684
8997
7169
5433
507
2767
459
323
698
1888
307
1192
667
255
194
412
694
381
374
552
627
333
2738
697
358
1468
3166
800
651
410
606
773
18744
776
464
2190
373
2297
272
2092
1339
4341
1696
1586
29813
1273
606
7969
1295
383
1496
2329
990
2020
3866
1432
10977
11871
1668
714
1904
551
2697
428
1131
1279
785
480
1254
846
427
1280
697
1146
1645
646
454
320
1499
1569
1053
600
1984
583
322
708
512
572
355
323
340
537
166
307
831
13693
383
295
814
784
195
210
968
102
65
718
170
90
252
0
0
0
306
766
260
1542
716
2001
2604
7371
740
3331
3077
1155
795
1668
4583
3238
13449
8478
1823
2784
1677
553
1934
1020
9843
1489
3592
11451
11565
3468
2142
1086
4731
674
5975
2153
2006
2680
2622
1311
685
1133
1608
2166
1725
401
481
900
441
1809
4665
662
599
819
726
908
458
1474
2465
15647
16181
669
1594
2760
1578
3216
2185
938
3923
1171
2682
2568
950
1058
1362
887
3376
1665
840
684
23505
949
2638
1098
2557
9719
5487
698
605
2686
645
1682
1164
2537
1212
1556
2615
12532
2926
1750
1337
776
2289
1422
5353
3382
6558
2679
1364
824
2758
3460
1058
1259
4343
1705
1345
2688
1234
1499
3858
1119
1319
27120
3597
27672
5218
2257
1990
1486
17600
10497
1436
3175
2694
5550
1144
3822
1079
1451
1359
2031
3837
4237
11674
4030
1539
6790
520
6807
777
811
1728
4427
4912
2372
914
1984
970
1029
360
2165
731
784
543
306
766
260
0
0
0
626
581
672
2028
1373
3043
314
877
1145
449
1377
749
1740
6295
4116
3819
5506
7809
856
2752
5082
2338
1482
11021
12267
1217
2663
66403
2398
7202
2207
1471
57833
14539
1702
2322
7868
2831
18118
950
151
357
584
1797
301
771
1157
1441
451
169
204
13407
6901
10724
1344
1269
1561
2268
2882
1513
1081
1344
1249
2570
1090
1428
6088
12899
1068
959
485
998
614
1883
7891
3902
30913
1640
480
2003
2315
439
3178
325
3594
5494
703
1247
536
1156
979
4876
695
3358
4016
3924
3155
625
722
537
3665
788
1187
1685
708
929
2155
2855
15220
10575
17080
642
1879
1979
663
1249
11350
1108
1437
3337
1840
6653
2140
2223
1018
1119
4244
1049
1716
1664
3478
3687
1249
1601
1543
1244
2290
1892
1491
4515
810
825
1220
1784
1432
1634
4399
3071
3157
9895
1041
3550
19079
1073
2514
1994
12576
1545
1506
1704
8569
756
1542
716
2001
626
581
672
0
0
0
493
867
623
584
322
1031
815
754
169
2731
1162
1075
3250
2352
2384
8553
3266
1378
11733
1499
2809
5963
2996
17428
14565
1609
11715
8579
17457
19522
3323
2680
4593
4117
3722
3957
1888
873
490
2071
3144
433
7331
9347
8218
19188
3248
2726
797
1008
2847
1628
1379
2259
1005
633
1493
1268
601
5001
860
11300
729
8133
1179
1573
690
1284
1522
592
307
1184
1039
724
3132
7407
995
3983
323
632
529
626
507
1253
2668
752
1033
715
525
844
327
5081
1180
379
2783
3049
3829
2850
4072
1249
3075
1690
1156
1969
3294
5250
9548
6646
1578
2220
383
1420
4209
1351
2129
678
2701
844
1433
1168
756
1679
768
2003
2737
8013
893
914
1156
4115
5234
1052
883
544
3494
939
880
1269
4054
1742
682
687
1093
6865
824
2568
1659
1007
1237
810
2353
1752
1528
568
590
845
1094
2087
4125
2604
7371
740
2028
1373
3043
493
867
623
0
0
0
451
175
121
233
374
1071
1646
4166
3137
4640
983
1704
5900
957
4190
3660
13128
1138
855
12720
1704
3155
2580
6207
2157
7704
1937
2442
7784
2313
13685
9651
2385
666
11174
2368
517
1270
598
981
1583
2008
796
2171
1058
1744
11942
826
3138
6275
1747
1880
1364
2924
8102
792
1856
2649
6863
1268
520
745
2897
1493
760
1246
1063
2816
971
764
1692
502
1571
4180
1623
5210
444
399
384
788
1149
433
444
6636
1283
1524
581
8720
1110
10505
632
964
1539
2209
1967
1326
2322
665
743
891
843
1124
12871
5232
45742
589
1962
1016
3827
4622
1320
33242
1485
22224
7551
597
10571
3863
3120
13831
3047
2698
2159
2816
2852
1399
1726
974
917
3808
1786
1394
1228
2856
1112
1936
1587
2590
2373
1576
1866
1091
1384
6003
1783
4944
1408
1291
1714
626
3802
1528
1447
443
807
1560
3331
3077
1155
314
877
1145
584
322
1031
451
175
121
0
0
0
1917
10233
325
33136
614
4596
1603
10772
4289
1346
1265
5141
1360
1976
1933
5220
6674
5254
2037
2413
1940
3300
3569
3310
2779
2513
3099
1491
2500
1848
1180
1583
3631
4926
2084
927
1845
1409
3662
1659
2650
6777
7539
1128
1874
1722
1805
696
1410
1413
900
1357
2007
6154
695
2216
1443
1252
1128
591
808
3102
421
829
1531
783
2603
1536
443
8599
1219
1964
450
550
668
1323
1812
869
1985
2143
1191
1145
1287
3563
726
850
1764
1122
401
5596
1904
5586
3671
2080
22950
1475
1500
1695
699
4345
13520
5026
38502
470
18605
1126
31058
6540
1816
757
1370
2797
2499
620
1754
6179
5585
1564
2127
1632
703
1813
2305
2557
4099
2341
1828
1731
1009
420
15396
1184
808
2821
3123
1492
665
1093
1163
4340
3978
1343
600
1139
3507
1161
2540
886
929
1392
1021
2094
618
795
1668
4583
449
1377
749
815
754
169
233
374
1071
1917
10233
325
0
0
0
9241
5076
971
2460
4043
1526
2405
5035
7246
1093
9557
22679
2645
1077
2457
2667
14172
2396
9479
3578
2657
3065
3279
5876
8920
1763
908
2948
8965
4762
957
877
502
1659
26076
4388
266
781
366
1523
856
863
2268
828
2820
2851
1247
3498
2977
1531
5007
1280
2569
2888
887
2365
625
606
1301
30564
3105
998
3671
5493
567
1825
1199
946
5726
22047
4343
707
2338
47107
2516
13109
1945
2646
1581
1502
2097
4908
1293
1547
1929
4920
24036
688
1218
1492
696
2321
1573
1473
1245
1349
9603
413
596
582
711
597
352
459
4709
4879
380
1181
553
678
1452
335
1429
1739
454
1057
812
608
805
1316
1761
897
1003
582
6464
915
2233
2035
4633
2720
9184
905
1969
877
2530
1943
1167
4750
4481
2283
909
2979
5109
765
2096
2715
1623
966
1743
3045
3238
13449
8478
1740
6295
4116
2731
1162
1075
1646
4166
3137
33136
614
4596
9241
5076
971
0
0
0
639
2242
617
1164
5316
1603
384
315
142
634
9192
2370
349
789
974
235
172
175
5698
595
764
786
750
6825
902
14287
2120
1931
3445
1191
21132
1685
2620
4823
2961
3845
10737
2319
2707
2455
4781
1154
1103
908
4817
830
1066
1254
1085
2272
1120
1502
6573
2180
1002
1179
1264
751
3499
1688
991
1704
2185
2087
2386
2171
3218
934
1876
1891
3614
1623
761
553
1555
1061
766
1120
736
1505
622
702
760
2209
732
7774
831
2997
515
728
1109
2341
578
818
648
532
1535
1429
308
970
941
600
476
1460
6413
3637
2434
1447
607
505
757
967
7471
304
5432
744
1738
1527
750
12193
702
313
658
4018
4934
2985
1099
664
577
1543
5898
656
692
798
1594
470
775
664
561
1466
945
802
43965
1416
19569
6123
1033
1823
2784
1677
3819
5506
7809
3250
2352
2384
4640
983
1704
1603
10772
4289
2460
4043
1526
639
2242
617
0
0
0
1070
613
4652
31
91
304
851
1583
550
675
589
768
1069
442
282
430
1183
1103
3734
2405
2062
3371
5258
8098
1604
1463
1178
2536
1955
4364
1498
25495
2025
1316
2586
1624
1007
1203
1465
2421
2251
876
1413
1807
1648
1613
1464
1005
2264
578
3969
867
3385
775
1690
2936
3153
869
859
1216
1857
562
818
5077
4693
3093
3709
1266
915
3033
24009
1284
500
1462
1470
1280
667
752
560
1112
2742
1366
942
1716
507
712
3855
2061
4418
5816
3404
1183
812
1450
717
655
4304
2091
1233
2647
1519
753
10831
497
2828
1727
7934
2197
4802
31649
4720
854
1097
3431
1710
1138
1809
1062
611
1109
2334
6238
3383
7199
1863
4969
501
649
3598
2305
25467
17360
1688
1419
2722
1373
6785
1139
8090
1663
49943
4996
717
1145
553
1934
1020
856
2752
5082
8553
3266
1378
5900
957
4190
1346
1265
5141
2405
5035
7246
1164
5316
1603
1070
613
4652
0
0
0
924
1174
659
494
605
881
17099
11819
3656
3244
1053
3545
2319
1642
1759
4865
3678
44222
6468
1963
11048
1970
3167
1396
3008
11069
2054
1525
1088
6693
1456
1125
1431
1302
498
636
766
3509
544
976
1403
512
744
8058
713
1167
1757
469
761
1858
1746
4432
1033
1110
1652
2995
2034
804
6583
2296
926
1186
1410
1055
2245
2571
864
1059
675
489
1119
608
4026
3965
597
707
1100
2168
2048
555
544
712
1323
2966
1401
7927
278
202
419
1207
8747
1043
350
938
1392
302
14310
138
2174
2079
1046
470
6876
1417
319
261
409
368
6400
1046
2279
515
446
656
964
568
5004
766
828
1530
12381
1968
1184
1829
6941
1600
13426
4624
2583
1541
1494
988
1115
1895
27743
1955
1130
2651
630
30901
2295
9843
1489
3592
2338
1482
11021
11733
1499
2809
3660
13128
1138
1360
1976
1933
1093
9557
22679
384
315
142
31
91
304
924
1174
659
0
0
0
542
1951
6313
460
7004
1062
130
271
59
1076
302
1714
1778
2232
838
3426
4010
1208
7785
1769
4156
1751
956
1986
4214
4586
6886
5384
21547
1708
2196
1968
669
2582
2910
1373
4000
941
9134
9843
1325
3060
1493
1051
3942
1848
4900
1101
2542
3019
1996
14838
2382
15508
5221
827
356
1135
18326
4129
1149
2100
498
526
1957
885
3877
687
395
745
2702
7519
922
442
2781
690
802
1773
11710
616
2099
2937
1302
1034
15228
1005
12161
1954
606
1623
799
2049
644
3028
4907
7754
3034
1399
693
1767
1316
2029
1244
1605
1976
3280
1826
2136
3504
1294
2989
9078
1986
1013
1870
2739
810
1305
6046
1964
2175
24377
8744
2365
973
5445
8676
1219
12020
12932
3129
4477
1342
1556
6965
2854
1192
674
11451
11565
3468
12267
1217
2663
5963
2996
17428
855
12720
1704
5220
6674
5254
2645
1077
2457
634
9192
2370
851
1583
550
494
605
881
542
1951
6313
0
0
0
2459
4960
816
2276
6114
2487
1515
5239
958
4156
1656
4906
3277
1688
1630
1625
2837
2357
3873
3210
7635
4370
3801
1220
4351
4002
3240
1050
821
964
943
1607
1609
2056
6498
566
9290
567
1344
1181
1851
1515
4682
1943
964
1696
1333
926
846
1162
1441
868
1083
956
4950
2022
3325
2645
1442
1716
1483
643
932
1316
39711
1429
1152
1578
5702
1231
841
1238
1275
2470
2434
980
816
1473
3187
5813
529
719
1182
613
898
912
2442
1567
586
762
1527
436
1268
10524
735
1087
11187
742
1967
516
711
1713
820
2862
890
886
5521
959
990
1788
1063
7790
391
646
1386
1577
7757
5744
3457
1549
903
646
936
2060
665
3912
3630
4122
1243
6596
1565
5753
2592
1053
872
2142
1086
4731
66403
2398
7202
14565
1609
11715
3155
2580
6207
2037
2413
1940
2667
14172
2396
349
789
974
675
589
768
17099
11819
3656
460
7004
1062
2459
4960
816
0
0
0
324
181
730
217
207
636
1897
1353
1548
2868
2756
1147
2328
3187
3212
4428
3294
5027
10167
1796
3466
4764
2727
6123
2147
2618
781
1469
1325
921
3776
2303
783
1297
1201
2346
1264
481
564
4015
10329
19074
2301
634
3120
1371
1501
1903
1374
551
3152
2848
1156
2210
3746
2574
1930
5935
940
6355
27600
1156
1229
886
2232
2266
586
1231
2104
805
610
2045
1150
979
1261
298
878
839
380
759
437
662
2232
739
239
2255
1474
912
616
516
854
534
789
7270
1982
2087
338
808
592
7217
1486
2548
736
895
1681
6370
2677
1305
1281
695
654
1032
820
559
5795
1011
1182
1065
1627
1082
1207
1037
2516
1349
1926
1188
6044
7277
1295
30539
912
4363
674
5975
2153
2207
1471
57833
8579
17457
19522
2157
7704
1937
3300
3569
3310
9479
3578
2657
235
172
175
1069
442
282
3244
1053
3545
130
271
59
2276
6114
2487
324
181
730
0
0
0
358
663
791
692
1171
5581
2702
2808
4742
720
18144
1322
4066
12047
1670
2116
3797
3734
4571
2071
3976
1074
7636
1099
6758
10325
1051
2569
543
7091
10985
1285
616
694
4593
930
3630
988
10692
9643
2805
3821
1250
2304
3576
3782
7503
7054
897
1449
1141
5097
4715
1438
904
2936
3266
1789
4676
19824
881
1288
681
20901
1120
2986
1818
1473
1483
1448
2451
8870
654
731
665
22500
743
3681
1860
1216
14895
2512
648
1044
5150
526
708
2202
524
4163
5023
4488
995
622
465
662
16023
1036
5023
11566
1468
1100
39072
1866
1367
2366
6943
747
1030
1134
1640
1942
2295
2665
2691
693
746
1179
2091
1230
3370
1204
999
6223
1148
18274
2013
3161
1137
2006
2680
2622
14539
1702
2322
3323
2680
4593
2442
7784
2313
2779
2513
3099
3065
3279
5876
5698
595
764
430
1183
1103
2319
1642
1759
1076
302
1714
1515
5239
958
217
207
636
358
663
791
0
0
0
4067
2406
2464
2790
7214
4994
1243
5262
1785
43089
2222
1854
1993
6574
4851
2373
8967
5451
4024
16703
610
2598
678
5326
477
1023
8841
1611
966
2588
1887
1639
1053
1127
1614
4068
2569
470
688
4223
710
4288
3293
994
2703
1161
1786
1858
5996
1132
2115
1430
1244
1481
2929
1601
1887
7005
879
1137
815
927
4597
1942
22415
878
398
7557
613
25154
2800
10613
711
5715
2356
962
10417
589
838
887
3900
1318
38981
2102
680
1037
714
1261
975
5344
5624
4724
1998
1860
499
544
906
2120
384
677
1566
1591
319
1033
923
1876
1744
1114
1061
795
1036
745
940
338
996
934
6220
25231
1488
1303
2157
1005
12001
1267
1150
699
1311
685
1133
7868
2831
18118
4117
3722
3957
13685
9651
2385
1491
2500
1848
8920
1763
908
786
750
6825
3734
2405
2062
4865
3678
44222
1778
2232
838
4156
1656
4906
1897
1353
1548
692
1171
5581
4067
2406
2464
0
0
0
3393
1784
2778
1013
5038
1454
1770
488
228
4698
7107
11339
2620
8122
1282
4882
2930
5235
1598
1262
801
615
5776
1498
1057
1119
795
3854
1916
2636
769
1086
1150
670
5586
840
1941
13317
2945
11783
4865
4206
817
802
789
845
744
1842
7279
6184
3950
648
2483
2662
6923
4366
1339
1130
657
10567
1930
2941
4390
4849
1019
1323
1376
1427
2486
4579
1194
456
3826
2025
1139
4864
1001
1961
1955
3603
2283
1780
1374
1475
3644
1755
947
3287
3432
7101
3194
5593
6129
1714
7776
1801
1109
890
4448
2677
915
4392
2262
1115
941
16330
1202
24405
4648
15877
1156
1674
2021
1097
1142
1304
2287
624
2528
2661
8070
3642
2129
1608
2166
1725
950
151
357
1888
873
490
666
11174
2368
1180
1583
3631
2948
8965
4762
902
14287
2120
3371
5258
8098
6468
1963
11048
3426
4010
1208
3277
1688
1630
2868
2756
1147
2702
2808
4742
2790
7214
4994
3393
1784
2778
0
0
0
575
966
1794
2019
909
1132
853
581
262
3498
820
6754
3617
2911
5271
870
829
1617
2110
2084
1699
613
1750
1303
1325
635
8177
1040
369
806
13698
2371
660
700
2142
17141
799
1754
968
5651
3399
2925
590
499
3214
856
1072
910
1980
3771
730
822
5564
1303
30844
2722
1926
1351
6079
784
2653
9171
4735
1241
3350
523
3253
4891
800
1246
4282
676
510
17523
3166
3186
1056
1615
1102
1696
2080
2056
5279
10942
1700
5271
771
1078
2197
811
660
3413
950
2225
657
2199
935
743
387
487
443
779
719
2365
1288
4793
1145
1058
644
22221
14397
341
337
239
213
3538
384
363
1394
977
401
481
900
584
1797
301
2071
3144
433
517
1270
598
4926
2084
927
957
877
502
1931
3445
1191
1604
1463
1178
1970
3167
1396
7785
1769
4156
1625
2837
2357
2328
3187
3212
720
18144
1322
1243
5262
1785
1013
5038
1454
575
966
1794
0
0
0
3088
789
761
420
166
812
1279
1085
981
4265
902
4753
2670
946
887
2137
2888
5321
24803
2490
1578
1479
1175
3197
900
3236
1219
354
1126
1944
2986
661
45876
1697
12830
2358
15086
1000
601
4448
2475
3829
1902
1024
12794
1050
2573
1056
2089
4112
2494
2001
1572
3960
3296
1064
1523
1324
3344
1767
3958
6123
2214
2200
608
1910
4433
8471
4718
1488
4720
1671
13053
1381
3028
1098
1214
1226
1293
16722
3882
480
4335
23810
2251
1445
9362
943
2026
6911
663
1122
1604
2264
1638
631
766
7529
12028
774
21677
690
1017
850
1579
892
972
837
638
904
1257
2823
1154
5804
740
679
1205
441
1809
4665
771
1157
1441
7331
9347
8218
981
1583
2008
1845
1409
3662
1659
26076
4388
21132
1685
2620
2536
1955
4364
3008
11069
2054
1751
956
1986
3873
3210
7635
4428
3294
5027
4066
12047
1670
43089
2222
1854
1770
488
228
2019
909
1132
3088
789
761
0
0
0
1448
5747
4617
944
2350
674
10406
1621
2321
2573
1010
801
2628
646
1071
1833
842
2154
1819
1950
1430
2028
4475
369
578
2914
371
5632
6477
6338
708
3167
4081
2217
701
1566
4640
4971
429
708
2054
711
1204
12030
1478
2739
20026
1959
8043
638
2324
4329
911
2517
1985
2383
3647
1151
967
1810
2737
1501
14141
1179
1929
3498
1351
2981
3573
4325
5406
637
3417
873
9868
1216
12698
1188
4213
1867
6035
530
5554
11929
1756
2078
1000
3299
514
2124
1103
6647
1902
1349
792
7118
3941
2289
700
2028
1751
10814
670
751
814
285
535
700
2834
755
1173
716
1276
931
662
599
819
451
169
204
19188
3248
2726
796
2171
1058
1659
2650
6777
266
781
366
4823
2961
3845
1498
25495
2025
1525
1088
6693
4214
4586
6886
4370
3801
1220
10167
1796
3466
2116
3797
3734
1993
6574
4851
4698
7107
11339
853
581
262
420
166
812
1448
5747
4617
0
0
0
698
489
12109
13563
11367
3115
1308
4832
2031
2539
825
26077
1276
1356
3416
1077
834
9388
2048
759
744
32432
2289
3520
762
2003
983
4113
604
761
2155
4610
860
3030
944
4999
1339
829
898
1839
4273
1071
1008
3249
3953
1579
1607
9722
2149
622
2939
1363
1579
3165
3060
1521
662
3081
6179
16449
2331
12112
4904
7143
669
1162
1680
2162
6052
3897
2170
6759
1663
1813
1185
4607
3336
669
1360
14651
5142
1560
2824
13243
10121
3198
824
1675
8019
4646
1007
936
2411
727
2887
676
604
984
421
1358
619
2333
627
1816
1160
291
727
907
2149
1306
4684
726
908
458
13407
6901
10724
797
1008
2847
1744
11942
826
7539
1128
1874
1523
856
863
10737
2319
2707
1316
2586
1624
1456
1125
1431
5384
21547
1708
4351
4002
3240
4764
2727
6123
4571
2071
3976
2373
8967
5451
2620
8122
1282
3498
820
6754
1279
1085
981
944
2350
674
698
489
12109
0
0
0
1954
3160
2156
1463
1181
518
2129
10455
1014
4293
1054
5365
2681
2123
5886
8034
1326
1831
1214
1680
1535
1481
10328
4601
1203
2828
3644
1144
3724
803
868
1304
982
811
24276
1126
3966
939
1488
1182
833
2199
1549
819
856
683
2015
3330
1306
448
2108
2069
1293
2572
5075
962
976
1585
2139
5229
3707
805
1320
1793
1906
1498
2134
6102
4957
2486
1854
2907
1833
13650
32756
3681
1351
2476
20406
6343
10230
1584
9875
1913
1476
10566
1805
1044
1084
5190
1571
2676
2438
11917
4505
2190
1398
1900
6106
2104
10722
945
17597
4870
1892
8997
7169
5433
1474
2465
15647
1344
1269
1561
1628
1379
2259
3138
6275
1747
1722
1805
696
2268
828
2820
2455
4781
1154
1007
1203
1465
1302
498
636
2196
1968
669
1050
821
964
2147
2618
781
1074
7636
1099
4024
16703
610
4882
2930
5235
3617
2911
5271
4265
902
4753
10406
1621
2321
13563
11367
3115
1954
3160
2156
0
0
0
