C_ijk
0
0
0
38
66
31
201
48
76
164
135
217
230
171
349
1114
576
478
3478
276
410
427
401
3457
292
1054
2593
486
546
1012
172
71
83
639
224
493
402
843
239
477
3187
939
445
4198
773
917
197
1649
363
1008
512
1352
261
678
1696
2543
1383
1070
665
975
234
1274
2134
938
496
1184
3178
511
1379
3583
855
1418
1159
119
139
800
2760
271
185
632
1021
345
158
292
2463
379
476
890
274
362
1249
469
384
185
173
389
285
238
438
282
5992
1306
161
451
2608
663
651
1884
1174
611
1193
2998
1085
1207
761
524
3008
2030
2460
17154
692
656
829
7269
3615
3254
2663
2418
1976
4901
647
15877
742
1465
654
1946
2799
6817
712
2208
686
1477
655
10370
1666
1076
5528
3503
1329
923
4968
2390
2148
792
4183
457
899
4568
8338
2746
1901
790
614
3722
2802
1571
7664
1192
38
66
31
0
0
0
68
184
2460
133
248
639
1080
146
200
677
1508
2747
1337
157
160
7834
589
590
1407
463
719
272
391
378
259
208
511
176
391
156
823
507
451
1169
301
1003
330
1623
632
841
751
246
387
299
791
618
1418
856
263
3991
331
1171
469
904
280
391
1741
274
707
586
523
1454
460
2861
580
935
2704
323
187
220
400
526
975
302
1609
331
1557
217
428
855
2224
1009
289
116
2163
367
548
389
76
533
1708
418
414
1187
392
1642
2078
2896
578
8810
376
969
1983
1425
2212
1759
1149
815
19016
11600
3918
842
783
448
1277
3518
3262
10467
2812
511
779
2046
881
17035
2009
2383
4000
1003
768
3818
933
559
820
2543
715
2287
1790
2181
3505
2002
8198
1380
2193
3239
1582
2172
2606
2407
4684
475
5075
5957
1305
3663
918
8414
7069
580
4251
2163
1190
4390
201
48
76
68
184
2460
0
0
0
205
101
121
310
769
278
246
724
308
3831
125
144
653
310
324
2000
294
1521
432
362
1172
668
5015
94
364
206
216
902
3370
1888
633
754
515
557
603
519
205
638
442
484
718
319
866
913
885
1761
1452
7218
332
1324
582
505
473
633
587
240
1906
1077
950
294
1363
1237
1168
182
216
1379
212
664
286
263
272
508
214
427
312
525
632
1424
271
249
259
327
1718
595
7264
227
187
296
706
1879
701
282
666
235
4355
224
424
644
3915
1046
19077
1578
991
2849
943
1460
1936
1764
1068
686
718
867
1019
1315
1981
1109
1122
1763
1704
933
11302
1208
2420
1767
3042
2084
614
984
2684
2123
1103
1496
1244
963
1906
2934
1523
1251
4271
618
5937
859
1912
2860
1815
17813
778
633
656
2418
883
763
1952
834
1054
1191
2578
2804
1600
164
135
217
133
248
639
205
101
121
0
0
0
453
198
208
3103
288
284
405
514
115
582
1540
933
1029
1858
1324
1246
612
908
564
628
220
445
731
330
1862
513
10752
649
1011
304
1370
556
690
658
1263
274
2879
341
3487
651
6278
369
1038
359
440
977
910
389
228
1109
231
210
118
526
2245
447
160
395
409
1226
70
243
57
414
717
5311
375
922
322
412
130
427
634
645
296
638
215
2331
486
578
307
543
287
346
508
2012
742
562
1687
587
183
1419
541
577
1313
526
1464
1412
1446
1190
1359
1208
750
1403
1540
1461
1120
966
1338
8634
1249
836
987
1765
2302
572
1243
11409
2354
1603
3512
522
3352
43419
2706
5412
1386
961
11803
1811
922
1322
1667
911
821
1125
1593
2794
1167
609
1409
716
715
664
868
644
7712
8253
33438
636
18611
623
2481
840
3665
964
230
171
349
1080
146
200
310
769
278
453
198
208
0
0
0
408
398
213
23
68
189
500
6508
994
1325
661
750
677
780
118
153
145
1389
191
426
664
669
472
566
1753
330
663
827
9206
473
534
638
400
10350
1396
662
6600
1484
689
4911
2767
2145
1870
1023
978
768
333
2996
598
1340
378
320
500
805
7938
808
475
1820
2356
387
4835
664
822
560
655
552
879
1853
3192
3090
472
227
835
216
860
977
3843
655
394
1015
396
616
327
216
421
133
1810
188
264
721
562
400
384
795
916
1000
925
1492
1766
1311
3016
539
1028
1306
722
843
1254
1238
3740
2281
923
930
1334
2064
1964
2752
470
1089
1173
784
40300
4124
2315
1830
2023
583
786
15859
1701
2488
16214
1909
3453
1138
3656
762
1075
1422
904
833
1209
1370
2734
1417
1645
547
5047
6726
762
530
3077
1484
27321
1114
576
478
677
1508
2747
246
724
308
3103
288
284
408
398
213
0
0
0
192
2508
151
140
322
411
1665
3965
218
6416
488
691
227
436
541
585
215
571
2923
14797
851
1172
2288
833
1575
8202
567
7542
499
535
1721
4019
25242
1075
1904
1593
916
1918
2703
1148
360
2443
1478
3111
11553
831
552
348
14354
1132
531
3052
2622
26224
1207
766
837
1111
1318
2052
2286
460
1149
1568
732
891
482
494
460
782
1353
1600
1872
1646
616
4380
336
3411
214
464
188
455
235
175
611
202
217
517
379
346
2650
1234
599
2185
454
3193
500
444
711
280
598
862
1085
453
1503
681
2174
3479
1507
866
2215
1739
1503
1151
7075
999
6037
1385
1318
1159
4786
3093
10800
8456
1879
3211
5054
31579
1882
1586
5690
2349
3753
2230
3073
661
241
1439
1843
1412
4011
10566
241
1173
5978
1097
2341
1013
1497
6655
3478
276
410
1337
157
160
3831
125
144
405
514
115
23
68
189
192
2508
151
0
0
0
1238
581
335
389
812
370
323
301
208
112
359
246
221
1144
1896
1980
922
622
1185
12753
1574
1086
515
288
2173
523
211
752
609
498
1409
5298
1089
559
1265
777
990
1371
1310
689
1299
2844
424
410
430
942
489
391
360
5455
3995
291
1559
322
3545
1332
484
785
2387
1198
2337
225
406
6322
476
1207
292
160
228
3019
2791
2086
410
281
638
211
2425
309
428
253
435
1834
697
113
172
271
99
6767
9481
19800
3518
1351
4077
1876
1559
371
566
891
968
808
520
1175
8806
1646
25583
916
349
1569
1544
3871
1172
2294
848
4797
458
3508
1049
4466
6272
2945
716
4128
1698
24943
1995
799
1242
13363
2090
835
1282
13514
1914
1092
752
505
560
2258
1831
736
1598
683
8471
1309
11319
1116
3240
427
401
3457
7834
589
590
653
310
324
582
1540
933
500
6508
994
140
322
411
1238
581
335
0
0
0
45
47
50
46
9
12
277
294
619
157
828
253
480
2357
573
12782
3000
903
1026
823
658
531
1005
13203
2845
1072
1134
1916
729
323
726
595
351
389
875
1477
3950
897
1403
1119
608
347
389
1023
4322
494
17890
5930
1059
893
1748
1306
1398
1699
1369
545
1090
7218
649
902
3009
4049
925
1128
691
1176
3401
1295
3995
1092
4791
1637
10891
720
763
2801
857
306
892
613
625
943
15164
388
1726
1902
17359
661
5727
637
648
1534
331
504
335
1017
632
477
660
2683
869
2432
1905
10198
1372
506
682
1770
2129
12283
9957
1674
5427
1406
535
2956
2133
1269
858
751
568
24674
1371
799
5721
2862
941
1064
1647
1755
2245
2755
881
1576
1620
489
736
1944
1987
48503
2354
2238
1665
2418
292
1054
2593
1407
463
719
2000
294
1521
1029
1858
1324
1325
661
750
1665
3965
218
389
812
370
45
47
50
0
0
0
168
47
31
3368
1004
266
489
5923
551
561
426
322
1319
249
1518
1526
506
1023
1960
787
1534
2201
623
4156
872
369
361
558
3862
872
2998
581
599
3937
476
2325
324
288
1196
1936
454
3765
846
836
623
427
867
8616
423
3057
2241
5992
5583
3098
987
1109
690
597
805
592
977
12016
726
2024
1149
534
3674
1976
665
6419
3937
612
617
3038
875
678
770
1824
1495
1906
1649
2805
7930
960
1317
1081
4178
1095
295
190
410
935
1136
702
458
885
2144
2239
4472
948
1047
651
1085
2656
617
886
1992
15094
1276
2822
1070
6596
11944
3832
7062
1235
7038
738
2476
2617
785
3294
2393
1233
1535
3036
1328
644
2299
8413
1614
10460
6016
842
784
1342
1168
6691
978
3196
10982
486
546
1012
272
391
378
432
362
1172
1246
612
908
677
780
118
6416
488
691
323
301
208
46
9
12
168
47
31
0
0
0
160
260
165
243
1680
201
2071
2885
781
340
1537
459
1099
594
4506
1487
409
761
4515
2273
5377
409
639
3090
514
491
4846
807
450
1582
855
747
4747
1745
1528
449
2207
1284
11516
5465
792
510
5493
955
624
723
18579
818
781
1469
2244
5527
945
1211
1370
520
2482
1022
609
1131
2249
1753
5045
520
477
11170
706
2157
290
415
1375
374
465
2658
2843
1039
307
579
1687
1055
1447
12432
627
1830
292
537
1086
351
411
1846
1332
918
3010
4310
1792
1570
1024
799
2325
924
1402
976
1124
724
2737
4539
1250
1913
4719
1608
45437
1506
790
1095
6075
9201
2148
1252
1653
1255
27688
7467
6406
3579
2471
726
1252
2216
674
4389
909
14145
1887
573
2730
2329
1076
1075
172
71
83
259
208
511
668
5015
94
564
628
220
153
145
1389
227
436
541
112
359
246
277
294
619
3368
1004
266
160
260
165
0
0
0
544
962
143
3068
2256
473
310
5297
283
568
469
440
242
193
3249
5221
327
3148
3078
947
373
580
526
1511
468
389
887
458
793
855
236
284
1086
395
556
307
903
626
1514
710
2386
549
554
238
662
783
3701
8342
4197
370
384
1069
970
656
709
756
3838
385
751
1260
129
2396
228
432
1077
3254
1192
9454
1154
1382
876
854
924
696
13134
4454
3701
3481
870
1428
823
963
579
4740
1656
828
2034
1361
2071
640
1439
1015
2225
2709
1206
821
3320
942
4898
3934
1075
619
1934
1399
2360
1398
1922
5253
8478
1067
3668
1514
4186
1387
1830
1476
2283
665
9131
1879
10122
1446
35081
5309
15437
1900
5666
806
696
5213
681
1318
7759
1169
702
639
224
493
176
391
156
364
206
216
445
731
330
191
426
664
585
215
571
221
1144
1896
157
828
253
489
5923
551
243
1680
201
544
962
143
0
0
0
2186
657
571
411
1093
188
179
420
295
431
191
121
310
727
1841
2034
1051
712
405
882
957
224
323
397
2406
1732
627
238
274
248
390
391
3974
699
336
2329
173
271
503
414
1809
687
1580
725
360
1014
268
995
2388
915
5667
5345
1986
769
1221
901
472
4896
921
1464
571
932
1019
413
1073
1292
8121
737
1891
1029
2621
2252
815
1289
1104
976
1097
675
3132
1609
561
2458
2103
731
1756
16574
495
5685
6711
515
593
3754
950
2407
1278
9085
3963
2213
949
1127
1225
739
875
3313
706
1567
1161
1483
1821
3174
1264
1311
1034
2486
952
17286
735
5604
1072
2524
5401
622
6865
5134
1714
1577
7423
1240
1489
6661
2453
2939
402
843
239
823
507
451
902
3370
1888
1862
513
10752
669
472
566
2923
14797
851
1980
922
622
480
2357
573
561
426
322
2071
2885
781
3068
2256
473
2186
657
571
0
0
0
42
75
41
292
114
78
374
560
926
545
601
512
366
514
573
620
767
561
390
186
491
1291
2033
2715
1835
403
5144
1979
790
2324
565
9455
806
3155
5424
2666
2109
2858
1378
733
1280
1831
1307
427
641
1015
772
1194
1375
651
3688
15013
1330
1144
1065
5908
2069
585
2495
1110
2304
1356
1114
420
818
675
1575
635
11754
7096
3889
862
1554
1962
2308
4347
472
503
2189
658
2339
5525
2198
429
967
764
570
1219
5925
716
546
761
437
597
1055
1462
1140
835
481
2401
820
1154
2869
3306
1335
697
2497
4916
2227
3344
1866
3607
6612
644
2850
1781
2327
8189
3353
3703
1513
1550
2411
2717
1162
1557
765
7859
1540
477
3187
939
1169
301
1003
633
754
515
649
1011
304
1753
330
663
1172
2288
833
1185
12753
1574
12782
3000
903
1319
249
1518
340
1537
459
310
5297
283
411
1093
188
42
75
41
0
0
0
98
96
83
546
570
599
447
155
869
760
1015
931
669
546
1098
283
3163
357
8839
518
573
3305
355
1041
857
1532
373
1056
1246
915
1503
463
1145
1141
966
474
2676
1076
1661
495
759
2708
1207
1979
850
370
512
988
552
2647
1049
826
3051
456
1640
3058
3120
362
4729
617
1396
2979
871
15540
1335
1069
2861
3493
5697
1002
2096
1682
2565
433
2376
1273
2098
355
2021
1005
5619
880
2709
8417
763
1064
1773
3055
2278
3059
1064
3061
6237
984
5352
894
637
1361
10256
1577
7505
4094
1230
774
1312
2895
2990
2515
3507
3473
5767
1067
2847
7210
1447
2338
3089
15339
4997
1973
7425
1796
25947
944
1051
1702
445
4198
773
330
1623
632
557
603
519
1370
556
690
827
9206
473
1575
8202
567
1086
515
288
1026
823
658
1526
506
1023
1099
594
4506
568
469
440
179
420
295
292
114
78
98
96
83
0
0
0
288
570
282
461
357
336
6278
5144
286
294
307
271
1267
134
160
1937
2179
1608
1193
613
1385
2016
1235
1170
433
338
1503
495
10558
514
2294
798
4119
538
970
3736
2755
701
459
1890
2500
1357
629
2728
1242
1643
5655
648
328
798
1685
781
2320
1431
1363
1895
2064
1380
996
1685
5384
11369
707
1327
1923
1568
456
6282
1673
4943
703
646
639
13286
1011
3618
2636
1188
1276
804
1693
309
893
1115
1022
672
2244
4560
1039
1893
1072
564
547
2718
1345
1080
391
803
1582
1541
3330
2034
20539
2073
2709
3307
721
2368
7447
951
888
10990
2364
7161
639
1660
825
16106
2424
4295
543
993
1558
917
197
1649
841
751
246
205
638
442
658
1263
274
534
638
400
7542
499
535
2173
523
211
531
1005
13203
1960
787
1534
1487
409
761
242
193
3249
431
191
121
374
560
926
546
570
599
288
570
282
0
0
0
1450
617
360
172
240
177
104
178
262
515
505
198
183
226
247
750
745
437
464
242
212
265
7304
180
300
2907
346
404
857
12037
4717
571
321
386
339
284
665
627
5336
1855
1632
350
682
1919
271
11796
230
694
832
1458
621
918
13586
2342
513
841
828
673
696
2635
1458
8045
4659
725
10221
3560
1291
1449
1008
869
859
1394
4051
1509
1723
3657
2352
1519
506
539
738
4828
6234
1023
1586
861
408
2666
2665
1165
1165
13468
1000
10936
2061
1217
1288
835
610
2324
1221
3155
2273
979
1468
2206
1745
4888
775
4397
3105
1723
2955
972
1618
8024
11101
2257
2331
2821
363
1008
512
387
299
791
484
718
319
2879
341
3487
10350
1396
662
1721
4019
25242
752
609
498
2845
1072
1134
2201
623
4156
4515
2273
5377
5221
327
3148
310
727
1841
545
601
512
447
155
869
461
357
336
1450
617
360
0
0
0
91
134
117
183
111
90
106
745
155
2746
386
254
1466
413
591
227
1043
190
184
1048
286
419
599
667
12466
534
922
369
1029
483
480
1529
640
604
3357
26333
7014
495
1185
434
1290
853
1315
1163
3694
2839
1872
1717
1125
25221
1558
1326
1784
3256
3425
919
888
3696
1242
17149
3126
1518
1687
11762
2742
527
2301
2620
707
8362
3091
2604
3663
859
295
732
867
694
655
438
1106
469
3219
617
1648
2498
714
1062
684
2800
1171
614
1108
531
3387
11299
1720
1311
1299
1411
8296
2869
3341
1214
1021
1792
1544
3101
2382
970
2509
11546
6220
1732
3341
3630
1590
1352
261
678
618
1418
856
866
913
885
651
6278
369
6600
1484
689
1075
1904
1593
1409
5298
1089
1916
729
323
872
369
361
409
639
3090
3078
947
373
2034
1051
712
366
514
573
760
1015
931
6278
5144
286
172
240
177
91
134
117
0
0
0
51
1252
54
70
1750
2828
327
178
241
611
453
721
823
119
683
387
905
385
415
401
251
439
481
713
2186
858
500
385
994
8205
1239
539
996
595
1975
965
6512
4648
1236
1441
1296
583
2782
720
527
2299
1084
9794
2475
607
1954
1268
771
612
945
3056
2361
10103
1379
2917
3571
1053
936
1752
2239
494
9725
1464
1390
1292
2966
284
406
235
886
1087
3403
1069
5964
607
360
4612
1180
409
10877
8102
859
7033
895
1072
1384
3239
2448
1171
2460
5862
1667
3705
2699
1874
1794
2249
660
1724
1863
3161
14735
39200
1613
1380
2151
2840
3592
1452
1696
2543
1383
263
3991
331
1761
1452
7218
1038
359
440
4911
2767
2145
916
1918
2703
559
1265
777
726
595
351
558
3862
872
514
491
4846
580
526
1511
405
882
957
620
767
561
669
546
1098
294
307
271
104
178
262
183
111
90
51
1252
54
0
0
0
90
288
58
304
234
548
256
345
4293
554
113
589
607
16822
1380
301
252
641
705
1514
959
529
299
361
320
1119
207
1985
3726
532
773
3139
438
672
1187
1118
900
12477
1094
2118
1645
2683
1191
3567
678
917
1826
711
3178
1574
1446
2540
13925
4027
4342
1497
1805
983
844
2267
4309
35092
670
2774
1611
756
2019
2121
18841
827
408
2473
594
17906
932
929
410
3629
771
1968
1101
5184
2266
600
4692
3174
434
935
923
895
3523
14280
1892
732
2762
2353
768
26553
1362
4681
1740
1484
3248
1068
1930
3299
4058
971
2125
2237
925
1070
665
975
1171
469
904
332
1324
582
977
910
389
1870
1023
978
1148
360
2443
990
1371
1310
389
875
1477
2998
581
599
807
450
1582
468
389
887
224
323
397
390
186
491
283
3163
357
1267
134
160
515
505
198
106
745
155
70
1750
2828
90
288
58
0
0
0
559
507
4020
961
1889
3641
620
173
422
2588
507
695
1366
321
2239
7823
721
600
722
463
572
799
1543
622
442
1012
1847
904
1325
1249
4391
1253
889
615
525
1483
1068
1087
3185
4526
2156
3226
7030
753
13180
1103
725
845
4078
12319
1978
1782
1247
3153
678
530
1428
14372
3080
1733
855
5865
2017
21917
884
776
3476
353
299
1472
3107
1410
1050
476
805
777
1401
965
2878
1071
2248
4280
1391
1773
2205
1754
1984
893
2185
1750
890
1387
4598
1178
798
1894
3594
13601
15398
1549
1463
3409
1894
38601
2321
870
1328
776
234
1274
2134
280
391
1741
505
473
633
228
1109
231
768
333
2996
1478
3111
11553
689
1299
2844
3950
897
1403
3937
476
2325
855
747
4747
458
793
855
2406
1732
627
1291
2033
2715
8839
518
573
1937
2179
1608
183
226
247
2746
386
254
327
178
241
304
234
548
559
507
4020
0
0
0
198
1298
1219
184
156
73
270
125
89
745
2512
274
223
496
258
228
771
490
664
289
496
7517
660
2595
620
864
297
890
1053
432
758
378
300
634
1846
2016
1625
7112
1497
361
2006
688
501
4850
1600
4158
1999
1275
1724
4563
969
667
5497
2084
17683
1300
3438
1186
2710
18777
10111
662
1135
830
2569
1266
18072
1676
1394
909
2836
668
731
1557
1677
24003
730
655
617
3265
235
4580
783
910
737
7462
14058
1473
1391
3115
797
757
9545
3600
1313
1486
1860
23380
2081
650
16709
1385
1350
1655
6169
938
496
1184
274
707
586
587
240
1906
210
118
526
598
1340
378
831
552
348
424
410
430
1119
608
347
324
288
1196
1745
1528
449
236
284
1086
238
274
248
1835
403
5144
3305
355
1041
1193
613
1385
750
745
437
1466
413
591
611
453
721
256
345
4293
961
1889
3641
198
1298
1219
0
0
0
158
537
227
478
260
381
650
2255
724
237
214
2422
3755
178
479
348
297
2661
898
206
529
1281
284
320
2305
559
284
514
421
223
344
1882
750
2271
3109
4561
3421
8036
561
5376
901
1530
2240
3149
26850
3590
3787
2569
708
9921
3658
4414
771
19378
1505
650
1065
1098
1991
802
523
1317
3020
2681
9715
1547
2425
8590
257
1059
2416
752
854
1284
793
4137
613
606
943
1237
1234
1766
3269
1583
1491
3263
1350
4833
1450
4267
9355
2577
2412
700
1543
1862
2894
5540
1960
1414
6963
965
3178
511
1379
523
1454
460
1077
950
294
2245
447
160
320
500
805
14354
1132
531
942
489
391
389
1023
4322
1936
454
3765
2207
1284
11516
395
556
307
390
391
3974
1979
790
2324
857
1532
373
2016
1235
1170
464
242
212
227
1043
190
823
119
683
554
113
589
620
173
422
184
156
73
158
537
227
0
0
0
860
186
237
296
854
428
328
352
168
146
321
442
326
368
1136
1467
600
522
289
143
9024
4449
799
648
509
271
1472
758
6188
607
1662
7885
2605
621
387
470
785
3145
515
1736
2101
1215
2179
22793
27355
1246
1367
2439
883
4778
985
7877
1870
2453
803
7871
6260
490
765
1073
1379
973
1159
1842
1210
869
1231
5215
806
5718
1570
1112
541
8510
829
562
814
563
700
2613
1955
10664
2331
5291
1767
1579
3123
540
1142
782
540
1304
802
2081
4214
4153
1329
766
1689
3583
855
1418
2861
580
935
1363
1237
1168
395
409
1226
7938
808
475
3052
2622
26224
360
5455
3995
494
17890
5930
846
836
623
5465
792
510
903
626
1514
699
336
2329
565
9455
806
1056
1246
915
433
338
1503
265
7304
180
184
1048
286
387
905
385
607
16822
1380
2588
507
695
270
125
89
478
260
381
860
186
237
0
0
0
1744
805
198
249
269
2819
1625
5081
2092
336
436
285
1572
806
402
936
707
5269
766
919
621
326
1188
595
4778
347
684
469
1177
827
420
1829
828
777
6926
576
1031
2506
2573
2042
7765
3075
3576
4336
1102
11219
1701
1633
1652
2141
1416
1323
895
493
406
462
247
2332
2238
1483
247
2862
206
5699
1472
768
6871
9888
1604
4927
297
1645
520
3549
552
1774
1496
1426
1876
5035
1196
1188
2070
21227
1454
1000
1122
1609
1497
2826
1711
2426
2324
32511
17372
2125
1159
119
139
2704
323
187
182
216
1379
70
243
57
1820
2356
387
1207
766
837
291
1559
322
1059
893
1748
427
867
8616
5493
955
624
710
2386
549
173
271
503
3155
5424
2666
1503
463
1145
495
10558
514
300
2907
346
419
599
667
415
401
251
301
252
641
1366
321
2239
745
2512
274
650
2255
724
296
854
428
1744
805
198
0
0
0
163
1318
190
467
792
93
47
26
15
611
893
745
160
103
205
293
1791
5752
1296
686
378
684
809
294
571
432
293
862
250
384
391
464
383
1926
14647
2021
1089
2966
1742
2090
4645
2918
3113
1115
3376
1344
3536
531
1775
2603
3489
3030
11916
4934
16384
5468
5715
6937
720
1496
1073
945
1460
601
736
2455
1154
5735
10826
2069
1104
2594
1190
5782
1521
2149
4580
672
6780
1420
1068
2045
1337
2804
2668
5070
13642
1678
6550
3026
1285
2158
2055
800
2760
271
220
400
526
212
664
286
414
717
5311
4835
664
822
1111
1318
2052
3545
1332
484
1306
1398
1699
423
3057
2241
723
18579
818
554
238
662
414
1809
687
2109
2858
1378
1141
966
474
2294
798
4119
404
857
12037
12466
534
922
439
481
713
705
1514
959
7823
721
600
223
496
258
237
214
2422
328
352
168
249
269
2819
163
1318
190
0
0
0
251
57
122
741
182
537
521
156
567
664
383
296
537
492
544
526
346
241
680
1123
14735
1524
770
473
577
237
443
574
699
689
12429
1716
2816
24708
2009
1552
2770
949
2541
2362
4556
2605
18729
3418
1387
1673
951
5504
1082
3505
1047
800
1181
5224
626
1404
866
15970
3252
15022
1738
1794
9781
1930
698
627
6426
2164
11172
1009
449
744
2071
8951
902
1710
4639
1705
815
2280
1124
1926
2906
1778
879
8183
2479
1662
1189
3786
185
632
1021
975
302
1609
263
272
508
375
922
322
560
655
552
2286
460
1149
785
2387
1198
1369
545
1090
5992
5583
3098
781
1469
2244
783
3701
8342
1580
725
360
733
1280
1831
2676
1076
1661
538
970
3736
4717
571
321
369
1029
483
2186
858
500
529
299
361
722
463
572
228
771
490
3755
178
479
146
321
442
1625
5081
2092
467
792
93
251
57
122
0
0
0
923
243
569
190
297
1372
156
927
354
1930
292
442
344
1661
2473
594
1208
3840
1195
374
1221
1499
8295
1288
477
426
4942
2545
8497
12600
1024
908
4056
728
6268
1509
4550
635
4084
1031
1891
4101
1968
3478
4036
983
1619
1639
997
2470
1620
533
14172
2820
1820
627
462
2527
1475
1448
2545
1644
1038
881
1277
1831
439
2959
779
2228
750
4303
2097
345
551
997
3645
3664
2292
937
530
6092
710
9204
7093
2380
2198
345
158
292
331
1557
217
214
427
312
412
130
427
879
1853
3192
1568
732
891
2337
225
406
7218
649
902
987
1109
690
5527
945
1211
4197
370
384
1014
268
995
1307
427
641
495
759
2708
2755
701
459
386
339
284
480
1529
640
385
994
8205
320
1119
207
799
1543
622
664
289
496
348
297
2661
326
368
1136
336
436
285
47
26
15
741
182
537
923
243
569
0
0
0
648
330
322
154
163
399
269
409
254
1847
186
91
3893
6671
667
474
569
1393
767
790
493
509
814
6071
2220
4137
2726
1617
1224
1806
1837
2272
911
1470
477
4995
877
1510
807
1056
1188
1831
1055
550
995
3580
2129
8269
5064
657
403
914
1029
2568
1267
2306
4347
2891
7986
1048
1662
798
1815
7465
15992
714
1718
2273
4018
4852
2041
586
973
909
931
5350
1082
3736
1001
2904
1991
3354
12270
1404
2463
379
476
428
855
2224
525
632
1424
634
645
296
3090
472
227
482
494
460
6322
476
1207
3009
4049
925
597
805
592
1370
520
2482
1069
970
656
2388
915
5667
1015
772
1194
1207
1979
850
1890
2500
1357
665
627
5336
604
3357
26333
1239
539
996
1985
3726
532
442
1012
1847
7517
660
2595
898
206
529
1467
600
522
1572
806
402
611
893
745
521
156
567
190
297
1372
648
330
322
0
0
0
507
327
2249
94
115
102
1449
1559
2687
777
2502
491
391
625
460
335
863
185
280
906
3305
800
4091
17552
4175
7246
1038
2338
2659
1463
770
1617
8257
550
1466
1311
6229
1298
894
1268
2788
958
2143
1023
2171
880
1057
838
3460
1931
1928
921
2761
7923
1126
24108
1657
999
2825
1117
2412
1139
429
1618
1813
2325
1608
26786
1515
10207
2895
820
920
1164
598
9539
2746
1351
29636
1411
2174
890
274
362
1009
289
116
271
249
259
638
215
2331
835
216
860
782
1353
1600
292
160
228
1128
691
1176
977
12016
726
1022
609
1131
709
756
3838
5345
1986
769
1375
651
3688
370
512
988
629
2728
1242
1855
1632
350
7014
495
1185
595
1975
965
773
3139
438
904
1325
1249
620
864
297
1281
284
320
289
143
9024
936
707
5269
160
103
205
664
383
296
156
927
354
154
163
399
507
327
2249
0
0
0
1273
240
254
58
1154
36
2276
159
1105
388
176
301
289
725
4666
519
551
345
1260
470
2452
10390
741
3402
3201
538
503
1097
1143
1638
904
1179
1784
1147
542
2374
1563
448
1895
6786
4884
1339
1469
2632
974
2812
872
1059
1261
700
15219
2818
1413
573
4924
3923
3213
632
526
8997
1459
958
1253
1406
485
2194
2837
426
1124
2919
1984
1098
1954
1853
1194
1996
10426
892
1249
469
384
2163
367
548
327
1718
595
486
578
307
977
3843
655
1872
1646
616
3019
2791
2086
3401
1295
3995
2024
1149
534
2249
1753
5045
385
751
1260
1221
901
472
15013
1330
1144
552
2647
1049
1643
5655
648
682
1919
271
434
1290
853
6512
4648
1236
672
1187
1118
4391
1253
889
890
1053
432
2305
559
284
4449
799
648
766
919
621
293
1791
5752
537
492
544
1930
292
442
269
409
254
94
115
102
1273
240
254
0
0
0
201
1308
433
7643
791
270
270
1184
779
2247
290
247
359
190
251
1218
3665
2187
4083
2025
4930
3031
1854
1185
1521
877
2497
1157
1542
1219
12299
2309
3849
604
584
1225
6642
803
5611
2094
1767
1803
1920
7996
3463
1192
1037
2386
20354
1096
1481
2324
6329
761
1590
293
2412
2575
1896
11005
1363
455
1635
813
866
1019
1669
573
1380
1595
2504
672
3652
3491
1473
185
173
389
389
76
533
7264
227
187
543
287
346
394
1015
396
4380
336
3411
410
281
638
1092
4791
1637
3674
1976
665
520
477
11170
129
2396
228
4896
921
1464
1065
5908
2069
826
3051
456
328
798
1685
11796
230
694
1315
1163
3694
1441
1296
583
900
12477
1094
615
525
1483
758
378
300
514
421
223
509
271
1472
326
1188
595
1296
686
378
526
346
241
344
1661
2473
1847
186
91
1449
1559
2687
58
1154
36
201
1308
433
0
0
0
506
215
687
352
323
343
209
268
1943
521
642
339
1204
2792
2594
58867
4298
990
681
747
1146
4149
2984
6189
3470
1077
1020
4064
3918
5618
1776
532
481
15159
17634
1468
784
3834
1670
2081
1601
1786
2179
1487
1197
4050
968
7357
1587
931
1747
17857
975
1044
1241
3765
1106
1880
1004
2708
913
7844
2656
2418
837
777
3774
3337
1759
3766
2853
2505
285
238
438
1708
418
414
296
706
1879
508
2012
742
616
327
216
214
464
188
211
2425
309
10891
720
763
6419
3937
612
706
2157
290
432
1077
3254
571
932
1019
585
2495
1110
1640
3058
3120
781
2320
1431
832
1458
621
2839
1872
1717
2782
720
527
2118
1645
2683
1068
1087
3185
634
1846
2016
344
1882
750
758
6188
607
4778
347
684
684
809
294
680
1123
14735
594
1208
3840
3893
6671
667
777
2502
491
2276
159
1105
7643
791
270
506
215
687
0
0
0
106
50
92
204
144
66
152
123
80
512
933
595
1546
2544
5454
755
1281
1767
1414
1007
1179
560
2247
773
1487
2259
883
5473
2060
5859
1846
13999
718
3225
2123
591
1649
584
7460
3201
1347
1947
1614
1796
21841
2843
3007
2265
1411
1558
13642
11562
875
847
704
929
2318
1627
2481
1862
459
1898
809
6632
4965
1775
1015
1387
1364
282
5992
1306
1187
392
1642
701
282
666
562
1687
587
421
133
1810
455
235
175
428
253
435
2801
857
306
617
3038
875
415
1375
374
1192
9454
1154
413
1073
1292
2304
1356
1114
362
4729
617
1363
1895
2064
918
13586
2342
1125
25221
1558
2299
1084
9794
1191
3567
678
4526
2156
3226
1625
7112
1497
2271
3109
4561
1662
7885
2605
469
1177
827
571
432
293
1524
770
473
1195
374
1221
474
569
1393
391
625
460
388
176
301
270
1184
779
352
323
343
106
50
92
0
0
0
111
1493
465
99
468
87
3305
1194
2705
4202
1371
446
1324
877
1189
1461
895
1825
1010
611
1284
7697
3519
3779
2142
551
1164
1666
12382
9374
672
2717
6087
2448
2095
5152
5647
982
36479
1452
2731
10655
2558
20889
4068
2081
1521
1388
860
1341
614
1541
2513
802
452
1046
1596
552
637
432
2234
1177
423
8609
1338
1278
161
451
2608
2078
2896
578
235
4355
224
183
1419
541
188
264
721
611
202
217
1834
697
113
892
613
625
678
770
1824
465
2658
2843
1382
876
854
8121
737
1891
420
818
675
1396
2979
871
1380
996
1685
513
841
828
1326
1784
3256
2475
607
1954
917
1826
711
7030
753
13180
361
2006
688
3421
8036
561
621
387
470
420
1829
828
862
250
384
577
237
443
1499
8295
1288
767
790
493
335
863
185
289
725
4666
2247
290
247
209
268
1943
204
144
66
111
1493
465
0
0
0
78
88
410
4392
3226
14951
1191
869
6012
1113
1812
714
1131
1242
1426
21132
3970
683
49435
3938
4390
2099
2091
5509
1778
1964
2788
14468
1631
1508
5164
1138
14797
1502
1821
1020
6283
1797
1166
991
2024
1682
3412
374
1449
584
3487
2654
425
755
620
412
334
657
3319
6274
622
668
1151
767
739
2956
2138
663
651
1884
8810
376
969
424
644
3915
577
1313
526
562
400
384
517
379
346
172
271
99
943
15164
388
1495
1906
1649
1039
307
579
924
696
13134
1029
2621
2252
1575
635
11754
15540
1335
1069
5384
11369
707
673
696
2635
3425
919
888
1268
771
612
3178
1574
1446
1103
725
845
501
4850
1600
5376
901
1530
785
3145
515
777
6926
576
391
464
383
574
699
689
477
426
4942
509
814
6071
280
906
3305
519
551
345
359
190
251
521
642
339
152
123
80
99
468
87
78
88
410
0
0
0
10821
710
2183
13187
2307
1154
1168
1500
1113
1747
747
891
5961
844
1904
802
5401
2608
2078
1822
1340
1317
1460
4256
2169
1156
1834
20876
1097
4571
3417
7427
1586
5270
1454
1452
10638
2055
1286
1228
1833
791
1251
1278
1914
212
2627
558
440
749
853
554
553
1680
1915
953
1207
4583
5949
2223
1174
611
1193
1983
1425
2212
1046
19077
1578
1464
1412
1446
795
916
1000
2650
1234
599
6767
9481
19800
1726
1902
17359
2805
7930
960
1687
1055
1447
4454
3701
3481
815
1289
1104
7096
3889
862
2861
3493
5697
1327
1923
1568
1458
8045
4659
3696
1242
17149
945
3056
2361
2540
13925
4027
4078
12319
1978
4158
1999
1275
2240
3149
26850
1736
2101
1215
1031
2506
2573
1926
14647
2021
12429
1716
2816
2545
8497
12600
2220
4137
2726
800
4091
17552
1260
470
2452
1218
3665
2187
1204
2792
2594
512
933
595
3305
1194
2705
4392
3226
14951
10821
710
2183
0
0
0
508
206
314
904
1077
1820
3335
1200
4215
355
796
378
10992
1294
14954
3209
27915
1611
55153
2545
18976
2177
2540
19771
2178
4014
2928
2012
7448
4206
1367
1655
2196
3396
3074
1780
3641
44306
1664
1699
254
106
422
2912
1074
1469
919
3967
149
287
1224
5644
648
1031
1342
2747
4495
2998
1085
1207
1759
1149
815
991
2849
943
1190
1359
1208
925
1492
1766
2185
454
3193
3518
1351
4077
661
5727
637
1317
1081
4178
12432
627
1830
870
1428
823
976
1097
675
1554
1962
2308
1002
2096
1682
456
6282
1673
725
10221
3560
3126
1518
1687
10103
1379
2917
4342
1497
1805
1782
1247
3153
1724
4563
969
3590
3787
2569
2179
22793
27355
2042
7765
3075
1089
2966
1742
24708
2009
1552
1024
908
4056
1617
1224
1806
4175
7246
1038
10390
741
3402
4083
2025
4930
58867
4298
990
1546
2544
5454
4202
1371
446
1191
869
6012
13187
2307
1154
508
206
314
0
0
0
674
372
3850
447
268
340
632
85
264
1259
2098
1837
2009
3026
3621
1069
3343
1561
2337
2089
1106
2681
1140
2250
1731
2520
1075
6256
3957
2191
4864
8173
2457
3164
2033
2948
423
352
436
2146
2523
1004
1703
2132
4577
3451
331
710
5055
401
707
3046
4316
3669
761
524
3008
19016
11600
3918
1460
1936
1764
750
1403
1540
1311
3016
539
500
444
711
1876
1559
371
648
1534
331
1095
295
190
292
537
1086
963
579
4740
3132
1609
561
4347
472
503
2565
433
2376
4943
703
646
1291
1449
1008
11762
2742
527
3571
1053
936
983
844
2267
678
530
1428
667
5497
2084
708
9921
3658
1246
1367
2439
3576
4336
1102
2090
4645
2918
2770
949
2541
728
6268
1509
1837
2272
911
2338
2659
1463
3201
538
503
3031
1854
1185
681
747
1146
755
1281
1767
1324
877
1189
1113
1812
714
1168
1500
1113
904
1077
1820
674
372
3850
0
0
0
157
82
580
830
826
396
2585
2666
1144
1514
1615
1157
7508
7203
4064
2746
3985
868
1384
1020
1636
8427
976
3215
2151
6920
7058
6303
6492
1883
2311
5436
15534
951
4611
695
894
3529
1167
2509
3009
1085
713
2156
1927
1143
3077
8703
714
2015
420
2030
2460
17154
842
783
448
1068
686
718
1461
1120
966
1028
1306
722
280
598
862
566
891
968
504
335
1017
410
935
1136
351
411
1846
1656
828
2034
2458
2103
731
2189
658
2339
1273
2098
355
639
13286
1011
869
859
1394
2301
2620
707
1752
2239
494
4309
35092
670
14372
3080
1733
17683
1300
3438
4414
771
19378
883
4778
985
11219
1701
1633
3113
1115
3376
2362
4556
2605
4550
635
4084
1470
477
4995
770
1617
8257
1097
1143
1638
1521
877
2497
4149
2984
6189
1414
1007
1179
1461
895
1825
1131
1242
1426
1747
747
891
3335
1200
4215
447
268
340
157
82
580
0
0
0
288
623
381
2779
5757
2099
1473
1296
10848
701
523
804
1319
4741
2740
2772
992
5221
2866
1332
2343
23946
7279
3380
1432
1767
3370
2213
7870
1081
447
609
780
6256
980
750
898
1895
1646
6235
1910
948
1216
1171
959
1215
1558
946
692
656
829
1277
3518
3262
867
1019
1315
1338
8634
1249
843
1254
1238
1085
453
1503
808
520
1175
632
477
660
702
458
885
1332
918
3010
1361
2071
640
1756
16574
495
5525
2198
429
2021
1005
5619
3618
2636
1188
4051
1509
1723
8362
3091
2604
9725
1464
1390
2774
1611
756
855
5865
2017
1186
2710
18777
1505
650
1065
7877
1870
2453
1652
2141
1416
1344
3536
531
18729
3418
1387
1031
1891
4101
877
1510
807
550
1466
1311
904
1179
1784
1157
1542
1219
3470
1077
1020
560
2247
773
1010
611
1284
21132
3970
683
5961
844
1904
355
796
378
632
85
264
830
826
396
288
623
381
0
0
0
25999
2855
51067
2433
5249
3850
1663
1768
3224
29504
3126
4491
2255
1488
1466
4120
55682
1845
4712
5446
1493
2056
16089
2182
3596
1196
1912
1716
2704
246
1154
17704
3642
1720
2861
4340
1821
208
10208
6420
1371
2142
3483
1486
911
7269
3615
3254
10467
2812
511
1981
1109
1122
836
987
1765
3740
2281
923
681
2174
3479
8806
1646
25583
2683
869
2432
2144
2239
4472
4310
1792
1570
1439
1015
2225
5685
6711
515
967
764
570
880
2709
8417
1276
804
1693
3657
2352
1519
3663
859
295
1292
2966
284
2019
2121
18841
21917
884
776
10111
662
1135
1098
1991
802
803
7871
6260
1323
895
493
1775
2603
3489
1673
951
5504
1968
3478
4036
1056
1188
1831
6229
1298
894
1147
542
2374
12299
2309
3849
4064
3918
5618
1487
2259
883
7697
3519
3779
49435
3938
4390
802
5401
2608
10992
1294
14954
1259
2098
1837
2585
2666
1144
2779
5757
2099
25999
2855
51067
0
0
0
164
666
125
5974
6589
1583
3670
347
458
2012
307
740
345
2494
921
312
560
636
535
329
4276
853
1851
1289
20523
2747
3774
7349
3698
1911
2391
2749
2551
1710
3003
1175
2254
5474
1077
3587
532
7035
2663
2418
1976
779
2046
881
1763
1704
933
2302
572
1243
930
1334
2064
1507
866
2215
916
349
1569
1905
10198
1372
948
1047
651
1024
799
2325
2709
1206
821
593
3754
950
1219
5925
716
763
1064
1773
309
893
1115
506
539
738
732
867
694
406
235
886
827
408
2473
3476
353
299
830
2569
1266
523
1317
3020
490
765
1073
406
462
247
3030
11916
4934
1082
3505
1047
983
1619
1639
1055
550
995
1268
2788
958
1563
448
1895
604
584
1225
1776
532
481
5473
2060
5859
2142
551
1164
2099
2091
5509
2078
1822
1340
3209
27915
1611
2009
3026
3621
1514
1615
1157
1473
1296
10848
2433
5249
3850
164
666
125
0
0
0
2139
2178
1627
97
351
51
492
1810
848
635
6343
211
282
403
314
245
498
5547
822
625
3480
2186
9215
1686
1744
1205
16419
1991
4578
999
2444
1421
3717
1123
14717
2222
5209
1997
6941
4901
647
15877
17035
2009
2383
11302
1208
2420
11409
2354
1603
1964
2752
470
1739
1503
1151
1544
3871
1172
506
682
1770
1085
2656
617
924
1402
976
3320
942
4898
2407
1278
9085
546
761
437
3055
2278
3059
1022
672
2244
4828
6234
1023
655
438
1106
1087
3403
1069
594
17906
932
1472
3107
1410
18072
1676
1394
2681
9715
1547
1379
973
1159
2332
2238
1483
16384
5468
5715
800
1181
5224
997
2470
1620
3580
2129
8269
2143
1023
2171
6786
4884
1339
6642
803
5611
15159
17634
1468
1846
13999
718
1666
12382
9374
1778
1964
2788
1317
1460
4256
55153
2545
18976
1069
3343
1561
7508
7203
4064
701
523
804
1663
1768
3224
5974
6589
1583
2139
2178
1627
0
0
0
12003
1115
1981
1307
13670
626
3774
3626
1862
4955
1018
1975
1249
3846
5342
715
4064
2424
1252
1552
17759
2086
3759
10554
1144
6371
2977
4796
1155
23481
2091
40027
5067
217
328
303
742
1465
654
4000
1003
768
1767
3042
2084
3512
522
3352
1089
1173
784
7075
999
6037
2294
848
4797
2129
12283
9957
886
1992
15094
1124
724
2737
3934
1075
619
3963
2213
949
597
1055
1462
1064
3061
6237
4560
1039
1893
1586
861
408
469
3219
617
5964
607
360
929
410
3629
1050
476
805
909
2836
668
2425
8590
257
1842
1210
869
247
2862
206
6937
720
1496
626
1404
866
533
14172
2820
5064
657
403
880
1057
838
1469
2632
974
2094
1767
1803
784
3834
1670
3225
2123
591
672
2717
6087
14468
1631
1508
2169
1156
1834
2177
2540
19771
2337
2089
1106
2746
3985
868
1319
4741
2740
29504
3126
4491
3670
347
458
97
351
51
12003
1115
1981
0
0
0
1657
1349
921
5280
568
592
614
100
50
651
1187
1407
4964
1439
1239
12410
10857
7408
15117
1111
31512
1736
16927
1508
6247
2843
11159
5218
3607
6567
9193
4872
4706
1946
2799
6817
3818
933
559
614
984
2684
43419
2706
5412
40300
4124
2315
1385
1318
1159
458
3508
1049
1674
5427
1406
1276
2822
1070
4539
1250
1913
1934
1399
2360
1127
1225
739
1140
835
481
984
5352
894
1072
564
547
2666
2665
1165
1648
2498
714
4612
1180
409
771
1968
1101
777
1401
965
731
1557
1677
1059
2416
752
1231
5215
806
5699
1472
768
1073
945
1460
15970
3252
15022
1820
627
462
914
1029
2568
3460
1931
1928
2812
872
1059
1920
7996
3463
2081
1601
1786
1649
584
7460
2448
2095
5152
5164
1138
14797
20876
1097
4571
2178
4014
2928
2681
1140
2250
1384
1020
1636
2772
992
5221
2255
1488
1466
2012
307
740
492
1810
848
1307
13670
626
1657
1349
921
0
0
0
3923
988
2655
2237
751
798
3004
1110
720
10110
19058
1517
19768
2343
3332
5971
4797
22491
19779
3838
1411
12918
8300
5243
1507
4626
3027
1378
2606
1353
712
2208
686
820
2543
715
2123
1103
1496
1386
961
11803
1830
2023
583
4786
3093
10800
4466
6272
2945
535
2956
2133
6596
11944
3832
4719
1608
45437
1398
1922
5253
875
3313
706
2401
820
1154
637
1361
10256
2718
1345
1080
1165
13468
1000
1062
684
2800
10877
8102
859
5184
2266
600
2878
1071
2248
24003
730
655
854
1284
793
5718
1570
1112
6871
9888
1604
601
736
2455
1738
1794
9781
2527
1475
1448
1267
2306
4347
921
2761
7923
1261
700
15219
1192
1037
2386
2179
1487
1197
3201
1347
1947
5647
982
36479
1502
1821
1020
3417
7427
1586
2012
7448
4206
1731
2520
1075
8427
976
3215
2866
1332
2343
4120
55682
1845
345
2494
921
635
6343
211
3774
3626
1862
5280
568
592
3923
988
2655
0
0
0
421
207
169
2551
148
159
2103
1804
3697
5245
6105
3219
2937
9191
1724
3117
2035
1345
7787
1263
2231
2230
7109
2639
1667
1698
1656
1477
655
10370
2287
1790
2181
1244
963
1906
1811
922
1322
786
15859
1701
8456
1879
3211
716
4128
1698
1269
858
751
7062
1235
7038
1506
790
1095
8478
1067
3668
1567
1161
1483
2869
3306
1335
1577
7505
4094
391
803
1582
10936
2061
1217
1171
614
1108
7033
895
1072
4692
3174
434
4280
1391
1773
617
3265
235
4137
613
606
541
8510
829
4927
297
1645
1154
5735
10826
1930
698
627
2545
1644
1038
2891
7986
1048
1126
24108
1657
2818
1413
573
20354
1096
1481
4050
968
7357
1614
1796
21841
1452
2731
10655
6283
1797
1166
5270
1454
1452
1367
1655
2196
6256
3957
2191
2151
6920
7058
23946
7279
3380
4712
5446
1493
312
560
636
282
403
314
4955
1018
1975
614
100
50
2237
751
798
421
207
169
0
0
0
5430
772
11325
8659
1060
707
1663
2446
1817
1360
2435
3552
1731
1598
6606
1393
5203
1887
1204
2022
913
1823
1298
1902
1666
1076
5528
3505
2002
8198
2934
1523
1251
1667
911
821
2488
16214
1909
5054
31579
1882
24943
1995
799
568
24674
1371
738
2476
2617
6075
9201
2148
1514
4186
1387
1821
3174
1264
697
2497
4916
1230
774
1312
1541
3330
2034
1288
835
610
531
3387
11299
1384
3239
2448
935
923
895
2205
1754
1984
4580
783
910
943
1237
1234
562
814
563
520
3549
552
2069
1104
2594
6426
2164
11172
881
1277
1831
1662
798
1815
999
2825
1117
4924
3923
3213
2324
6329
761
1587
931
1747
2843
3007
2265
2558
20889
4068
991
2024
1682
10638
2055
1286
3396
3074
1780
4864
8173
2457
6303
6492
1883
1432
1767
3370
2056
16089
2182
535
329
4276
245
498
5547
1249
3846
5342
651
1187
1407
3004
1110
720
2551
148
159
5430
772
11325
0
0
0
10394
1028
2148
2119
16072
1674
5739
3084
5658
12687
7832
14713
8362
6877
1451
3865
1992
8694
3345
12223
4091
3503
1329
923
1380
2193
3239
4271
618
5937
1125
1593
2794
3453
1138
3656
1586
5690
2349
1242
13363
2090
799
5721
2862
785
3294
2393
1252
1653
1255
1830
1476
2283
1311
1034
2486
2227
3344
1866
2895
2990
2515
20539
2073
2709
2324
1221
3155
1720
1311
1299
1171
2460
5862
3523
14280
1892
893
2185
1750
737
7462
14058
1766
3269
1583
700
2613
1955
1774
1496
1426
1190
5782
1521
1009
449
744
439
2959
779
7465
15992
714
2412
1139
429
632
526
8997
1590
293
2412
17857
975
1044
1411
1558
13642
2081
1521
1388
3412
374
1449
1228
1833
791
3641
44306
1664
3164
2033
2948
2311
5436
15534
2213
7870
1081
3596
1196
1912
853
1851
1289
822
625
3480
715
4064
2424
4964
1439
1239
10110
19058
1517
2103
1804
3697
8659
1060
707
10394
1028
2148
0
0
0
29407
2340
2435
1197
1881
1074
867
272
7932
4520
3220
2217
1183
22935
1608
2425
2981
3025
4968
2390
2148
1582
2172
2606
859
1912
2860
1167
609
1409
762
1075
1422
3753
2230
3073
835
1282
13514
941
1064
1647
1233
1535
3036
27688
7467
6406
665
9131
1879
952
17286
735
3607
6612
644
3507
3473
5767
3307
721
2368
2273
979
1468
1411
8296
2869
1667
3705
2699
732
2762
2353
890
1387
4598
1473
1391
3115
1491
3263
1350
10664
2331
5291
1876
5035
1196
2149
4580
672
2071
8951
902
2228
750
4303
1718
2273
4018
1618
1813
2325
1459
958
1253
2575
1896
11005
1241
3765
1106
11562
875
847
860
1341
614
584
3487
2654
1251
1278
1914
1699
254
106
423
352
436
951
4611
695
447
609
780
1716
2704
246
20523
2747
3774
2186
9215
1686
1252
1552
17759
12410
10857
7408
19768
2343
3332
5245
6105
3219
1663
2446
1817
2119
16072
1674
29407
2340
2435
0
0
0
1051
366
834
21543
1123
875
415
418
3070
1130
709
2128
1466
7907
5195
792
4183
457
2407
4684
475
1815
17813
778
716
715
664
904
833
1209
661
241
1439
1914
1092
752
1755
2245
2755
1328
644
2299
3579
2471
726
10122
1446
35081
5604
1072
2524
2850
1781
2327
1067
2847
7210
7447
951
888
2206
1745
4888
3341
1214
1021
1874
1794
2249
768
26553
1362
1178
798
1894
797
757
9545
4833
1450
4267
1767
1579
3123
1188
2070
21227
6780
1420
1068
1710
4639
1705
2097
345
551
4852
2041
586
1608
26786
1515
1406
485
2194
1363
455
1635
1880
1004
2708
704
929
2318
1541
2513
802
425
755
620
212
2627
558
422
2912
1074
2146
2523
1004
894
3529
1167
6256
980
750
1154
17704
3642
7349
3698
1911
1744
1205
16419
2086
3759
10554
15117
1111
31512
5971
4797
22491
2937
9191
1724
1360
2435
3552
5739
3084
5658
1197
1881
1074
1051
366
834
0
0
0
690
1411
4184
991
223
803
318
542
1403
2975
1792
4259
899
4568
8338
5075
5957
1305
633
656
2418
868
644
7712
1370
2734
1417
1843
1412
4011
505
560
2258
881
1576
1620
8413
1614
10460
1252
2216
674
5309
15437
1900
5401
622
6865
8189
3353
3703
1447
2338
3089
10990
2364
7161
775
4397
3105
1792
1544
3101
660
1724
1863
4681
1740
1484
3594
13601
15398
3600
1313
1486
9355
2577
2412
540
1142
782
1454
1000
1122
2045
1337
2804
815
2280
1124
997
3645
3664
973
909
931
10207
2895
820
2837
426
1124
813
866
1019
913
7844
2656
1627
2481
1862
452
1046
1596
412
334
657
440
749
853
1469
919
3967
1703
2132
4577
2509
3009
1085
898
1895
1646
1720
2861
4340
2391
2749
2551
1991
4578
999
1144
6371
2977
1736
16927
1508
19779
3838
1411
3117
2035
1345
1731
1598
6606
12687
7832
14713
867
272
7932
21543
1123
875
690
1411
4184
0
0
0
1794
946
2985
374
1765
619
2765
40777
1553
2746
1901
790
3663
918
8414
883
763
1952
8253
33438
636
1645
547
5047
10566
241
1173
1831
736
1598
489
736
1944
6016
842
784
4389
909
14145
5666
806
696
5134
1714
1577
1513
1550
2411
15339
4997
1973
639
1660
825
1723
2955
972
2382
970
2509
3161
14735
39200
3248
1068
1930
1549
1463
3409
1860
23380
2081
700
1543
1862
540
1304
802
1609
1497
2826
2668
5070
13642
1926
2906
1778
2292
937
530
5350
1082
3736
920
1164
598
2919
1984
1098
1669
573
1380
2418
837
777
459
1898
809
552
637
432
3319
6274
622
554
553
1680
149
287
1224
3451
331
710
713
2156
1927
6235
1910
948
1821
208
10208
1710
3003
1175
2444
1421
3717
4796
1155
23481
6247
2843
11159
12918
8300
5243
7787
1263
2231
1393
5203
1887
8362
6877
1451
4520
3220
2217
415
418
3070
991
223
803
1794
946
2985
0
0
0
809
799
2899
2987
2316
52095
614
3722
2802
7069
580
4251
834
1054
1191
18611
623
2481
6726
762
530
5978
1097
2341
683
8471
1309
1987
48503
2354
1342
1168
6691
1887
573
2730
5213
681
1318
7423
1240
1489
2717
1162
1557
7425
1796
25947
16106
2424
4295
1618
8024
11101
11546
6220
1732
1613
1380
2151
3299
4058
971
1894
38601
2321
650
16709
1385
2894
5540
1960
2081
4214
4153
1711
2426
2324
1678
6550
3026
879
8183
2479
6092
710
9204
1001
2904
1991
9539
2746
1351
1954
1853
1194
1595
2504
672
3774
3337
1759
6632
4965
1775
2234
1177
423
668
1151
767
1915
953
1207
5644
648
1031
5055
401
707
1143
3077
8703
1216
1171
959
6420
1371
2142
2254
5474
1077
1123
14717
2222
2091
40027
5067
5218
3607
6567
1507
4626
3027
2230
7109
2639
1204
2022
913
3865
1992
8694
1183
22935
1608
1130
709
2128
318
542
1403
374
1765
619
809
799
2899
0
0
0
6099
13676
7094
1571
7664
1192
2163
1190
4390
2578
2804
1600
840
3665
964
3077
1484
27321
1013
1497
6655
11319
1116
3240
2238
1665
2418
978
3196
10982
2329
1076
1075
7759
1169
702
6661
2453
2939
765
7859
1540
944
1051
1702
543
993
1558
2257
2331
2821
3341
3630
1590
2840
3592
1452
2125
2237
925
870
1328
776
1350
1655
6169
1414
6963
965
1329
766
1689
32511
17372
2125
1285
2158
2055
1662
1189
3786
7093
2380
2198
3354
12270
1404
29636
1411
2174
1996
10426
892
3652
3491
1473
3766
2853
2505
1015
1387
1364
8609
1338
1278
739
2956
2138
4583
5949
2223
1342
2747
4495
3046
4316
3669
714
2015
420
1215
1558
946
3483
1486
911
3587
532
7035
5209
1997
6941
217
328
303
9193
4872
4706
1378
2606
1353
1667
1698
1656
1823
1298
1902
3345
12223
4091
2425
2981
3025
1466
7907
5195
2975
1792
4259
2765
40777
1553
2987
2316
52095
6099
13676
7094
0
0
0
