C_ijk
0
0
0
59
46
108
121
101
125
553
182
92
1456
239
153
576
623
648
280
142
306
10528
298
783
456
495
680
400
275
571
92
193
103
435
230
751
882
1378
1005
813
2355
350
1028
330
828
353
2630
444
7873
368
497
462
276
571
1979
1364
402
1405
1443
404
410
1015
2006
1246
3092
435
665
2667
2137
433
614
247
185
333
387
1409
559
252
2023
410
473
445
608
2991
807
373
3455
238
126
283
5267
510
788
501
198
1335
282
689
391
6860
417
418
122
1209
5047
912
1034
466
4668
1382
1296
1295
6408
3742
2431
2372
1034
1719
5686
2675
2042
1385
1333
1640
590
2696
1670
749
1760
1515
3571
4367
1636
959
720
5464
968
1721
2060
1546
724
984
1038
1753
4968
942
978
1677
1509
2102
1491
2062
2922
544
1219
480
3433
1286
2248
987
1610
5216
670
528
528
1792
4102
6501
59
46
108
0
0
0
308
52
119
314
369
90
198
120
431
1147
288
702
3138
2479
1196
248
1311
535
261
492
463
2624
427
344
6574
1784
226
203
557
754
828
306
773
3249
994
802
748
615
548
251
190
278
594
310
238
1906
381
315
1076
266
794
470
633
408
465
881
967
819
469
164
697
619
437
1660
1549
1888
150
4373
188
268
468
1298
786
1245
617
158
373
527
809
166
926
308
3039
303
333
239
195
102
186
247
409
1710
377
283
929
264
515
396
244
2264
294
922
1504
2839
609
1955
934
604
1716
1714
1313
1062
5273
446
1913
10481
43680
3426
7690
2087
1402
1026
3271
980
3260
1911
1102
1008
982
698
1593
599
3149
989
580
1211
13397
905
1724
5691
1434
441
1324
709
1295
860
2609
750
2318
392
1308
1934
1052
635
4434
1227
6825
7982
1329
961
2180
928
121
101
125
308
52
119
0
0
0
89
347
199
317
189
3599
463
335
647
290
3261
1765
1163
380
513
1930
987
1227
221
756
582
302
533
420
447
392
1451
1312
1327
477
664
1964
438
355
1186
921
121
1465
159
408
2451
4658
1180
557
609
389
4371
154
237
3123
297
1066
643
4483
3643
251
1287
1981
155
331
388
773
443
435
4308
129
502
1016
304
9581
402
739
760
149
102
581
2754
333
183
269
224
890
675
520
366
187
805
601
235
216
323
924
348
8666
228
608
4312
639
2744
482
8284
713
1123
1365
1084
782
3510
794
1655
4620
1507
978
871
4485
683
650
4349
1588
602
615
1143
4300
1941
981
2395
358
4748
2960
1523
1121
2496
1641
9707
1491
4596
1551
6878
1425
1866
861
943
2776
2098
836
1576
2488
1314
746
660
3630
2276
1643
815
543
1113
812
8161
2549
2068
553
182
92
314
369
90
89
347
199
0
0
0
384
588
666
356
1924
1182
1999
1251
2520
806
505
1255
681
1868
376
941
877
331
1567
791
457
722
451
431
297
340
1271
340
2042
604
4753
3403
4055
493
196
889
270
893
606
177
867
375
2560
395
598
301
494
1136
298
775
316
238
254
75
236
500
1499
776
1431
152
372
133
47
3051
379
323
125
153
197
139
49
87
508
587
509
92
111
644
434
518
1522
607
174
544
972
347
2137
914
246
1037
537
284
1335
3146
5228
1367
1658
9614
1442
1408
510
4057
4044
484
1331
1764
944
17788
551
502
2214
2698
1128
1892
743
494
1573
18239
1451
999
548
1678
2233
5385
2089
2507
1287
1232
2985
457
1563
2304
899
1210
2227
1417
1143
420
2062
22191
1164
794
2123
671
28997
2741
903
414
1672
1058
11536
10504
1283
1909
11143
1898
1456
239
153
198
120
431
317
189
3599
384
588
666
0
0
0
485
202
283
54
37
229
608
7901
631
178
380
894
779
412
825
232
206
615
1996
409
721
439
478
328
764
260
2314
790
413
2587
1310
1164
548
393
1975
1578
903
892
609
919
576
4688
1085
2069
4172
2506
672
1797
572
456
366
1408
361
1118
470
2316
1521
700
342
915
450
737
1184
900
1383
286
882
318
588
563
317
489
143
173
283
742
1504
604
228
325
215
90
312
527
518
425
7303
195
234
1120
1403
8209
478
6845
1143
727
639
1383
529
904
638
1557
694
4755
517
17393
338
756
664
938
1426
2607
6093
869
956
1175
5334
2468
3034
756
1742
4902
1027
4632
1467
1528
2197
1066
2130
926
3245
1100
18214
2264
501
1921
2978
755
1004
10370
1160
1358
636
1346
2182
1818
1693
892
783
1255
1694
2203
1974
576
623
648
1147
288
702
463
335
647
356
1924
1182
485
202
283
0
0
0
1243
806
262
1229
453
324
1752
1164
725
654
3879
1333
3035
140
439
380
1032
387
459
2320
380
376
597
1264
321
1526
6255
1026
922
730
1754
1473
1721
1396
1852
2556
868
851
1453
3507
2970
1047
770
386
552
519
264
3059
476
1011
3076
2352
2343
1090
569
967
812
1208
499
359
2751
508
509
1042
6352
573
3118
19073
1432
3490
2405
222
8853
987
2290
5055
413
3617
321
362
1996
666
828
522
295
286
594
865
236
425
5300
2077
8307
1214
2115
309
1071
614
312
292
830
595
534
1577
360
915
1492
1982
2595
2678
14694
1993
1426
1710
1123
1798
1657
665
1026
1592
3471
1276
5072
892
1910
7537
2379
2227
1371
1009
16996
487
310
918
8939
5753
1941
1240
14298
1177
3297
848
1783
2629
698
1607
1512
750
2774
2779
280
142
306
3138
2479
1196
290
3261
1765
1999
1251
2520
54
37
229
1243
806
262
0
0
0
270
802
1254
715
335
1000
337
1308
343
272
485
421
408
184
345
638
447
441
497
3757
5291
292
350
591
593
691
406
894
1555
819
1162
1574
1292
362
873
205
2336
244
1681
1359
386
1744
549
278
373
18776
2597
5193
1722
1246
620
331
6242
358
316
867
735
520
319
693
245
182
5241
370
824
2326
322
313
1618
837
558
595
260
2441
263
312
1954
874
271
505
228
386
270
383
210
4020
258
1946
647
571
2376
8044
12153
742
543
10812
1403
12933
872
2376
575
2366
2715
12304
1579
13106
1178
1708
900
1364
3862
463
2686
890
9415
3082
1554
2638
11412
5911
828
2464
9876
3032
3782
8052
1633
1667
1243
447
3606
28493
324
7684
2443
638
364
725
691
1030
455
4554
1068
904
955
1513
3582
10528
298
783
248
1311
535
1163
380
513
806
505
1255
608
7901
631
1229
453
324
270
802
1254
0
0
0
77
53
56
14
37
20
539
3453
215
3215
194
198
4182
2652
1899
1199
655
3169
1733
211
313
12067
493
3395
550
735
1531
500
9266
636
3569
816
596
2404
7192
372
1310
1085
1527
1107
493
2183
1066
296
1293
784
5308
2371
1051
733
1009
790
629
2517
934
1102
2094
5183
758
747
5018
664
2324
567
1548
356
1589
1077
652
4670
527
3357
249
737
420
1292
986
1210
1636
1645
1857
1006
2055
554
686
1148
14270
1245
497
721
348
419
614
698
1847
2287
837
1533
804
1974
2009
7816
3009
2556
5929
2200
605
1038
1143
3101
1165
1786
574
9660
5190
2982
1071
1891
1103
778
5385
24904
8271
16701
1713
623
1665
1491
581
4921
1930
2242
3785
1596
2935
1068
2157
8397
954
895
996
3783
11304
1077
456
495
680
261
492
463
1930
987
1227
681
1868
376
178
380
894
1752
1164
725
715
335
1000
77
53
56
0
0
0
60
306
102
487
252
578
662
146
932
393
693
5059
835
433
408
808
353
621
3595
2604
830
4652
1514
559
411
683
741
1834
3631
6152
1094
2643
3858
2620
626
7983
931
2483
1433
1529
5374
1807
1312
2152
563
969
1498
492
688
916
1236
2651
734
776
1741
1036
4122
3500
837
705
3372
3379
2832
1715
792
489
582
555
4454
498
676
242
558
916
717
1007
1637
965
1440
719
675
1802
554
1868
1117
1430
528
218
589
666
501
1612
455
1604
316
2567
956
690
5518
518
3710
16348
1517
1229
1095
1337
10335
638
1646
1877
754
587
3723
10193
589
1397
961
3700
27658
2056
2885
1460
2151
10081
612
2346
827
2012
2211
792
53649
1580
23426
604
712
1627
2514
1080
1444
1155
33369
400
275
571
2624
427
344
221
756
582
941
877
331
779
412
825
654
3879
1333
337
1308
343
14
37
20
60
306
102
0
0
0
585
300
8305
1017
762
2077
290
486
629
304
525
224
792
297
493
417
411
2632
6147
2187
1059
915
885
487
1738
362
1356
859
995
171
754
2947
458
10468
572
4486
1040
1093
1554
384
715
10409
820
3165
362
2137
3544
1210
4804
669
1101
614
952
873
1173
834
1364
6284
868
1314
433
1762
1723
418
2619
1124
230
749
454
11942
1329
376
669
857
832
1145
1401
6723
1229
837
6971
2548
8130
1373
619
319
193
316
954
1341
836
959
385
4700
1685
2307
899
1592
1056
849
2081
1111
1795
1018
2121
5315
16523
1913
1171
2078
2616
930
1158
1348
1195
2245
3394
3138
539
3998
2920
814
567
1253
10182
1190
6752
1121
2415
827
698
11400
6960
1715
1404
613
550
2984
92
193
103
6574
1784
226
302
533
420
1567
791
457
232
206
615
3035
140
439
272
485
421
539
3453
215
487
252
578
585
300
8305
0
0
0
195
164
124
1687
2341
764
647
315
2143
356
337
214
261
290
219
606
627
1470
2305
328
406
852
472
400
526
193
2998
703
446
1636
1193
517
139
313
261
981
894
654
1262
445
700
142
416
2293
308
1253
14321
475
291
415
348
410
667
796
759
139
283
670
649
1050
502
148
348
2396
196
1172
322
300
568
545
315
1300
664
424
1884
3704
996
553
1356
1249
417
1400
874
902
1006
858
3178
433
993
1067
773
1061
4018
2688
660
6338
727
1085
723
1867
1818
1411
506
3328
6543
4270
33966
1215
569
1182
2309
1259
835
1544
1248
5105
4886
3888
22242
1907
1353
1708
364
674
1681
684
396
770
800
1195
894
510
1928
761
901
435
230
751
203
557
754
447
392
1451
722
451
431
1996
409
721
380
1032
387
408
184
345
3215
194
198
662
146
932
1017
762
2077
195
164
124
0
0
0
429
1020
185
328
3590
1977
166
5526
69
2272
440
309
320
1988
14665
221
1507
468
595
678
1884
5102
1200
3817
549
1499
9376
203
170
1158
267
191
643
1870
436
252
851
311
436
289
2570
628
5748
402
314
302
176
219
625
602
1605
1473
602
449
368
1140
828
480
1723
1073
329
1007
604
776
759
1088
481
1317
1042
3888
2445
4452
12347
1902
4712
5145
525
1442
982
913
1141
567
989
2767
1120
2115
1286
1374
6457
1338
1415
605
2476
663
7246
2180
352
555
738
1488
4136
469
1368
3186
871
2822
632
1138
1212
4628
1035
3334
3966
2838
7749
997
954
937
621
4153
1675
923
721
2105
1186
505
6837
3169
2104
700
964
951
882
1378
1005
828
306
773
1312
1327
477
297
340
1271
439
478
328
459
2320
380
638
447
441
4182
2652
1899
393
693
5059
290
486
629
1687
2341
764
429
1020
185
0
0
0
35
693
223
165
939
77
434
289
750
293
330
559
229
583
484
307
307
405
2015
411
1110
846
2637
2071
1589
1277
517
381
446
957
775
7346
1887
1134
903
589
1599
668
506
1710
6459
3390
994
1160
1240
2484
1843
7679
1628
664
1542
1144
722
963
1782
1204
1031
3746
581
731
11360
1010
1645
2980
2149
12390
743
931
547
1550
648
2132
1997
715
630
624
559
353
771
1554
995
8102
962
14832
714
1051
1025
1029
1479
707
535
1752
1103
948
1901
465
6822
598
461
2478
5602
1180
1296
740
1035
866
980
2801
5507
833
1842
2326
1935
4908
1690
768
1470
1800
1287
30145
740
6126
2194
1158
1142
9744
4069
3226
1650
813
2355
350
3249
994
802
664
1964
438
340
2042
604
764
260
2314
376
597
1264
497
3757
5291
1199
655
3169
835
433
408
304
525
224
647
315
2143
328
3590
1977
35
693
223
0
0
0
186
91
51
293
1098
738
594
249
1347
452
2278
382
343
2529
1227
432
222
423
717
517
1571
379
1270
1239
274
289
3314
730
1564
723
546
949
987
705
454
469
2685
4469
1637
2336
3067
4075
1144
3299
1858
549
769
975
16333
1022
15875
1273
432
1605
547
538
1640
9067
607
751
1668
6206
3130
1465
717
10797
1074
814
1176
7368
1686
3632
9862
7375
901
10179
1676
1505
3275
8284
787
1211
995
1732
5734
688
1839
2077
489
7974
3377
5045
856
573
6320
422
8334
11301
1592
1078
512
1443
2805
478
4853
2846
792
696
2124
2692
2578
9111
1301
1535
2477
1856
830
523
924
954
5975
2053
3242
691
1321
5884
1028
330
828
748
615
548
355
1186
921
4753
3403
4055
790
413
2587
321
1526
6255
292
350
591
1733
211
313
808
353
621
792
297
493
356
337
214
166
5526
69
165
939
77
186
91
51
0
0
0
630
1450
1303
508
473
185
2393
280
410
208
2235
773
2072
375
405
1722
644
321
1591
258
159
556
1112
662
1151
1018
594
10770
1321
3052
548
2052
566
573
647
1146
1751
1235
1857
1648
467
1373
431
415
928
660
1158
1291
541
832
1263
3207
1825
1362
792
1830
2258
1249
612
936
1541
979
708
1647
3773
832
946
875
1050
669
4559
4703
2412
915
1211
1420
1633
706
2179
5512
860
518
13733
2075
797
2716
5017
2160
740
1086
2266
1463
7072
1127
1643
2477
472
1218
3110
5686
7058
1007
4503
1309
2403
3093
582
2046
1991
3205
3136
1037
3341
1215
1557
10884
1835
2867
4986
7009
684
769
1214
353
2630
444
251
190
278
121
1465
159
493
196
889
1310
1164
548
1026
922
730
593
691
406
12067
493
3395
3595
2604
830
417
411
2632
261
290
219
2272
440
309
434
289
750
293
1098
738
630
1450
1303
0
0
0
480
4604
150
1951
690
399
197
504
233
145
232
276
946
434
333
48
169
65
147
954
295
253
491
405
325
2537
141
2820
507
210
817
810
358
956
1033
264
1552
2201
935
238
284
447
957
3150
444
791
225
3006
969
513
1043
1072
910
2525
410
359
3795
9581
527
516
10084
2666
789
1236
13541
6202
643
2027
1256
1744
4069
2074
419
2258
2510
735
1233
739
1179
283
2393
1313
938
11429
800
573
642
611
1033
2907
1464
2408
767
732
21520
2077
695
34475
970
379
1729
988
15730
1817
2212
6124
420
1446
2116
1931
46104
707
6022
825
4505
1153
4224
1670
1161
4019
7873
368
497
594
310
238
408
2451
4658
270
893
606
393
1975
1578
1754
1473
1721
894
1555
819
550
735
1531
4652
1514
559
6147
2187
1059
606
627
1470
320
1988
14665
293
330
559
594
249
1347
508
473
185
480
4604
150
0
0
0
38
906
125
405
194
57
227
180
186
1330
329
208
302
316
292
2119
712
265
190
992
2407
668
711
940
1191
1039
6398
22913
365
175
524
921
749
615
5425
1750
1748
20979
378
2023
1203
822
492
712
1010
1611
1274
3127
3067
1234
15555
823
13093
3803
916
1626
816
2627
1601
3457
2160
2264
1415
1305
1198
1722
19911
1519
2143
10554
4343
1333
1421
1211
424
219
8590
1292
291
1163
798
476
2676
1189
651
466
1720
650
5504
743
711
3296
435
4989
816
805
937
1725
1941
7709
1884
6780
22842
1823
2462
2416
1021
10921
2401
7910
4295
3071
4136
1087
1298
2935
2762
462
276
571
1906
381
315
1180
557
609
177
867
375
903
892
609
1396
1852
2556
1162
1574
1292
500
9266
636
411
683
741
915
885
487
2305
328
406
221
1507
468
229
583
484
452
2278
382
2393
280
410
1951
690
399
38
906
125
0
0
0
104
414
83
91
184
92
330
157
419
1689
457
243
251
2032
361
494
237
856
1616
2249
815
973
3116
1255
279
777
432
319
914
506
456
1171
1204
2181
4161
1969
420
1367
482
3101
324
1230
1040
650
2507
953
1589
1486
7694
738
2134
9895
931
1738
1331
1316
1050
8992
5771
1674
446
1506
1967
4751
2655
14028
824
1568
2699
381
2901
771
302
611
609
17141
1440
986
761
433
1287
694
733
2852
2023
7467
3629
539
1352
5590
1022
864
907
1458
1401
1347
16892
1840
2220
1790
1526
1061
2329
580
2972
1451
2901
1066
2086
2520
1384
2275
1034
1663
1979
1364
402
1076
266
794
389
4371
154
2560
395
598
919
576
4688
868
851
1453
362
873
205
3569
816
596
1834
3631
6152
1738
362
1356
852
472
400
595
678
1884
307
307
405
343
2529
1227
208
2235
773
197
504
233
405
194
57
104
414
83
0
0
0
105
446
109
241
256
781
174
480
253
152
275
547
195
863
685
356
1863
706
742
2888
755
522
719
582
608
382
1246
14895
2112
4152
671
2487
402
4210
622
917
487
979
270
1187
777
1534
1234
917
853
734
516
5169
910
1113
1131
1863
1117
2457
1607
1763
1769
2089
1313
5362
1089
3039
7039
23696
1236
10676
815
883
1353
1312
407
600
395
751
1190
567
367
971
648
1483
540
2854
1202
864
543
2496
10916
3021
3492
748
1599
911
3189
1173
3599
2734
3654
980
1758
3555
5484
1377
804
4075
560
1994
1625
1636
665
2590
16943
1405
1443
404
470
633
408
237
3123
297
301
494
1136
1085
2069
4172
3507
2970
1047
2336
244
1681
2404
7192
372
1094
2643
3858
859
995
171
526
193
2998
5102
1200
3817
2015
411
1110
432
222
423
2072
375
405
145
232
276
227
180
186
91
184
92
105
446
109
0
0
0
924
431
4717
1500
323
295
617
3756
738
1831
695
232
1334
3155
1251
5904
507
880
582
802
219
802
340
8218
1573
944
3432
1921
698
674
968
274
558
442
567
4732
3707
415
1714
1062
5201
658
32033
791
2786
10065
1643
5000
1225
951
1496
2871
1594
13087
4195
810
1239
727
714
1842
1635
975
1053
1615
7113
1546
418
782
985
1504
754
3082
1545
4085
4704
1681
667
1201
1388
1071
643
389
1766
3261
2065
619
9824
3230
868
1805
700
17715
1308
676
2192
1431
1995
4032
6128
4671
927
995
18655
1723
15600
1035
733
1066
410
1015
2006
465
881
967
1066
643
4483
298
775
316
2506
672
1797
770
386
552
1359
386
1744
1310
1085
1527
2620
626
7983
754
2947
458
703
446
1636
549
1499
9376
846
2637
2071
717
517
1571
1722
644
321
946
434
333
1330
329
208
330
157
419
241
256
781
924
431
4717
0
0
0
286
430
520
309
77
156
139
90
107
388
338
532
305
129
373
198
538
302
520
240
216
531
993
2818
525
902
755
459
1982
5003
328
834
230
1876
2211
1193
911
524
1000
3764
1314
3834
675
2547
3641
2533
1516
3294
8685
740
1246
1653
668
1823
585
1757
1803
1239
612
14632
536
457
796
545
543
524
870
944
54162
6975
958
445
21410
2698
4644
3337
3521
1358
6145
4141
276
756
1006
720
2447
622
1299
2859
1763
3053
621
4150
1743
2650
1693
789
4393
1001
9315
2560
1494
2367
4000
4151
1063
1246
3092
435
819
469
164
3643
251
1287
238
254
75
572
456
366
519
264
3059
549
278
373
1107
493
2183
931
2483
1433
10468
572
4486
1193
517
139
203
170
1158
1589
1277
517
379
1270
1239
1591
258
159
48
169
65
302
316
292
1689
457
243
174
480
253
1500
323
295
286
430
520
0
0
0
185
112
1065
1291
411
276
174
1367
152
416
137
339
785
467
1839
105
375
219
520
518
622
252
585
187
4651
309
324
4438
608
269
884
1027
2764
1269
1314
1106
698
2652
501
577
252
2010
5086
649
1152
890
669
11145
1136
881
5259
2395
2732
683
6281
4389
9970
729
973
819
575
802
424
7670
1554
980
1151
385
387
12564
1663
3603
6685
1287
11273
1214
1396
987
5683
1470
2602
537
587
1266
855
2304
2092
1071
1845
1834
816
1286
897
5833
2416
1346
2228
3968
1673
34832
1940
5576
665
2667
2137
697
619
437
1981
155
331
236
500
1499
1408
361
1118
476
1011
3076
18776
2597
5193
1066
296
1293
1529
5374
1807
1040
1093
1554
313
261
981
267
191
643
381
446
957
274
289
3314
556
1112
662
147
954
295
2119
712
265
251
2032
361
152
275
547
617
3756
738
309
77
156
185
112
1065
0
0
0
390
343
116
134
225
275
713
280
197
227
742
251
4130
466
1171
890
337
384
834
1481
3351
450
1346
1230
201
1726
857
691
955
1594
421
736
548
1070
563
352
734
1604
765
25413
1459
1153
1307
841
50066
4481
1756
879
885
1358
4537
1827
653
1120
4106
856
862
405
1840
816
5834
695
10801
278
494
1127
1272
1229
1565
413
713
616
6453
502
491
1071
1388
1661
826
605
1120
1600
12862
6229
1541
19074
927
612
925
3940
2696
781
2137
4065
2700
1444
1054
3025
3595
433
614
247
1660
1549
1888
388
773
443
776
1431
152
470
2316
1521
2352
2343
1090
1722
1246
620
784
5308
2371
1312
2152
563
384
715
10409
894
654
1262
1870
436
252
775
7346
1887
730
1564
723
1151
1018
594
253
491
405
190
992
2407
494
237
856
195
863
685
1831
695
232
139
90
107
1291
411
276
390
343
116
0
0
0
297
272
748
434
472
664
387
1483
200
177
1188
335
6499
1216
1972
2713
2470
8381
792
928
590
502
775
577
447
893
581
927
1892
2512
1562
4535
2658
1346
898
400
4578
8223
1104
1006
771
2183
2471
4449
1383
3644
853
962
900
1087
2230
8052
2102
933
1251
2171
270
1385
1093
2601
896
462
364
1105
1165
2691
1276
329
2845
171
1965
373
878
1089
1095
1808
1757
1181
755
3508
1280
685
1285
6400
2542
6977
17475
1238
31046
1383
4106
765
5374
669
8164
2208
185
333
387
150
4373
188
435
4308
129
372
133
47
700
342
915
569
967
812
331
6242
358
1051
733
1009
969
1498
492
820
3165
362
445
700
142
851
311
436
1134
903
589
546
949
987
10770
1321
3052
325
2537
141
668
711
940
1616
2249
815
356
1863
706
1334
3155
1251
388
338
532
174
1367
152
134
225
275
297
272
748
0
0
0
2351
857
217
127
117
106
63
28
162
3008
561
272
273
129
224
350
307
743
353
150
255
1846
481
204
5213
2276
680
1222
2022
733
497
622
299
5978
1412
1972
964
1948
1288
1209
934
2039
1095
1525
946
1243
1104
1895
1378
645
976
2690
1011
3237
12504
2343
9004
2906
1991
615
1943
31218
5233
1117
671
1194
3374
6284
648
335
3334
919
845
1084
1307
3012
2550
11459
3760
1923
1638
1100
1339
3295
1785
1027
2108
939
1443
2545
3963
1146
1420
1409
559
252
268
468
1298
502
1016
304
3051
379
323
450
737
1184
1208
499
359
316
867
735
790
629
2517
688
916
1236
2137
3544
1210
416
2293
308
289
2570
628
1599
668
506
705
454
469
548
2052
566
2820
507
210
1191
1039
6398
973
3116
1255
742
2888
755
5904
507
880
305
129
373
416
137
339
713
280
197
434
472
664
2351
857
217
0
0
0
1527
1438
43
459
147
135
350
1066
437
1576
429
412
515
275
409
862
339
437
2552
1144
540
1277
3741
1265
1544
572
329
2084
558
628
17958
2456
18217
1952
1155
5661
976
1365
502
1432
4820
2378
2660
3210
943
1483
3256
10426
437
1248
1157
1471
3296
8242
615
399
1038
4028
934
980
1145
2727
535
640
439
725
1894
8228
700
1344
747
13257
1086
2650
1640
2263
572
962
1167
4895
1569
1659
1142
1069
1197
1812
1588
10709
654
1248
2023
410
473
786
1245
617
9581
402
739
125
153
197
900
1383
286
2751
508
509
520
319
693
934
1102
2094
2651
734
776
4804
669
1101
1253
14321
475
5748
402
314
1710
6459
3390
2685
4469
1637
573
647
1146
817
810
358
22913
365
175
279
777
432
522
719
582
582
802
219
198
538
302
785
467
1839
227
742
251
387
1483
200
127
117
106
1527
1438
43
0
0
0
111
114
629
380
739
386
263
378
3671
315
830
381
171
170
842
961
2694
7519
894
989
795
4401
588
221
570
1046
3492
1050
9408
7943
4253
1702
2037
1233
2052
6850
2118
873
1813
2825
3286
1036
803
3690
909
26449
1026
6082
1880
2702
3049
2382
1647
1773
1924
3283
4143
3154
2055
1490
2257
578
5515
904
394
1882
2431
5157
709
4321
960
1913
809
4850
3302
5078
701
582
1384
668
5632
9192
687
3645
1859
2398
1013
445
608
2991
158
373
527
760
149
102
139
49
87
882
318
588
1042
6352
573
245
182
5241
5183
758
747
1741
1036
4122
614
952
873
291
415
348
302
176
219
994
1160
1240
2336
3067
4075
1751
1235
1857
956
1033
264
524
921
749
319
914
506
608
382
1246
802
340
8218
520
240
216
105
375
219
4130
466
1171
177
1188
335
63
28
162
459
147
135
111
114
629
0
0
0
3964
541
495
127
332
620
310
502
1298
98
59
119
990
690
677
7516
335
438
391
335
1207
711
805
449
2433
9401
895
1003
1381
1378
927
1622
5529
2494
2970
484
2587
20909
2070
2373
1702
15136
1548
1055
2119
1593
6995
1904
8310
791
1315
3183
1401
832
984
673
4941
372
14543
3769
6689
943
8774
12390
416
3607
2824
1807
2098
1310
2769
3490
658
664
629
1565
1946
2053
1380
500
1332
794
3560
1588
807
373
3455
809
166
926
581
2754
333
508
587
509
563
317
489
3118
19073
1432
370
824
2326
5018
664
2324
3500
837
705
1173
834
1364
410
667
796
625
602
1605
2484
1843
7679
1144
3299
1858
1648
467
1373
1552
2201
935
615
5425
1750
456
1171
1204
14895
2112
4152
1573
944
3432
531
993
2818
520
518
622
890
337
384
6499
1216
1972
3008
561
272
350
1066
437
380
739
386
3964
541
495
0
0
0
6216
718
535
87
406
256
3891
709
282
360
1769
1850
203
263
15556
125
124
757
633
2063
522
2581
13047
1814
1712
2195
2300
732
1982
4398
941
711
18061
1140
720
1850
2719
2801
761
5324
4059
2709
11312
971
5049
1728
829
1910
25556
897
4119
4417
6431
2708
1065
7495
825
20962
2174
2186
477
1033
392
1067
809
13931
661
227
826
283
344
757
906
883
1111
6744
1395
1808
1218
5102
23751
238
126
283
308
3039
303
183
269
224
92
111
644
143
173
283
3490
2405
222
322
313
1618
567
1548
356
3372
3379
2832
6284
868
1314
759
139
283
1473
602
449
1628
664
1542
549
769
975
431
415
928
238
284
447
1748
20979
378
2181
4161
1969
671
2487
402
1921
698
674
525
902
755
252
585
187
834
1481
3351
2713
2470
8381
273
129
224
1576
429
412
263
378
3671
127
332
620
6216
718
535
0
0
0
156
1220
266
37
79
34
372
277
2085
453
541
456
343
236
127
1642
378
1221
1316
1001
2365
1160
3420
10566
1336
2355
1190
923
1531
1330
1383
1461
818
1629
1160
2003
13386
2508
635
8584
1460
20113
674
3175
561
1794
944
3886
1980
3002
3081
977
1050
508
1953
2584
458
450
421
2773
2300
11280
1943
851
1434
750
1236
513
1985
2201
1326
1162
2023
1323
472
4330
1962
1196
5267
510
788
333
239
195
890
675
520
434
518
1522
742
1504
604
8853
987
2290
837
558
595
1589
1077
652
1715
792
489
433
1762
1723
670
649
1050
368
1140
828
1144
722
963
16333
1022
15875
660
1158
1291
957
3150
444
2023
1203
822
420
1367
482
4210
622
917
968
274
558
459
1982
5003
4651
309
324
450
1346
1230
792
928
590
350
307
743
515
275
409
315
830
381
310
502
1298
87
406
256
156
1220
266
0
0
0
272
266
274
742
770
729
521
397
1101
1836
1735
267
819
806
420
1505
1206
6273
1606
1307
2548
3945
2074
2244
4433
1255
1478
1453
4986
1337
1267
814
1155
1263
23048
2189
1361
2138
2681
1739
2909
1922
2302
2049
646
35469
1742
1033
5323
2477
4277
2897
783
803
1136
2371
756
2397
4581
1825
602
1637
511
5787
973
585
4380
10856
3318
1365
722
1170
1566
1739
8783
501
198
1335
102
186
247
366
187
805
607
174
544
228
325
215
5055
413
3617
260
2441
263
4670
527
3357
582
555
4454
418
2619
1124
502
148
348
480
1723
1073
1782
1204
1031
1273
432
1605
541
832
1263
791
225
3006
492
712
1010
3101
324
1230
487
979
270
442
567
4732
328
834
230
4438
608
269
201
1726
857
502
775
577
353
150
255
862
339
437
171
170
842
98
59
119
3891
709
282
37
79
34
272
266
274
0
0
0
260
188
171
819
221
305
1334
1091
358
136
248
493
2020
1995
5159
1314
7437
667
1306
949
1119
1091
4221
930
5772
1353
1230
962
1550
534
1186
6366
1035
1221
1547
663
1002
610
2834
944
1495
977
3170
2090
1953
705
2409
3695
1654
4154
829
1017
1056
6647
5856
1820
1847
2668
3477
731
352
787
2140
10389
1125
2121
846
1780
647
12890
14421
2593
282
689
391
409
1710
377
601
235
216
972
347
2137
90
312
527
321
362
1996
312
1954
874
249
737
420
498
676
242
230
749
454
2396
196
1172
329
1007
604
3746
581
731
547
538
1640
3207
1825
1362
969
513
1043
1611
1274
3127
1040
650
2507
1187
777
1534
3707
415
1714
1876
2211
1193
884
1027
2764
691
955
1594
447
893
581
1846
481
204
2552
1144
540
961
2694
7519
990
690
677
360
1769
1850
372
277
2085
742
770
729
260
188
171
0
0
0
1113
70
192
516
139
142
292
173
501
817
4295
2128
2613
3108
1121
354
426
613
2407
433
4126
1535
5899
694
7173
6942
1408
1542
4091
6934
1149
860
3972
793
3682
3706
3078
4577
2074
8395
1888
1878
1220
7708
2692
8067
1743
1493
1966
2825
1585
1940
850
1516
404
646
1612
3142
528
638
860
1131
694
1024
638
2310
10198
1472
1490
6860
417
418
283
929
264
323
924
348
914
246
1037
518
425
7303
666
828
522
271
505
228
1292
986
1210
558
916
717
11942
1329
376
322
300
568
776
759
1088
11360
1010
1645
9067
607
751
792
1830
2258
1072
910
2525
3067
1234
15555
953
1589
1486
1234
917
853
1062
5201
658
911
524
1000
1269
1314
1106
421
736
548
927
1892
2512
5213
2276
680
1277
3741
1265
894
989
795
7516
335
438
203
263
15556
453
541
456
521
397
1101
819
221
305
1113
70
192
0
0
0
104
704
365
378
171
42
35858
500
627
2213
2784
1466
803
4216
5801
868
459
2478
819
912
621
2507
720
4734
2456
2368
1124
3107
661
1653
3298
1661
16248
3078
2843
2130
809
954
7626
2663
692
5056
5443
2431
1432
690
1103
652
733
590
987
292
489
437
8722
664
443
1257
473
1462
1637
4349
3797
762
3781
3446
122
1209
5047
515
396
244
8666
228
608
537
284
1335
195
234
1120
295
286
594
386
270
383
1636
1645
1857
1007
1637
965
669
857
832
545
315
1300
481
1317
1042
2980
2149
12390
1668
6206
3130
1249
612
936
410
359
3795
823
13093
3803
7694
738
2134
734
516
5169
32033
791
2786
3764
1314
3834
698
2652
501
1070
563
352
1562
4535
2658
1222
2022
733
1544
572
329
4401
588
221
391
335
1207
125
124
757
343
236
127
1836
1735
267
1334
1091
358
516
139
142
104
704
365
0
0
0
49
655
305
4679
3552
1082
1390
11283
1331
7147
869
3671
1381
4804
1092
750
2617
19097
1202
1145
3376
3545
1496
27462
2552
3066
2200
1822
6574
1684
1933
1298
2656
2020
1406
861
5541
1686
2030
4435
2069
2733
640
1105
2056
3468
16429
960
614
881
455
927
571
395
2585
1938
1078
4835
1123
695
1302
2414
20946
912
1034
466
2264
294
922
4312
639
2744
3146
5228
1367
1403
8209
478
865
236
425
210
4020
258
1006
2055
554
1440
719
675
1145
1401
6723
664
424
1884
3888
2445
4452
743
931
547
1465
717
10797
1541
979
708
9581
527
516
916
1626
816
9895
931
1738
910
1113
1131
10065
1643
5000
675
2547
3641
577
252
2010
734
1604
765
1346
898
400
497
622
299
2084
558
628
570
1046
3492
711
805
449
633
2063
522
1642
378
1221
819
806
420
136
248
493
292
173
501
378
171
42
49
655
305
0
0
0
898
1327
461
3351
810
845
2472
997
1727
2131
1890
2440
1441
371
1546
919
896
3737
552
1004
8861
3252
1085
1856
1924
9804
9009
1833
1170
1817
12455
2342
2290
53413
26687
19084
771
1147
4670
980
2223
732
1035
1800
12864
326
1505
284
1224
674
960
735
425
4046
1479
13277
3090
6647
1433
763
4668
1382
1296
1504
2839
609
482
8284
713
1658
9614
1442
6845
1143
727
5300
2077
8307
1946
647
571
686
1148
14270
1802
554
1868
1229
837
6971
3704
996
553
12347
1902
4712
1550
648
2132
1074
814
1176
1647
3773
832
10084
2666
789
2627
1601
3457
1331
1316
1050
1863
1117
2457
1225
951
1496
2533
1516
3294
5086
649
1152
25413
1459
1153
4578
8223
1104
5978
1412
1972
17958
2456
18217
1050
9408
7943
2433
9401
895
2581
13047
1814
1316
1001
2365
1505
1206
6273
2020
1995
5159
817
4295
2128
35858
500
627
4679
3552
1082
898
1327
461
0
0
0
2312
809
310
1895
33462
887
718
1128
1829
492
355
284
2337
2167
1366
30727
3497
5175
2683
15426
1261
4499
42395
1936
2177
36929
3208
2630
2330
3184
5791
1622
3489
3727
2901
6464
1970
808
1466
239
317
150
7351
746
301
809
2454
552
123
1677
4184
537
5266
2793
1918
9967
5042
1295
6408
3742
1955
934
604
1123
1365
1084
1408
510
4057
639
1383
529
1214
2115
309
2376
8044
12153
1245
497
721
1117
1430
528
2548
8130
1373
1356
1249
417
5145
525
1442
1997
715
630
7368
1686
3632
946
875
1050
1236
13541
6202
2160
2264
1415
8992
5771
1674
1607
1763
1769
2871
1594
13087
8685
740
1246
890
669
11145
1307
841
50066
1006
771
2183
964
1948
1288
1952
1155
5661
4253
1702
2037
1003
1381
1378
1712
2195
2300
1160
3420
10566
1606
1307
2548
1314
7437
667
2613
3108
1121
2213
2784
1466
1390
11283
1331
3351
810
845
2312
809
310
0
0
0
740
412
790
215
497
245
368
291
164
3148
23920
2690
3210
1516
2310
7976
3368
2789
2623
2732
9581
18046
889
1176
2418
4376
1102
1349
3565
1540
1373
2368
11033
968
19980
1826
704
350
172
1255
933
957
3770
7287
1568
656
659
334
955
1009
2044
660
1032
3598
2431
2372
1034
1716
1714
1313
782
3510
794
4044
484
1331
904
638
1557
1071
614
312
742
543
10812
348
419
614
218
589
666
619
319
193
1400
874
902
982
913
1141
624
559
353
9862
7375
901
669
4559
4703
643
2027
1256
1305
1198
1722
446
1506
1967
2089
1313
5362
4195
810
1239
1653
668
1823
1136
881
5259
4481
1756
879
2471
4449
1383
1209
934
2039
976
1365
502
1233
2052
6850
927
1622
5529
732
1982
4398
1336
2355
1190
3945
2074
2244
1306
949
1119
354
426
613
803
4216
5801
7147
869
3671
2472
997
1727
1895
33462
887
740
412
790
0
0
0
2527
213
72
659
4399
1100
9519
2096
2232
2342
1105
3888
510
631
786
4064
3425
1494
2146
847
1363
1611
12129
31207
1278
14625
5434
2172
11896
1995
1016
11836
10302
960
1145
411
2526
1379
6131
3214
2026
13896
8450
1266
785
2005
2313
1289
739
1190
2464
1719
5686
2675
1062
5273
446
1655
4620
1507
1764
944
17788
694
4755
517
292
830
595
1403
12933
872
698
1847
2287
501
1612
455
316
954
1341
1006
858
3178
567
989
2767
771
1554
995
10179
1676
1505
2412
915
1211
1744
4069
2074
19911
1519
2143
4751
2655
14028
1089
3039
7039
727
714
1842
585
1757
1803
2395
2732
683
885
1358
4537
3644
853
962
1095
1525
946
1432
4820
2378
2118
873
1813
2494
2970
484
941
711
18061
923
1531
1330
4433
1255
1478
1091
4221
930
2407
433
4126
868
459
2478
1381
4804
1092
2131
1890
2440
718
1128
1829
215
497
245
2527
213
72
0
0
0
355
603
406
1936
2404
2501
5468
2826
1739
2432
2346
5662
2647
1547
5285
14906
875
1019
18493
3580
2443
1385
1782
821
9827
1469
1895
1217
1774
5943
346
3101
539
29665
774
2713
1387
29419
1536
1486
3522
2518
2297
997
3672
1020
4434
1812
2042
1385
1333
1913
10481
43680
978
871
4485
551
502
2214
17393
338
756
534
1577
360
2376
575
2366
837
1533
804
1604
316
2567
836
959
385
433
993
1067
1120
2115
1286
8102
962
14832
3275
8284
787
1420
1633
706
419
2258
2510
10554
4343
1333
824
1568
2699
23696
1236
10676
1635
975
1053
1239
612
14632
6281
4389
9970
1827
653
1120
900
1087
2230
1243
1104
1895
2660
3210
943
2825
3286
1036
2587
20909
2070
1140
720
1850
1383
1461
818
1453
4986
1337
5772
1353
1230
1535
5899
694
819
912
621
750
2617
19097
1441
371
1546
492
355
284
368
291
164
659
4399
1100
355
603
406
0
0
0
2435
4260
1447
4078
4359
2400
1158
1587
1375
4006
1915
4091
13285
3281
1167
1422
1242
1083
3983
2202
545
93862
18693
1924
4416
1953
1993
1880
1228
1251
2080
6599
494
769
3597
3045
307
547
231
6148
878
1102
2305
1168
5744
1640
590
2696
3426
7690
2087
683
650
4349
2698
1128
1892
664
938
1426
915
1492
1982
2715
12304
1579
1974
2009
7816
956
690
5518
4700
1685
2307
773
1061
4018
1374
6457
1338
714
1051
1025
1211
995
1732
2179
5512
860
735
1233
739
1421
1211
424
381
2901
771
815
883
1353
1615
7113
1546
536
457
796
729
973
819
4106
856
862
8052
2102
933
1378
645
976
1483
3256
10426
803
3690
909
2373
1702
15136
2719
2801
761
1629
1160
2003
1267
814
1155
962
1550
534
7173
6942
1408
2507
720
4734
1202
1145
3376
919
896
3737
2337
2167
1366
3148
23920
2690
9519
2096
2232
1936
2404
2501
2435
4260
1447
0
0
0
465
734
184
3403
1082
3644
105
1364
108
4383
914
1322
1743
517
286
291
352
709
230
1924
3835
1732
3551
1799
4046
7187
1931
5817
4873
2732
9260
2828
41515
2240
3229
1550
2358
3488
1069
1056
9906
1937
1670
749
1760
1402
1026
3271
1588
602
615
743
494
1573
2607
6093
869
2595
2678
14694
13106
1178
1708
3009
2556
5929
518
3710
16348
899
1592
1056
2688
660
6338
1415
605
2476
1029
1479
707
5734
688
1839
518
13733
2075
1179
283
2393
219
8590
1292
302
611
609
1312
407
600
418
782
985
545
543
524
575
802
424
405
1840
816
1251
2171
270
2690
1011
3237
437
1248
1157
26449
1026
6082
1548
1055
2119
5324
4059
2709
13386
2508
635
1263
23048
2189
1186
6366
1035
1542
4091
6934
2456
2368
1124
3545
1496
27462
552
1004
8861
30727
3497
5175
3210
1516
2310
2342
1105
3888
5468
2826
1739
4078
4359
2400
465
734
184
0
0
0
507
3646
13736
103
74
40
14306
544
494
953
816
10992
163
128
501
377
404
843
1483
1026
2475
1565
2009
3410
2247
3749
1307
1212
2819
7135
8889
38583
3502
3294
1704
5319
1630
1785
2144
1515
3571
4367
980
3260
1911
1143
4300
1941
18239
1451
999
956
1175
5334
1993
1426
1710
900
1364
3862
2200
605
1038
1517
1229
1095
849
2081
1111
727
1085
723
663
7246
2180
535
1752
1103
2077
489
7974
797
2716
5017
1313
938
11429
291
1163
798
17141
1440
986
395
751
1190
1504
754
3082
870
944
54162
7670
1554
980
5834
695
10801
1385
1093
2601
12504
2343
9004
1471
3296
8242
1880
2702
3049
1593
6995
1904
11312
971
5049
8584
1460
20113
1361
2138
2681
1221
1547
663
1149
860
3972
3107
661
1653
2552
3066
2200
3252
1085
1856
2683
15426
1261
7976
3368
2789
510
631
786
2432
2346
5662
1158
1587
1375
3403
1082
3644
507
3646
13736
0
0
0
904
25118
1765
1455
633
5040
2008
3780
1314
2877
3484
1336
3192
5674
2386
2431
31344
3578
2297
6459
2045
5785
6399
3357
2737
3025
3115
5677
1192
1056
2642
36758
1347
991
1392
155
1636
959
720
1102
1008
982
981
2395
358
548
1678
2233
2468
3034
756
1123
1798
1657
463
2686
890
1143
3101
1165
1337
10335
638
1795
1018
2121
1867
1818
1411
352
555
738
948
1901
465
3377
5045
856
2160
740
1086
800
573
642
476
2676
1189
761
433
1287
567
367
971
1545
4085
4704
6975
958
445
1151
385
387
278
494
1127
896
462
364
2906
1991
615
615
399
1038
2382
1647
1773
8310
791
1315
1728
829
1910
674
3175
561
1739
2909
1922
1002
610
2834
793
3682
3706
3298
1661
16248
1822
6574
1684
1924
9804
9009
4499
42395
1936
2623
2732
9581
4064
3425
1494
2647
1547
5285
4006
1915
4091
105
1364
108
103
74
40
904
25118
1765
0
0
0
2988
7623
1030
281
301
561
118
66
68
1037
6811
1176
694
1599
998
2567
4475
2969
3199
11536
1564
2263
1919
1369
6539
4319
2632
9131
6354
4229
1737
1564
4741
5464
968
1721
698
1593
599
4748
2960
1523
5385
2089
2507
1742
4902
1027
665
1026
1592
9415
3082
1554
1786
574
9660
1646
1877
754
5315
16523
1913
506
3328
6543
1488
4136
469
6822
598
461
573
6320
422
2266
1463
7072
611
1033
2907
651
466
1720
694
733
2852
648
1483
540
1681
667
1201
21410
2698
4644
12564
1663
3603
1272
1229
1565
1105
1165
2691
1943
31218
5233
4028
934
980
1924
3283
4143
3183
1401
832
25556
897
4119
1794
944
3886
2302
2049
646
944
1495
977
3078
4577
2074
3078
2843
2130
1933
1298
2656
1833
1170
1817
2177
36929
3208
18046
889
1176
2146
847
1363
14906
875
1019
13285
3281
1167
4383
914
1322
14306
544
494
1455
633
5040
2988
7623
1030
0
0
0
824
1072
3540
688
447
1368
904
36301
8757
2088
2419
1313
3731
1359
1059
4608
1191
1008
3631
36272
2387
2444
1658
1488
2051
1799
990
1819
2849
559
2060
1546
724
3149
989
580
1121
2496
1641
1287
1232
2985
4632
1467
1528
3471
1276
5072
2638
11412
5911
5190
2982
1071
587
3723
10193
1171
2078
2616
4270
33966
1215
1368
3186
871
2478
5602
1180
8334
11301
1592
1127
1643
2477
1464
2408
767
650
5504
743
2023
7467
3629
2854
1202
864
1388
1071
643
3337
3521
1358
6685
1287
11273
413
713
616
1276
329
2845
1117
671
1194
1145
2727
535
3154
2055
1490
984
673
4941
4417
6431
2708
1980
3002
3081
35469
1742
1033
3170
2090
1953
8395
1888
1878
809
954
7626
2020
1406
861
12455
2342
2290
2630
2330
3184
2418
4376
1102
1611
12129
31207
18493
3580
2443
1422
1242
1083
1743
517
286
953
816
10992
2008
3780
1314
281
301
561
824
1072
3540
0
0
0
344
2398
1629
171
217
389
2385
606
856
2750
4100
15290
9697
1480
2270
3340
1679
20408
2395
2753
1418
2419
1950
13727
2493
937
4852
984
1038
1753
1211
13397
905
9707
1491
4596
457
1563
2304
2197
1066
2130
892
1910
7537
828
2464
9876
1891
1103
778
589
1397
961
930
1158
1348
569
1182
2309
2822
632
1138
1296
740
1035
1078
512
1443
472
1218
3110
732
21520
2077
711
3296
435
539
1352
5590
543
2496
10916
389
1766
3261
6145
4141
276
1214
1396
987
6453
502
491
171
1965
373
3374
6284
648
640
439
725
2257
578
5515
372
14543
3769
1065
7495
825
977
1050
508
5323
2477
4277
705
2409
3695
1220
7708
2692
2663
692
5056
5541
1686
2030
53413
26687
19084
5791
1622
3489
1349
3565
1540
1278
14625
5434
1385
1782
821
3983
2202
545
291
352
709
163
128
501
2877
3484
1336
118
66
68
688
447
1368
344
2398
1629
0
0
0
506
1816
3166
2685
835
6627
31364
1928
6748
2040
4167
1900
3562
959
1577
1933
8557
8834
1242
4081
3613
18773
8332
1646
4968
942
978
1724
5691
1434
1551
6878
1425
899
1210
2227
926
3245
1100
2379
2227
1371
3032
3782
8052
5385
24904
8271
3700
27658
2056
1195
2245
3394
1259
835
1544
1212
4628
1035
866
980
2801
2805
478
4853
5686
7058
1007
695
34475
970
4989
816
805
1022
864
907
3021
3492
748
2065
619
9824
756
1006
720
5683
1470
2602
1071
1388
1661
878
1089
1095
335
3334
919
1894
8228
700
904
394
1882
6689
943
8774
20962
2174
2186
1953
2584
458
2897
783
803
1654
4154
829
8067
1743
1493
5443
2431
1432
4435
2069
2733
771
1147
4670
3727
2901
6464
1373
2368
11033
2172
11896
1995
9827
1469
1895
93862
18693
1924
230
1924
3835
377
404
843
3192
5674
2386
1037
6811
1176
904
36301
8757
171
217
389
506
1816
3166
0
0
0
1324
1419
1944
3725
7011
3580
2387
3747
6987
33338
2658
18755
5049
3755
6945
23860
50917
6755
11878
4359
1859
1677
1509
2102
441
1324
709
1866
861
943
1417
1143
420
18214
2264
501
1009
16996
487
1633
1667
1243
16701
1713
623
2885
1460
2151
3138
539
3998
1248
5105
4886
3334
3966
2838
5507
833
1842
2846
792
696
4503
1309
2403
379
1729
988
937
1725
1941
1458
1401
1347
1599
911
3189
3230
868
1805
2447
622
1299
537
587
1266
826
605
1120
1808
1757
1181
845
1084
1307
1344
747
13257
2431
5157
709
12390
416
3607
477
1033
392
450
421
2773
1136
2371
756
1017
1056
6647
1966
2825
1585
690
1103
652
640
1105
2056
980
2223
732
1970
808
1466
968
19980
1826
1016
11836
10302
1217
1774
5943
4416
1953
1993
1732
3551
1799
1483
1026
2475
2431
31344
3578
694
1599
998
2088
2419
1313
2385
606
856
2685
835
6627
1324
1419
1944
0
0
0
6004
7283
3155
616
1908
2708
2784
440
11188
2239
2368
1076
1277
45817
1704
2764
26229
71434
1491
2062
2922
1295
860
2609
2776
2098
836
2062
22191
1164
1921
2978
755
310
918
8939
447
3606
28493
1665
1491
581
10081
612
2346
2920
814
567
3888
22242
1907
7749
997
954
2326
1935
4908
2124
2692
2578
3093
582
2046
15730
1817
2212
7709
1884
6780
16892
1840
2220
1173
3599
2734
700
17715
1308
2859
1763
3053
855
2304
2092
1600
12862
6229
755
3508
1280
3012
2550
11459
1086
2650
1640
4321
960
1913
2824
1807
2098
1067
809
13931
2300
11280
1943
2397
4581
1825
5856
1820
1847
1940
850
1516
733
590
987
3468
16429
960
1035
1800
12864
239
317
150
704
350
172
960
1145
411
346
3101
539
1880
1228
1251
4046
7187
1931
1565
2009
3410
2297
6459
2045
2567
4475
2969
3731
1359
1059
2750
4100
15290
31364
1928
6748
3725
7011
3580
6004
7283
3155
0
0
0
2256
696
1116
928
8651
744
242
385
175
2262
4368
731
6995
1851
5735
544
1219
480
750
2318
392
1576
2488
1314
794
2123
671
1004
10370
1160
5753
1941
1240
324
7684
2443
4921
1930
2242
827
2012
2211
1253
10182
1190
1353
1708
364
937
621
4153
1690
768
1470
9111
1301
1535
1991
3205
3136
6124
420
1446
22842
1823
2462
1790
1526
1061
3654
980
1758
676
2192
1431
621
4150
1743
1071
1845
1834
1541
19074
927
685
1285
6400
3760
1923
1638
2263
572
962
809
4850
3302
1310
2769
3490
661
227
826
851
1434
750
602
1637
511
2668
3477
731
404
646
1612
292
489
437
614
881
455
326
1505
284
7351
746
301
1255
933
957
2526
1379
6131
29665
774
2713
2080
6599
494
5817
4873
2732
2247
3749
1307
5785
6399
3357
3199
11536
1564
4608
1191
1008
9697
1480
2270
2040
4167
1900
2387
3747
6987
616
1908
2708
2256
696
1116
0
0
0
1474
599
395
236
3030
318
659
489
349
1409
1353
8255
3433
1286
2248
1308
1934
1052
746
660
3630
28997
2741
903
1358
636
1346
14298
1177
3297
638
364
725
3785
1596
2935
792
53649
1580
6752
1121
2415
674
1681
684
1675
923
721
1800
1287
30145
2477
1856
830
1037
3341
1215
2116
1931
46104
2416
1021
10921
2329
580
2972
3555
5484
1377
1995
4032
6128
2650
1693
789
816
1286
897
612
925
3940
2542
6977
17475
1100
1339
3295
1167
4895
1569
5078
701
582
658
664
629
283
344
757
1236
513
1985
5787
973
585
352
787
2140
3142
528
638
8722
664
443
927
571
395
1224
674
960
809
2454
552
3770
7287
1568
3214
2026
13896
1387
29419
1536
769
3597
3045
9260
2828
41515
1212
2819
7135
2737
3025
3115
2263
1919
1369
3631
36272
2387
3340
1679
20408
3562
959
1577
33338
2658
18755
2784
440
11188
928
8651
744
1474
599
395
0
0
0
6442
864
2561
1046
581
319
5711
1891
6904
987
1610
5216
635
4434
1227
2276
1643
815
414
1672
1058
2182
1818
1693
848
1783
2629
691
1030
455
1068
2157
8397
23426
604
712
827
698
11400
396
770
800
2105
1186
505
740
6126
2194
523
924
954
1557
10884
1835
707
6022
825
2401
7910
4295
1451
2901
1066
804
4075
560
4671
927
995
4393
1001
9315
5833
2416
1346
2696
781
2137
1238
31046
1383
1785
1027
2108
1659
1142
1069
1384
668
5632
1565
1946
2053
906
883
1111
2201
1326
1162
4380
10856
3318
10389
1125
2121
860
1131
694
1257
473
1462
2585
1938
1078
735
425
4046
123
1677
4184
656
659
334
8450
1266
785
1486
3522
2518
307
547
231
2240
3229
1550
8889
38583
3502
5677
1192
1056
6539
4319
2632
2444
1658
1488
2395
2753
1418
1933
8557
8834
5049
3755
6945
2239
2368
1076
242
385
175
236
3030
318
6442
864
2561
0
0
0
499
290
866
2110
1089
1291
670
528
528
6825
7982
1329
543
1113
812
11536
10504
1283
892
783
1255
698
1607
1512
4554
1068
904
954
895
996
1627
2514
1080
6960
1715
1404
1195
894
510
6837
3169
2104
1158
1142
9744
5975
2053
3242
2867
4986
7009
4505
1153
4224
3071
4136
1087
2086
2520
1384
1994
1625
1636
18655
1723
15600
2560
1494
2367
2228
3968
1673
4065
2700
1444
4106
765
5374
939
1443
2545
1197
1812
1588
9192
687
3645
1380
500
1332
6744
1395
1808
2023
1323
472
1365
722
1170
846
1780
647
1024
638
2310
1637
4349
3797
4835
1123
695
1479
13277
3090
537
5266
2793
955
1009
2044
2005
2313
1289
2297
997
3672
6148
878
1102
2358
3488
1069
3294
1704
5319
2642
36758
1347
9131
6354
4229
2051
1799
990
2419
1950
13727
1242
4081
3613
23860
50917
6755
1277
45817
1704
2262
4368
731
659
489
349
1046
581
319
499
290
866
0
0
0
2242
1107
10384
1792
4102
6501
961
2180
928
8161
2549
2068
1909
11143
1898
1694
2203
1974
750
2774
2779
955
1513
3582
3783
11304
1077
1444
1155
33369
613
550
2984
1928
761
901
700
964
951
4069
3226
1650
691
1321
5884
684
769
1214
1670
1161
4019
1298
2935
2762
2275
1034
1663
665
2590
16943
1035
733
1066
4000
4151
1063
34832
1940
5576
1054
3025
3595
669
8164
2208
3963
1146
1420
10709
654
1248
1859
2398
1013
794
3560
1588
1218
5102
23751
4330
1962
1196
1566
1739
8783
12890
14421
2593
10198
1472
1490
762
3781
3446
1302
2414
20946
6647
1433
763
1918
9967
5042
660
1032
3598
739
1190
2464
1020
4434
1812
2305
1168
5744
1056
9906
1937
1630
1785
2144
991
1392
155
1737
1564
4741
1819
2849
559
2493
937
4852
18773
8332
1646
11878
4359
1859
2764
26229
71434
6995
1851
5735
1409
1353
8255
5711
1891
6904
2110
1089
1291
2242
1107
10384
0
0
0
