importPoints:  ADELANTO_IMPORT ELDORADO_IMPORT MALIN_IMPORT PALOVRD2_IMPORT SYLMARLA_IMPORT
1       693.369         609.554       1199.68        3574.45         66.9385
2       652.954         564.2          927.185       3651.46         24.4
3       613.708         537.323        812.169       3646.2          14.8154
4       592.062         527.938        767.615       3634.57         10.8308
5       595.923         516.969        825.231       3642.72          8.38462
6       634.954         559.154        983.677       3704.57         26.1077
7       536.523         664.631       1706.2         3560.58        239.523
8       620.415         766.077       1942.43        3581.25        325.815
9       630.708         746.385       2202.78        3628.86        344.477
10      628.369         736.262       2401.92        3700.88        393.723
11      651.015         752.615       2629.18        3831.71        472.646
12      654.031         851.415       2738.69        3796.86        500.677
13      652.062         795.385       2847.52        3650.37        638.569
14      653             942.046       3000.46        3625.08        714.938
15      665.062        1040.75        3153.52        3604.68        789.462
16      671.092        1053.35        3234.22        3605.65        820.077
17      668.923        1037.43        3277.55        3604.48        845.554
18      663.369         918.338       3244.92        3588.75        793.6
19      660.8           743.092       3139.05        3605.05        665.092
20      651.892         700.692       3029.68        3647.42        570.169
21      653.385         811.692       2914.97        3854.95        472.554
22      634.462         635.662       2747.86        3944.88        450.554
23      708.415         800.538       1945           3660.45        185.969
24      696.923         601.631       1652.98        3666.77        107.215