reGenerators:  FULTON_GEO FULTON_GEO2 FULTON_HYDRO HUMBOLDT_BIO MC_CALL_HYDRO MESA_CAL_HYDRO ROUND_MT_BIO ROUND_MT_HYDRO SUMMIT_HYDRO TESLA_BIO TESLA_HYDRO
1     633         237        24.8818        38.7        493.01         268           229           842.08        59.0833     139.3    1194.9
2     619.2       231.9       6.7658        37.8        445.996        268           224           757.722       53.5894     136.3     866.535
3     610.6       228.6      12.1409        37.3        420.377        268           220.9         741.007       53.5894     134.4     827.581
4     607.6       227.5      12.9269        37.1        403.2          268           219.8         739.2         53.3264     133.7     825.829
5     610.6       228.6      13.0045        37.3        420.578        268           220.9         739.323       51          134.4     870.65
6     619.2       231.9      16.05          37.8        473.972        268           224           781.51        56.7005     136.3    1190.68
7     633         237        13.3846        38.7        559.314        301.857       229          1072.38        79.5339     139.3    1409.67
8     651         243.8      14.8318        39.8        898.7          395.677       235.5        1519.71        96.9366     143.3    1336.92
9     671.9       251.6      13.0045        41         1034.11         537.88        243.1        1683.9        124.086      147.9    1604.88
10    694.4       260        16.6591        42.4       1245.49         686.852       251.2        2165.61       156.851      152.8    1603.51
11    716.9       268.4      15.7455        43.8       1492.06         763.034       259.3        2324.16       168.158      157.7    1797.38
12    737.8       276.3      13.9182        45.1       1329.37         957.958       266.9        2246.03       152.855      162.4    2067.86
13    755.8       283        13.6136        46.1       1185.3          961.796       273.4        2442.44       172.532      166.3    2235.06
14    769.6       288.1      16.3545        47         1045.72        1031.19        278.4        2304.45       157.002      169.3    2344
15    778.2       291.4      13.0045        47.5       1222.88        1019.09        281.5        2304.86       162.749      171.2    2296.67
16    781.2       292.5      15.7455        47.7       1028.66        1017.26        282.6        2443.46       165.518      171.9    2375.57
17    778.2       291.4      13.3091        47.5       1166.58         976.245       281.5        2502.76       178.602      171.2    2338.59
18    769.6       288.1      18.4864        47         1320.16        1005.09        278.4        2424.29       172.014      169.3    2307.7
19    755.8       283        12.0909        46.1       1506.34         915.156       273.4        2667.83       175.487      166.3    2053.68
20    737.8       276.3      15.4409        45.1       1504.82         995.692       266.9        2496.5        159.901      162.4    2279.24
21    716.9       268.4      15.7455        43.8       1636.65         961.395       259.3        2535.69       182.859      157.7    1893.32
22    694.4       260        15.7455        42.4       1385.13         807.11        251.2        2331.96       171.746      152.8    1578.66
23    671.9       251.6      13.0045        41          881.013        424.145       243.1        1682.55       146.553      147.9    2039.46
24    651         243.8      14.5273        39.8        553.626        272.724       235.5        1114.47        76.6467     143.3    1658.31