importPoints:  ADELANTO_IMPORT ELDORADO_IMPORT MALIN_IMPORT PALOVRD2_IMPORT SYLMARLA_IMPORT
1       723.891         340.953       1418.94        3448.08         202.391
2       712.922         302.719       1235.58        3463.2          171.297
3       676.781         295.328       1154.5         3469.88         140.156
4       666.391         296.594       1107.58        3470.05         125.391
5       673.156         297.25        1167.52        3448.52         127.984
6       693.031         329.641       1282.41        3514.22         159.016
7       703.062         494.312       2308.06        3424.66         403.547
8       727.578         610.547       2490.94        3521.14         436.031
9       726.969         671.578       2638.36        3610.41         477.812
10      725.422         673.078       2777.17        3644.47         525.812
11      722.672         764.891       2832.97        3637.47         536.844
12      723.578         762.406       2893.44        3599            552.281
13      714.391         809.359       2921.09        3574.25         564.812
14      700.391         815.453       3010.55        3517.23         583.766
15      709.078         848.484       3063.28        3510.22         597.25
16      706.062         857.156       3067.58        3502.94         591.891
17      708.891         832.484       3073.2         3488.94         600.266
18      707.672         766.312       3073.53        3488.05         596
19      701.031         677.141       3043.36        3478.66         567
20      710.25          687.625       3099.27        3518.75         516.281
21      721.484         784.844       3113.52        3586.73         552.359
22      754.438         712.391       2970.44        3622.31         515.734
23      724.219         643.922       2030.09        3502.42         322.391
24      717.75          423.609       1740.67        3496.91         251.312
