importPoints:  ADELANTO_IMPORT ELDORADO_IMPORT MALIN_IMPORT PALOVRD2_IMPORT SYLMARLA_IMPORT
1       665.769         596.808       1169.42        3521.19         54.8462
2       637.577         554.077        950.077       3558.42         13.2308
3       593.308         539.808        805.731       3554.27          6.80769
4       565.308         545.731        775.654       3525.85         13.9615
5       569.077         536.885        834.808       3558.15          6.11538
6       621.269         575.654        945.423       3629.96         19.5
7       527.731         667.577       1667.46        3541.58        193.385
8       607.846         778.308       1913.04        3557.85        286.577
9       614.192         753.615       2187.31        3606.08        312.385
10      609.077         761.615       2349.27        3703.27        366.731
11      638.962         731.154       2589.27        3853.08        424.077
12      637.577         842.846       2774.5         3794.77        426.538
13      646.231         773.692       2877.96        3635.38        576.846
14      645.192         890.385       3039.23        3633.08        625.346
15      663.423        1039.54        3195.5         3604.19        703.038
16      687.308        1045.62        3277.88        3591.96        733.808
17      683.923        1006.42        3289.12        3584.31        789.385
18      669.692         929.192       3269.42        3588.77        736.5
19      659.769         735.077       3169.88        3613.46        615.231
20      643.308         682.769       3073.65        3649.77        529
21      624.615         779           2994.62        3898.65        415.346
22      609.077         670.308       2762.58        3968.65        406.538
23      691.154         764.731       1971.27        3703.08        140.769
24      675.346         627.731       1644.77        3707.58         74.8462