importPoints:  ADELANTO_IMPORT ELDORADO_IMPORT MALIN_IMPORT PALOVRD2_IMPORT SYLMARLA_IMPORT
1       700.47          622.121       1233.21        3571.38         77.5152
2       651.5           584            946.455       3648.97         28.3788
3       612.697         547.136        829.939       3647.35         20.5303
4       584.864         531.576        767.045       3647.41         12.2727
5       599.303         508.894        788.576       3636.44         13.6667
6       617.136         535.652        908.5         3674.26         26.2727
7       535.439         619.652       1446.36        3527.52        203.485
8       602.273         704.742       1626.35        3536.24        251.076
9       642.288         734.242       1898.03        3584.11        280.015
10      650.394         737.061       2144.38        3632.83        316.591
11      662.242         756.288       2403.21        3762.32        385.985
12      666.076         850.955       2508.56        3753.56        433.03
13      662.985         778.758       2687.76        3636.92        578.697
14      666.273         930.667       2819.98        3609.97        663.591
15      663.727        1026.29        2957.36        3599.02        714.909
16      663.864        1056.17        3040.88        3608.17        736.712
17      667.955        1060.64        3123.44        3608.21        741.985
18      665.288         946.303       3095.94        3592.59        707.576
19      663.258         786.561       2967.8         3612.8         602.485
20      658.682         742.076       2841.67        3664.47        529.924
21      675.5           841.955       2726.62        3835.56        441.879
22      663.015         657.197       2590.94        3924.3         396.879
23      726.106         781.061       1879.86        3645.85        207.182
24      706.364         589.894       1613.38        3645.56        116.576