importPoints:  ADELANTO_IMPORT ELDORADO_IMPORT MALIN_IMPORT PALOVRD2_IMPORT SYLMARLA_IMPORT
1       740.615         282.385       1439.73        3066            187.885
2       722.462         261.846       1257.19        3066            135.173
3       695.077         237.808       1155.27        3066            138.231
4       681.231         230.885       1106.85        3066            138.346
5       669.692         226           1128.23        3066            137.462
6       669.038         251.154       1205.42        3066            169.462
7       679.731         437.385       2043.58        3066            430.731
8       716.808         588.038       2162           3001.15         500.324
9       721.615         648.115       2308           3066            504.615
10      707.615         660.885       2141.27        3066            536.577
11      694.885         712.308       2546.12        3066            547.269
12      705.385         718.692       2461.32        3066            588.154
13      707.192         725           2338.65        3066            649.923
14      688.538         729.385       2421.97        3066            649.154
15      706.385         741.077       2490.09        3056.41         672.154
16      711.923         735.462       2586.49        3066            679.962
17      711.846         767.308       2592.62        3066            638.654
18      700.692         684.923       2730.81        2906.39         616.385
19      691.462         576.231       1781.31        2892.01         626.231
20      695.654         662.038       2668.96        2965.9          588.115
21      701.385         757.615       2739.04        3066            622.115
22      738.115         671.077       2625.42        3066            580.808
23      744.346         567.423       1923.65        3066            316.769
24      724.769         408.077       1623.81        2603.87         253.615