reGenerators:  FULTON_GEO FULTON_GEO2 FULTON_HYDRO HUMBOLDT_BIO MC_CALL_HYDRO MESA_CAL_HYDRO ROUND_MT_BIO ROUND_MT_HYDRO SUMMIT_HYDRO TESLA_BIO TESLA_HYDRO
1     633         237        25.3269        38.7        584.168        280.542       229           779.574       51          139.3    1351.39
2     619.2       231.9       6.27441       37.8        484.317        268           224           739.2         51          136.3     897.279
3     610.6       228.6      13.3573        37.3        426.725        268           220.9         739.2         51          134.4     810.114
4     607.6       227.5      12.7605        37.1        429.216        268           219.8         739.2         51          133.7     728.05
5     610.6       228.6      14.5038        37.3        463.065        268           220.9         739.2         51          134.4     758.734
6     619.2       231.9      16.8231        37.8        589.897        268           224           782.27        51          136.3    1202.48
7     633         237        12.8003        38.7        681.996        268           229           968.924       64.1462     139.3    1812.37
8     651         243.8      19.1423        39.8       1054.54         499.033       235.5        1768.63        92.3146     143.3    1814.3
9     671.9       251.6      10.6385        41         1329.73         713.084       243.1        2285.02       126.221      147.9    1642.68
10    694.4       260        17.5962        42.4       1444.93         907.696       251.2        2695.43       161.735      152.8    1637.4
11    716.9       268.4      15.2769        43.8       1446.13         961.92        259.3        2521.94       149.596      157.7    1857.51
12    737.8       276.3      15.2769        45.1       1295.57        1109.43        266.9        2605.04       182.462      162.4    1982.17
13    755.8       283        16.05          46.1       1262.08        1109.3         273.4        2316.18       201.446      166.3    2422.39
14    769.6       288.1      12.9577        47         1055.24        1140.8         278.4        2496.15       175.888      169.3    2570.61
15    778.2       291.4      17.5962        47.5       1047.69        1131.27        281.5        2233.81       195.608      171.2    2784.53
16    781.2       292.5      12.1846        47.7       1138.05        1069.39        282.6        2527.99       173.458      171.9    2655.66
17    778.2       291.4      19.1423        47.5       1334.72        1092.97        281.5        2381.4        169.315      171.2    2582.77
18    769.6       288.1      10.6385        47         1313.37        1069.51        278.4        2573.29       164.355      169.3    2461.94
19    755.8       283        18.3692        46.1       1376.72         877.03        273.4        2720.13       162.806      166.3    2194.16
20    737.8       276.3      15.2769        45.1       1432.9          871.149       266.9        2551.22       152.027      162.4    1990.83
21    716.9       268.4      16.05          43.8       1353            980.592       259.3        2522.26       162.742      157.7    1877.18
22    694.4       260        13.7308        42.4       1649.62         817.547       251.2        2571.72       140.509      152.8    1548.24
23    671.9       251.6      16.8231        41         1307.49         602.32        243.1        2410.9        129.877      147.9    1482.41
24    651         243.8      12.9577        39.8        766.85         268           235.5        1094.27        83.8654     143.3    1790.9