reGenerators:  FULTON_GEO FULTON_GEO2 FULTON_HYDRO HUMBOLDT_BIO MC_CALL_HYDRO MESA_CAL_HYDRO ROUND_MT_BIO ROUND_MT_HYDRO SUMMIT_HYDRO TESLA_BIO TESLA_HYDRO
1     633         237        24.5538      38.7          609.768        279.474      229           877.95         53.7235     139.3    1289.87
2     619.2       231.9       6.42321     37.8          563.787        268          224           759.298        51          136.3     977.796
3     610.6       228.6      14.0958      37.3          455.15         269.102      220.9         739.2          54.6465     134.4     998.03
4     607.6       227.5      12.1846      37.1          455.15         268          219.8         748.086        51          133.7     961.8
5     610.6       228.6      15.2769      37.3          434.249        268          220.9         741.52         57.5731     134.4    1088.68
6     619.2       231.9      15.2769      37.8          582.852        268          224           836.804        51          136.3    1452.75
7     633         237        13.7308       0            833.857        414.393        0           982.022       100.934      139.3    1621.27
8     651         243.8      15.2769       0           1289.46         666.751        0           999.058       118.17       143.3    1520.97
9     671.9       251.6      12.9577       0           1489.2          739.639      243.1         600.026       141.998      147.9    1543.07
10    694.4       260        16.8231      42.4         1479            933.573        0           840.728       165.763      152.8    1706.66
11    716.9       268.4      16.8231       0           1575.03         915.838        0           323.632       149.596      157.7    1990.73
12    737.8       276.3      14.5038      45.1         1080.31        1111.46         0            82.9877      149.596      162.4    2471.3
13    755.8       283        12.1846      46.1         1059.3         1115.69       101.485         0           176.666      166.3    2530.48
14    769.6       288.1      20.6885       0            992.467       1131.27         0             0           162.742      169.3    2537.8
15    778.2       291.4      12.9577       0           1018.41        1131.27         0             0           205.205      171.2    2579.04
16    781.2       292.5      16.05         0           1162.84        1096.74         0             0           163.367      171.9    2458.08
17    778.2       291.4      12.1846      12.5312      1030.72        1130.66         0             0           190.867      171.2    2550.16
18    769.6       288.1      18.3692       0           1301.04        1131.27         0           535.426       169.315      169.3    2301.07
19    755.8       283        14.5038      46.1         1369.28         823.257        0          1305.61        149.596      166.3    2461.6
20    737.8       276.3      16.8231      45.1         1355.81        1039.79         0           322.111       162.742      162.4    2534.38
21    716.9       268.4      12.9577       0           1543.51         978.064      259.3         225.395       132.804      157.7    2136.23
22    694.4       260        18.3692       0           1599.78         819.489        0           833.97        141.044      152.8    1412.18
23    671.9       251.6      13.7308       0           1271.59         482.605      243.1         880.496       174.59       147.9    1718.53
24    651         243.8      16.05         0            713.185        281.726        0          1104.74         83.8654     143.3    1892.41