C_ijk
0
0
0
89
115
56
37
39
194
963
833
14781
1286
774
2682
976
568
255
2334
912
756
3139
367
776
290
487
330
956
1822
1940
718
6788
488
323
704
468
1182
231
596
997
1732
1226
846
6316
566
7999
967
657
9420
538
3538
2067
19219
8041
527
1520
1196
1576
548
1793
3161
1446
436
1048
991
870
1340
251
2038
1736
453
828
609
525
924
2668
193
1375
2079
1367
933
713
1027
655
612
4317
3156
654
906
358
1459
789
1212
1067
358
1554
3160
1791
2347
5092
751
9439
1979
13355
9312
9183
5223
1035
12372
834
3476
6083
3698
11512
3527
3053
2492
5988
57158
1191
5126
14468
1960
2424
840
2731
1874
2423
16467
3019
32533
1320
2105
1953
2608
1101
4487
1197
3041
1522
393
1185
996
1129
4057
814
6995
1599
2312
2657
5374
2498
2381
1787
4390
1315
782
1314
3585
4153
1220
2224
89
115
56
0
0
0
192
239
77
438
1117
1000
2087
6711
1157
243
1616
254
1842
2501
3301
1590
557
1124
5472
643
524
4329
24398
1519
772
545
472
207
301
4853
388
479
813
605
1016
522
5396
11214
257
6164
668
17777
2580
1362
1353
6947
489
3537
209
433
553
4046
4082
1450
1026
2746
803
348
387
1786
148
314
499
432
599
2523
5182
1534
382
879
354
280
1501
6052
1966
2233
603
3279
542
591
1382
1111
2172
612
1609
748
952
562
318
1752
998
1675
11064
5879
2014
3129
1588
5404
10098
5753
1821
1011
16388
1661
3894
1042
2568
2634
3645
2068
4063
2324
29420
1376
8276
2324
3988
2062
37570
2610
2785
2651
1262
2263
4004
4907
2842
1879
2132
12637
2326
1152
3830
1058
643
7760
956
2370
1091
2007
1455
2189
4219
1303
2428
4785
1383
1950
1657
4472
871
3876
1946
2873
852
5761
37
39
194
192
239
77
0
0
0
1732
757
432
885
754
3920
229
785
290
3339
4416
20013
8007
2399
5589
161
1374
209
388
18719
983
4259
725
685
392
779
344
616
237
320
1006
4314
1765
495
994
538
2625
933
1561
614
1148
3119
802
971
2092
3515
857
4202
599
954
3630
1713
1033
2337
1349
728
368
181
240
160
726
602
1579
663
6688
2403
508
983
340
1049
886
703
708
3968
1206
396
2382
781
4205
11703
16589
1040
317
11118
718
1190
504
2667
3212
3343
7877
4391
6217
1838
1765
10316
1032
14499
7360
2048
3621
1672
5733
11389
2074
1145
1037
1100
7658
5455
31734
2589
6936
11810
7574
27648
3082
2467
3043
9975
4351
1553
10261
2777
4036
1308
2720
27874
1139
726
1766
1030
5903
1611
6287
22213
781
6600
16868
653
6042
38850
2365
1585
13435
1509
13783
824
994
2191
3461
4218
6093
963
833
14781
438
1117
1000
1732
757
432
0
0
0
1056
666
433
334
1522
1880
214
519
4231
281
246
236
251
206
412
533
1105
421
119
598
882
3296
723
756
961
3042
577
1814
1472
649
2492
2147
703
1560
5070
1107
1130
1516
3957
1000
1225
499
13248
1272
6738
10024
1386
1886
2220
2738
1388
2571
2114
4023
11870
587
951
9234
2790
3591
2088
555
1645
1177
1394
1033
1363
3482
6465
1652
2660
592
6069
523
3970
342
751
1232
309
603
583
570
548
1089
21229
1082
23074
1568
425
1120
10245
5008
716
1541
2033
1472
14805
2479
422
12575
2961
20116
606
3440
14114
2747
12405
30804
1858
980
58847
1050
434
14922
6137
18979
3771
7101
19928
10930
1582
25612
6039
731
1838
1611
1031
2147
3497
678
620
920
7296
4966
9360
1826
1207
4862
2586
2918
1726
1143
888
3898
792
483
790
1605
918
3961
1286
774
2682
2087
6711
1157
885
754
3920
1056
666
433
0
0
0
2206
10626
1535
355
13120
617
799
557
1054
13257
1545
5846
290
883
1506
2210
11925
621
2970
4757
2130
1833
2207
2049
1577
1813
4576
2036
3573
984
1355
15044
9533
5212
4789
2816
12217
1643
2381
570
6069
5077
4520
8954
2941
24634
2319
4133
6805
6709
3282
2677
5123
710
5385
4112
2954
1066
1733
2375
1243
1820
3952
2522
7485
1329
998
4285
776
2356
3100
3843
1833
838
3835
12270
909
6283
436
1158
12598
1217
2431
5639
7930
686
1203
1196
1001
450
2075
2203
395
1302
796
4816
2926
2825
2903
1331
8695
2425
1996
49644
7675
2343
23531
5599
124
2967
180
1374
5377
1588
1264
3469
1510
3803
46026
3486
1961
8251
2135
2186
12687
897
1048
12223
480
951
1145
13540
848
1307
9140
8449
22138
2707
3147
5774
1570
696
1777
1424
5808
4533
4128
976
568
255
243
1616
254
229
785
290
334
1522
1880
2206
10626
1535
0
0
0
1265
1129
4452
670
520
317
3157
587
1089
1496
746
2684
216
602
1269
2099
499
1192
746
633
451
1248
342
2965
783
1586
986
672
1026
1176
1455
1386
10191
9052
1418
599
1061
1506
3004
1385
1298
785
2732
868
1723
1494
3497
1857
646
1340
360
1024
2204
1026
1935
888
1310
211
735
540
1570
1583
1563
2501
1237
1943
1762
742
638
1156
590
12475
2763
545
840
877
2385
1041
1651
45989
3223
5792
4891
5223
2125
4683
895
2153
724
13019
1860
1464
1318
2571
5317
3917
2401
25636
1423
7653
2008
4585
9675
3032
12550
3800
1704
693
1326
893
39066
2205
851
58123
4498
44364
43904
1601
1461
1175
15126
577
1521
1588
2182
913
2985
664
5142
426
2332
2797
20020
3905
913
1177
1956
3430
5459
621
1221
13571
1369
9747
2334
912
756
1842
2501
3301
3339
4416
20013
214
519
4231
355
13120
617
1265
1129
4452
0
0
0
372
118
280
1457
668
4090
1601
919
694
827
12200
248
1288
580
1728
16747
10821
45645
660
2796
2599
1033
1542
570
1289
1068
28510
3110
4181
823
2575
6211
13875
2038
2594
702
3917
2062
5709
5396
1236
1028
1367
2237
3113
1747
1505
605
1152
3449
2303
5385
4008
1284
4256
1275
451
5798
1944
3148
435
1428
5667
819
1828
1236
583
1354
551
9016
759
1645
15149
641
1052
6825
5939
11378
819
4487
3321
1810
4005
4855
1702
491
586
2858
1465
1483
19792
3873
7284
1035
4693
1407
6812
4847
5217
6508
6734
2472
556
217
759
2313
1557
2339
4669
3587
1513
15799
3856
1343
5878
4416
5908
1812
2540
939
1916
8547
1715
7467
1023
1654
2200
1242
4556
3602
5042
1403
1276
34271
1841
1485
352
698
3438
18269
1764
3139
367
776
1590
557
1124
8007
2399
5589
281
246
236
799
557
1054
670
520
317
372
118
280
0
0
0
370
829
2706
2908
566
790
311
332
190
648
2342
1048
5934
991
378
25420
2563
12515
1822
6089
4454
2205
3504
3555
1660
4666
2914
2127
1489
8500
5576
8042
1908
3748
6360
888
1554
3133
2733
1367
1300
1112
576
3146
486
15522
2539
1699
661
2107
30674
1267
1841
4341
3414
3455
2001
3493
6970
1621
735
2266
2977
334
760
1059
5617
1098
307
676
489
420
1482
5357
3241
1127
1004
5240
7208
1922
4211
7494
912
895
1231
2236
1544
8387
6328
6329
5838
1718
3734
1493
19103
5386
3680
7431
16806
345
567
698
4273
1136
1594
9810
9556
1529
8362
4058
5342
2449
5513
8701
4287
2087
1548
2145
934
715
935
23412
3780
1156
1267
1015
1902
792
2757
2745
4870
15477
295
904
680
41693
7125
2024
290
487
330
5472
643
524
161
1374
209
251
206
412
13257
1545
5846
3157
587
1089
1457
668
4090
370
829
2706
0
0
0
410
1405
2246
299
208
449
280
4157
3546
103
406
222
359
566
1938
1255
14857
370
1897
944
677
1075
1068
1782
3757
2822
3469
781
960
1704
5341
3673
2016
1118
1794
4643
1253
1099
1120
2192
831
718
1807
1478
1207
2446
1359
700
1647
6149
1285
20563
2400
2270
502
1260
5576
335
1079
10976
1483
3497
926
1775
1068
848
429
757
869
3979
1002
928
4091
1442
6524
1740
12989
5614
1858
850
2439
2260
3407
2788
1614
6491
1007
1611
1660
527
3886
2939
29463
28439
1267
2935
1067
3933
7359
1453
3569
2384
1211
1810
57858
895
12367
3888
1037
3493
2247
1717
2006
1493
7456
3583
1594
24243
29075
4719
3064
31903
2755
9960
4070
1658
1609
4163
5531
779
2192
2230
2567
9502
11500
956
1822
1940
4329
24398
1519
388
18719
983
533
1105
421
290
883
1506
1496
746
2684
1601
919
694
2908
566
790
410
1405
2246
0
0
0
457
1341
1409
4089
640
8664
883
5437
2223
631
646
1163
1238
9111
1567
2801
70052
5492
1227
3347
1591
10740
1101
26716
875
1574
1241
4479
5726
5228
10819
4019
985
7425
1646
4195
672
675
3641
1771
4266
3935
2871
1447
629
1395
799
1782
5215
1237
3623
3784
3447
1713
24089
2516
1837
1889
12058
6200
4947
786
2995
2585
1231
3751
650
971
6987
1843
275
1488
481
1575
1730
634
2040
492
2815
1392
3320
3572
1748
2267
19912
2348
5588
3589
10010
5297
3306
1542
4384
2456
848
908
2192
3946
1903
3701
119203
58103
2835
61381
4024
12651
5101
34133
2121
3198
3431
1761
3997
1640
6823
3929
1188
4005
1603
2630
27446
1556
15423
5965
1341
12579
647
649
1485
7002
2369
10576
718
6788
488
772
545
472
4259
725
685
119
598
882
2210
11925
621
216
602
1269
827
12200
248
311
332
190
299
208
449
457
1341
1409
0
0
0
656
934
565
1898
4524
1153
1457
395
591
624
6840
291
919
1409
6792
918
6098
1236
1423
6544
2303
813
1596
1830
3613
1797
15255
954
1482
1540
4542
353
558
661
752
546
898
4186
2068
676
1661
1940
1258
935
347
5073
75407
37149
614
6549
619
3306
664
903
1392
6829
2215
506
679
3007
1392
702
580
1185
14935
2820
3662
5866
26472
2895
9943
3014
4823
2363
1822
2598
1007
4381
5256
2076
1731
6669
4647
1238
865
965
2401
13134
25006
6621
1369
1419
3253
10380
1869
2157
4165
3504
3507
27113
4375
2241
9122
3834
3049
1480
1030
1328
1668
2759
3740
4888
45064
2783
3732
2940
770
2614
23171
1974
1565
2206
5479
2297
9796
1288
3575
2651
82614
323
704
468
207
301
4853
392
779
344
3296
723
756
2970
4757
2130
2099
499
1192
1288
580
1728
648
2342
1048
280
4157
3546
4089
640
8664
656
934
565
0
0
0
154
61
66
830
323
992
395
901
399
531
2086
545
5682
2572
451
2171
1744
924
25700
1965
505
2595
13772
1278
819
1113
990
1507
1153
271
525
1108
515
5510
51109
520
1135
2055
3495
1554
1240
632
4101
1734
2613
569
4062
1122
806
1092
1518
2158
3427
960
574
4854
1270
1298
1182
567
1502
1833
1372
1573
914
1488
1549
4194
1821
1412
1516
616
2275
1576
779
6662
4223
2876
1731
807
4280
6425
14468
1600
1530
12818
2772
2073
2985
3978
2561
63507
5932
1862
1863
13072
3418
2726
1188
8655
6029
594
9112
2254
6079
3700
1186
3045
7417
1473
5271
6371
4508
652
2702
2025
4234
3343
2425
2584
4259
1716
816
5880
2207
1704
1182
231
596
388
479
813
616
237
320
961
3042
577
1833
2207
2049
746
633
451
16747
10821
45645
5934
991
378
103
406
222
883
5437
2223
1898
4524
1153
154
61
66
0
0
0
450
1767
2343
377
316
237
3310
3636
966
519
432
1986
3052
1089
918
1279
2103
3238
1433
434
2904
3552
11859
1179
5620
2236
406
532
769
2080
4905
3915
2030
1899
934
1257
1117
549
567
5340
620
3203
2937
1069
3830
819
921
10801
696
737
1076
1796
882
2079
3738
293
388
5597
7827
3186
2983
1146
984
2207
1000
1117
4135
5179
18132
4017
1270
2753
2402
8846
1625
832
1839
813
1944
1661
1205
26745
6326
3027
1236
756
1985
780
774
5185
6228
5616
1790
3772
9339
4682
3704
3921
5980
1483
3435
1096
1265
6841
6293
2094
2867
1499
16504
783
30863
49294
1794
4909
3882
3375
13996
2219
965
22348
3558
1089
4840
997
1732
1226
605
1016
522
1006
4314
1765
1814
1472
649
1577
1813
4576
1248
342
2965
660
2796
2599
25420
2563
12515
359
566
1938
631
646
1163
1457
395
591
830
323
992
450
1767
2343
0
0
0
240
2429
2218
369
1523
3274
2424
912
392
6247
1341
1018
1026
781
7571
1312
2652
2866
1975
2279
1716
1308
5871
4638
2449
790
1338
992
958
1965
457
1358
12386
705
1620
2973
2114
1218
6632
3412
13594
2577
578
478
1920
6420
1644
1864
802
2196
1272
1022
3504
1083
1034
2676
2382
2217
3440
11132
4306
5886
13040
1398
6038
2658
2601
1974
4634
1264
3843
14588
1422
844
674
1065
2379
2998
3196
19036
1843
3130
1880
5874
1342
4758
5114
2135
3665
3468
1837
14709
3597
43903
2395
836
4326
1630
1400
898
2163
2703
5603
3098
11464
2021
1536
1385
8015
6225
8981
1107
7324
20220
2391
3880
2348
6028
10086
4320
846
6316
566
5396
11214
257
495
994
538
2492
2147
703
2036
3573
984
783
1586
986
1033
1542
570
1822
6089
4454
1255
14857
370
1238
9111
1567
624
6840
291
395
901
399
377
316
237
240
2429
2218
0
0
0
206
451
204
501
1793
430
598
886
3100
1310
756
1483
9402
3670
1002
1110
848
1723
875
13026
2289
2123
9378
454
1842
3144
884
5689
9369
631
422
792
751
1502
1785
1037
1061
899
1295
2485
599
1056
2904
13474
1893
1469
513
3043
1482
3067
1565
3630
8171
2360
1185
1790
1482
23154
3735
1405
980
4815
3312
5647
916
2325
5702
7055
2982
2226
2393
471
2738
5024
4706
12639
918
4137
1299
737
1969
5336
5112
3046
2532
1518
2625
48227
4768
2881
9052
16559
1812
1130
1336
1653
3448
8609
6575
2974
1873
4068
2055
6078
6806
4447
14847
4061
2330
2525
11064
12128
1957
2049
3891
1102
6220
7999
967
657
6164
668
17777
2625
933
1561
1560
5070
1107
1355
15044
9533
672
1026
1176
1289
1068
28510
2205
3504
3555
1897
944
677
2801
70052
5492
919
1409
6792
531
2086
545
3310
3636
966
369
1523
3274
206
451
204
0
0
0
180
572
596
419
7043
422
6792
1841
1436
558
866
1197
1494
622
1302
1102
717
1935
5926
3195
9285
11489
752
5536
4012
2657
1388
1228
3151
4124
11048
1509
6303
3145
1632
2422
16185
2398
1084
1385
1777
10041
1240
6641
1716
999
13440
1735
13148
16251
28155
25633
2647
2467
5871
4500
1462
10778
1036
8553
1058
2304
1300
1012
3188
1233
689
269
608
2920
10063
1947
3586
3441
2040
2072
3689
4421
1666
2529
4125
2551
2056
1050
8669
2342
9142
1681
6613
564
9002
2512
2282
1262
5102
5568
2773
13769
4503
3100
2317
3017
2715
21776
3191
43057
4313
6848
3669
2994
5986
1595
4779
1499
9420
538
3538
2580
1362
1353
614
1148
3119
1130
1516
3957
5212
4789
2816
1455
1386
10191
3110
4181
823
1660
4666
2914
1075
1068
1782
1227
3347
1591
918
6098
1236
5682
2572
451
519
432
1986
2424
912
392
501
1793
430
180
572
596
0
0
0
1124
159
5973
760
449
1340
2314
1593
4767
8175
1475
1176
1157
1847
2525
972
1028
8152
3288
1200
3545
1606
5974
372
666
1026
23158
7118
875
1549
2936
2328
1006
2443
906
18657
3437
3419
817
4202
4739
4735
4633
1262
2042
3337
14503
1622
2098
2375
1552
1742
18335
5109
4138
6789
11911
2118
2484
3863
4836
817
877
1070
1144
1144
702
1341
2345
8868
14721
5210
5178
2263
2984
1227
6087
10929
48370
1173
2810
2497
1996
1479
822
556
672
2275
1814
24872
1558
11164
1266
2065
8668
2303
2379
3603
3506
24329
4855
8116
2937
10899
1747
5775
6530
3512
2080
4352
663
2067
19219
8041
6947
489
3537
802
971
2092
1000
1225
499
12217
1643
2381
9052
1418
599
2575
6211
13875
2127
1489
8500
3757
2822
3469
10740
1101
26716
1423
6544
2303
2171
1744
924
3052
1089
918
6247
1341
1018
598
886
3100
419
7043
422
1124
159
5973
0
0
0
635
311
1620
741
1490
2004
1767
5151
1405
2307
6925
1801
1157
1354
5905
5674
327
748
1175
7516
6681
5556
12360
485
5821
3347
1027
5610
2196
3537
3637
1684
2275
5159
1201
2797
6061
3315
1594
7141
3289
3143
1045
11912
1678
4090
6669
3177
19435
34511
2295
2821
3674
2670
1586
2474
18365
2882
3982
1383
2579
1248
223
3545
1255
2528
10210
3698
27807
2968
7113
2320
2423
1982
10412
4456
2801
767
2657
4411
2693
22434
3222
464
2834
1357
19169
3611
19000
2416
4412
3594
19539
1217
1602
4661
2907
2384
4823
6026
38842
7583
5801
4504
4079
2498
1993
16315
527
1520
1196
209
433
553
3515
857
4202
13248
1272
6738
570
6069
5077
1061
1506
3004
2038
2594
702
5576
8042
1908
781
960
1704
875
1574
1241
813
1596
1830
25700
1965
505
1279
2103
3238
1026
781
7571
1310
756
1483
6792
1841
1436
760
449
1340
635
311
1620
0
0
0
940
430
366
206
622
1677
2905
1534
666
1037
522
468
1540
827
1987
674
722
232
6269
1900
863
2640
927
13686
5198
8729
1580
1757
1864
2701
2095
10113
3908
9216
1481
8554
593
753
2064
2257
5763
1653
4332
1686
12269
49018
1820
2757
837
3167
3910
3580
2270
911
3953
5306
6022
3518
2486
7563
8303
10635
2589
9298
5744
65767
15034
3014
1187
1045
5671
5215
3009
1561
1470
1387
15170
35996
474
1403
373
651
1753
5574
4632
4532
974
2829
1736
26886
1447
766
1706
3653
17247
5455
3217
6333
8981
3603
6311
23832
1300
1538
752
1576
548
1793
4046
4082
1450
599
954
3630
10024
1386
1886
4520
8954
2941
1385
1298
785
3917
2062
5709
3748
6360
888
5341
3673
2016
4479
5726
5228
3613
1797
15255
2595
13772
1278
1433
434
2904
1312
2652
2866
9402
3670
1002
558
866
1197
2314
1593
4767
741
1490
2004
940
430
366
0
0
0
2583
806
1301
641
1117
1213
981
2843
1996
2783
550
555
1946
1295
1074
779
384
4249
2722
1345
5301
5550
1431
809
4833
2751
1825
2492
14745
6465
1152
1806
4986
835
1412
1040
3962
1179
2601
2444
29024
2623
1728
6757
2352
31026
10167
1938
1291
9747
1862
2045
3233
2193
779
3134
2175
1161
3449
1416
6679
2489
5660
1475
58083
7976
11923
859
7501
1952
1717
1201
10684
1548
6424
250
71
73
485
7223
1221
1195
3304
1562
10241
12058
5846
1115
7163
1643
9812
1893
2115
10409
3090
4890
1226
37997
1422
1416
524
971
3161
1446
436
1026
2746
803
1713
1033
2337
2220
2738
1388
24634
2319
4133
2732
868
1723
5396
1236
1028
1554
3133
2733
1118
1794
4643
10819
4019
985
954
1482
1540
819
1113
990
3552
11859
1179
1975
2279
1716
1110
848
1723
1494
622
1302
8175
1475
1176
1767
5151
1405
206
622
1677
2583
806
1301
0
0
0
1233
948
448
2613
2787
1162
402
1023
187
513
678
483
326
840
455
740
10559
985
3341
3732
1841
1025
17076
2780
2866
2483
2005
5531
492
1239
4880
1803
7313
2654
4297
4349
5071
13289
2526
6987
2449
1624
3185
4330
5352
2827
1126
1887
2512
15760
1543
847
24749
581
7875
1418
4736
4391
14573
3473
2422
25566
2309
673
889
6223
10049
16230
5127
35081
3318
1575
510
3328
1167
2576
591
5227
2177
2816
1354
2400
3855
3310
961
6409
28498
2285
14463
4863
12023
6352
1929
22067
1794
3188
972
5396
3733
1048
991
870
348
387
1786
1349
728
368
2571
2114
4023
6805
6709
3282
1494
3497
1857
1367
2237
3113
1367
1300
1112
1253
1099
1120
7425
1646
4195
4542
353
558
1507
1153
271
5620
2236
406
1308
5871
4638
875
13026
2289
1102
717
1935
1157
1847
2525
2307
6925
1801
2905
1534
666
641
1117
1213
1233
948
448
0
0
0
361
231
96
394
353
4687
313
252
4027
1922
499
3339
1297
1583
1770
4768
881
746
575
897
1250
338
2572
464
1663
759
1667
358
1950
714
44074
8649
23566
15116
12263
1400
4165
4746
2782
2509
27278
46847
2223
1095
2186
26794
6006
2135
4039
52899
1685
2817
7353
10649
2285
4718
7751
1793
731
4995
1901
911
1436
2624
2644
1582
2305
7260
2687
3556
1206
591
1068
1062
296
3357
1252
3639
30491
6018
3378
4011
7794
1207
1494
4095
1292
6641
16943
11964
9496
6750
3893
8548
2465
851
1340
251
2038
148
314
499
181
240
160
11870
587
951
2677
5123
710
646
1340
360
1747
1505
605
576
3146
486
2192
831
718
672
675
3641
661
752
546
525
1108
515
532
769
2080
2449
790
1338
2123
9378
454
5926
3195
9285
972
1028
8152
1157
1354
5905
1037
522
468
981
2843
1996
2613
2787
1162
361
231
96
0
0
0
1168
1341
4120
334
678
321
240
334
947
1355
1304
928
903
1080
1043
683
394
531
5530
422
2200
1813
481
1687
262
562
569
1227
1929
2266
1264
2160
2001
2903
5683
1526
3100
849
801
1286
944
2631
3358
4191
6208
933
1189
8261
2052
2040
2016
2931
5609
2611
1777
1580
12252
5460
1170
1128
2037
3257
43865
1673
9401
3383
4484
856
1006
2567
970
471
3978
841
9572
28114
2975
1755
965
552
1081
21861
1461
3408
1862
3309
9437
5843
2589
1288
1989
9219
1680
1736
453
828
432
599
2523
726
602
1579
9234
2790
3591
5385
4112
2954
1024
2204
1026
1152
3449
2303
15522
2539
1699
1807
1478
1207
1771
4266
3935
898
4186
2068
5510
51109
520
4905
3915
2030
992
958
1965
1842
3144
884
11489
752
5536
3288
1200
3545
5674
327
748
1540
827
1987
2783
550
555
402
1023
187
394
353
4687
1168
1341
4120
0
0
0
271
47
732
1294
4865
1425
1886
1156
2473
497
999
772
5597
1088
5184
1188
32077
4308
4092
6531
4477
743
8595
12298
8790
3364
10498
11224
5670
4960
78903
6422
2678
2467
2780
4826
1720
616
2188
2876
9301
2455
10408
3465
1905
8761
4206
7367
6626
80362
11243
1032
20327
1778
10539
856
471
2840
900
1624
2110
1320
5411
2815
2745
169
544
1156
523
2053
42438
3179
26362
1396
1265
4755
3505
5704
1997
1243
5662
1200
19683
4688
1709
3806
21233
1628
4998
1823
609
525
924
5182
1534
382
663
6688
2403
2088
555
1645
1066
1733
2375
1935
888
1310
5385
4008
1284
661
2107
30674
2446
1359
700
2871
1447
629
676
1661
1940
1135
2055
3495
1899
934
1257
457
1358
12386
5689
9369
631
4012
2657
1388
1606
5974
372
1175
7516
6681
674
722
232
1946
1295
1074
513
678
483
313
252
4027
334
678
321
271
47
732
0
0
0
401
723
2050
624
1462
1315
929
2777
281
908
7870
5788
1209
1127
1871
9099
11359
791
2614
1473
3304
2936
2984
3648
14837
4383
1087
2650
1125
2441
2726
766
1099
579
3287
6952
11425
1290
1088
4057
1665
1164
9923
5289
10755
6254
8861
1784
9726
1462
2489
715
4324
250
2062
9666
9244
505
1932
780
1042
666
453
290
2904
351
1436
3026
14454
5863
1815
1676
2728
1709
3598
2253
1965
1096
4498
2769
1939
2737
2692
12372
9835
5251
3575
2668
193
1375
879
354
280
508
983
340
1177
1394
1033
1243
1820
3952
211
735
540
4256
1275
451
1267
1841
4341
1647
6149
1285
1395
799
1782
1258
935
347
1554
1240
632
1117
549
567
705
1620
2973
422
792
751
1228
3151
4124
666
1026
23158
5556
12360
485
6269
1900
863
779
384
4249
326
840
455
1922
499
3339
240
334
947
1294
4865
1425
401
723
2050
0
0
0
291
806
2194
502
2829
3039
178
8909
380
1525
1713
5976
411
947
680
453
470
802
7462
56501
6644
5860
2375
4913
11963
10372
1885
1231
2013
4582
1210
737
12441
66564
1284
2113
2148
982
1667
3194
1235
3875
2149
12442
2400
4233
4975
574
1578
1075
40770
1167
1615
7890
671
2696
1277
631
56466
2955
1729
2375
946
567
1198
1631
6656
1252
15186
807
9289
785
926
3176
1957
7734
26892
3744
6247
1945
2884
2464
16800
4054
2079
1367
933
1501
6052
1966
1049
886
703
1363
3482
6465
2522
7485
1329
1570
1583
1563
5798
1944
3148
3414
3455
2001
20563
2400
2270
5215
1237
3623
5073
75407
37149
4101
1734
2613
5340
620
3203
2114
1218
6632
1502
1785
1037
11048
1509
6303
7118
875
1549
5821
3347
1027
2640
927
13686
2722
1345
5301
740
10559
985
1297
1583
1770
1355
1304
928
1886
1156
2473
624
1462
1315
291
806
2194
0
0
0
432
184
132
1035
1765
849
828
872
523
2094
3060
4013
831
965
407
3246
1342
3074
2403
3122
1442
2074
8867
2560
1756
2678
8296
431
397
819
5495
4384
3493
7788
1736
3854
1826
3438
5528
3851
5712
15694
1736
12729
7376
890
458
7101
4821
928
4244
1338
2394
1805
2373
1749
1087
813
902
739
1668
2778
3438
3771
3234
12997
298
104
211
704
5541
698
836
392
4676
1027
22431
629
3928
12440
2203
713
1027
655
2233
603
3279
708
3968
1206
1652
2660
592
998
4285
776
2501
1237
1943
435
1428
5667
3493
6970
1621
502
1260
5576
3784
3447
1713
614
6549
619
569
4062
1122
2937
1069
3830
3412
13594
2577
1061
899
1295
3145
1632
2422
2936
2328
1006
5610
2196
3537
5198
8729
1580
5550
1431
809
3341
3732
1841
4768
881
746
903
1080
1043
497
999
772
929
2777
281
502
2829
3039
432
184
132
0
0
0
893
501
439
259
20502
765
867
654
12905
3745
911
8278
2222
3330
5998
3720
9023
4781
3165
3505
1778
2092
3845
1858
3076
727
5163
6631
2188
2281
1445
4170
4552
7709
3709
12498
1301
5505
5445
1153
9000
2085
4975
594
1408
1141
9419
1411
1769
2576
634
3124
9198
6747
563
643
370
1806
2738
1815
1283
4227
882
1331
1177
536
651
1109
1059
978
1654
10645
5767
3264
1236
3283
7193
2453
612
4317
3156
542
591
1382
396
2382
781
6069
523
3970
2356
3100
3843
1762
742
638
819
1828
1236
735
2266
2977
335
1079
10976
24089
2516
1837
3306
664
903
806
1092
1518
819
921
10801
578
478
1920
2485
599
1056
16185
2398
1084
2443
906
18657
3637
1684
2275
1757
1864
2701
4833
2751
1825
1025
17076
2780
575
897
1250
683
394
531
5597
1088
5184
908
7870
5788
178
8909
380
1035
1765
849
893
501
439
0
0
0
515
3632
1812
1028
352
625
3460
217
491
5099
6321
3097
1216
4308
884
1383
1915
12260
3661
2860
5784
1004
685
1514
5741
126608
6222
3072
1799
2932
1822
6440
2779
5528
6968
7185
2410
3160
7214
17921
4047
810
1405
12511
2042
1600
5798
2359
3341
1217
1158
4575
760
619
1732
6164
1518
4895
5712
491
6755
6240
657
4670
2076
1468
11008
6813
3768
2062
1566
2058
2333
8802
2315
654
906
358
1111
2172
612
4205
11703
16589
342
751
1232
1833
838
3835
1156
590
12475
583
1354
551
334
760
1059
1483
3497
926
1889
12058
6200
1392
6829
2215
2158
3427
960
696
737
1076
6420
1644
1864
2904
13474
1893
1385
1777
10041
3437
3419
817
5159
1201
2797
2095
10113
3908
2492
14745
6465
2866
2483
2005
338
2572
464
5530
422
2200
1188
32077
4308
1209
1127
1871
1525
1713
5976
828
872
523
259
20502
765
515
3632
1812
0
0
0
3829
276
504
354
289
136
6524
8232
2584
5251
15825
1641
2361
8156
8361
6475
1274
5347
2649
3101
1386
11969
4949
6588
8837
5061
44082
8111
3287
2182
6259
12475
10742
30062
3027
1148
14067
11354
2704
6311
4066
2750
1516
5620
1871
2692
12481
1527
2245
829
2345
1043
1866
1964
1472
5372
2337
848
709
661
902
2337
4966
1741
934
8937
2326
5128
1108
6074
15472
4395
1459
789
1212
1609
748
952
1040
317
11118
309
603
583
12270
909
6283
2763
545
840
9016
759
1645
5617
1098
307
1775
1068
848
4947
786
2995
506
679
3007
574
4854
1270
1796
882
2079
802
2196
1272
1469
513
3043
1240
6641
1716
4202
4739
4735
6061
3315
1594
9216
1481
8554
1152
1806
4986
5531
492
1239
1663
759
1667
1813
481
1687
4092
6531
4477
9099
11359
791
411
947
680
2094
3060
4013
867
654
12905
1028
352
625
3829
276
504
0
0
0
198
83
189
2945
7619
3158
1113
2535
6405
1774
2152
3090
2661
6060
6709
1703
1291
982
9154
1479
9552
11709
1287
2038
5936
1664
3842
3953
3411
1474
1254
15570
1346
538
1280
752
2869
5609
1018
1392
3322
924
1911
20263
15256
990
1088
972
971
940
911
1614
1544
1737
368
1024
1293
14759
972
8458
6502
6494
924
1464
1063
1929
6576
24977
1750
1067
358
1554
562
318
1752
718
1190
504
570
548
1089
436
1158
12598
877
2385
1041
15149
641
1052
676
489
420
429
757
869
2585
1231
3751
1392
702
580
1298
1182
567
3738
293
388
1022
3504
1083
1482
3067
1565
999
13440
1735
4633
1262
2042
7141
3289
3143
593
753
2064
835
1412
1040
4880
1803
7313
358
1950
714
262
562
569
743
8595
12298
2614
1473
3304
453
470
802
831
965
407
3745
911
8278
3460
217
491
354
289
136
198
83
189
0
0
0
1346
3239
4580
5350
1148
1844
1606
2094
1446
836
1137
67514
692
451
1087
6087
3451
1585
631
9329
5752
4411
2788
3082
8705
2035
2014
7893
1388
2101
3689
2260
2850
1892
7406
1273
1184
33279
4399
5247
2387
10566
5440
2624
449
609
454
515
10436
2233
10470
588
536
299
2128
2080
2140
15928
5104
7663
3300
3659
882
2132
928
28013
3160
1791
2347
998
1675
11064
2667
3212
3343
21229
1082
23074
1217
2431
5639
1651
45989
3223
6825
5939
11378
1482
5357
3241
3979
1002
928
650
971
6987
1185
14935
2820
1502
1833
1372
5597
7827
3186
1034
2676
2382
3630
8171
2360
13148
16251
28155
3337
14503
1622
1045
11912
1678
2257
5763
1653
3962
1179
2601
2654
4297
4349
44074
8649
23566
1227
1929
2266
8790
3364
10498
2936
2984
3648
7462
56501
6644
3246
1342
3074
2222
3330
5998
5099
6321
3097
6524
8232
2584
2945
7619
3158
1346
3239
4580
0
0
0
667
3563
9174
1497
1300
10408
2251
697
391
1647
1655
17476
6151
40635
2246
2420
23999
7221
2625
5576
1573
16236
860
750
1285
1090
6311
7572
5761
3167
39033
5844
12326
1604
5135
7391
2319
4575
2576
4593
11017
6039
1124
13038
976
3278
3317
1882
18859
2374
1721
3993
11144
1690
7033
25779
1617
1840
1505
958
7236
2267
62247
5092
751
9439
5879
2014
3129
7877
4391
6217
1568
425
1120
7930
686
1203
5792
4891
5223
819
4487
3321
1127
1004
5240
4091
1442
6524
1843
275
1488
3662
5866
26472
1573
914
1488
2983
1146
984
2217
3440
11132
1185
1790
1482
25633
2647
2467
2098
2375
1552
4090
6669
3177
4332
1686
12269
2444
29024
2623
5071
13289
2526
15116
12263
1400
1264
2160
2001
11224
5670
4960
14837
4383
1087
5860
2375
4913
2403
3122
1442
3720
9023
4781
1216
4308
884
5251
15825
1641
1113
2535
6405
5350
1148
1844
667
3563
9174
0
0
0
594
467
953
150
5800
385
1568
1632
5912
3843
3366
4341
1192
1056
4519
3249
9313
8008
5739
2504
2699
196
673
1659
2677
2537
1797
5651
4965
4113
11643
2902
17022
2993
1419
17791
12885
28899
3240
2608
1698
1132
906
5287
2996
1346
1736
1518
2499
56191
9627
3725
23334
47800
1149
1048
17693
4986
7250
4569
1979
13355
9312
1588
5404
10098
1838
1765
10316
10245
5008
716
1196
1001
450
2125
4683
895
1810
4005
4855
7208
1922
4211
1740
12989
5614
481
1575
1730
2895
9943
3014
1549
4194
1821
2207
1000
1117
4306
5886
13040
23154
3735
1405
5871
4500
1462
1742
18335
5109
19435
34511
2295
49018
1820
2757
1728
6757
2352
6987
2449
1624
4165
4746
2782
2903
5683
1526
78903
6422
2678
2650
1125
2441
11963
10372
1885
2074
8867
2560
3165
3505
1778
1383
1915
12260
2361
8156
8361
1774
2152
3090
1606
2094
1446
1497
1300
10408
594
467
953
0
0
0
664
3027
1025
5285
4556
7511
3611
25913
3868
17138
3916
2801
3266
5761
10810
930
1700
5058
1267
3620
1916
7299
4133
2385
38178
1788
2998
2446
6014
6461
11805
2557
29836
3621
2596
2695
1125
823
12052
10193
5820
1437
2811
25817
3044
3850
2396
3143
17712
4941
2411
1583
1685
7170
8558
4788
5383
9183
5223
1035
5753
1821
1011
1032
14499
7360
1541
2033
1472
2075
2203
395
2153
724
13019
1702
491
586
7494
912
895
1858
850
2439
634
2040
492
4823
2363
1822
1412
1516
616
4135
5179
18132
1398
6038
2658
980
4815
3312
10778
1036
8553
4138
6789
11911
2821
3674
2670
837
3167
3910
31026
10167
1938
3185
4330
5352
2509
27278
46847
3100
849
801
2467
2780
4826
2726
766
1099
1231
2013
4582
1756
2678
8296
2092
3845
1858
3661
2860
5784
6475
1274
5347
2661
6060
6709
836
1137
67514
2251
697
391
150
5800
385
664
3027
1025
0
0
0
24000
3760
8306
3876
2471
1985
1233
3172
12411
6978
1297
2036
67948
8978
3714
649
1053
1118
4740
4242
1393
6552
12681
3782
4151
9181
3133
3693
1526
4628
1155
2181
3108
2049
1234
4014
1620
3063
3657
6131
2149
2247
6654
7262
107213
72013
2674
3795
1688
1744
1542
3323
7269
6373
12372
834
3476
16388
1661
3894
2048
3621
1672
14805
2479
422
1302
796
4816
1860
1464
1318
2858
1465
1483
1231
2236
1544
2260
3407
2788
2815
1392
3320
2598
1007
4381
2275
1576
779
4017
1270
2753
2601
1974
4634
5647
916
2325
1058
2304
1300
2118
2484
3863
1586
2474
18365
3580
2270
911
1291
9747
1862
2827
1126
1887
2223
1095
2186
1286
944
2631
1720
616
2188
579
3287
6952
1210
737
12441
431
397
819
3076
727
5163
1004
685
1514
2649
3101
1386
1703
1291
982
692
451
1087
1647
1655
17476
1568
1632
5912
5285
4556
7511
24000
3760
8306
0
0
0
2829
4502
3645
2021
2858
6740
7067
8333
3303
7523
5381
3859
6674
1641
1555
1286
784
1057
5084
1301
3662
8882
1283
1934
12330
2404
1569
1633
1018
335
1019
2022
885
686
1137
2825
95
203
132
4269
1781
10432
3941
1837
2118
1000
396
979
4710
1537
24660
6083
3698
11512
1042
2568
2634
5733
11389
2074
12575
2961
20116
2926
2825
2903
2571
5317
3917
19792
3873
7284
8387
6328
6329
1614
6491
1007
3572
1748
2267
5256
2076
1731
6662
4223
2876
2402
8846
1625
1264
3843
14588
5702
7055
2982
1012
3188
1233
4836
817
877
2882
3982
1383
3953
5306
6022
2045
3233
2193
2512
15760
1543
26794
6006
2135
3358
4191
6208
2876
9301
2455
11425
1290
1088
66564
1284
2113
5495
4384
3493
6631
2188
2281
5741
126608
6222
11969
4949
6588
9154
1479
9552
6087
3451
1585
6151
40635
2246
3843
3366
4341
3611
25913
3868
3876
2471
1985
2829
4502
3645
0
0
0
1457
3346
3994
1803
12604
2541
3000
2406
921
1388
22446
10620
2892
5418
7695
19357
8466
2016
90520
4782
6478
3187
10724
4395
21778
64078
1711
15112
5231
21219
25746
6942
2512
93275
1847
37382
1943
16507
12319
4830
7322
5415
1949
10495
5238
4770
23288
2442
3527
3053
2492
3645
2068
4063
1145
1037
1100
606
3440
14114
1331
8695
2425
2401
25636
1423
1035
4693
1407
5838
1718
3734
1611
1660
527
19912
2348
5588
6669
4647
1238
1731
807
4280
832
1839
813
1422
844
674
2226
2393
471
689
269
608
1070
1144
1144
2579
1248
223
3518
2486
7563
779
3134
2175
847
24749
581
4039
52899
1685
933
1189
8261
10408
3465
1905
4057
1665
1164
2148
982
1667
7788
1736
3854
1445
4170
4552
3072
1799
2932
8837
5061
44082
11709
1287
2038
631
9329
5752
2420
23999
7221
1192
1056
4519
17138
3916
2801
1233
3172
12411
2021
2858
6740
1457
3346
3994
0
0
0
3396
21065
3088
13001
9911
2390
5056
7372
3626
1514
2867
6125
1057
1125
10049
5893
1665
6104
1401
2685
977
1607
3288
7433
2255
2518
7249
2750
11776
4059
2792
1542
2331
131712
2346
2372
8750
9827
4534
3856
5274
2252
557
1209
791
5988
57158
1191
2324
29420
1376
7658
5455
31734
2747
12405
30804
1996
49644
7675
7653
2008
4585
6812
4847
5217
1493
19103
5386
3886
2939
29463
3589
10010
5297
865
965
2401
6425
14468
1600
1944
1661
1205
1065
2379
2998
2738
5024
4706
2920
10063
1947
702
1341
2345
3545
1255
2528
8303
10635
2589
1161
3449
1416
7875
1418
4736
2817
7353
10649
2052
2040
2016
8761
4206
7367
9923
5289
10755
3194
1235
3875
1826
3438
5528
7709
3709
12498
1822
6440
2779
8111
3287
2182
5936
1664
3842
4411
2788
3082
2625
5576
1573
3249
9313
8008
3266
5761
10810
6978
1297
2036
7067
8333
3303
1803
12604
2541
3396
21065
3088
0
0
0
71923
1032
1532
2886
6933
5985
7584
7931
13202
7048
1532
1537
4330
4283
5659
2411
7558
1343
1155
7566
1603
3548
2104
4741
6915
7118
8003
7047
2081
2216
2590
1820
8634
3205
6623
3075
7556
6877
2005
34951
775
1122
5126
14468
1960
8276
2324
3988
2589
6936
11810
1858
980
58847
2343
23531
5599
9675
3032
12550
6508
6734
2472
3680
7431
16806
28439
1267
2935
3306
1542
4384
13134
25006
6621
1530
12818
2772
26745
6326
3027
3196
19036
1843
12639
918
4137
3586
3441
2040
8868
14721
5210
10210
3698
27807
9298
5744
65767
6679
2489
5660
4391
14573
3473
2285
4718
7751
2931
5609
2611
6626
80362
11243
6254
8861
1784
2149
12442
2400
3851
5712
15694
1301
5505
5445
5528
6968
7185
6259
12475
10742
3953
3411
1474
8705
2035
2014
16236
860
750
5739
2504
2699
930
1700
5058
67948
8978
3714
7523
5381
3859
3000
2406
921
13001
9911
2390
71923
1032
1532
0
0
0
19484
3715
3788
5445
3966
2900
23677
3421
3686
4230
18618
6239
3811
22860
11045
27949
5387
5185
2621
2434
5894
4489
9340
26238
3804
6273
3358
6567
41079
45152
6550
3969
3877
1826
3313
2492
20008
3698
28359
2424
840
2731
2062
37570
2610
7574
27648
3082
1050
434
14922
124
2967
180
3800
1704
693
556
217
759
345
567
698
1067
3933
7359
2456
848
908
1369
1419
3253
2073
2985
3978
1236
756
1985
3130
1880
5874
1299
737
1969
2072
3689
4421
5178
2263
2984
2968
7113
2320
15034
3014
1187
1475
58083
7976
2422
25566
2309
1793
731
4995
1777
1580
12252
1032
20327
1778
9726
1462
2489
4233
4975
574
1736
12729
7376
1153
9000
2085
2410
3160
7214
30062
3027
1148
1254
15570
1346
7893
1388
2101
1285
1090
6311
196
673
1659
1267
3620
1916
649
1053
1118
6674
1641
1555
1388
22446
10620
5056
7372
3626
2886
6933
5985
19484
3715
3788
0
0
0
6974
28993
2057
3240
4864
3697
12540
5530
13535
1530
4075
3586
2268
3120
2262
484
869
1409
9546
15586
2617
1620
3694
783
5270
3736
1276
2842
2540
2986
742
705
420
8695
3583
3617
1874
2423
16467
2785
2651
1262
2467
3043
9975
6137
18979
3771
1374
5377
1588
1326
893
39066
2313
1557
2339
4273
1136
1594
1453
3569
2384
2192
3946
1903
10380
1869
2157
2561
63507
5932
780
774
5185
1342
4758
5114
5336
5112
3046
1666
2529
4125
1227
6087
10929
2423
1982
10412
1045
5671
5215
11923
859
7501
673
889
6223
1901
911
1436
5460
1170
1128
10539
856
471
715
4324
250
1578
1075
40770
890
458
7101
4975
594
1408
17921
4047
810
14067
11354
2704
538
1280
752
3689
2260
2850
7572
5761
3167
2677
2537
1797
7299
4133
2385
4740
4242
1393
1286
784
1057
2892
5418
7695
1514
2867
6125
7584
7931
13202
5445
3966
2900
6974
28993
2057
0
0
0
4233
662
1070
637
986
453
1085
436
2590
226
549
1960
1346
22164
3527
3965
3572
5769
3690
500
1021
2866
6847
1244
1524
12346
2472
1553
2278
3790
998
1358
4455
3019
32533
1320
2263
4004
4907
4351
1553
10261
7101
19928
10930
1264
3469
1510
2205
851
58123
4669
3587
1513
9810
9556
1529
1211
1810
57858
3701
119203
58103
4165
3504
3507
1862
1863
13072
6228
5616
1790
2135
3665
3468
2532
1518
2625
2551
2056
1050
48370
1173
2810
4456
2801
767
3009
1561
1470
1952
1717
1201
10049
16230
5127
2624
2644
1582
2037
3257
43865
2840
900
1624
2062
9666
9244
1167
1615
7890
4821
928
4244
1141
9419
1411
1405
12511
2042
6311
4066
2750
2869
5609
1018
1892
7406
1273
39033
5844
12326
5651
4965
4113
38178
1788
2998
6552
12681
3782
5084
1301
3662
19357
8466
2016
1057
1125
10049
7048
1532
1537
23677
3421
3686
3240
4864
3697
4233
662
1070
0
0
0
2165
4933
2848
825
546
793
1509
2678
8558
2370
3701
5672
1405
3515
4776
7321
25789
45357
1965
53656
4468
9702
15439
6019
2713
3520
2790
384
489
519
2105
1953
2608
2842
1879
2132
2777
4036
1308
1582
25612
6039
3803
46026
3486
4498
44364
43904
15799
3856
1343
8362
4058
5342
895
12367
3888
2835
61381
4024
27113
4375
2241
3418
2726
1188
3772
9339
4682
1837
14709
3597
48227
4768
2881
8669
2342
9142
2497
1996
1479
2657
4411
2693
1387
15170
35996
10684
1548
6424
35081
3318
1575
2305
7260
2687
1673
9401
3383
2110
1320
5411
505
1932
780
671
2696
1277
1338
2394
1805
1769
2576
634
1600
5798
2359
1516
5620
1871
1392
3322
924
1184
33279
4399
1604
5135
7391
11643
2902
17022
2446
6014
6461
4151
9181
3133
8882
1283
1934
90520
4782
6478
5893
1665
6104
4330
4283
5659
4230
18618
6239
12540
5530
13535
637
986
453
2165
4933
2848
0
0
0
1123
2992
1256
2208
3478
1212
15067
2093
4788
3488
2616
2475
13490
3531
2080
4540
10143
2503
1533
2130
13910
2473
3646
6672
3329
5911
1447
1101
4487
1197
12637
2326
1152
2720
27874
1139
731
1838
1611
1961
8251
2135
1601
1461
1175
5878
4416
5908
2449
5513
8701
1037
3493
2247
12651
5101
34133
9122
3834
3049
8655
6029
594
3704
3921
5980
43903
2395
836
9052
16559
1812
1681
6613
564
822
556
672
22434
3222
464
474
1403
373
250
71
73
510
3328
1167
3556
1206
591
4484
856
1006
2815
2745
169
1042
666
453
631
56466
2955
2373
1749
1087
3124
9198
6747
3341
1217
1158
2692
12481
1527
1911
20263
15256
5247
2387
10566
2319
4575
2576
2993
1419
17791
11805
2557
29836
3693
1526
4628
12330
2404
1569
3187
10724
4395
1401
2685
977
2411
7558
1343
3811
22860
11045
1530
4075
3586
1085
436
2590
825
546
793
1123
2992
1256
0
0
0
563
847
1479
5799
2658
8570
2236
3570
1255
6224
1129
5422
8788
7291
7822
2528
11959
29459
10049
882
5194
2700
589
409
3041
1522
393
3830
1058
643
726
1766
1030
1031
2147
3497
2186
12687
897
15126
577
1521
1812
2540
939
4287
2087
1548
1717
2006
1493
2121
3198
3431
1480
1030
1328
9112
2254
6079
1483
3435
1096
4326
1630
1400
1130
1336
1653
9002
2512
2282
2275
1814
24872
2834
1357
19169
651
1753
5574
485
7223
1221
2576
591
5227
1068
1062
296
2567
970
471
544
1156
523
290
2904
351
1729
2375
946
813
902
739
563
643
370
4575
760
619
2245
829
2345
990
1088
972
5440
2624
449
4593
11017
6039
12885
28899
3240
3621
2596
2695
1155
2181
3108
1633
1018
335
21778
64078
1711
1607
3288
7433
1155
7566
1603
27949
5387
5185
2268
3120
2262
226
549
1960
1509
2678
8558
2208
3478
1212
563
847
1479
0
0
0
42647
5312
8104
1912
1906
1665
2646
1220
550
2188
3514
968
9394
1519
2202
4087
2636
10740
2539
970
2947
1185
996
1129
7760
956
2370
5903
1611
6287
678
620
920
1048
12223
480
1588
2182
913
1916
8547
1715
2145
934
715
7456
3583
1594
1761
3997
1640
1668
2759
3740
3700
1186
3045
1265
6841
6293
898
2163
2703
3448
8609
6575
1262
5102
5568
1558
11164
1266
3611
19000
2416
4632
4532
974
1195
3304
1562
2177
2816
1354
3357
1252
3639
3978
841
9572
2053
42438
3179
1436
3026
14454
567
1198
1631
1668
2778
3438
1806
2738
1815
1732
6164
1518
1043
1866
1964
971
940
911
609
454
515
1124
13038
976
2608
1698
1132
1125
823
12052
2049
1234
4014
1019
2022
885
15112
5231
21219
2255
2518
7249
3548
2104
4741
2621
2434
5894
484
869
1409
1346
22164
3527
2370
3701
5672
15067
2093
4788
5799
2658
8570
42647
5312
8104
0
0
0
1817
2491
1094
20746
25031
1866
1166
1811
1391
1375
1499
7828
1344
417
880
4198
25497
4858
4057
814
6995
1091
2007
1455
22213
781
6600
7296
4966
9360
951
1145
13540
2985
664
5142
7467
1023
1654
935
23412
3780
24243
29075
4719
6823
3929
1188
4888
45064
2783
7417
1473
5271
2094
2867
1499
5603
3098
11464
2974
1873
4068
2773
13769
4503
2065
8668
2303
4412
3594
19539
2829
1736
26886
10241
12058
5846
2400
3855
3310
30491
6018
3378
28114
2975
1755
26362
1396
1265
5863
1815
1676
6656
1252
15186
3771
3234
12997
1283
4227
882
4895
5712
491
1472
5372
2337
1614
1544
1737
10436
2233
10470
3278
3317
1882
906
5287
2996
10193
5820
1437
1620
3063
3657
686
1137
2825
25746
6942
2512
2750
11776
4059
6915
7118
8003
4489
9340
26238
9546
15586
2617
3965
3572
5769
1405
3515
4776
3488
2616
2475
2236
3570
1255
1912
1906
1665
1817
2491
1094
0
0
0
486
508
1879
779
1631
4505
947
661
590
9043
1381
1680
9785
3684
2545
1599
2312
2657
2189
4219
1303
16868
653
6042
1826
1207
4862
848
1307
9140
426
2332
2797
2200
1242
4556
1156
1267
1015
3064
31903
2755
4005
1603
2630
3732
2940
770
6371
4508
652
16504
783
30863
2021
1536
1385
2055
6078
6806
3100
2317
3017
2379
3603
3506
1217
1602
4661
1447
766
1706
1115
7163
1643
961
6409
28498
4011
7794
1207
965
552
1081
4755
3505
5704
2728
1709
3598
807
9289
785
298
104
211
1331
1177
536
6755
6240
657
848
709
661
368
1024
1293
588
536
299
18859
2374
1721
1346
1736
1518
2811
25817
3044
6131
2149
2247
95
203
132
93275
1847
37382
2792
1542
2331
7047
2081
2216
3804
6273
3358
1620
3694
783
3690
500
1021
7321
25789
45357
13490
3531
2080
6224
1129
5422
2646
1220
550
20746
25031
1866
486
508
1879
0
0
0
1402
1565
1952
3054
5891
994
1147
1452
1583
3967
1862
2493
5374
2498
2381
2428
4785
1383
38850
2365
1585
2586
2918
1726
8449
22138
2707
20020
3905
913
3602
5042
1403
1902
792
2757
9960
4070
1658
27446
1556
15423
2614
23171
1974
2702
2025
4234
49294
1794
4909
8015
6225
8981
4447
14847
4061
2715
21776
3191
24329
4855
8116
2907
2384
4823
3653
17247
5455
9812
1893
2115
2285
14463
4863
1494
4095
1292
21861
1461
3408
1997
1243
5662
2253
1965
1096
926
3176
1957
704
5541
698
651
1109
1059
4670
2076
1468
902
2337
4966
14759
972
8458
2128
2080
2140
3993
11144
1690
2499
56191
9627
3850
2396
3143
6654
7262
107213
4269
1781
10432
1943
16507
12319
131712
2346
2372
2590
1820
8634
6567
41079
45152
5270
3736
1276
2866
6847
1244
1965
53656
4468
4540
10143
2503
8788
7291
7822
2188
3514
968
1166
1811
1391
779
1631
4505
1402
1565
1952
0
0
0
1448
999
4051
6839
1501
995
1972
7320
2225
1787
4390
1315
1950
1657
4472
13435
1509
13783
1143
888
3898
3147
5774
1570
1177
1956
3430
1276
34271
1841
2745
4870
15477
1609
4163
5531
5965
1341
12579
1565
2206
5479
3343
2425
2584
3882
3375
13996
1107
7324
20220
2330
2525
11064
43057
4313
6848
2937
10899
1747
6026
38842
7583
3217
6333
8981
10409
3090
4890
12023
6352
1929
6641
16943
11964
1862
3309
9437
1200
19683
4688
4498
2769
1939
7734
26892
3744
836
392
4676
978
1654
10645
11008
6813
3768
1741
934
8937
6502
6494
924
15928
5104
7663
7033
25779
1617
3725
23334
47800
17712
4941
2411
72013
2674
3795
3941
1837
2118
4830
7322
5415
8750
9827
4534
3205
6623
3075
6550
3969
3877
2842
2540
2986
1524
12346
2472
9702
15439
6019
1533
2130
13910
2528
11959
29459
9394
1519
2202
1375
1499
7828
947
661
590
3054
5891
994
1448
999
4051
0
0
0
1573
1659
446
34236
6141
5630
782
1314
3585
871
3876
1946
824
994
2191
792
483
790
696
1777
1424
5459
621
1221
1485
352
698
295
904
680
779
2192
2230
647
649
1485
2297
9796
1288
4259
1716
816
2219
965
22348
2391
3880
2348
12128
1957
2049
3669
2994
5986
5775
6530
3512
5801
4504
4079
3603
6311
23832
1226
37997
1422
22067
1794
3188
9496
6750
3893
5843
2589
1288
1709
3806
21233
2737
2692
12372
6247
1945
2884
1027
22431
629
5767
3264
1236
2062
1566
2058
2326
5128
1108
1464
1063
1929
3300
3659
882
1840
1505
958
1149
1048
17693
1583
1685
7170
1688
1744
1542
1000
396
979
1949
10495
5238
3856
5274
2252
7556
6877
2005
1826
3313
2492
742
705
420
1553
2278
3790
2713
3520
2790
2473
3646
6672
10049
882
5194
4087
2636
10740
1344
417
880
9043
1381
1680
1147
1452
1583
6839
1501
995
1573
1659
446
0
0
0
3490
4278
3830
4153
1220
2224
2873
852
5761
3461
4218
6093
1605
918
3961
5808
4533
4128
13571
1369
9747
3438
18269
1764
41693
7125
2024
2567
9502
11500
7002
2369
10576
3575
2651
82614
5880
2207
1704
3558
1089
4840
6028
10086
4320
3891
1102
6220
1595
4779
1499
2080
4352
663
2498
1993
16315
1300
1538
752
1416
524
971
972
5396
3733
8548
2465
851
1989
9219
1680
1628
4998
1823
9835
5251
3575
2464
16800
4054
3928
12440
2203
3283
7193
2453
2333
8802
2315
6074
15472
4395
6576
24977
1750
2132
928
28013
7236
2267
62247
4986
7250
4569
8558
4788
5383
3323
7269
6373
4710
1537
24660
4770
23288
2442
557
1209
791
34951
775
1122
20008
3698
28359
8695
3583
3617
998
1358
4455
384
489
519
3329
5911
1447
2700
589
409
2539
970
2947
4198
25497
4858
9785
3684
2545
3967
1862
2493
1972
7320
2225
34236
6141
5630
3490
4278
3830
0
0
0
