C_ijk
0
0
0
73
501
239
80
41
108
513
382
1154
5963
571
1718
2696
134
121
877
1860
802
3133
533
2765
281
320
218
5422
1150
2641
2224
527
581
508
300
452
497
942
1801
1423
729
1541
36643
492
219
5400
830
2013
1144
4617
2118
1232
6626
5971
801
1183
2505
569
468
666
1361
2617
591
972
3071
2825
383
309
413
786
419
1431
2321
1444
337
850
280
468
894
1974
6463
655
1104
2298
553
2611
1427
928
1570
7659
718
1200
508
1661
1379
2630
1310
3978
3378
1164
3703
2101
15038
868
1207
1940
2511
7182
1456
1203
1652
1355
690
2157
4466
16447
30881
4075
1844
1771
7684
2240
41358
1902
2389
1643
9778
3162
2406
1849
2099
2737
66579
3465
4021
1733
1743
647
3142
1393
11478
16155
1446
6484
3645
1953
3789
1493
3274
2168
4439
1821
2542
3276
2039
12361
3578
1928
1789
9262
3338
2865
73
501
239
0
0
0
220
27
396
1323
3175
774
1626
1526
1782
725
335
598
4524
482
594
358
577
1080
1124
307
662
1259
2464
1214
633
408
517
539
411
3084
110
1277
455
1511
2285
1286
1482
969
627
2275
6969
1193
919
3590
250
4373
1195
794
1674
1649
384
13408
8698
596
1931
4088
1197
594
1061
1208
232
220
144
956
1972
1657
1383
1815
2531
235
160
4650
2038
1068
13439
1401
853
734
3947
501
1614
2508
646
646
742
477
1337
2503
4236
6122
2487
6052
1672
3240
1124
1207
6363
1201
3961
4617
2321
3559
4808
4228
1273
1849
5666
36998
922
2875
6266
5272
1343
2030
44839
6171
4714
881
2167
5143
1776
12017
1216
4800
28780
2774
1581
1660
3894
1215
3883
973
2135
779
1104
1251
2121
1459
1433
1193
2083
854
1358
2746
1879
2659
1260
4416
5128
15016
5207
21213
1473
1432
2651
896
80
41
108
220
27
396
0
0
0
210
4866
662
3145
1547
946
558
6312
630
569
1108
4782
697
837
605
846
1595
945
793
1166
518
283
998
464
355
450
773
599
8445
770
1504
6122
1081
809
764
2621
971
1046
1847
870
1045
2169
1034
923
545
1276
1052
1319
1200
3954
1564
1452
3851
948
393
608
1515
186
544
240
809
1266
214
963
576
520
815
260
1111
1040
1099
5437
1718
14061
421
3330
566
1977
5489
7914
462
629
561
559
365
1656
689
9572
4815
2225
1250
1279
2223
5256
1309
5094
1104
2719
5825
1211
2696
1852
1983
2206
3758
876
8290
1092
10403
4513
7922
4173
18303
1277
2649
7336
578
688
1381
1389
10728
2400
2816
1105
1133
9197
1472
1536
1869
1423
2333
3666
1048
9889
3592
928
2362
3613
1472
1058
6427
7069
1398
26905
2614
7100
1087
888
1654
7234
3534
2177
1693
513
382
1154
1323
3175
774
210
4866
662
0
0
0
339
999
304
2362
236
480
954
2696
410
146
83
3970
1143
578
208
339
660
611
106
668
167
2234
2190
2407
271
320
432
738
1845
3548
960
1457
711
1086
12177
2374
3791
1716
5029
5280
5887
1194
23617
709
2159
3110
3608
1777
865
1161
1519
2506
1124
1199
926
6201
1514
2689
1287
6917
4939
2545
2263
10091
346
1788
474
707
2295
1076
2570
3019
2631
486
19472
572
7942
1498
440
394
1106
519
5556
521
3100
8618
2903
885
1006
476
1783
1634
2214
4321
1830
648
9506
7431
8079
6768
12527
3743
941
1710
1280
1627
14799
25757
2766
2541
6099
782
2427
7508
2294
2621
1770
3274
13991
8331
12453
2151
17977
735
4723
3039
2013
2211
17201
2563
10463
2803
1771
4060
2084
3557
1008
582
1983
11369
9475
2082
2163
7478
2269
15220
335
2403
23600
1350
5963
571
1718
1626
1526
1782
3145
1547
946
339
999
304
0
0
0
3405
1118
928
2198
5827
260
641
949
1775
5668
984
1497
391
835
1037
2614
1799
1275
761
13891
1249
1699
3346
6602
641
3053
1975
1546
1566
1486
2308
5220
14497
1536
5861
2649
3155
5946
15550
3270
1108
15407
1834
26194
4140
3639
2347
2237
3427
2168
4478
5274
1394
2923
1606
4377
3470
1490
2902
18800
1389
1133
627
1902
7529
1483
3306
1399
4638
12009
32445
1577
1247
8716
426
705
922
588
1505
1517
7418
1389
3257
2993
120
753
316
439
787
381
8956
1381
451
890
1595
1438
5458
8490
11634
7445
3227
1019
2267
3718
1825
1766
2579
12325
655
101
2713
5680
3119
17321
2959
2764
2204
30699
2417
5119
2465
5917
12758
11114
21609
3509
635
6231
2245
3285
1264
2106
1038
1425
2039
2280
1682
12994
6535
2082
5080
5842
541
847
50982
6237
1736
2696
134
121
725
335
598
558
6312
630
2362
236
480
3405
1118
928
0
0
0
569
653
963
164
848
494
391
275
209
860
606
736
189
168
975
259
411
473
579
801
347
650
643
4137
861
871
1379
8102
3758
3827
462
861
490
3190
1223
3371
1137
1637
9251
5755
10241
4173
2100
2086
1163
524
2672
3958
1284
685
800
1362
1294
20044
19931
828
5097
1869
637
521
1074
780
3429
665
10631
828
440
451
781
1373
340
3040
624
791
756
148
884
225
6562
1249
3949
7203
1388
1732
1003
605
15521
6151
1051
4551
1324
1748
662
14806
1884
6165
1958
3756
1428
2740
3007
3460
39154
1937
982
1413
2620
2615
867
1624
2065
48655
1900
2889
7998
3491
1467
1709
10802
1054
2014
1504
1053
3633
1710
1673
1988
14967
1180
1221
2032
3130
27565
2817
13273
8406
4341
3855
1895
23690
470
2856
2641
17769
877
1860
802
4524
482
594
569
1108
4782
954
2696
410
2198
5827
260
569
653
963
0
0
0
712
276
581
604
11992
29273
5251
648
5449
929
529
4241
966
653
1354
786
450
1013
1185
2261
1639
3350
727
12569
747
1898
2965
1764
1871
1892
1482
1626
3348
2781
5251
1821
1016
1107
3992
845
5557
47102
3509
3843
4672
432
9365
4850
5653
2060
1371
1065
14890
1111
5494
1609
522
26847
785
633
640
1458
1137
1014
1287
845
904
569
3430
736
959
1362
3252
1348
338
5683
868
5936
6234
4863
1434
1633
1140
904
1224
438
1725
2960
5394
1038
4002
3396
6545
2554
3254
2095
4582
1362
3773
4755
4088
1796
471
1307
7524
2127
2228
2990
35136
11779
45244
8255
1714
5831
7480
4954
3734
833
1255
28614
868
1496
609
3231
486
1350
1006
1190
2543
737
2078
2839
2848
1779
1171
719
283
231
1956
3084
3067
3133
533
2765
358
577
1080
697
837
605
146
83
3970
641
949
1775
164
848
494
712
276
581
0
0
0
463
588
443
4693
2357
1954
195
896
6081
2215
954
2368
1348
1274
1172
11158
5960
1695
1723
11839
3653
1968
42810
3497
1624
1386
727
5261
1817
19219
1485
1439
954
1757
1378
1252
10102
1166
999
496
864
732
3690
622
677
2089
744
2749
1027
1299
970
699
371
2916
3224
1507
685
1942
1001
6261
2515
482
1807
2858
500
509
2196
2970
3927
984
318
830
10447
1748
1296
897
3422
1204
1647
12387
2349
1512
700
1678
5081
860
496
3422
1333
5670
3878
1702
3382
1634
7019
7281
3290
10526
1744
1631
718
1494
2827
2033
1373
5675
2763
849
3090
7112
2909
1319
1289
2200
7770
18457
3201
1408
6864
817
1116
1782
2983
1521
1247
1419
1654
5414
2419
1245
2655
992
230
1328
882
40234
3734
2676
281
320
218
1124
307
662
846
1595
945
1143
578
208
5668
984
1497
391
275
209
604
11992
29273
463
588
443
0
0
0
24787
804
592
180
511
807
605
328
150
308
202
491
500
371
1091
1086
1626
410
1121
3735
1945
2442
1492
2686
1036
410
3695
966
8601
969
5095
1375
2124
1220
5796
2414
2079
498
11209
530
487
2467
15087
1182
807
1869
13985
1619
389
530
307
2055
1645
1211
1000
1029
10035
425
979
847
9375
3225
767
10690
353
1969
1789
3152
857
2908
1393
1652
3383
1613
8757
13866
882
2121
4399
5703
3357
9134
889
2124
2678
5096
2740
1805
8588
2185
1071
4798
768
2300
1297
9299
4642
5451
2117
1033
726
1979
2320
2042
3619
10267
5872
1337
7945
2508
6305
1974
4284
1001
4695
9143
1412
27910
1330
3426
1078
703
1130
4836
2674
7758
4659
4036
5707
1229
3564
5910
1487
3773
1968
5422
1150
2641
1259
2464
1214
793
1166
518
339
660
611
391
835
1037
860
606
736
5251
648
5449
4693
2357
1954
24787
804
592
0
0
0
883
569
2707
2189
3720
908
451
1211
560
894
7742
727
855
7928
503
2289
5173
5303
1596
9516
1135
1151
1369
7041
3184
17863
3880
12189
1456
3130
743
27324
1179
1476
3345
2235
1671
350
7675
1590
2213
13958
1960
4617
5186
1926
1357
931
1140
1064
1137
1597
2410
1983
1525
2032
9950
817
2064
596
10864
764
782
4248
1012
5503
3176
1380
4147
875
662
6277
1322
1039
1618
665
1739
2116
2678
1441
3718
7852
8389
1833
5474
6269
5767
10466
11050
12621
6737
5693
9540
4993
1663
13752
3357
2564
36276
23150
30538
2573
2842
16025
20471
14482
1769
4780
3623
8734
1854
837
1010
35818
4225
3155
8642
2664
1925
2116
3857
3730
1288
1671
3809
6402
627
1392
2465
8160
4546
2463
2224
527
581
633
408
517
283
998
464
106
668
167
2614
1799
1275
189
168
975
929
529
4241
195
896
6081
180
511
807
883
569
2707
0
0
0
586
8009
481
1302
8475
731
397
6059
556
987
631
5831
1615
8140
619
1554
965
1633
1009
2137
1268
789
2217
1748
2754
1154
1204
716
676
4693
2049
1029
833
1074
1060
843
6054
1395
1031
839
2679
1282
592
2090
1300
3646
1463
901
2786
573
6808
429
995
27549
619
902
3040
5913
996
1355
1004
510
495
1650
18533
2462
993
2112
6499
4372
1525
1314
2784
699
3665
701
1959
1154
11788
30864
2210
5198
1578
1332
3752
2430
1349
1970
726
2940
7725
2597
4655
2918
1378
1026
8891
10760
4341
3906
4398
3744
9630
1741
6270
2890
659
1105
1319
1376
7957
948
1471
1168
3952
4780
2507
3561
5910
6481
1305
2346
2528
2776
1410
7376
4486
2129
25510
508
300
452
539
411
3084
355
450
773
2234
2190
2407
761
13891
1249
259
411
473
966
653
1354
2215
954
2368
605
328
150
2189
3720
908
586
8009
481
0
0
0
901
48
79
512
1109
1150
1522
487
280
878
675
3973
511
634
1307
620
593
1092
1118
686
1137
21235
3441
3732
1115
612
666
1382
861
327
810
978
1968
1284
929
8083
2864
1688
12927
3712
933
2202
484
3220
2785
932
2576
517
1805
1126
3744
30063
457
1111
999
3532
794
804
427
5185
913
3159
1790
3207
1608
660
1023
1764
2991
4510
7539
815
1135
33947
1741
1659
1331
1276
1399
7073
4766
2681
16994
2339
18508
817
2537
1362
4045
1005
3317
13068
13894
2425
3699
2629
6050
4614
1980
1392
1994
1261
510
12823
3818
4050
9872
2840
1160
2725
2370
2585
681
425
2707
4125
7328
4383
12429
8495
1152
3065
2387
1629
1688
1193
497
942
1801
110
1277
455
599
8445
770
271
320
432
1699
3346
6602
579
801
347
786
450
1013
1348
1274
1172
308
202
491
451
1211
560
1302
8475
731
901
48
79
0
0
0
2053
571
2102
455
716
983
10365
437
1184
20700
760
1304
3491
819
390
366
663
846
1301
1461
996
505
340
396
2042
329
2052
1483
959
759
4494
1021
3687
1152
721
1106
313
661
394
4712
2646
749
2270
3111
2241
1350
715
1856
564
521
416
539
17037
969
3150
1305
496
2816
987
1431
36077
1538
1414
1024
3150
5425
50653
3569
1231
12378
21954
8919
8489
3547
977
1711
5557
7274
2658
1102
2191
2306
3171
1894
1261
2720
41712
3622
1757
3130
547
5147
4027
1544
2909
3153
5273
2347
1303
856
2948
2456
33234
14444
2259
7719
89878
7196
2253
3320
5693
2424
1020
22219
23618
3986
2757
2812
17851
1224
1604
5109
2162
1423
729
1541
1511
2285
1286
1504
6122
1081
738
1845
3548
641
3053
1975
650
643
4137
1185
2261
1639
11158
5960
1695
500
371
1091
894
7742
727
397
6059
556
512
1109
1150
2053
571
2102
0
0
0
192
232
319
743
3263
3592
972
1481
2679
1683
520
1375
455
1614
1850
2821
13226
2362
1163
1636
679
1413
3275
3443
1013
1210
2123
5076
3020
1913
665
2480
872
1595
3518
4918
3325
3008
16811
2352
1689
2381
4824
3355
7510
1695
7966
1467
980
1689
2637
13771
1365
3311
1083
1909
647
851
2391
1571
2748
2839
4665
929
6973
302
4289
1103
10063
1140
3200
966
1228
1010
1886
5485
5009
15821
2609
5041
27685
3354
2580
19656
11066
3879
11091
17230
2676
3506
14511
1672
7939
5426
2530
2403
2036
4607
2307
3433
3831
2243
1797
22003
1251
1038
1091
3482
8671
2619
1646
10832
1672
3386
1415
1950
2247
961
3008
9933
36643
492
219
1482
969
627
809
764
2621
960
1457
711
1546
1566
1486
861
871
1379
3350
727
12569
1723
11839
3653
1086
1626
410
855
7928
503
987
631
5831
1522
487
280
455
716
983
192
232
319
0
0
0
232
1202
370
3988
1117
306
1656
1320
1540
939
4524
2975
898
3301
2946
11387
1027
2027
7415
784
2172
886
1024
1414
1984
1530
3044
7886
1827
2979
7758
1155
6623
57986
3533
5380
2721
4196
1458
1357
1585
2082
3743
3840
1865
735
894
1564
671
2565
2192
5088
2082
750
1243
7193
2420
825
2007
3914
2877
3545
6328
8410
2749
2858
1517
1565
2519
519
1418
8652
14072
3434
2017
1857
15236
8914
1248
1326
15141
6998
2851
1484
2185
1774
1205
10810
3549
2744
1321
1996
3474
1066
2931
2395
2242
1743
3020
3107
688
6048
3139
10920
3977
2707
3976
826
3364
2101
9334
1355
1268
1178
1267
1184
20326
5400
830
2013
2275
6969
1193
971
1046
1847
1086
12177
2374
2308
5220
14497
8102
3758
3827
747
1898
2965
1968
42810
3497
1121
3735
1945
2289
5173
5303
1615
8140
619
878
675
3973
10365
437
1184
743
3263
3592
232
1202
370
0
0
0
387
171
428
1106
1108
3271
1227
697
403
2390
1795
1922
930
2777
1003
1274
4823
884
17733
2804
1735
7937
1721
1927
1470
3942
1164
1026
1714
2882
13556
2002
1669
8302
6550
12783
2543
3715
557
4032
908
13094
2468
1840
3733
2448
14637
16544
2772
18346
5582
1105
1228
6963
10061
3872
2784
3992
3320
2106
59337
28849
2587
5248
13952
1947
130
588
1261
873
1093
684
2138
8854
2285
4575
4322
1674
3477
10171
78284
1452
37973
74994
4946
4230
1722
942
634
13985
5264
25939
2118
15822
3350
2890
2425
6149
3842
1946
4146
2712
100056
3585
5103
3415
6880
3144
3978
1310
14227
10694
3395
22134
1144
4617
2118
919
3590
250
870
1045
2169
3791
1716
5029
1536
5861
2649
462
861
490
1764
1871
1892
1624
1386
727
2442
1492
2686
1596
9516
1135
1554
965
1633
511
634
1307
20700
760
1304
972
1481
2679
3988
1117
306
387
171
428
0
0
0
324
307
4936
938
1152
389
441
572
8521
13328
283
633
2001
2213
1218
1220
3570
596
1193
8185
27880
1132
1196
3528
6587
869
862
11550
3522
12045
909
41456
23527
1866
1828
1454
20167
4788
3380
962
13376
8213
2136
5733
614
3433
3639
31605
1835
5017
68785
2912
4297
1600
2033
1461
2943
9553
1212
10819
2676
1471
1182
799
1095
887
838
896
15075
10192
1248
19452
2789
1699
2788
3306
7994
4940
3228
2489
2484
5120
37277
7030
405
3984
12115
1607
6096
1549
3142
2391
10849
1557
2666
2376
2671
2637
2731
6849
4863
5197
15461
1095
2734
13045
1723
7585
1473
421
3069
1232
6626
5971
4373
1195
794
1034
923
545
5280
5887
1194
3155
5946
15550
3190
1223
3371
1482
1626
3348
5261
1817
19219
1036
410
3695
1151
1369
7041
1009
2137
1268
620
593
1092
3491
819
390
1683
520
1375
1656
1320
1540
1106
1108
3271
324
307
4936
0
0
0
1105
1887
807
2237
945
1658
578
1034
621
3981
1110
2225
4896
7908
4847
1801
4238
9466
6161
1921
2307
717
1411
5747
895
34195
18071
1872
2243
2260
1597
703
1701
8124
19588
958
4684
1906
6620
1758
3103
8795
763
22210
1065
1009
3361
4454
21744
23224
1561
2666
3204
2074
7271
3038
5108
1866
2058
1134
215
1029
186
1151
715
812
7516
1717
3052
1704
1708
1586
3698
5602
2898
794
1714
16284
2077
5424
1447
1062
1279
11624
8032
5925
2523
4219
18309
16057
7772
21042
9728
1700
3304
4899
8306
10107
4708
24301
6774
4052
2276
3497
2103
15854
797
1154
801
1183
2505
1674
1649
384
1276
1052
1319
23617
709
2159
3270
1108
15407
1137
1637
9251
2781
5251
1821
1485
1439
954
966
8601
969
3184
17863
3880
789
2217
1748
1118
686
1137
366
663
846
455
1614
1850
939
4524
2975
1227
697
403
938
1152
389
1105
1887
807
0
0
0
393
358
439
112
122
123
601
1113
321
1604
1826
1223
407
505
365
290
130
900
3811
990
1917
2111
1461
9513
1874
3326
1328
298
823
707
3521
2254
1598
1592
18887
7304
966
2483
5362
797
3174
1884
3747
2220
1147
6273
2746
2554
779
1676
54476
6508
1532
5581
28272
17343
2047
1603
423
2167
2383
1111
677
2396
2342
6546
2895
1313
4495
16324
11867
2330
1187
1468
4822
2907
1480
1869
403
425
784
1321
522
866
2411
15817
725
53578
1895
1721
968
17152
894
2689
7505
3014
47287
2722
1382
1949
880
2408
2284
528
6026
569
468
666
13408
8698
596
1200
3954
1564
3110
3608
1777
1834
26194
4140
5755
10241
4173
1016
1107
3992
1757
1378
1252
5095
1375
2124
12189
1456
3130
2754
1154
1204
21235
3441
3732
1301
1461
996
2821
13226
2362
898
3301
2946
2390
1795
1922
441
572
8521
2237
945
1658
393
358
439
0
0
0
620
776
1339
1255
2066
1341
672
3173
1340
612
295
579
591
1568
3465
1760
1978
1082
2705
3199
1437
1874
945
6993
2302
1440
5222
32535
47035
8317
11878
1467
4394
2043
1450
7118
5937
9524
2094
3588
4706
2449
3384
1273
6135
10850
5099
7908
4035
1936
4127
2129
1498
3219
1251
3492
1711
2272
549
7607
3919
1072
6923
10287
35060
27384
1739
2217
2683
3010
1259
302
882
11895
1468
118
198
176
3622
1316
429
7726
2190
2934
48318
2953
19657
2190
2650
1200
1392
3377
986
23554
2406
21049
8079
2741
4165
928
469
746
1361
2617
591
1931
4088
1197
1452
3851
948
865
1161
1519
3639
2347
2237
2100
2086
1163
845
5557
47102
10102
1166
999
1220
5796
2414
743
27324
1179
716
676
4693
1115
612
666
505
340
396
1163
1636
679
11387
1027
2027
930
2777
1003
13328
283
633
578
1034
621
112
122
123
620
776
1339
0
0
0
2336
724
318
259
438
5381
370
255
499
289
1325
377
1589
12317
1238
1047
3466
1749
12779
573
1126
633
999
2870
2501
1617
37878
433
23264
579
1294
924
858
7074
1319
7650
3021
1961
12829
3107
17520
2544
1488
795
76325
7382
1502
1827
14092
15843
2176
2466
875
9424
4638
2818
1812
3085
20418
21650
882
2584
4367
2997
3724
15516
2355
995
1481
17544
5050
2148
680
1159
398
1020
1302
6110
1573
6736
1638
1989
69985
40658
1822
4231
1344
8618
1049
9099
12477
1609
10995
2718
35734
8480
2621
965
650
972
3071
2825
594
1061
1208
393
608
1515
2506
1124
1199
3427
2168
4478
524
2672
3958
3509
3843
4672
496
864
732
2079
498
11209
1476
3345
2235
2049
1029
833
1382
861
327
2042
329
2052
1413
3275
3443
7415
784
2172
1274
4823
884
2001
2213
1218
3981
1110
2225
601
1113
321
1255
2066
1341
2336
724
318
0
0
0
754
653
1154
188
7255
309
1091
246
97
664
424
1762
4581
514
795
856
1559
425
162
740
1821
426
464
650
1884
498
1912
593
862
296
4181
1796
5222
3714
3708
2030
4042
21465
1299
2618
1724
6502
1370
2932
1559
4187
5448
2066
1617
2040
45107
4463
5463
4977
8798
4511
1779
3140
2792
2862
2716
807
2044
419
2229
1157
1546
3038
8809
537
1246
2224
800
7671
343
2675
2152
1791
2973
4117
18193
6450
2940
2651
994
1660
1140
15895
2502
2109
1504
1538
4052
14954
3087
3438
383
309
413
232
220
144
186
544
240
926
6201
1514
5274
1394
2923
1284
685
800
432
9365
4850
3690
622
677
530
487
2467
1671
350
7675
1074
1060
843
810
978
1968
1483
959
759
1013
1210
2123
886
1024
1414
17733
2804
1735
1220
3570
596
4896
7908
4847
1604
1826
1223
672
3173
1340
259
438
5381
754
653
1154
0
0
0
368
506
692
167
529
139
643
366
705
9926
6935
539
1607
3777
571
907
333
251
694
387
1359
1612
1615
502
4226
866
538
1875
2033
3363
2488
943
3115
5660
1654
2911
14283
903
569
1979
1419
1485
11688
1961
12223
845
8256
1520
16158
3482
1873
1630
2160
4812
2187
1075
6436
4788
5749
3135
2526
2143
2630
1954
18609
5050
13986
334
1164
444
527
995
11311
6675
2645
2069
930
6548
1536
2583
3098
3406
6560
1831
6558
3148
1938
3511
5967
665
1155
890
1416
786
419
1431
956
1972
1657
809
1266
214
2689
1287
6917
1606
4377
3470
1362
1294
20044
5653
2060
1371
2089
744
2749
15087
1182
807
1590
2213
13958
6054
1395
1031
1284
929
8083
4494
1021
3687
5076
3020
1913
1984
1530
3044
7937
1721
1927
1193
8185
27880
1801
4238
9466
407
505
365
612
295
579
370
255
499
188
7255
309
368
506
692
0
0
0
171
116
503
1439
1545
649
1152
2536
939
845
991
1881
770
3836
838
519
16599
5539
2399
10347
1516
771
1118
2428
3820
3790
1765
2968
2314
3602
5591
9826
2249
3776
4806
11252
15977
1211
2776
2634
4074
2619
1630
892
1819
11060
32771
2600
10452
2936
3877
1483
9223
3379
642
807
679
975
5521
2260
3248
1412
1503
1656
5708
481
1162
403
466
1802
2966
2340
19800
2632
2643
2692
473
3730
8020
1665
2850
4638
3484
1364
32980
2302
1359
846
9280
1624
2321
1444
337
1383
1815
2531
963
576
520
4939
2545
2263
1490
2902
18800
19931
828
5097
1065
14890
1111
1027
1299
970
1869
13985
1619
1960
4617
5186
839
2679
1282
2864
1688
12927
1152
721
1106
665
2480
872
7886
1827
2979
1470
3942
1164
1132
1196
3528
6161
1921
2307
290
130
900
591
1568
3465
289
1325
377
1091
246
97
167
529
139
171
116
503
0
0
0
8968
9000
674
2889
465
539
3635
1747
678
2844
829
356
590
1076
1966
1882
1167
4628
582
1052
486
5533
23826
12972
2400
1438
2315
3885
5722
2311
2413
3910
13816
1269
2424
1606
9383
3708
4208
1457
2410
4597
1006
3074
13338
6520
1236
13537
2097
23889
3081
667
3516
1394
1059
1058
2003
1516
2836
929
699
944
447
584
1012
887
20550
2675
2737
1680
1412
3971
2545
495
893
2540
2737
1629
43576
18023
2738
6745
998
11024
851
4382
980
850
280
468
235
160
4650
815
260
1111
10091
346
1788
1389
1133
627
1869
637
521
5494
1609
522
699
371
2916
389
530
307
1926
1357
931
592
2090
1300
3712
933
2202
313
661
394
1595
3518
4918
7758
1155
6623
1026
1714
2882
6587
869
862
717
1411
5747
3811
990
1917
1760
1978
1082
1589
12317
1238
664
424
1762
643
366
705
1439
1545
649
8968
9000
674
0
0
0
1316
375
422
769
759
456
1554
191
449
1223
346
1302
256
333
610
277
401
218
1418
4931
10241
2800
3161
12421
8521
10705
17222
1486
1862
2765
3015
859
1278
3184
4238
3406
1387
5685
2445
9312
2654
6218
1364
3414
2633
2122
5791
6103
2168
1328
4738
3099
3303
1100
4398
2334
3125
1928
1403
1571
10483
521
5798
1898
1566
35833
1270
6086
1471
1349
2333
408
1850
2942
934
13882
1775
12874
16057
907
2285
3720
3340
2765
894
1974
6463
2038
1068
13439
1040
1099
5437
474
707
2295
1902
7529
1483
1074
780
3429
26847
785
633
3224
1507
685
2055
1645
1211
1140
1064
1137
3646
1463
901
484
3220
2785
4712
2646
749
3325
3008
16811
57986
3533
5380
13556
2002
1669
11550
3522
12045
895
34195
18071
2111
1461
9513
2705
3199
1437
1047
3466
1749
4581
514
795
9926
6935
539
1152
2536
939
2889
465
539
1316
375
422
0
0
0
1524
332
286
1279
4342
354
1198
819
476
481
448
396
338
1342
3294
2806
1237
8107
5003
3478
8740
1967
5102
1059
3657
25465
1924
1031
5269
2673
5131
4553
4773
3084
1641
43425
53339
9972
26054
12860
8977
3329
1879
4047
3553
2123
1348
1700
1524
2903
1703
1333
1134
356
2744
2055
3344
1454
1838
3103
1568
3474
2482
8575
535
1216
161
143
447
620
3352
363
1099
3769
1313
1374
5154
1228
2050
4079
1062
655
1104
2298
1401
853
734
1718
14061
421
1076
2570
3019
3306
1399
4638
665
10631
828
640
1458
1137
1942
1001
6261
1000
1029
10035
1597
2410
1983
2786
573
6808
932
2576
517
2270
3111
2241
2352
1689
2381
2721
4196
1458
8302
6550
12783
909
41456
23527
1872
2243
2260
1874
3326
1328
1874
945
6993
12779
573
1126
856
1559
425
1607
3777
571
845
991
1881
3635
1747
678
769
759
456
1524
332
286
0
0
0
521
1441
321
472
948
1174
561
326
2149
815
1651
3423
4044
3144
1995
5461
4178
11691
3343
3777
4934
7743
10614
6155
343
1471
1327
19823
5168
7452
4468
1588
5899
2301
9501
5709
4456
2471
13725
1963
1415
3369
7391
607
2095
3264
7006
1805
931
738
2016
615
3862
4583
576
291
1853
2556
23919
2407
1188
28801
1037
546
374
241
1396
1525
2408
9760
9145
3141
3846
994
4727
28183
1240
16091
553
2611
1427
3947
501
1614
3330
566
1977
2631
486
19472
12009
32445
1577
440
451
781
1014
1287
845
2515
482
1807
425
979
847
1525
2032
9950
429
995
27549
1805
1126
3744
1350
715
1856
4824
3355
7510
1357
1585
2082
2543
3715
557
1866
1828
1454
1597
703
1701
298
823
707
2302
1440
5222
633
999
2870
162
740
1821
907
333
251
770
3836
838
2844
829
356
1554
191
449
1279
4342
354
521
1441
321
0
0
0
264
429
707
954
7191
218
947
1251
449
1479
3838
4491
6954
1292
2500
2589
1930
7684
3168
797
24679
1204
745
1620
8921
15505
3473
1828
8804
2984
1904
5334
5665
5953
10927
3031
1944
1291
2936
751
475
1798
2776
3132
1663
2992
15663
1375
557
48383
1342
2495
2921
8021
6660
2375
869
1030
1234
3135
977
918
2257
1625
3523
1788
1242
7328
1932
708
1656
12635
3086
8106
4432
928
1570
7659
2508
646
646
5489
7914
462
572
7942
1498
1247
8716
426
1373
340
3040
904
569
3430
2858
500
509
9375
3225
767
817
2064
596
619
902
3040
30063
457
1111
564
521
416
1695
7966
1467
3743
3840
1865
4032
908
13094
20167
4788
3380
8124
19588
958
3521
2254
1598
32535
47035
8317
2501
1617
37878
426
464
650
694
387
1359
519
16599
5539
590
1076
1966
1223
346
1302
1198
819
476
472
948
1174
264
429
707
0
0
0
110
301
119
859
199
879
3476
1423
3305
1982
1903
512
7334
2350
33866
1116
2134
23810
929
1791
901
5271
1987
11039
9162
3268
2934
2032
3457
948
10995
3207
3545
535
2389
7605
876
3090
1190
3981
1269
8651
2221
3472
3639
1582
1543
2687
2720
1998
960
1003
2418
754
1947
862
543
6206
832
699
601
1707
719
1817
950
3018
6545
1090
419
10649
10070
8405
718
1200
508
742
477
1337
629
561
559
440
394
1106
705
922
588
624
791
756
736
959
1362
2196
2970
3927
10690
353
1969
10864
764
782
5913
996
1355
999
3532
794
539
17037
969
980
1689
2637
735
894
1564
2468
1840
3733
962
13376
8213
4684
1906
6620
1592
18887
7304
11878
1467
4394
433
23264
579
1884
498
1912
1612
1615
502
2399
10347
1516
1882
1167
4628
256
333
610
481
448
396
561
326
2149
954
7191
218
110
301
119
0
0
0
423
270
198
6737
2839
6409
927
5521
869
2275
4332
2929
3285
1198
2079
1902
613
2435
16751
3775
4598
2195
1713
9333
5337
3207
3408
5205
10356
7992
8305
5071
488
1923
1223
2418
23298
19301
944
6959
3385
3395
667
3720
4638
2547
2345
21709
752
784
1350
1839
6095
2131
1101
15291
3990
5355
8358
1147
2045
4400
1958
373
451
2088
4825
4043
2954
1661
1379
2630
2503
4236
6122
365
1656
689
519
5556
521
1505
1517
7418
148
884
225
3252
1348
338
984
318
830
1789
3152
857
4248
1012
5503
1004
510
495
804
427
5185
3150
1305
496
13771
1365
3311
671
2565
2192
2448
14637
16544
2136
5733
614
1758
3103
8795
966
2483
5362
2043
1450
7118
1294
924
858
593
862
296
4226
866
538
771
1118
2428
582
1052
486
277
401
218
338
1342
3294
815
1651
3423
947
1251
449
859
199
879
423
270
198
0
0
0
1462
2011
4119
2161
18088
735
4236
3515
4007
1688
11969
15321
1056
1151
352
3835
1513
4176
1578
1228
4797
49533
4026
11898
27264
8762
1088
3608
6226
850
1193
3632
1161
2282
3209
2977
1392
2464
11849
885
19040
4128
1432
2517
3296
4109
2226
1397
2294
1528
7971
1821
848
1245
7167
2151
2112
1655
756
4590
810
2266
1218
1032
2310
2854
1310
3978
3378
2487
6052
1672
9572
4815
2225
3100
8618
2903
1389
3257
2993
6562
1249
3949
5683
868
5936
10447
1748
1296
2908
1393
1652
3176
1380
4147
1650
18533
2462
913
3159
1790
2816
987
1431
1083
1909
647
5088
2082
750
2772
18346
5582
3433
3639
31605
763
22210
1065
797
3174
1884
5937
9524
2094
7074
1319
7650
4181
1796
5222
1875
2033
3363
3820
3790
1765
5533
23826
12972
1418
4931
10241
2806
1237
8107
4044
3144
1995
1479
3838
4491
3476
1423
3305
6737
2839
6409
1462
2011
4119
0
0
0
6015
2840
790
2269
3482
1906
957
374
3545
3539
8481
2866
1964
1402
4157
3065
6729
1603
3521
6077
1794
4177
2696
632
831
1574
3846
1635
6731
19526
3815
3817
2928
5234
8387
4303
2839
2228
15027
1205
3685
4277
4569
1258
2470
3884
2266
19939
15087
2808
4975
6386
5419
5400
1924
22892
4622
22209
2078
16834
4074
12450
2025
1164
3703
2101
3240
1124
1207
1250
1279
2223
885
1006
476
120
753
316
7203
1388
1732
6234
4863
1434
897
3422
1204
3383
1613
8757
875
662
6277
993
2112
6499
3207
1608
660
36077
1538
1414
851
2391
1571
1243
7193
2420
1105
1228
6963
1835
5017
68785
1009
3361
4454
3747
2220
1147
3588
4706
2449
3021
1961
12829
3714
3708
2030
2488
943
3115
2968
2314
3602
2400
1438
2315
2800
3161
12421
5003
3478
8740
5461
4178
11691
6954
1292
2500
1982
1903
512
927
5521
869
2161
18088
735
6015
2840
790
0
0
0
807
629
1893
448
289
796
6661
2819
1721
1514
5830
21749
1738
3659
3219
8556
1748
3799
3316
1018
2524
4705
508
241
4671
4211
3543
8610
4536
8108
12095
3215
2559
2501
4797
3443
2305
4314
3727
786
1908
8767
6406
15207
2711
3909
756
1593
10723
5558
2899
842
2409
3524
391
2095
7496
2656
19780
6164
15038
868
1207
6363
1201
3961
5256
1309
5094
1783
1634
2214
439
787
381
1003
605
15521
1633
1140
904
1647
12387
2349
13866
882
2121
1322
1039
1618
4372
1525
1314
1023
1764
2991
1024
3150
5425
2748
2839
4665
825
2007
3914
10061
3872
2784
2912
4297
1600
21744
23224
1561
6273
2746
2554
3384
1273
6135
3107
17520
2544
4042
21465
1299
5660
1654
2911
5591
9826
2249
3885
5722
2311
8521
10705
17222
1967
5102
1059
3343
3777
4934
2589
1930
7684
7334
2350
33866
2275
4332
2929
4236
3515
4007
2269
3482
1906
807
629
1893
0
0
0
275
523
1409
2827
2062
3320
6477
3146
2640
4021
3378
2699
1609
2141
5261
1215
2119
4110
816
613
968
7121
15512
11789
4817
8206
53607
5996
8914
8599
46928
23285
1916
3445
3286
7407
3755
1281
1929
8837
9483
30352
780
3098
2415
3037
2990
25894
2890
5053
874
1122
4970
1235
25233
10575
33916
1940
2511
7182
4617
2321
3559
1104
2719
5825
4321
1830
648
8956
1381
451
6151
1051
4551
1224
438
1725
1512
700
1678
4399
5703
3357
665
1739
2116
2784
699
3665
4510
7539
815
50653
3569
1231
929
6973
302
2877
3545
6328
3992
3320
2106
2033
1461
2943
2666
3204
2074
779
1676
54476
10850
5099
7908
1488
795
76325
2618
1724
6502
14283
903
569
3776
4806
11252
2413
3910
13816
1486
1862
2765
3657
25465
1924
7743
10614
6155
3168
797
24679
1116
2134
23810
3285
1198
2079
1688
11969
15321
957
374
3545
448
289
796
275
523
1409
0
0
0
1893
881
2111
15440
19667
2084
6069
4950
2703
2554
5598
2662
2039
5370
1429
849
511
1399
2914
3069
5412
31093
8133
8751
2671
2138
3963
2444
2167
12867
5404
7686
6313
3970
361
2316
44881
1671
7151
2379
1244
24707
1576
4013
11499
19726
11480
4702
643
542
1737
2231
5048
4179
1456
1203
1652
4808
4228
1273
1211
2696
1852
9506
7431
8079
890
1595
1438
1324
1748
662
2960
5394
1038
5081
860
496
9134
889
2124
2678
1441
3718
701
1959
1154
1135
33947
1741
12378
21954
8919
4289
1103
10063
8410
2749
2858
59337
28849
2587
9553
1212
10819
7271
3038
5108
6508
1532
5581
4035
1936
4127
7382
1502
1827
1370
2932
1559
1979
1419
1485
15977
1211
2776
1269
2424
1606
3015
859
1278
1031
5269
2673
343
1471
1327
1204
745
1620
929
1791
901
1902
613
2435
1056
1151
352
3539
8481
2866
6661
2819
1721
2827
2062
3320
1893
881
2111
0
0
0
3643
6170
10285
1043
3847
10056
7152
1980
5913
4564
12817
3274
1730
859
1635
15006
14137
1755
3012
40987
6423
1372
6906
8089
2228
3692
7485
3873
1766
3614
2418
2972
5467
1330
1065
1314
56
86
116
1069
672
8363
488
5513
2970
1533
890
656
3001
3511
2751
1355
690
2157
1849
5666
36998
1983
2206
3758
6768
12527
3743
5458
8490
11634
14806
1884
6165
4002
3396
6545
3422
1333
5670
2678
5096
2740
7852
8389
1833
11788
30864
2210
1659
1331
1276
8489
3547
977
1140
3200
966
1517
1565
2519
5248
13952
1947
2676
1471
1182
1866
2058
1134
28272
17343
2047
2129
1498
3219
14092
15843
2176
4187
5448
2066
11688
1961
12223
2634
4074
2619
9383
3708
4208
3184
4238
3406
5131
4553
4773
19823
5168
7452
8921
15505
3473
5271
1987
11039
16751
3775
4598
3835
1513
4176
1964
1402
4157
1514
5830
21749
6477
3146
2640
15440
19667
2084
3643
6170
10285
0
0
0
3134
481
7906
5964
1264
3752
4117
10411
1990
8396
13506
4869
3427
7255
5863
2384
32599
3168
2228
3975
4687
6520
22507
1906
6068
2052
21606
52429
2986
2270
3546
13522
5704
2117
3607
49363
1639
9348
4038
6627
3028
24960
6636
8270
1514
6184
1735
1099
4466
16447
30881
922
2875
6266
876
8290
1092
941
1710
1280
7445
3227
1019
1958
3756
1428
2554
3254
2095
3878
1702
3382
1805
8588
2185
5474
6269
5767
5198
1578
1332
1399
7073
4766
1711
5557
7274
1228
1010
1886
519
1418
8652
130
588
1261
799
1095
887
215
1029
186
1603
423
2167
1251
3492
1711
2466
875
9424
1617
2040
45107
845
8256
1520
1630
892
1819
1457
2410
4597
1387
5685
2445
3084
1641
43425
4468
1588
5899
1828
8804
2984
9162
3268
2934
2195
1713
9333
1578
1228
4797
3065
6729
1603
1738
3659
3219
4021
3378
2699
6069
4950
2703
1043
3847
10056
3134
481
7906
0
0
0
1275
3214
750
4916
1250
2550
3004
1745
3807
2344
15518
3673
7395
1143
3711
1081
16903
15309
1280
1796
2295
1594
22084
6050
5370
1809
5726
7005
17374
2412
1571
2960
19202
2965
4269
13481
5132
14612
5242
3749
3352
2021
13457
1535
3153
4075
1844
1771
5272
1343
2030
10403
4513
7922
1627
14799
25757
2267
3718
1825
2740
3007
3460
4582
1362
3773
1634
7019
7281
1071
4798
768
10466
11050
12621
3752
2430
1349
2681
16994
2339
2658
1102
2191
5485
5009
15821
14072
3434
2017
873
1093
684
838
896
15075
1151
715
812
2383
1111
677
2272
549
7607
4638
2818
1812
4463
5463
4977
16158
3482
1873
11060
32771
2600
1006
3074
13338
9312
2654
6218
53339
9972
26054
2301
9501
5709
1904
5334
5665
2032
3457
948
5337
3207
3408
49533
4026
11898
3521
6077
1794
8556
1748
3799
1609
2141
5261
2554
5598
2662
7152
1980
5913
5964
1264
3752
1275
3214
750
0
0
0
2097
3326
1348
3850
5883
8624
7299
3359
1901
4225
3218
799
1973
1633
21595
4035
28033
2441
2471
1533
1097
3187
1840
2671
4973
29074
1954
3045
7503
4319
2666
9768
5577
14734
188515
20969
5713
5701
5595
942
3624
3811
7684
2240
41358
44839
6171
4714
4173
18303
1277
2766
2541
6099
1766
2579
12325
39154
1937
982
4755
4088
1796
3290
10526
1744
2300
1297
9299
6737
5693
9540
1970
726
2940
18508
817
2537
2306
3171
1894
2609
5041
27685
1857
15236
8914
2138
8854
2285
10192
1248
19452
7516
1717
3052
2396
2342
6546
3919
1072
6923
3085
20418
21650
8798
4511
1779
1630
2160
4812
10452
2936
3877
6520
1236
13537
1364
3414
2633
12860
8977
3329
4456
2471
13725
5953
10927
3031
10995
3207
3545
5205
10356
7992
27264
8762
1088
4177
2696
632
3316
1018
2524
1215
2119
4110
2039
5370
1429
4564
12817
3274
4117
10411
1990
4916
1250
2550
2097
3326
1348
0
0
0
4650
2392
5146
7491
23037
811
1670
5056
1390
16650
8485
7488
3098
2832
24018
2238
118619
3882
4674
2196
2725
6851
2331
49096
4851
5966
17077
4443
3933
14319
6308
9762
4512
9372
11978
5733
4626
6803
18224
1902
2389
1643
881
2167
5143
2649
7336
578
782
2427
7508
655
101
2713
1413
2620
2615
471
1307
7524
1631
718
1494
4642
5451
2117
4993
1663
13752
7725
2597
4655
1362
4045
1005
1261
2720
41712
3354
2580
19656
1248
1326
15141
4575
4322
1674
2789
1699
2788
1704
1708
1586
2895
1313
4495
10287
35060
27384
882
2584
4367
3140
2792
2862
2187
1075
6436
1483
9223
3379
2097
23889
3081
2122
5791
6103
1879
4047
3553
1963
1415
3369
1944
1291
2936
535
2389
7605
8305
5071
488
3608
6226
850
831
1574
3846
4705
508
241
816
613
968
849
511
1399
1730
859
1635
8396
13506
4869
3004
1745
3807
3850
5883
8624
4650
2392
5146
0
0
0
4763
1935
69861
12929
14517
1677
5698
4401
4076
2480
6475
30816
826
4111
7210
1626
474
749
16380
7327
752
734
4265
1620
9153
2837
1877
1082
974
3621
365
831
527
1967
3630
2539
9778
3162
2406
1776
12017
1216
688
1381
1389
2294
2621
1770
5680
3119
17321
867
1624
2065
2127
2228
2990
2827
2033
1373
1033
726
1979
3357
2564
36276
2918
1378
1026
3317
13068
13894
3622
1757
3130
11066
3879
11091
6998
2851
1484
3477
10171
78284
3306
7994
4940
3698
5602
2898
16324
11867
2330
1739
2217
2683
2997
3724
15516
2716
807
2044
4788
5749
3135
642
807
679
667
3516
1394
2168
1328
4738
2123
1348
1700
7391
607
2095
751
475
1798
876
3090
1190
1923
1223
2418
1193
3632
1161
1635
6731
19526
4671
4211
3543
7121
15512
11789
2914
3069
5412
15006
14137
1755
3427
7255
5863
2344
15518
3673
7299
3359
1901
7491
23037
811
4763
1935
69861
0
0
0
1336
1278
2006
413
841
730
2295
821
930
311
246
604
2137
1576
1720
4478
9284
3461
3813
591
1849
828
1634
812
13503
7306
14415
3728
2374
2242
1462
4882
1933
1849
2099
2737
4800
28780
2774
10728
2400
2816
3274
13991
8331
2959
2764
2204
48655
1900
2889
35136
11779
45244
5675
2763
849
2320
2042
3619
23150
30538
2573
8891
10760
4341
2425
3699
2629
547
5147
4027
17230
2676
3506
2185
1774
1205
1452
37973
74994
3228
2489
2484
794
1714
16284
1187
1468
4822
3010
1259
302
2355
995
1481
419
2229
1157
2526
2143
2630
975
5521
2260
1059
1058
2003
3099
3303
1100
1524
2903
1703
3264
7006
1805
2776
3132
1663
3981
1269
8651
23298
19301
944
2282
3209
2977
3815
3817
2928
8610
4536
8108
4817
8206
53607
31093
8133
8751
3012
40987
6423
2384
32599
3168
7395
1143
3711
4225
3218
799
1670
5056
1390
12929
14517
1677
1336
1278
2006
0
0
0
1511
1342
9979
10744
3829
427
2644
2209
1052
20257
4636
1506
4243
18437
2365
1055
5991
11482
2369
31122
2882
5551
1411
7661
2044
7471
1386
2029
217
307
66579
3465
4021
1581
1660
3894
1105
1133
9197
12453
2151
17977
30699
2417
5119
7998
3491
1467
8255
1714
5831
3090
7112
2909
10267
5872
1337
2842
16025
20471
3906
4398
3744
6050
4614
1980
1544
2909
3153
14511
1672
7939
10810
3549
2744
4946
4230
1722
5120
37277
7030
2077
5424
1447
2907
1480
1869
882
11895
1468
17544
5050
2148
1546
3038
8809
1954
18609
5050
3248
1412
1503
1516
2836
929
4398
2334
3125
1333
1134
356
931
738
2016
2992
15663
1375
2221
3472
3639
6959
3385
3395
1392
2464
11849
5234
8387
4303
12095
3215
2559
5996
8914
8599
2671
2138
3963
1372
6906
8089
2228
3975
4687
1081
16903
15309
1973
1633
21595
16650
8485
7488
5698
4401
4076
413
841
730
1511
1342
9979
0
0
0
11953
36267
1960
12297
2521
1233
2872
3830
6133
2653
3851
3486
8580
14127
3011
1524
8991
4794
16722
6228
2275
1285
32805
5185
2105
1824
2257
1733
1743
647
1215
3883
973
1472
1536
1869
735
4723
3039
2465
5917
12758
1709
10802
1054
7480
4954
3734
1319
1289
2200
7945
2508
6305
14482
1769
4780
9630
1741
6270
1392
1994
1261
5273
2347
1303
5426
2530
2403
1321
1996
3474
942
634
13985
405
3984
12115
1062
1279
11624
403
425
784
118
198
176
680
1159
398
537
1246
2224
13986
334
1164
1656
5708
481
699
944
447
1928
1403
1571
2744
2055
3344
615
3862
4583
557
48383
1342
1582
1543
2687
667
3720
4638
885
19040
4128
2839
2228
15027
2501
4797
3443
46928
23285
1916
2444
2167
12867
2228
3692
7485
6520
22507
1906
1280
1796
2295
4035
28033
2441
3098
2832
24018
2480
6475
30816
2295
821
930
10744
3829
427
11953
36267
1960
0
0
0
587
2005
723
4201
3411
1455
3037
1989
3565
1292
3126
1961
4548
1952
1395
6639
3028
2031
29671
2581
1068
8949
11599
4012
3142
1393
11478
2135
779
1104
1423
2333
3666
2013
2211
17201
11114
21609
3509
2014
1504
1053
833
1255
28614
7770
18457
3201
1974
4284
1001
3623
8734
1854
2890
659
1105
510
12823
3818
856
2948
2456
2036
4607
2307
1066
2931
2395
5264
25939
2118
1607
6096
1549
8032
5925
2523
1321
522
866
3622
1316
429
1020
1302
6110
800
7671
343
444
527
995
1162
403
466
584
1012
887
10483
521
5798
1454
1838
3103
576
291
1853
2495
2921
8021
2720
1998
960
2547
2345
21709
1432
2517
3296
1205
3685
4277
2305
4314
3727
3445
3286
7407
5404
7686
6313
3873
1766
3614
6068
2052
21606
1594
22084
6050
2471
1533
1097
2238
118619
3882
826
4111
7210
311
246
604
2644
2209
1052
12297
2521
1233
587
2005
723
0
0
0
1320
3596
1357
1020
1710
13608
14074
1380
1937
19580
1528
3368
2935
4867
6058
4964
3133
5186
1101
2127
15821
16155
1446
6484
1251
2121
1459
1048
9889
3592
2563
10463
2803
635
6231
2245
3633
1710
1673
868
1496
609
1408
6864
817
4695
9143
1412
837
1010
35818
1319
1376
7957
4050
9872
2840
33234
14444
2259
3433
3831
2243
2242
1743
3020
15822
3350
2890
3142
2391
10849
4219
18309
16057
2411
15817
725
7726
2190
2934
1573
6736
1638
2675
2152
1791
11311
6675
2645
1802
2966
2340
20550
2675
2737
1898
1566
35833
1568
3474
2482
2556
23919
2407
6660
2375
869
1003
2418
754
752
784
1350
4109
2226
1397
4569
1258
2470
786
1908
8767
3755
1281
1929
3970
361
2316
2418
2972
5467
52429
2986
2270
5370
1809
5726
3187
1840
2671
4674
2196
2725
1626
474
749
2137
1576
1720
20257
4636
1506
2872
3830
6133
4201
3411
1455
1320
3596
1357
0
0
0
695
1584
990
1953
819
2131
6727
2462
653
1078
9520
2079
423
3944
288
10492
5174
7197
3645
1953
3789
1433
1193
2083
928
2362
3613
1771
4060
2084
3285
1264
2106
1988
14967
1180
3231
486
1350
1116
1782
2983
27910
1330
3426
4225
3155
8642
948
1471
1168
1160
2725
2370
7719
89878
7196
1797
22003
1251
3107
688
6048
2425
6149
3842
1557
2666
2376
7772
21042
9728
53578
1895
1721
48318
2953
19657
1989
69985
40658
2973
4117
18193
2069
930
6548
19800
2632
2643
1680
1412
3971
1270
6086
1471
8575
535
1216
1188
28801
1037
1030
1234
3135
1947
862
543
1839
6095
2131
2294
1528
7971
3884
2266
19939
6406
15207
2711
8837
9483
30352
44881
1671
7151
1330
1065
1314
3546
13522
5704
7005
17374
2412
4973
29074
1954
6851
2331
49096
16380
7327
752
4478
9284
3461
4243
18437
2365
2653
3851
3486
3037
1989
3565
1020
1710
13608
695
1584
990
0
0
0
1563
1524
12917
1337
2019
1748
637
511
838
6715
9544
43786
4800
6106
3870
1493
3274
2168
854
1358
2746
1472
1058
6427
3557
1008
582
1038
1425
2039
1221
2032
3130
1006
1190
2543
1521
1247
1419
1078
703
1130
2664
1925
2116
3952
4780
2507
2585
681
425
2253
3320
5693
1038
1091
3482
3139
10920
3977
1946
4146
2712
2671
2637
2731
1700
3304
4899
968
17152
894
2190
2650
1200
1822
4231
1344
6450
2940
2651
1536
2583
3098
2692
473
3730
2545
495
893
1349
2333
408
161
143
447
546
374
241
977
918
2257
6206
832
699
1101
15291
3990
1821
848
1245
15087
2808
4975
3909
756
1593
780
3098
2415
2379
1244
24707
56
86
116
2117
3607
49363
1571
2960
19202
3045
7503
4319
4851
5966
17077
734
4265
1620
3813
591
1849
1055
5991
11482
8580
14127
3011
1292
3126
1961
14074
1380
1937
1953
819
2131
1563
1524
12917
0
0
0
10002
1041
1150
2595
857
999
2913
1872
924
6203
7573
1841
4439
1821
2542
1879
2659
1260
7069
1398
26905
1983
11369
9475
2280
1682
12994
27565
2817
13273
737
2078
2839
1654
5414
2419
4836
2674
7758
3857
3730
1288
3561
5910
6481
2707
4125
7328
2424
1020
22219
8671
2619
1646
2707
3976
826
100056
3585
5103
6849
4863
5197
8306
10107
4708
2689
7505
3014
1392
3377
986
8618
1049
9099
994
1660
1140
3406
6560
1831
8020
1665
2850
2540
2737
1629
1850
2942
934
620
3352
363
1396
1525
2408
1625
3523
1788
601
1707
719
5355
8358
1147
7167
2151
2112
6386
5419
5400
10723
5558
2899
3037
2990
25894
1576
4013
11499
1069
672
8363
1639
9348
4038
2965
4269
13481
2666
9768
5577
4443
3933
14319
9153
2837
1877
828
1634
812
2369
31122
2882
1524
8991
4794
4548
1952
1395
19580
1528
3368
6727
2462
653
1337
2019
1748
10002
1041
1150
0
0
0
2142
955
1850
1640
1933
7470
4659
44332
2112
3276
2039
12361
4416
5128
15016
2614
7100
1087
2082
2163
7478
6535
2082
5080
8406
4341
3855
2848
1779
1171
1245
2655
992
4659
4036
5707
1671
3809
6402
1305
2346
2528
4383
12429
8495
23618
3986
2757
10832
1672
3386
3364
2101
9334
3415
6880
3144
15461
1095
2734
24301
6774
4052
47287
2722
1382
23554
2406
21049
12477
1609
10995
15895
2502
2109
6558
3148
1938
4638
3484
1364
43576
18023
2738
13882
1775
12874
1099
3769
1313
9760
9145
3141
1242
7328
1932
1817
950
3018
2045
4400
1958
1655
756
4590
1924
22892
4622
842
2409
3524
2890
5053
874
19726
11480
4702
488
5513
2970
6627
3028
24960
5132
14612
5242
14734
188515
20969
6308
9762
4512
1082
974
3621
13503
7306
14415
5551
1411
7661
16722
6228
2275
6639
3028
2031
2935
4867
6058
1078
9520
2079
637
511
838
2595
857
999
2142
955
1850
0
0
0
600
2993
21672
2634
24489
4981
3578
1928
1789
5207
21213
1473
888
1654
7234
2269
15220
335
5842
541
847
1895
23690
470
719
283
231
230
1328
882
1229
3564
5910
627
1392
2465
2776
1410
7376
1152
3065
2387
2812
17851
1224
1415
1950
2247
1355
1268
1178
3978
1310
14227
13045
1723
7585
2276
3497
2103
1949
880
2408
8079
2741
4165
2718
35734
8480
1504
1538
4052
3511
5967
665
32980
2302
1359
6745
998
11024
16057
907
2285
1374
5154
1228
3846
994
4727
708
1656
12635
6545
1090
419
373
451
2088
810
2266
1218
22209
2078
16834
391
2095
7496
1122
4970
1235
643
542
1737
1533
890
656
6636
8270
1514
3749
3352
2021
5713
5701
5595
9372
11978
5733
365
831
527
3728
2374
2242
2044
7471
1386
1285
32805
5185
29671
2581
1068
4964
3133
5186
423
3944
288
6715
9544
43786
2913
1872
924
1640
1933
7470
600
2993
21672
0
0
0
5217
12369
10502
9262
3338
2865
1432
2651
896
3534
2177
1693
2403
23600
1350
50982
6237
1736
2856
2641
17769
1956
3084
3067
40234
3734
2676
1487
3773
1968
8160
4546
2463
4486
2129
25510
1629
1688
1193
1604
5109
2162
961
3008
9933
1267
1184
20326
10694
3395
22134
1473
421
3069
15854
797
1154
2284
528
6026
928
469
746
2621
965
650
14954
3087
3438
1155
890
1416
846
9280
1624
851
4382
980
3720
3340
2765
2050
4079
1062
28183
1240
16091
3086
8106
4432
10649
10070
8405
4825
4043
2954
1032
2310
2854
4074
12450
2025
2656
19780
6164
25233
10575
33916
2231
5048
4179
3001
3511
2751
6184
1735
1099
13457
1535
3153
942
3624
3811
4626
6803
18224
1967
3630
2539
1462
4882
1933
2029
217
307
2105
1824
2257
8949
11599
4012
1101
2127
15821
10492
5174
7197
4800
6106
3870
6203
7573
1841
4659
44332
2112
2634
24489
4981
5217
12369
10502
0
0
0
