C_ijk
0
0
0
201
126
66
56
102
76
332
1258
847
1105
28441
1076
115
477
237
2341
2895
7816
1275
1206
3864
3400
413
520
948
3560
6753
311
1028
276
1306
645
1626
145
455
1219
1005
5538
1581
1968
658
3951
785
2161
2818
9451
1435
1353
466
1290
864
2534
1207
674
595
419
1128
541
1493
666
526
274
841
121
522
291
793
7102
375
1747
543
450
1320
1704
214
996
645
1547
745
3740
1280
375
623
578
830
286
6786
2786
829
352
431
6718
1619
2462
929
3747
699
1925
1954
3629
1043
2319
1665
5690
1306
2442
2599
765
1556
2251
2609
9000
954
6731
1624
982
3506
2672
9067
15637
2245
20424
8319
1424
1681
3106
1326
4663
4746
1605
1806
1380
11238
3709
748
1803
717
2293
2186
5246
1174
5844
1391
1302
3070
4658
6631
13538
12665
2211
3315
72097
8159
779
894
904
2173
10656
37488
201
126
66
0
0
0
72
38
98
593
771
541
1428
1053
1844
355
1153
246
2706
1121
1449
694
1271
1928
1319
989
608
561
1510
5699
686
3085
4559
533
20751
341
155
251
461
4578
2663
1345
671
445
703
996
648
27058
996
922
878
862
427
1789
472
632
474
16035
1038
406
697
476
496
288
345
306
446
139
1039
1253
1154
557
695
1698
606
265
1553
472
3235
921
1577
1918
714
4048
2844
709
662
895
3003
8705
565
1685
18572
1669
498
195
1719
8459
3730
6126
3256
2342
1300
2618
1468
2287
2303
1441
7796
1162
1646
7402
2878
5435
4081
2840
3198
1218
7343
3763
30581
4750
25836
1135
796
1742
2974
2060
1248
1343
2565
1929
2849
4888
1703
553
4176
911
673
12732
510
1584
2729
1675
1668
3512
1212
316
1069
727
2671
2475
9708
6672
9854
2127
917
1856
1529
5429
2674
9605
56
102
76
72
38
98
0
0
0
2104
2733
4148
1810
4692
3878
361
1706
300
2498
1761
7144
817
1868
1168
961
792
683
19829
965
2425
1513
1724
565
172
627
1119
1153
202
407
1568
6458
1057
878
1095
430
2620
3106
12707
1789
468
646
761
909
997
2093
2093
658
397
1538
958
11384
760
516
2821
332
606
1432
1118
518
1339
1668
601
1295
324
1557
265
1601
2053
2210
1487
1179
1997
884
968
237
504
606
1169
1272
2089
9737
8418
215
738
14577
198
887
13848
5968
9653
10511
1536
4128
1149
4163
1114
3000
2743
1416
1470
1847
15112
9974
3761
840
2286
5612
1239
24096
2108
2860
1042
31645
887
11040
2547
27152
830
3466
2488
3090
990
1844
2635
1014
710
11413
2402
1480
453
13298
6539
765
3211
23443
2413
1086
2549
6128
902
2235
1198
3959
1139
5309
20778
2329
9729
13215
2127
1372
1486
332
1258
847
593
771
541
2104
2733
4148
0
0
0
739
775
5298
514
311
952
534
2585
235
646
204
2465
439
355
1281
440
1756
412
161
318
423
339
1628
1013
13421
1048
845
3928
2417
940
408
1402
1487
6542
1061
798
30776
1159
2783
2212
2318
2194
1381
789
2852
1585
4202
1126
1244
4104
7767
7457
784
12897
3194
931
379
3529
4320
2423
1764
11640
4927
892
690
1710
1404
4086
1762
6960
3785
1252
2798
348
615
805
1020
5885
630
4130
209
466
454
390
1626
1795
1856
1346
804
3252
1577
4230
945
3556
1287
977
942
1105
6797
1925
3361
38635
2042
3221
5828
1064
1788
10839
51236
2207
17180
2675
3080
859
17103
1627
32646
3834
3660
17006
4036
4173
7896
25476
2963
3323
772
885
1658
671
11408
2349
2582
5257
10797
3209
5044
621
1565
3393
1945
1849
2441
1820
582
591
1452
1022
3387
4297
1105
28441
1076
1428
1053
1844
1810
4692
3878
739
775
5298
0
0
0
17823
3259
867
949
599
207
1239
617
376
598
523
4302
351
199
592
830
1808
815
5653
1150
621
783
1471
1291
7278
668
4884
11419
991
12701
7033
8927
2293
1837
1035
2376
1809
1511
1125
992
1758
6326
5234
1689
2663
10183
6220
1977
608
13945
3979
889
1609
1625
11467
3080
17689
6167
1817
1870
970
3107
2118
2381
5972
1986
2017
1607
3895
1968
9061
11492
3242
1669
668
1275
709
1253
658
1039
2087
1030
1448
9551
318
2418
600
4646
426
1112
1560
1587
806
2914
2389
1609
5840
1403
6991
1182
4413
3208
8874
2566
5428
2545
3825
45215
557
438
165
8497
14965
4914
4741
4973
26563
28958
5362
2000
1103
7477
4186
1549
772
2389
1931
266
2790
9288
3045
1755
2027
2599
9440
2618
5940
6059
3162
1173
2958
475
536
428
5085
13726
909
115
477
237
355
1153
246
361
1706
300
514
311
952
17823
3259
867
0
0
0
3096
758
949
640
453
546
147
190
1335
326
511
1008
2306
332
186
3119
1995
575
1052
1323
682
730
895
554
1198
922
471
1751
693
3642
4773
870
4907
664
975
1248
1328
661
1190
536
22733
745
871
1158
896
845
1207
1221
840
1231
580
3765
3730
429
6591
438
445
353
451
462
2812
1205
3659
1486
727
872
745
403
313
1528
315
6337
452
452
504
2026
582
174
1523
2115
4725
1173
1321
2984
2337
1149
826
1521
1953
21478
2554
510
13667
4198
8174
3938
1059
9955
14408
2584
16914
1896
11440
53604
2522
948
1731
720
6369
26465
15031
2338
14485
1379
1661
15549
4340
3729
493
4306
3791
1073
1644
2573
3806
744
979
899
2003
916
7441
3469
2032
698
56520
5312
2213
2787
5705
2375
793
1165
8760
3791
2341
2895
7816
2706
1121
1449
2498
1761
7144
534
2585
235
949
599
207
3096
758
949
0
0
0
2957
2530
252
3239
3810
286
1323
394
628
202
451
4085
525
1649
1581
4388
5915
2921
1088
5876
8138
9214
2863
725
2694
2584
3292
2261
3620
1267
5643
1754
1641
7708
1000
1824
2904
18681
4097
4113
2941
1610
873
1108
610
3091
5612
867
1332
6410
3232
1286
1093
1654
900
2225
1663
2350
2328
5418
1355
838
2581
21232
979
1251
3102
247
1696
3320
1022
711
1771
843
844
2392
898
5047
785
5159
330
1196
9641
1924
722
764
400
3108
1198
495
3494
3086
969
13661
2859
808
1633
8000
2646
1174
9393
1549
1356
3786
1036
5776
1791
2496
2192
793
1840
2841
9942
7521
15115
1362
7158
873
9964
2085
874
1220
1543
2147
8206
1949
1117
692
750
1488
14504
4418
2290
39410
10533
612
422
323
9285
2247
1271
1275
1206
3864
694
1271
1928
817
1868
1168
646
204
2465
1239
617
376
640
453
546
2957
2530
252
0
0
0
487
331
2768
1798
1257
291
323
6657
2726
1902
600
1489
6701
1734
1532
1612
3206
4319
8518
829
1640
916
1947
2644
795
1649
1114
1675
2360
1572
2351
569
7787
1037
20341
2840
572
2621
2963
748
1190
2116
434
479
1076
2064
4030
1752
26273
1187
971
3479
745
1586
4389
752
1539
769
3820
930
533
379
837
253
312
3238
283
2414
520
287
913
270
39050
34582
1776
5291
819
2042
21825
6403
1848
3440
737
1897
1526
12711
554
19655
1687
5659
4143
5466
5052
3791
2960
1661
3919
4785
1000
8593
525
737
1270
774
1474
17501
3584
2189
5789
888
12339
818
2093
3146
5059
5633
469
353
810
1081
2565
1471
1833
577
20447
3637
1605
6972
4651
3222
4566
44236
6364
1563
457
6680
2952
2257
3400
413
520
1319
989
608
961
792
683
439
355
1281
598
523
4302
147
190
1335
3239
3810
286
487
331
2768
0
0
0
8128
266
868
412
114
420
157
386
103
2308
279
1398
1434
1093
1975
557
3211
1977
626
991
1094
1547
627
683
2558
1813
1010
3239
1634
2747
2251
469
1637
286
2189
737
1554
1532
463
1165
1664
4060
266
689
1596
1677
726
2727
497
517
5845
6890
2546
2583
2287
1586
1376
736
1421
904
757
1621
403
1669
387
453
1664
1437
5586
1412
810
1376
1588
795
676
4298
60353
2327
1585
1033
5639
575
1180
568
2326
8787
1066
1902
4084
2043
2468
1549
22178
2867
1866
27396
13640
3558
1424
3462
3678
1443
1694
2384
6288
2446
2603
4940
1264
700
3364
2351
1018
9857
5602
1076
1139
5658
655
1546
4459
2287
8858
3324
10853
1095
1862
9108
1771
4790
9033
1633
3152
1882
1705
948
3560
6753
561
1510
5699
19829
965
2425
440
1756
412
351
199
592
326
511
1008
1323
394
628
1798
1257
291
8128
266
868
0
0
0
798
155
227
4054
578
2923
2588
962
345
2222
942
1006
7878
534
1187
1846
13665
1532
1557
15908
846
1345
6831
9608
1349
3349
1056
2652
1449
3032
5689
1611
22074
1149
3614
4000
1167
1255
11269
5592
6023
28652
8490
2636
1289
1558
2270
6364
1448
1383
5423
4646
1718
1841
859
4383
12405
1155
1230
1512
2722
1218
1593
1243
1793
3845
840
3572
633
3998
719
1102
2064
10018
9584
1300
2206
1736
2862
4370
4124
5350
539
3133
1622
15966
2650
2763
1610
1127
4306
3643
3049
542
454
860
2337
867
956
3972
2794
2965
4854
17571
6193
2514
2460
5759
19768
2261
1887
5525
1250
1646
48857
4661
3464
1647
5218
1701
3315
5059
1114
1762
2223
1534
482
1063
1495
1165
5042
1642
311
1028
276
686
3085
4559
1513
1724
565
161
318
423
830
1808
815
2306
332
186
202
451
4085
323
6657
2726
412
114
420
798
155
227
0
0
0
1326
3333
1025
415
1031
335
501
3663
994
510
676
923
28526
1361
1384
879
3576
834
1841
11445
3886
329
424
2841
925
3736
34316
7596
6279
2948
1687
1883
1442
2294
388
1051
1484
2292
1478
1660
927
3184
921
13874
2884
927
1563
2371
948
889
11232
1267
1473
844
2949
2581
4856
1001
450
1069
610
241
578
25133
1596
1457
2082
1057
1500
4706
1679
1564
2184
4617
6776
3990
3577
1062
2779
1641
16236
3643
1099
2850
3027
3121
11605
9756
5776
2360
1630
666
971
2236
2702
46181
3009
2018
6660
2520
3830
7038
22719
8957
5660
2614
2795
5039
5022
3138
4328
1928
2267
761
4120
1270
5203
3470
668
1725
981
6013
728
1417
2680
904
4784
2563
1033
1306
645
1626
533
20751
341
172
627
1119
339
1628
1013
5653
1150
621
3119
1995
575
525
1649
1581
1902
600
1489
157
386
103
4054
578
2923
1326
3333
1025
0
0
0
48
222
68
1621
1972
385
794
1363
810
2132
1664
2120
2473
2444
3862
634
4086
601
1201
2017
2781
19177
7343
1746
765
2385
1657
2692
1702
3641
1112
1071
383
5298
13841
1316
6824
1160
1602
15577
1509
399
597
5019
1933
13766
752
1096
1179
896
6814
1812
9871
257
13009
1742
2553
861
704
1584
5907
2302
1108
1531
2026
1782
2039
2076
3898
861
962
5184
2322
1185
3449
12616
5516
6413
2623
1748
737
1254
4862
3049
1038
3452
1337
928
1374
621
772
2742
2115
1697
1723
5192
3397
1819
5393
1440
5359
5426
43397
2301
1412
1338
671
1926
4608
4496
2109
889
1519
1941
17442
3567
1711
2010
3330
2917
1457
937
2330
4027
904
1697
145
455
1219
155
251
461
1153
202
407
13421
1048
845
783
1471
1291
1052
1323
682
4388
5915
2921
6701
1734
1532
2308
279
1398
2588
962
345
415
1031
335
48
222
68
0
0
0
1142
673
456
1600
512
648
880
828
440
298
182
308
1540
1155
2056
862
1767
434
1163
2660
3705
1116
1890
913
2743
909
577
700
2430
301
774
530
2454
1635
1573
1263
404
1093
3003
1877
2096
4073
10327
13158
1446
4473
1365
304
621
1023
783
681
2353
590
320
1531
1131
2221
1770
6938
5237
2416
881
3428
11440
2300
15503
3502
1117
2192
2229
16881
1085
4655
5339
1821
1060
1599
1879
3524
17082
1633
1315
1824
2522
9752
1771
3050
1334
913
2896
11192
1915
3209
5961
4595
1532
1160
2077
971
1361
2437
1905
2179
3358
1238
3366
1804
1269
1163
761
3668
2102
7570
3027
1635
3360
556
1026
1275
1850
2144
1707
1005
5538
1581
4578
2663
1345
1568
6458
1057
3928
2417
940
7278
668
4884
730
895
554
1088
5876
8138
1612
3206
4319
1434
1093
1975
2222
942
1006
501
3663
994
1621
1972
385
1142
673
456
0
0
0
404
898
508
2107
650
910
575
917
842
3629
1297
4361
1293
6386
1537
4233
4926
733
733
2159
1873
3131
5172
1380
1049
4206
890
3298
906
15862
6702
1647
650
914
432
1809
1146
14059
2282
1916
18025
1541
1476
1882
3236
2544
593
1336
1960
781
3561
897
679
654
2522
1353
1318
669
1330
1454
4307
9850
2657
1038
5128
2818
1592
1704
1400
1312
5310
1464
1166
3592
1251
526
15910
1073
5997
7730
2799
2174
4588
352
775
2915
6107
2023
2408
500
19512
812
10605
5704
741
1194
1931
5591
496
2347
3228
15538
8489
17966
2577
42067
806
1985
4830
17796
3395
5306
9224
6793
5029
3328
2504
1770
8161
4272
1968
658
3951
671
445
703
878
1095
430
408
1402
1487
11419
991
12701
1198
922
471
9214
2863
725
8518
829
1640
557
3211
1977
7878
534
1187
510
676
923
794
1363
810
1600
512
648
404
898
508
0
0
0
619
883
592
526
438
954
3261
701
896
5183
17947
2115
1649
4778
18497
2417
904
1042
1700
1035
3255
4298
794
3327
1245
2448
2476
1111
1713
753
1852
1062
1248
36849
1300
2113
3406
1543
8748
2271
3706
578
2194
4087
667
2221
10604
2022
8210
1322
1412
1979
1372
7323
1170
2654
3624
22732
2141
1321
2997
797
4492
5238
980
1176
4859
995
2846
5464
1260
526
5304
2431
1898
1283
920
2361
898
897
8483
5216
21611
988
5536
2191
1676
4768
7651
944
1732
1209
2936
1103
2676
1028
5556
2053
3586
5666
5043
3825
3868
9537
2898
2390
1815
6117
6460
2714
73345
4016
2132
2174
9779
17548
28608
785
2161
2818
996
648
27058
2620
3106
12707
6542
1061
798
7033
8927
2293
1751
693
3642
2694
2584
3292
916
1947
2644
626
991
1094
1846
13665
1532
28526
1361
1384
2132
1664
2120
880
828
440
2107
650
910
619
883
592
0
0
0
258
638
531
387
257
279
6909
1615
2157
1164
1166
2050
1583
572
1980
1682
9154
1165
1678
1543
511
18745
1417
12041
1253
1239
2204
3301
9710
2335
3306
3170
2958
1130
1297
3358
1191
2632
17564
2033
3396
988
3317
5472
7280
590
1081
23747
3360
1049
39779
1482
1567
1826
12647
3229
3119
4023
2157
2026
4166
1917
4868
972
2216
2991
2154
268
293
2789
8443
1817
612
2486
1385
3870
1553
2792
1728
6272
5477
9259
12500
4921
6218
17913
1760
1514
3122
2341
1592
736
1269
1432
9259
87049
2948
6543
7310
19300
2210
9374
21588
2705
4734
2686
2498
18955
3892
5070
1681
5501
5754
6790
9451
1435
1353
996
922
878
1789
468
646
30776
1159
2783
1837
1035
2376
4773
870
4907
2261
3620
1267
795
1649
1114
1547
627
683
1557
15908
846
879
3576
834
2473
2444
3862
298
182
308
575
917
842
526
438
954
258
638
531
0
0
0
919
91
216
698
1537
2950
2307
528
1079
759
3609
1012
9234
1678
6074
1126
9931
1611
851
1117
934
636
1678
2964
1031
1007
3434
451
813
5318
2452
1148
822
13323
1264
1051
3615
5443
1407
1942
689
11493
4090
1245
12633
1266
57839
7330
2070
1336
1152
4153
1426
2054
942
1610
4603
4906
5687
1935
1816
33342
7417
513
423
1917
2702
1036
1182
4330
962
4999
1959
4606
6385
1648
2951
1382
4737
6919
1384
1146
4306
2616
1608
1733
775
4553
3313
717
1344
4970
14957
3093
3046
1541
1558
14707
6212
3304
4372
4757
6010
5577
2261
1161
2304
1553
1249
3732
25394
466
1290
864
862
427
1789
761
909
997
2212
2318
2194
1809
1511
1125
664
975
1248
5643
1754
1641
1675
2360
1572
2558
1813
1010
1345
6831
9608
1841
11445
3886
634
4086
601
1540
1155
2056
3629
1297
4361
3261
701
896
387
257
279
919
91
216
0
0
0
1783
629
462
1134
1308
753
9829
1018
360
6796
635
3706
1064
5731
1598
1301
2331
1535
18432
996
2093
1153
1634
1012
2107
4141
2027
4622
4875
1241
675
1354
1315
830
761
1728
1205
8181
1077
3783
2601
14270
2656
1132
1505
1916
1336
3652
10066
12719
5207
1300
1407
1440
39538
2115
2209
1235
3089
1414
379
291
368
1161
5421
1005
3283
2615
2516
16276
7823
1248
2136
3652
740
1072
2965
749
5423
867
5029
613
618
2171
31176
2364
18102
1749
2126
2119
6302
22783
6377
8018
6541
9185
3190
14508
2591
2281
38970
11084
3470
1385
1816
12506
2827
1685
2534
1207
674
472
632
474
2093
2093
658
1381
789
2852
992
1758
6326
1328
661
1190
7708
1000
1824
2351
569
7787
3239
1634
2747
1349
3349
1056
329
424
2841
1201
2017
2781
862
1767
434
1293
6386
1537
5183
17947
2115
6909
1615
2157
698
1537
2950
1783
629
462
0
0
0
2504
618
530
107
168
303
1123
878
433
784
339
680
955
1252
437
283
190
481
415
1082
9832
532
1439
1613
2437
727
806
1213
993
1246
5785
2258
8253
3376
1569
12756
1492
1392
1313
5061
1273
2168
1321
44746
2849
2713
864
6286
3370
2311
7203
2244
2587
2501
16990
21093
2704
903
1422
3121
2780
2788
5257
8879
1597
4211
14315
1893
10144
3198
9928
2368
2336
4043
4190
9643
1091
1483
366
2181
131
1900
698
2632
3055
10461
2091
2891
2761
2735
2146
15617
1670
48368
1660
1951
5780
18290
15169
1402
6548
3088
1196
1632
2518
595
419
1128
16035
1038
406
397
1538
958
1585
4202
1126
5234
1689
2663
536
22733
745
2904
18681
4097
1037
20341
2840
2251
469
1637
2652
1449
3032
925
3736
34316
19177
7343
1746
1163
2660
3705
4233
4926
733
1649
4778
18497
1164
1166
2050
2307
528
1079
1134
1308
753
2504
618
530
0
0
0
242
265
397
304
776
992
1704
607
3870
118
1715
985
627
2057
452
767
7992
1330
15491
14706
5312
8605
3151
2428
3124
528
3015
1489
3890
4748
8180
1619
4928
3721
3702
1562
3485
1476
2266
15303
1699
3090
3147
3013
7547
6764
81996
38823
5934
2280
46641
2233
3814
1782
4293
2183
1123
2610
1474
1260
2645
10485
2884
748
11861
1776
2489
1645
861
515
4382
2789
5442
1906
19926
57
937
337
1162
4699
975
19476
5332
18100
14818
1546
1603
1017
2024
2569
2222
9733
7889
4662
2215
3084
6783
6788
2057
557
374
378
541
1493
666
697
476
496
11384
760
516
1244
4104
7767
10183
6220
1977
871
1158
896
4113
2941
1610
572
2621
2963
286
2189
737
5689
1611
22074
7596
6279
2948
765
2385
1657
1116
1890
913
733
2159
1873
2417
904
1042
1583
572
1980
759
3609
1012
9829
1018
360
107
168
303
242
265
397
0
0
0
745
464
1401
2589
1274
3498
950
6785
608
298
571
1024
897
2029
2050
3802
1571
3915
1623
3228
1216
4383
1596
865
3024
499
904
3302
1655
1455
589
600
2590
7426
1584
1879
2254
12108
4801
7608
4263
10076
2886
2228
3482
1450
1416
1654
45535
4644
2102
1087
624
528
1378
2329
1122
7752
9627
52709
1042
10173
2573
2137
20832
547
9090
774
514
2279
1781
2043
585
896
1263
9606
3104
877
13188
1056
1512
8108
3981
11329
629
4572
7294
2429
3283
1407
2411
1992
5381
1528
9605
18490
874
1343
1413
526
274
841
288
345
306
2821
332
606
7457
784
12897
608
13945
3979
845
1207
1221
873
1108
610
748
1190
2116
1554
1532
463
1149
3614
4000
1687
1883
1442
2692
1702
3641
2743
909
577
3131
5172
1380
1700
1035
3255
1682
9154
1165
9234
1678
6074
6796
635
3706
1123
878
433
304
776
992
745
464
1401
0
0
0
413
444
377
368
283
201
154
238
48
1321
2023
621
1837
1568
5555
1172
805
579
888
2070
429
747
1328
796
972
884
948
684
1424
631
1858
1232
2828
2413
3149
1916
2474
1527
10655
1720
9170
3681
889
1971
4756
6952
4600
7120
905
1449
5775
4805
9584
2592
3129
5030
5870
5264
4003
1994
10328
1063
881
2327
609
1143
1752
703
6818
1063
522
1220
497
5266
361
874
3117
1205
3060
1117
2916
1774
1467
2429
3361
40593
964
2756
2164
3068
3291
3809
519
1695
979
3274
121
522
291
446
139
1039
1432
1118
518
3194
931
379
889
1609
1625
840
1231
580
3091
5612
867
434
479
1076
1165
1664
4060
1167
1255
11269
2294
388
1051
1112
1071
383
700
2430
301
1049
4206
890
4298
794
3327
1678
1543
511
1126
9931
1611
1064
5731
1598
784
339
680
1704
607
3870
2589
1274
3498
413
444
377
0
0
0
493
502
1013
1325
2004
6055
272
3084
377
1636
1278
4363
2615
1264
538
537
1394
461
3275
712
3990
725
710
430
472
672
293
2912
38719
2193
6729
2107
9289
1923
3346
873
7163
2179
11334
2493
2618
1247
11574
1255
1782
21076
1279
5931
1603
698
12366
2285
8564
2205
3435
406
1207
5155
2954
1957
2679
1316
12322
2305
1873
893
4882
2129
819
1878
1499
339
1307
1064
1786
6437
3308
788
784
691
757
1249
4762
3842
4669
45849
6110
1048
1410
1131
8043
1565
2982
793
7102
375
1253
1154
557
1339
1668
601
3529
4320
2423
11467
3080
17689
3765
3730
429
1332
6410
3232
2064
4030
1752
266
689
1596
5592
6023
28652
1484
2292
1478
5298
13841
1316
774
530
2454
3298
906
15862
1245
2448
2476
18745
1417
12041
851
1117
934
1301
2331
1535
955
1252
437
118
1715
985
950
6785
608
368
283
201
493
502
1013
0
0
0
5397
1096
210
1016
2288
338
655
819
7471
294
4530
950
1122
3775
644
4063
1529
2675
1461
4239
790
1984
2353
500
3879
721
2856
2728
1897
1875
3504
12408
2550
3443
1983
6172
1269
1224
21593
11259
3420
4216
1390
3046
2118
3567
10904
2827
2107
3179
3998
3535
25813
1116
2406
1176
2250
390
44582
2124
1167
1222
2755
4769
1575
780
5627
190
485
2312
3455
13892
4960
1177
960
2546
897
926
3139
1720
10929
36405
8447
2014
1698
1380
1552
1136
1456
1022
1747
543
450
695
1698
606
1295
324
1557
1764
11640
4927
6167
1817
1870
6591
438
445
1286
1093
1654
26273
1187
971
1677
726
2727
8490
2636
1289
1660
927
3184
6824
1160
1602
1635
1573
1263
6702
1647
650
1111
1713
753
1253
1239
2204
636
1678
2964
18432
996
2093
283
190
481
627
2057
452
298
571
1024
154
238
48
1325
2004
6055
5397
1096
210
0
0
0
900
472
10866
1760
15152
1483
398
993
832
2529
512
509
928
2371
2226
2066
1937
700
1285
31763
1480
1418
2540
6805
2069
1343
1178
2147
2842
3322
2790
2928
13379
1064
1700
3282
2699
69930
44553
3670
1648
3697
1209
972
1072
62773
2936
1438
3085
2958
1552
667
2855
319
2171
44643
1901
1579
1704
20105
7779
431
2090
1423
690
628
2149
1432
1912
2553
2342
1659
2051
1349
7394
1121
15521
3414
2625
3342
1002
2967
29705
1066
3170
854
694
1320
1704
214
265
1553
472
265
1601
2053
892
690
1710
970
3107
2118
353
451
462
900
2225
1663
3479
745
1586
497
517
5845
1558
2270
6364
921
13874
2884
15577
1509
399
404
1093
3003
914
432
1809
1852
1062
1248
3301
9710
2335
1031
1007
3434
1153
1634
1012
415
1082
9832
767
7992
1330
897
2029
2050
1321
2023
621
272
3084
377
1016
2288
338
900
472
10866
0
0
0
571
2434
2759
4549
883
551
279
1061
1747
1180
1358
205
491
1480
517
436
756
787
9754
1554
837
4061
1022
2617
3422
1662
1569
1237
7553
699
1600
741
1503
73951
2500
9600
812
5084
1570
8444
4962
8005
2067
4877
821
1199
1785
2107
9233
10153
460
10832
2580
580
3512
5753
1198
1577
598
1328
696
532
2051
2744
596
26189
1922
11660
4520
2022
320
3592
16955
1371
2793
1681
12979
1455
2305
1464
5605
2179
23792
1613
996
645
1547
3235
921
1577
2210
1487
1179
1404
4086
1762
2381
5972
1986
2812
1205
3659
2350
2328
5418
4389
752
1539
6890
2546
2583
1448
1383
5423
927
1563
2371
597
5019
1933
1877
2096
4073
1146
14059
2282
36849
1300
2113
3306
3170
2958
451
813
5318
2107
4141
2027
532
1439
1613
15491
14706
5312
3802
1571
3915
1837
1568
5555
1636
1278
4363
655
819
7471
1760
15152
1483
571
2434
2759
0
0
0
293
2068
612
863
337
963
1060
1248
10134
504
232
1671
1474
972
838
3723
1049
2288
15323
3919
25312
9749
2519
2038
3385
20537
2728
582
182
708
4127
2572
3056
1124
6537
2670
3749
9639
2325
11825
3347
4336
7515
3790
2371
667
1481
5065
1873
3522
13574
3038
1037
3700
1989
5594
4314
1244
610
1686
746
19445
1818
1612
1286
5708
246
346
7810
3099
2299
1194
954
3022
791
6867
3011
2397
1896
3133
12046
745
3740
1280
1918
714
4048
1997
884
968
6960
3785
1252
2017
1607
3895
1486
727
872
1355
838
2581
769
3820
930
2287
1586
1376
4646
1718
1841
948
889
11232
13766
752
1096
10327
13158
1446
1916
18025
1541
3406
1543
8748
1130
1297
3358
2452
1148
822
4622
4875
1241
2437
727
806
8605
3151
2428
1623
3228
1216
1172
805
579
2615
1264
538
294
4530
950
398
993
832
4549
883
551
293
2068
612
0
0
0
460
184
173
594
725
1332
2876
7420
995
6602
2357
18603
2733
3043
2360
1387
1805
2164
5976
11186
1898
1454
5762
47942
250
174
935
3780
3112
8944
4174
3834
5749
1911
1985
8837
1099
2925
51069
1103
1521
11241
5901
9471
990
2362
766
6299
2093
1547
1565
3213
1060
821
2469
622
378
3656
11042
3985
1465
675
1439
374
642
155
597
1968
2088
1578
4819
1279
1254
454
7812
25299
9475
8890
375
623
578
2844
709
662
237
504
606
2798
348
615
1968
9061
11492
745
403
313
21232
979
1251
533
379
837
736
1421
904
859
4383
12405
1267
1473
844
1179
896
6814
4473
1365
304
1476
1882
3236
2271
3706
578
1191
2632
17564
13323
1264
1051
675
1354
1315
1213
993
1246
3124
528
3015
4383
1596
865
888
2070
429
537
1394
461
1122
3775
644
2529
512
509
279
1061
1747
863
337
963
460
184
173
0
0
0
1663
377
334
4072
383
385
262
936
366
3057
1781
11475
1633
1274
1652
3617
46642
1117
1554
9337
1631
2470
1794
9306
6339
8952
28173
1694
1264
1530
11837
32142
7490
5160
2567
2044
2211
1418
1190
4130
3470
568
1186
1512
4166
11140
2410
30488
1902
1849
2196
1916
1234
7903
1268
3320
3890
1334
8486
1569
4229
760
9809
1059
1458
4790
7590
2672
8047
1078
868
2590
3354
1668
1888
830
286
6786
895
3003
8705
1169
1272
2089
805
1020
5885
3242
1669
668
1528
315
6337
3102
247
1696
253
312
3238
757
1621
403
1155
1230
1512
2949
2581
4856
1812
9871
257
621
1023
783
2544
593
1336
2194
4087
667
2033
3396
988
3615
5443
1407
830
761
1728
5785
2258
8253
1489
3890
4748
3024
499
904
747
1328
796
3275
712
3990
4063
1529
2675
928
2371
2226
1180
1358
205
1060
1248
10134
594
725
1332
1663
377
334
0
0
0
197
193
238
194
702
410
2838
1209
1203
663
5801
1001
2208
22998
1616
24893
8142
4467
495
10307
637
3074
2440
2551
1195
3144
27190
1152
17505
5788
2896
1103
3267
9008
1219
419
16460
3097
2605
1018
1558
2038
961
3183
1745
1545
7001
1730
894
2273
1339
1937
990
1248
2117
2608
2640
1583
1273
4551
1432
1839
14152
2566
34017
15747
1503
572
457
1950
15163
7778
2786
829
352
565
1685
18572
9737
8418
215
630
4130
209
1275
709
1253
452
452
504
3320
1022
711
283
2414
520
1669
387
453
2722
1218
1593
1001
450
1069
13009
1742
2553
681
2353
590
1960
781
3561
2221
10604
2022
3317
5472
7280
1942
689
11493
1205
8181
1077
3376
1569
12756
8180
1619
4928
3302
1655
1455
972
884
948
725
710
430
1461
4239
790
2066
1937
700
491
1480
517
504
232
1671
2876
7420
995
4072
383
385
197
193
238
0
0
0
1152
1839
491
4081
2119
2983
4387
698
3278
7935
9429
2565
15505
14346
2790
10316
927
585
7010
2808
9257
51320
36315
4545
27502
11363
6064
2193
4596
6605
1055
618
5104
461
8115
1726
4973
25940
1660
3800
5200
1315
1008
9040
693
2093
1951
617
782
1277
2084
882
5601
1800
618
506
475
1847
4715
848
1069
1051
1532
758
689
485
9067
8618
1892
431
6718
1619
1669
498
195
738
14577
198
466
454
390
658
1039
2087
2026
582
174
1771
843
844
287
913
270
1664
1437
5586
1243
1793
3845
610
241
578
861
704
1584
320
1531
1131
897
679
654
8210
1322
1412
590
1081
23747
4090
1245
12633
3783
2601
14270
1492
1392
1313
3721
3702
1562
589
600
2590
684
1424
631
472
672
293
1984
2353
500
1285
31763
1480
436
756
787
1474
972
838
6602
2357
18603
262
936
366
194
702
410
1152
1839
491
0
0
0
1498
1072
2592
1025
3013
1364
2704
1683
3801
1368
1814
2550
1234
1444
1904
1989
3931
14611
9523
1093
689
2961
1762
12767
12067
3232
4067
657
1315
3363
2116
958
3549
1502
6166
1358
6027
2813
5344
844
580
2269
1879
431
797
1205
587
2044
3049
2038
4736
1473
1264
653
1988
893
1812
1895
1068
2100
7773
2557
5615
1001
2050
7159
2462
929
3747
1719
8459
3730
887
13848
5968
1626
1795
1856
1030
1448
9551
1523
2115
4725
2392
898
5047
39050
34582
1776
1412
810
1376
840
3572
633
25133
1596
1457
5907
2302
1108
2221
1770
6938
2522
1353
1318
1979
1372
7323
3360
1049
39779
1266
57839
7330
2656
1132
1505
5061
1273
2168
3485
1476
2266
7426
1584
1879
1858
1232
2828
2912
38719
2193
3879
721
2856
1418
2540
6805
9754
1554
837
3723
1049
2288
2733
3043
2360
3057
1781
11475
2838
1209
1203
4081
2119
2983
1498
1072
2592
0
0
0
2077
981
1401
723
905
2939
550
2322
475
1994
2532
1047
2745
1320
5032
20542
9928
6496
2005
2673
2852
1153
3173
543
1864
1854
1653
30298
5706
9196
1025
4159
7966
3647
2507
4351
3173
5027
1875
1695
1874
4343
19199
1109
34666
4733
1953
17469
41682
2805
16666
2543
9356
4169
1954
3858
6534
1580
5689
1351
13934
1948
2173
699
1925
1954
6126
3256
2342
9653
10511
1536
1346
804
3252
318
2418
600
1173
1321
2984
785
5159
330
5291
819
2042
1588
795
676
3998
719
1102
2082
1057
1500
1531
2026
1782
5237
2416
881
669
1330
1454
1170
2654
3624
1482
1567
1826
2070
1336
1152
1916
1336
3652
1321
44746
2849
15303
1699
3090
2254
12108
4801
2413
3149
1916
6729
2107
9289
2728
1897
1875
2069
1343
1178
4061
1022
2617
15323
3919
25312
1387
1805
2164
1633
1274
1652
663
5801
1001
4387
698
3278
1025
3013
1364
2077
981
1401
0
0
0
1301
1251
598
246
2174
175
1381
2409
2328
2342
6255
1637
6489
6374
20454
3432
4072
2285
13551
5941
1393
3764
363
178
4142
3677
29218
8377
4068
13810
4943
2610
1956
39676
8509
3879
1615
6791
72950
497
1758
5674
1572
708
2156
3314
5222
862
19520
2061
2391
1146
7631
9153
5662
2217
486
7376
5966
2821
3629
1043
2319
1300
2618
1468
4128
1149
4163
1577
4230
945
4646
426
1112
2337
1149
826
1196
9641
1924
21825
6403
1848
4298
60353
2327
2064
10018
9584
4706
1679
1564
2039
2076
3898
3428
11440
2300
4307
9850
2657
22732
2141
1321
12647
3229
3119
4153
1426
2054
10066
12719
5207
2713
864
6286
3147
3013
7547
7608
4263
10076
2474
1527
10655
1923
3346
873
3504
12408
2550
2147
2842
3322
3422
1662
1569
9749
2519
2038
5976
11186
1898
3617
46642
1117
2208
22998
1616
7935
9429
2565
2704
1683
3801
723
905
2939
1301
1251
598
0
0
0
3808
1262
475
1401
5292
5568
6715
2015
1027
2209
1285
4679
2630
4875
4819
5107
7969
4520
813
16183
1424
3502
44355
8977
10866
2941
4662
7020
7289
2800
22240
2175
7376
3506
2793
3468
864
422
5671
1094
55437
1316
658
9521
3318
5021
3040
859
3063
2386
501
490
959
3754
3544
6290
4595
1665
5690
1306
2287
2303
1441
1114
3000
2743
3556
1287
977
1560
1587
806
1521
1953
21478
722
764
400
3440
737
1897
1585
1033
5639
1300
2206
1736
2184
4617
6776
861
962
5184
15503
3502
1117
1038
5128
2818
2997
797
4492
4023
2157
2026
942
1610
4603
1300
1407
1440
3370
2311
7203
6764
81996
38823
2886
2228
3482
1720
9170
3681
7163
2179
11334
3443
1983
6172
2790
2928
13379
1237
7553
699
3385
20537
2728
1454
5762
47942
1554
9337
1631
24893
8142
4467
15505
14346
2790
1368
1814
2550
550
2322
475
246
2174
175
3808
1262
475
0
0
0
3066
3446
3107
2260
6645
4303
2712
1768
26515
4631
7668
2335
2995
1675
2888
300
570
407
1354
3691
8291
18273
20525
9040
3450
6407
23961
1068
4245
43522
4706
1404
4699
1737
406
2419
2561
2137
7885
2492
3730
1992
2138
1519
2100
10127
963
1945
962
575
698
24658
8859
3808
2442
2599
765
7796
1162
1646
1416
1470
1847
942
1105
6797
2914
2389
1609
2554
510
13667
3108
1198
495
1526
12711
554
575
1180
568
2862
4370
4124
3990
3577
1062
2322
1185
3449
2192
2229
16881
1592
1704
1400
5238
980
1176
4166
1917
4868
4906
5687
1935
39538
2115
2209
2244
2587
2501
5934
2280
46641
1450
1416
1654
889
1971
4756
2493
2618
1247
1269
1224
21593
1064
1700
3282
1600
741
1503
582
182
708
250
174
935
2470
1794
9306
495
10307
637
10316
927
585
1234
1444
1904
1994
2532
1047
1381
2409
2328
1401
5292
5568
3066
3446
3107
0
0
0
3210
26829
3154
44012
38596
3333
6374
8582
1612
4089
12841
83997
1148
835
4021
2550
816
928
10856
2168
1919
2598
3155
980
1125
1671
7918
474
1688
2988
6161
760
1028
2473
565
373
142
109
185
4439
834
665
1041
585
1179
1603
854
937
981
21494
23789
1556
2251
2609
7402
2878
5435
15112
9974
3761
1925
3361
38635
5840
1403
6991
4198
8174
3938
3494
3086
969
19655
1687
5659
2326
8787
1066
5350
539
3133
2779
1641
16236
12616
5516
6413
1085
4655
5339
1312
5310
1464
4859
995
2846
972
2216
2991
1816
33342
7417
1235
3089
1414
16990
21093
2704
2233
3814
1782
45535
4644
2102
6952
4600
7120
11574
1255
1782
11259
3420
4216
2699
69930
44553
73951
2500
9600
4127
2572
3056
3780
3112
8944
6339
8952
28173
3074
2440
2551
7010
2808
9257
1989
3931
14611
2745
1320
5032
2342
6255
1637
6715
2015
1027
2260
6645
4303
3210
26829
3154
0
0
0
7677
1790
2688
2534
2602
1461
454
1228
1118
3467
3296
2035
3207
7164
3558
6096
2363
1667
1749
6886
14554
2510
22013
1796
29794
5442
2567
18433
3492
1673
2825
4347
50860
2308
1883
5505
1740
45715
26277
3384
5096
36558
3787
5913
2905
2578
7240
10546
9000
954
6731
4081
2840
3198
840
2286
5612
2042
3221
5828
1182
4413
3208
1059
9955
14408
13661
2859
808
4143
5466
5052
1902
4084
2043
1622
15966
2650
3643
1099
2850
2623
1748
737
1821
1060
1599
1166
3592
1251
5464
1260
526
2154
268
293
513
423
1917
379
291
368
903
1422
3121
4293
2183
1123
1087
624
528
905
1449
5775
21076
1279
5931
1390
3046
2118
3670
1648
3697
812
5084
1570
1124
6537
2670
4174
3834
5749
1694
1264
1530
1195
3144
27190
51320
36315
4545
9523
1093
689
20542
9928
6496
6489
6374
20454
2209
1285
4679
2712
1768
26515
44012
38596
3333
7677
1790
2688
0
0
0
922
351
417
4101
2795
1156
812
3131
3749
1580
2199
1524
2517
1055
1533
4001
1375
6299
3145
3205
630
3081
2497
1380
1404
5290
4980
12502
1861
1784
5691
2039
9038
2879
5121
6681
1336
3816
4269
12161
1352
4197
831
4004
885
1624
982
3506
1218
7343
3763
1239
24096
2108
1064
1788
10839
8874
2566
5428
2584
16914
1896
1633
8000
2646
3791
2960
1661
2468
1549
22178
2763
1610
1127
3027
3121
11605
1254
4862
3049
1879
3524
17082
526
15910
1073
5304
2431
1898
2789
8443
1817
2702
1036
1182
1161
5421
1005
2780
2788
5257
2610
1474
1260
1378
2329
1122
4805
9584
2592
1603
698
12366
3567
10904
2827
1209
972
1072
8444
4962
8005
3749
9639
2325
1911
1985
8837
11837
32142
7490
1152
17505
5788
27502
11363
6064
2961
1762
12767
2005
2673
2852
3432
4072
2285
2630
4875
4819
4631
7668
2335
6374
8582
1612
2534
2602
1461
922
351
417
0
0
0
27514
1928
3012
15324
2310
2820
830
7335
1999
783
1616
6382
7662
1576
12246
975
3260
3025
1876
1031
2331
18728
23486
6426
2206
5516
7865
5261
1838
2659
3031
4653
2086
2986
6331
3688
6800
4860
8583
2842
1264
4214
2672
9067
15637
30581
4750
25836
2860
1042
31645
51236
2207
17180
2545
3825
45215
11440
53604
2522
1174
9393
1549
3919
4785
1000
2867
1866
27396
4306
3643
3049
9756
5776
2360
1038
3452
1337
1633
1315
1824
5997
7730
2799
1283
920
2361
612
2486
1385
4330
962
4999
3283
2615
2516
8879
1597
4211
2645
10485
2884
7752
9627
52709
3129
5030
5870
2285
8564
2205
2107
3179
3998
62773
2936
1438
2067
4877
821
11825
3347
4336
1099
2925
51069
5160
2567
2044
2896
1103
3267
2193
4596
6605
12067
3232
4067
1153
3173
543
13551
5941
1393
5107
7969
4520
2995
1675
2888
4089
12841
83997
454
1228
1118
4101
2795
1156
27514
1928
3012
0
0
0
1914
3896
3480
28611
2400
3683
3070
2447
4478
13352
3652
43608
2854
27567
3799
2927
4339
13736
9873
10153
1440
3134
7348
4793
28525
11176
8660
4423
3906
1718
26712
6628
10521
4063
4892
4962
11309
17460
13910
2245
20424
8319
1135
796
1742
887
11040
2547
2675
3080
859
557
438
165
948
1731
720
1356
3786
1036
8593
525
737
13640
3558
1424
542
454
860
1630
666
971
928
1374
621
2522
9752
1771
2174
4588
352
898
897
8483
3870
1553
2792
1959
4606
6385
16276
7823
1248
14315
1893
10144
748
11861
1776
1042
10173
2573
5264
4003
1994
3435
406
1207
3535
25813
1116
3085
2958
1552
1199
1785
2107
7515
3790
2371
1103
1521
11241
2211
1418
1190
9008
1219
419
1055
618
5104
657
1315
3363
1864
1854
1653
3764
363
178
813
16183
1424
300
570
407
1148
835
4021
3467
3296
2035
812
3131
3749
15324
2310
2820
1914
3896
3480
0
0
0
2117
7488
7615
3940
4771
1670
12257
6477
9909
2861
2198
2185
106383
5143
4119
2396
448
1555
4339
10555
1943
1776
624
831
1793
2039
15250
2167
18371
108065
1422
1196
1203
14093
20901
5782
1424
1681
3106
2974
2060
1248
27152
830
3466
17103
1627
32646
8497
14965
4914
6369
26465
15031
5776
1791
2496
1270
774
1474
3462
3678
1443
2337
867
956
2236
2702
46181
772
2742
2115
3050
1334
913
775
2915
6107
5216
21611
988
1728
6272
5477
1648
2951
1382
2136
3652
740
3198
9928
2368
2489
1645
861
2137
20832
547
10328
1063
881
5155
2954
1957
2406
1176
2250
667
2855
319
9233
10153
460
667
1481
5065
5901
9471
990
4130
3470
568
16460
3097
2605
461
8115
1726
2116
958
3549
30298
5706
9196
4142
3677
29218
3502
44355
8977
1354
3691
8291
2550
816
928
3207
7164
3558
1580
2199
1524
830
7335
1999
28611
2400
3683
2117
7488
7615
0
0
0
11527
4795
472
2904
5044
745
1170
1049
6054
1487
357
251
44847
24745
6324
3613
3360
11970
579
1373
14934
919
1838
1265
5858
8157
10082
1761
1307
3979
755
1407
12784
1326
4663
4746
1343
2565
1929
2488
3090
990
3834
3660
17006
4741
4973
26563
2338
14485
1379
2192
793
1840
17501
3584
2189
1694
2384
6288
3972
2794
2965
3009
2018
6660
1697
1723
5192
2896
11192
1915
2023
2408
500
5536
2191
1676
9259
12500
4921
4737
6919
1384
1072
2965
749
2336
4043
4190
515
4382
2789
9090
774
514
2327
609
1143
2679
1316
12322
390
44582
2124
2171
44643
1901
10832
2580
580
1873
3522
13574
2362
766
6299
1186
1512
4166
1018
1558
2038
4973
25940
1660
1502
6166
1358
1025
4159
7966
8377
4068
13810
10866
2941
4662
18273
20525
9040
10856
2168
1919
6096
2363
1667
2517
1055
1533
783
1616
6382
3070
2447
4478
3940
4771
1670
11527
4795
472
0
0
0
3690
2286
1176
2551
7801
501
6394
19376
14705
8215
1213
8223
6351
14563
9290
4268
2489
5195
1669
3103
3459
16691
3947
883
2652
5308
7043
863
507
406
1605
1806
1380
2849
4888
1703
1844
2635
1014
4036
4173
7896
28958
5362
2000
1661
15549
4340
2841
9942
7521
5789
888
12339
2446
2603
4940
4854
17571
6193
2520
3830
7038
3397
1819
5393
3209
5961
4595
19512
812
10605
4768
7651
944
6218
17913
1760
1146
4306
2616
5423
867
5029
9643
1091
1483
5442
1906
19926
2279
1781
2043
1752
703
6818
2305
1873
893
1167
1222
2755
1579
1704
20105
3512
5753
1198
3038
1037
3700
2093
1547
1565
11140
2410
30488
961
3183
1745
3800
5200
1315
6027
2813
5344
3647
2507
4351
4943
2610
1956
7020
7289
2800
3450
6407
23961
2598
3155
980
1749
6886
14554
4001
1375
6299
7662
1576
12246
13352
3652
43608
12257
6477
9909
2904
5044
745
3690
2286
1176
0
0
0
934
4130
1643
2620
3688
658
5577
3535
2584
2724
104597
2881
1020
2690
1321
1051
2824
2099
2671
4298
4661
15910
1628
3511
4581
1972
1816
11238
3709
748
553
4176
911
710
11413
2402
25476
2963
3323
1103
7477
4186
3729
493
4306
15115
1362
7158
818
2093
3146
1264
700
3364
2514
2460
5759
22719
8957
5660
1440
5359
5426
1532
1160
2077
5704
741
1194
1732
1209
2936
1514
3122
2341
1608
1733
775
613
618
2171
366
2181
131
57
937
337
585
896
1263
1063
522
1220
4882
2129
819
4769
1575
780
7779
431
2090
1577
598
1328
1989
5594
4314
3213
1060
821
1902
1849
2196
1545
7001
1730
1008
9040
693
844
580
2269
3173
5027
1875
39676
8509
3879
22240
2175
7376
1068
4245
43522
1125
1671
7918
2510
22013
1796
3145
3205
630
975
3260
3025
2854
27567
3799
2861
2198
2185
1170
1049
6054
2551
7801
501
934
4130
1643
0
0
0
777
2028
578
1269
2398
3506
9680
3834
1898
21804
2896
8571
3954
2786
1779
5837
6654
3449
12348
4103
4921
716
722
905
1803
717
2293
673
12732
510
1480
453
13298
772
885
1658
1549
772
2389
3791
1073
1644
873
9964
2085
5059
5633
469
2351
1018
9857
19768
2261
1887
2614
2795
5039
43397
2301
1412
971
1361
2437
1931
5591
496
1103
2676
1028
1592
736
1269
4553
3313
717
31176
2364
18102
1900
698
2632
1162
4699
975
9606
3104
877
497
5266
361
1878
1499
339
5627
190
485
1423
690
628
696
532
2051
1244
610
1686
2469
622
378
1916
1234
7903
894
2273
1339
2093
1951
617
1879
431
797
1695
1874
4343
1615
6791
72950
3506
2793
3468
4706
1404
4699
474
1688
2988
29794
5442
2567
3081
2497
1380
1876
1031
2331
2927
4339
13736
106383
5143
4119
1487
357
251
6394
19376
14705
2620
3688
658
777
2028
578
0
0
0
11747
2229
6239
6835
2017
682
1612
7844
362
18608
3624
1939
7193
2716
1030
1988
11800
1473
13287
461
877
2186
5246
1174
1584
2729
1675
6539
765
3211
671
11408
2349
1931
266
2790
2573
3806
744
874
1220
1543
353
810
1081
5602
1076
1139
5525
1250
1646
5022
3138
4328
1338
671
1926
1905
2179
3358
2347
3228
15538
5556
2053
3586
1432
9259
87049
1344
4970
14957
1749
2126
2119
3055
10461
2091
19476
5332
18100
13188
1056
1512
874
3117
1205
1307
1064
1786
2312
3455
13892
2149
1432
1912
2744
596
26189
746
19445
1818
3656
11042
3985
1268
3320
3890
1937
990
1248
782
1277
2084
1205
587
2044
19199
1109
34666
497
1758
5674
864
422
5671
1737
406
2419
6161
760
1028
18433
3492
1673
1404
5290
4980
18728
23486
6426
9873
10153
1440
2396
448
1555
44847
24745
6324
8215
1213
8223
5577
3535
2584
1269
2398
3506
11747
2229
6239
0
0
0
730
2337
4842
7458
2807
1592
2797
13021
3499
718
1422
1107
345
628
563
1091
2097
46065
5844
1391
1302
1668
3512
1212
23443
2413
1086
2582
5257
10797
9288
3045
1755
979
899
2003
2147
8206
1949
2565
1471
1833
5658
655
1546
48857
4661
3464
1928
2267
761
4608
4496
2109
1238
3366
1804
8489
17966
2577
5666
5043
3825
2948
6543
7310
3093
3046
1541
6302
22783
6377
2891
2761
2735
14818
1546
1603
8108
3981
11329
3060
1117
2916
6437
3308
788
4960
1177
960
2553
2342
1659
1922
11660
4520
1612
1286
5708
1465
675
1439
1334
8486
1569
2117
2608
2640
882
5601
1800
3049
2038
4736
4733
1953
17469
1572
708
2156
1094
55437
1316
2561
2137
7885
2473
565
373
2825
4347
50860
12502
1861
1784
2206
5516
7865
3134
7348
4793
4339
10555
1943
3613
3360
11970
6351
14563
9290
2724
104597
2881
9680
3834
1898
6835
2017
682
730
2337
4842
0
0
0
1409
866
1318
10292
2334
1512
598
504
785
1613
1410
993
4360
4968
12272
3070
4658
6631
316
1069
727
2549
6128
902
3209
5044
621
2027
2599
9440
916
7441
3469
1117
692
750
577
20447
3637
4459
2287
8858
1647
5218
1701
4120
1270
5203
889
1519
1941
1269
1163
761
42067
806
1985
3868
9537
2898
19300
2210
9374
1558
14707
6212
8018
6541
9185
2146
15617
1670
1017
2024
2569
629
4572
7294
1774
1467
2429
784
691
757
2546
897
926
2051
1349
7394
2022
320
3592
246
346
7810
374
642
155
4229
760
9809
1583
1273
4551
618
506
475
1473
1264
653
41682
2805
16666
3314
5222
862
658
9521
3318
2492
3730
1992
142
109
185
2308
1883
5505
5691
2039
9038
5261
1838
2659
28525
11176
8660
1776
624
831
579
1373
14934
4268
2489
5195
1020
2690
1321
21804
2896
8571
1612
7844
362
7458
2807
1592
1409
866
1318
0
0
0
1258
650
422
824
740
12886
1781
1984
12612
3854
3271
2038
13538
12665
2211
2671
2475
9708
2235
1198
3959
1565
3393
1945
2618
5940
6059
2032
698
56520
1488
14504
4418
1605
6972
4651
3324
10853
1095
3315
5059
1114
3470
668
1725
17442
3567
1711
3668
2102
7570
4830
17796
3395
2390
1815
6117
21588
2705
4734
3304
4372
4757
3190
14508
2591
48368
1660
1951
2222
9733
7889
2429
3283
1407
3361
40593
964
1249
4762
3842
3139
1720
10929
1121
15521
3414
16955
1371
2793
3099
2299
1194
597
1968
2088
1059
1458
4790
1432
1839
14152
1847
4715
848
1988
893
1812
2543
9356
4169
19520
2061
2391
5021
3040
859
2138
1519
2100
4439
834
665
1740
45715
26277
2879
5121
6681
3031
4653
2086
4423
3906
1718
1793
2039
15250
919
1838
1265
1669
3103
3459
1051
2824
2099
3954
2786
1779
18608
3624
1939
2797
13021
3499
10292
2334
1512
1258
650
422
0
0
0
433
734
715
2537
2745
1839
4795
4547
11249
3315
72097
8159
6672
9854
2127
1139
5309
20778
1849
2441
1820
3162
1173
2958
5312
2213
2787
2290
39410
10533
3222
4566
44236
1862
9108
1771
1762
2223
1534
981
6013
728
2010
3330
2917
3027
1635
3360
5306
9224
6793
6460
2714
73345
2686
2498
18955
6010
5577
2261
2281
38970
11084
5780
18290
15169
4662
2215
3084
2411
1992
5381
2756
2164
3068
4669
45849
6110
36405
8447
2014
2625
3342
1002
1681
12979
1455
954
3022
791
1578
4819
1279
7590
2672
8047
2566
34017
15747
1069
1051
1532
1895
1068
2100
1954
3858
6534
1146
7631
9153
3063
2386
501
10127
963
1945
1041
585
1179
3384
5096
36558
1336
3816
4269
2986
6331
3688
26712
6628
10521
2167
18371
108065
5858
8157
10082
16691
3947
883
2671
4298
4661
5837
6654
3449
7193
2716
1030
718
1422
1107
598
504
785
824
740
12886
433
734
715
0
0
0
7249
1668
2807
5063
5604
25815
779
894
904
917
1856
1529
2329
9729
13215
582
591
1452
475
536
428
5705
2375
793
612
422
323
6364
1563
457
4790
9033
1633
482
1063
1495
1417
2680
904
1457
937
2330
556
1026
1275
5029
3328
2504
4016
2132
2174
3892
5070
1681
1161
2304
1553
3470
1385
1816
1402
6548
3088
6783
6788
2057
1528
9605
18490
3291
3809
519
1048
1410
1131
1698
1380
1552
2967
29705
1066
2305
1464
5605
6867
3011
2397
1254
454
7812
1078
868
2590
1503
572
457
758
689
485
7773
2557
5615
1580
5689
1351
5662
2217
486
490
959
3754
962
575
698
1603
854
937
3787
5913
2905
12161
1352
4197
6800
4860
8583
4063
4892
4962
1422
1196
1203
1761
1307
3979
2652
5308
7043
15910
1628
3511
12348
4103
4921
1988
11800
1473
345
628
563
1613
1410
993
1781
1984
12612
2537
2745
1839
7249
1668
2807
0
0
0
2957
4430
34550
2173
10656
37488
5429
2674
9605
2127
1372
1486
1022
3387
4297
5085
13726
909
1165
8760
3791
9285
2247
1271
6680
2952
2257
3152
1882
1705
1165
5042
1642
4784
2563
1033
4027
904
1697
1850
2144
1707
1770
8161
4272
9779
17548
28608
5501
5754
6790
1249
3732
25394
12506
2827
1685
1196
1632
2518
557
374
378
874
1343
1413
1695
979
3274
8043
1565
2982
1136
1456
1022
3170
854
694
2179
23792
1613
1896
3133
12046
25299
9475
8890
3354
1668
1888
1950
15163
7778
9067
8618
1892
1001
2050
7159
13934
1948
2173
7376
5966
2821
3544
6290
4595
24658
8859
3808
981
21494
23789
2578
7240
10546
831
4004
885
2842
1264
4214
11309
17460
13910
14093
20901
5782
755
1407
12784
863
507
406
4581
1972
1816
716
722
905
13287
461
877
1091
2097
46065
4360
4968
12272
3854
3271
2038
4795
4547
11249
5063
5604
25815
2957
4430
34550
0
0
0
