C_ijk
0
0
0
291
83
140
113
56
74
642
1278
4633
1904
4118
4684
487
649
819
1835
1840
631
724
3181
368
586
331
559
4811
1521
853
381
1002
647
474
4280
5134
729
714
68
1379
993
651
1927
1146
567
870
1817
959
1519
873
2079
1578
984
6227
829
778
958
562
456
2698
9089
202
417
925
803
9936
129
772
307
3800
2473
714
2931
814
4736
284
349
3012
1310
2963
2463
1485
1679
2899
746
2654
2683
2292
890
1367
5448
414
1570
13055
2346
276
4897
2645
2306
3502
2626
10214
5200
2223
1079
817
1201
4139
2843
968
1727
1789
17278
11605
4085
12944
2866
5219
1495
3616
2903
5080
2009
9189
771
1039
2771
5288
1695
4440
1886
3074
2488
1329
2572
3181
868
712
701
1182
927
1849
1079
679
1372
16581
3251
829
1057
1582
1095
4937
1280
2607
4553
2427
1639
2097
4894
2842
1627
1706
291
83
140
0
0
0
43
94
50
709
1866
1827
1102
1408
2880
472
420
1528
4718
465
4725
340
1274
575
908
208
259
17175
1145
10665
644
4564
2775
249
250
335
600
178
154
1747
1155
1893
3122
923
324
1045
1839
2300
381
3665
1147
527
842
1068
13333
305
603
834
730
1363
598
591
415
744
1002
413
284
291
605
355
1063
801
483
1474
1606
242
728
570
529
1002
6528
11917
880
1396
3516
2066
332
794
1437
745
2708
1987
3363
421
3385
5176
2905
2753
2634
3800
2332
864
2955
3071
28078
40728
4823
2093
2111
639
827
7322
3852
7027
2367
1995
4372
2951
3674
3092
13646
3073
3027
938
10712
12781
2466
5787
2273
1555
2006
1050
7097
4770
5462
1450
6791
368
4057
1437
1221
9439
2368
3435
12052
5075
2554
1191
3054
1525
7249
11857
2771
3304
1983
786
1027
886
564
2220
2292
3326
113
56
74
43
94
50
0
0
0
842
2949
880
16143
1077
4246
307
220
210
1222
2021
2796
525
957
961
728
1183
596
1933
3243
10072
473
1057
231
332
357
2636
521
170
504
606
743
680
433
930
1092
834
1366
2856
1446
313
1878
1108
1820
1757
1388
1786
1069
3636
7815
1639
855
341
1454
890
2483
752
822
296
431
874
840
1083
910
773
1129
161
448
596
25367
1163
769
2734
2013
876
1084
6297
707
1295
2577
700
434
1686
702
297
434
963
4525
23141
1201
3667
4755
4162
6675
2866
3168
1500
3713
949
1455
956
1571
5641
4643
24395
3432
1499
3381
1628
24062
7719
1860
7459
2849
2946
12468
602
468
3298
826
7432
21808
3279
7419
17554
8050
3328
2718
531
1408
2947
638
24307
656
2590
1435
772
4888
1275
3306
657
3097
2152
2052
3665
2286
2508
1463
1064
1070
2344
865
5785
642
1278
4633
709
1866
1827
842
2949
880
0
0
0
1050
13692
268
199
924
498
325
386
561
162
267
106
226
935
8627
20319
198
578
183
6797
415
2248
1561
2012
4086
733
550
905
2716
1991
523
2107
2934
567
4754
734
4978
2771
1685
1807
3398
3745
2175
4502
4995
4385
2463
6442
1326
922
721
2954
3151
816
179
16282
843
49416
28206
2267
3888
1137
2930
2830
630
477
958
1682
766
2134
4288
1895
1727
2309
4050
329
431
1004
699
877
2480
623
337
517
970
3297
4162
2644
4796
1387
4894
6566
30951
1058
896
1300
7965
13217
463
4455
18299
6786
1766
3439
4537
3450
1148
11703
1178
14236
5172
923
4327
859
1562
760
2108
2769
38477
6371
2350
26515
2212
2043
1506
2375
10031
1630
961
969
1339
1059
9306
9517
2069
6941
12398
1343
4430
3137
1960
5870
10877
2302
466
1676
1359
3637
2769
3869
1904
4118
4684
1102
1408
2880
16143
1077
4246
1050
13692
268
0
0
0
2083
15572
3235
202
887
6142
1011
895
1680
1663
675
6720
431
427
457
510
542
1785
3490
731
5445
2698
2556
4717
3374
1602
1822
2575
1152
1470
7834
2174
4425
2524
5242
10320
2035
9821
2756
1617
1350
2478
2125
1587
10439
2073
2257
2242
1687
6003
2242
634
2193
3443
8645
4739
1721
2441
4082
3559
4212
4572
1277
2747
1432
6045
3637
3190
5137
11157
6243
19447
1004
591
977
754
715
297
12432
1033
913
798
3711
942
487
961
105
1077
3291
869
457
1087
1165
5992
3714
1709
2924
1417
4041
1776
14036
6076
6502
11469
3062
19050
5213
2039
490
297
783
1990
3210
8304
11324
7595
6895
14158
1948
35168
12487
1650
661
1543
4660
1830
2225
9265
401
2446
1779
5272
1630
3557
4039
2246
1229
5450
2244
11692
2452
3520
570
623
5410
4104
9536
487
649
819
472
420
1528
307
220
210
199
924
498
2083
15572
3235
0
0
0
6734
643
1297
465
2719
2217
843
316
462
993
889
4756
342
845
388
984
3091
842
9711
312
209
2087
1477
1904
1405
1339
1908
856
1595
1138
612
545
1885
5389
782
1097
6852
1755
1522
3875
8238
4111
5558
473
817
744
1319
387
1882
411
928
4076
478
1147
2052
581
3906
258
758
646
7060
4340
1971
2357
2195
3656
342
1385
4513
510
1169
480
368
449
2595
283
225
263
1104
3360
3431
1095
1387
5124
3799
990
6203
1273
6372
8498
667
16170
1679
2419
3571
29781
1498
1085
1863
17001
4042
3813
12159
2657
6249
10987
6823
1785
675
3066
961
10240
2773
1689
2323
1791
3719
8546
3735
1733
1789
783
2570
4059
789
670
40293
961
1993
9196
619
885
2283
1912
15959
1052
1771
2571
1215
1018
532
1925
1616
2509
1835
1840
631
4718
465
4725
1222
2021
2796
325
386
561
202
887
6142
6734
643
1297
0
0
0
439
266
164
1537
1636
1084
1689
358
405
458
330
2226
1526
3930
2988
955
1342
889
1361
578
1729
631
1956
1823
674
22562
2578
1902
508
8945
11906
1088
2452
983
2646
1915
1496
1831
2924
5235
1513
3290
3821
16442
1740
620
1263
1416
612
2471
6047
637
4022
888
1822
687
671
1461
17388
1454
1336
44996
5254
8308
3062
645
1981
700
1415
2572
352
819
518
2137
1530
12935
1993
3973
1510
451
1547
11969
803
1626
2322
1526
688
12561
584
608
4874
5758
12250
9463
3988
1915
31330
8384
21293
6912
7771
1660
683
255
16484
1115
4240
5742
5129
1816
2154
3231
7426
2204
2879
4307
12180
5786
4967
18901
374
2887
251
4620
2316
27273
1687
835
7137
1045
2754
1857
10267
3030
1825
568
2509
445
11761
6319
13900
724
3181
368
340
1274
575
525
957
961
162
267
106
1011
895
1680
465
2719
2217
439
266
164
0
0
0
1408
393
14101
1267
3917
397
4378
596
7202
1039
4256
3052
530
8424
1811
1811
2048
456
3850
1109
997
4491
3476
1545
806
2097
3063
1938
5974
1247
4090
1328
1727
2140
4079
1845
640
3801
2097
5412
2052
606
1245
863
807
1384
2421
4088
3304
2971
622
671
535
1232
1334
2813
1690
895
4358
5422
1172
677
866
932
1271
698
145
461
2382
133
603
1278
1332
1576
3723
1877
641
1601
1218
2448
2408
15919
975
726
550
3224
744
2426
1705
2499
7917
3001
5709
2498
11854
2358
5334
1710
2185
676
379
799
4340
2755
1526
4190
4344
2932
4716
3399
2764
3840
1685
1967
1770
5480
23630
2141
2296
671
766
1131
1674
3609
3001
4876
3344
4184
12031
955
986
15808
232
1426
1914
15315
2598
22352
586
331
559
908
208
259
728
1183
596
226
935
8627
1663
675
6720
843
316
462
1537
1636
1084
1408
393
14101
0
0
0
2354
645
3918
3823
414
191
1723
430
475
1257
100
140
7047
446
603
228
266
6159
1407
670
13356
999
2036
590
541
563
2453
551
654
786
1548
3476
1092
528
1664
2989
704
2024
1000
470
1358
7305
1998
2830
1777
23082
2128
725
9416
7546
3051
595
1152
20098
1405
1722
2371
1460
4265
1008
5454
334
413
2035
6556
1414
510
3763
1913
2411
40697
1678
1754
1470
1737
2351
2304
7344
3955
1032
1795
2591
2480
9198
46625
1994
5089
11009
2774
2131
2340
1870
1928
3460
1030
1119
1794
651
3624
3175
2684
6988
4570
1756
35659
3242
10641
1317
3462
1491
3060
6236
1188
5645
2739
3018
993
2472
3014
2526
1711
10483
1467
16942
1579
1733
5100
7403
1865
1089
1865
2010
1221
3180
3057
4811
1521
853
17175
1145
10665
1933
3243
10072
20319
198
578
431
427
457
993
889
4756
1689
358
405
1267
3917
397
2354
645
3918
0
0
0
1914
669
445
456
2677
7081
1726
723
1885
1685
1586
1578
913
3539
803
908
2194
3851
700
4830
9063
3383
1171
1499
1209
7507
714
3480
897
2318
5634
13995
12744
45398
3308
1479
1266
2273
886
7576
7925
3934
2988
1255
2639
3631
2702
4673
1768
1275
1614
3031
2079
3926
8896
1374
923
1627
9243
2188
2546
1182
3063
885
471
2384
724
11167
773
640
826
10707
2400
6625
403
851
747
629
3604
1120
1656
2194
3188
3985
3776
2270
3643
111352
3860
2046
3658
4227
5396
1044
1740
1403
12101
10349
1759
59110
3554
2839
3958
33787
6889
56855
1389
2419
11872
1730
3285
1333
3370
23126
3480
2753
11891
2124
1440
66764
4223
2329
3913
14394
5037
1861
562
17025
505
3449
23613
8167
381
1002
647
644
4564
2775
473
1057
231
183
6797
415
510
542
1785
342
845
388
458
330
2226
4378
596
7202
3823
414
191
1914
669
445
0
0
0
396
187
648
236
652
1135
722
547
1952
2210
565
3646
1254
4055
1565
2021
9850
501
1007
2617
2758
1788
13345
10384
2251
2998
1256
1281
3385
1239
5125
2409
37435
935
479
4477
18163
1284
4837
894
1674
1777
1581
2926
813
6241
7296
2432
3612
6317
4307
966
5678
1356
3961
5925
2843
1639
3456
864
1430
1062
1170
2218
2140
1704
2585
2576
860
747
2321
3840
2190
2448
2520
3554
1710
1101
1463
3381
1430
4657
3079
6097
5644
3460
2572
1828
2499
2103
1366
6314
1983
7507
1721
3356
4424
4638
1998
2536
5994
8928
767
2472
1047
1723
573
4366
3355
6697
1405
1558
1316
1964
1513
1076
1038
4677
2302
16881
16122
2895
3865
1269
1114
1728
2524
2092
1677
474
4280
5134
249
250
335
332
357
2636
2248
1561
2012
3490
731
5445
984
3091
842
1526
3930
2988
1039
4256
3052
1723
430
475
456
2677
7081
396
187
648
0
0
0
35
214
98
1090
470
812
289
287
385
1156
1020
4754
2956
185
544
1596
333
3161
1730
752
2128
1414
13749
13599
596
2052
18370
1009
1720
1289
465
1580
1564
1401
9313
1265
3381
931
1486
572
8325
626
467
1595
1832
5025
1159
550
1358
16242
950
1141
696
1124
858
1583
1628
6139
1841
599
506
2041
657
1109
3528
1973
2761
1788
1648
3964
4712
18670
3163
1758
2161
43882
19858
48767
2292
1031
7724
2297
6359
1831
3286
4921
4277
819
3095
7266
1543
2427
1763
1782
863
1701
43228
2307
24259
2046
3477
1704
3984
1825
3675
38615
14682
3089
6634
2248
4671
1342
1931
1214
74361
32065
1881
8467
4483
10165
7889
1129
915
43555
4078
1391
729
714
68
600
178
154
521
170
504
4086
733
550
2698
2556
4717
9711
312
209
955
1342
889
530
8424
1811
1257
100
140
1726
723
1885
236
652
1135
35
214
98
0
0
0
9740
740
718
6696
571
243
1359
1292
3681
1782
432
1208
6790
2889
1196
1301
757
3365
694
407
941
494
561
927
722
6755
7600
2898
335
537
667
1220
973
1412
2238
806
3225
4422
28334
5372
3927
3749
748
1517
1503
7971
835
1590
682
1455
1999
643
2754
1033
3269
1643
1647
2088
1307
6464
1591
3088
2476
2604
1696
30788
2816
15025
2257
1573
5994
5541
8476
2473
8122
1266
937
1334
28910
4303
2501
1122
2527
3434
2117
49258
7729
2586
5888
2697
2430
2471
23037
9567
67623
9415
10571
2132
2167
2421
2391
1009
2110
4390
1309
13203
30588
1783
1276
857
4341
1573
4499
1935
48309
1067
7042
9141
7679
3064
3710
2662
5943
1379
993
651
1747
1155
1893
606
743
680
905
2716
1991
3374
1602
1822
2087
1477
1904
1361
578
1729
1811
2048
456
7047
446
603
1685
1586
1578
722
547
1952
1090
470
812
9740
740
718
0
0
0
702
398
193
3269
1743
674
825
1070
5832
868
20178
6455
1941
5834
1933
2787
1839
2025
1393
1235
2845
9485
7020
1183
1221
885
4736
4957
4421
2297
1581
5551
2246
7589
8488
1341
1058
5188
14795
1453
27598
1965
569
584
6240
741
1798
7274
7713
2960
1040
1777
17336
2125
3092
11903
2938
650
3316
2317
3018
5841
1499
1525
5274
755
6422
6527
9296
780
2471
3220
1256
1560
1671
2738
793
2467
1753
29861
684
2554
1512
989
2951
3374
2808
1610
4700
7463
2749
4653
11618
17809
2756
2424
3225
5667
893
3200
2256
2069
1214
2982
2239
2325
2232
2333
2581
4517
2649
7242
2825
14114
5190
5592
1281
5250
7210
32805
1927
1146
567
3122
923
324
433
930
1092
523
2107
2934
2575
1152
1470
1405
1339
1908
631
1956
1823
3850
1109
997
228
266
6159
913
3539
803
2210
565
3646
289
287
385
6696
571
243
702
398
193
0
0
0
429
547
489
621
592
518
4115
1046
4519
8560
933
994
3083
3475
2373
1208
8318
1246
3414
3017
600
5192
1553
598
3075
3029
1791
771
4274
2242
2766
965
1665
7086
3916
13397
1852
515
7607
1048
2459
9720
1509
2738
3384
1241
1934
5765
4350
3081
634
1413
8818
1943
7536
1875
18480
3222
8163
2571
635
582
743
34150
1315
2229
2285
1796
1502
752
1493
1419
2052
7786
3829
1317
1654
1419
1345
2784
10559
947
17191
17385
4180
1606
1218
3703
4194
17564
6425
4061
1051
1949
4791
5078
1341
2378
19334
2487
1406
2106
41478
6696
2202
3255
8789
1813
1875
24090
23074
10472
1107
1213
6417
31052
4825
870
1817
959
1045
1839
2300
834
1366
2856
567
4754
734
7834
2174
4425
856
1595
1138
674
22562
2578
4491
3476
1545
1407
670
13356
908
2194
3851
1254
4055
1565
1156
1020
4754
1359
1292
3681
3269
1743
674
429
547
489
0
0
0
611
837
257
704
380
366
764
4590
3443
3447
1467
3515
3741
1404
6177
1725
5343
5125
2344
815
1752
1745
4543
12928
977
1766
1433
3153
909
882
2487
5376
4560
3742
5162
2452
780
32009
790
17095
2187
9159
729
2048
7386
8202
690
4115
2297
11463
2194
2605
1160
2520
8762
1960
4109
1147
1181
2222
9460
4856
2187
2236
4476
1141
1394
838
592
3199
32918
898
764
13991
3061
1223
18360
1211
6024
2615
5188
5146
2885
1600
2482
3494
1536
1952
1447
1277
6097
13133
1381
2364
10098
2275
21747
4056
15933
3043
2564
3731
7745
9765
5935
3725
61467
4768
2027
4400
2589
1853
3180
6361
1519
873
2079
381
3665
1147
1446
313
1878
4978
2771
1685
2524
5242
10320
612
545
1885
1902
508
8945
806
2097
3063
999
2036
590
700
4830
9063
2021
9850
501
2956
185
544
1782
432
1208
825
1070
5832
621
592
518
611
837
257
0
0
0
458
359
460
1367
1001
763
331
4540
889
653
541
1026
1160
3511
3560
682
700
42508
19613
1169
4072
787
4808
1806
4558
1786
10155
3064
11719
3642
10228
2031
2477
2518
1267
2317
856
28947
4990
1522
3638
3113
2042
701
1438
2571
2300
1976
1711
1065
3507
5048
1807
8724
3960
2215
1573
4358
2824
1845
1070
2395
3425
470
306
457
9867
2566
2211
21072
3510
4626
5351
1093
3526
15235
2324
974
2938
805
502
3212
17735
21658
4747
960
9623
1887
1648
4154
1455
1011
2985
3148
19013
1483
2279
18475
6419
3079
1078
2241
16076
2985
3689
1125
3320
9316
1207
3167
1388
1578
984
6227
527
842
1068
1108
1820
1757
1807
3398
3745
2035
9821
2756
5389
782
1097
11906
1088
2452
1938
5974
1247
541
563
2453
3383
1171
1499
1007
2617
2758
1596
333
3161
6790
2889
1196
868
20178
6455
4115
1046
4519
704
380
366
458
359
460
0
0
0
440
1519
978
640
2450
2298
779
506
451
1274
1356
1615
1626
7716
1487
3740
16517
1926
2916
806
645
2185
3941
2042
11119
1033
7329
3005
1344
1636
5835
2409
1416
3554
1508
857
1049
3342
3150
708
4323
1460
18429
3672
2558
8727
3787
2355
5424
4878
5528
4168
5411
26514
2511
8956
3175
2727
3442
3923
401
394
113
2348
5228
2004
6640
4909
32139
3573
15328
1007
2237
3395
4523
2189
8386
1090
5771
11105
4339
1574
646
1168
2221
902
1747
4752
2810
2203
6523
5608
4186
2421
1604
631
5238
3994
2754
39754
3266
3428
4515
2703
895
1345
3034
1198
829
778
958
13333
305
603
1388
1786
1069
2175
4502
4995
1617
1350
2478
6852
1755
1522
983
2646
1915
4090
1328
1727
551
654
786
1209
7507
714
1788
13345
10384
1730
752
2128
1301
757
3365
1941
5834
1933
8560
933
994
764
4590
3443
1367
1001
763
440
1519
978
0
0
0
446
480
248
461
260
202
634
758
1091
578
461
2124
390
502
324
200
468
420
1614
668
1899
8549
1869
943
1013
1150
589
5199
1220
1945
14110
952
1141
881
4315
4762
641
4580
2754
2415
1787
2980
6760
2044
712
8970
8267
1498
1353
9390
2373
858
24269
2489
1976
4588
1493
15080
1883
747
3971
3916
1102
8076
2956
5225
2650
1844
3533
614
5635
1257
713
1566
2293
9456
34379
47187
1630
369
1157
2191
6878
756
1145
3443
6469
2548
1633
952
4306
3619
809
15588
1525
3938
9584
5558
4251
6829
13086
2068
928
1046
619
562
456
2698
834
730
1363
3636
7815
1639
4385
2463
6442
2125
1587
10439
3875
8238
4111
1496
1831
2924
2140
4079
1845
1548
3476
1092
3480
897
2318
2251
2998
1256
1414
13749
13599
694
407
941
2787
1839
2025
3083
3475
2373
3447
1467
3515
331
4540
889
640
2450
2298
446
480
248
0
0
0
324
314
318
710
8431
520
1900
2989
2895
506
2048
1148
3132
8348
558
1422
3095
711
2204
1904
1335
1561
1178
3114
1261
1119
2098
1325
11715
8032
968
2170
4032
2438
780
1251
3041
1601
1089
7223
6782
7038
14317
4052
8057
1621
1460
1386
894
40051
45978
3510
1439
6947
2381
2404
586
1332
1807
3861
3969
2992
4261
1881
1434
5718
18080
4508
781
1726
2194
715
821
1689
1373
208
79
208
1804
2097
3429
6804
1900
5432
27438
5267
3971
6030
35749
2539
16104
3079
3778
14245
1174
1734
3990
2170
4985
1103
625
976
9089
202
417
598
591
415
855
341
1454
1326
922
721
2073
2257
2242
5558
473
817
5235
1513
3290
640
3801
2097
528
1664
2989
5634
13995
12744
1281
3385
1239
596
2052
18370
494
561
927
1393
1235
2845
1208
8318
1246
3741
1404
6177
653
541
1026
779
506
451
461
260
202
324
314
318
0
0
0
1646
571
294
439
2069
4875
165
1112
553
657
175
2788
2207
1263
3046
2947
868
1411
781
373
8687
2943
928
896
17415
3432
2428
1426
493
2611
806
715
826
2866
2655
3897
7820
2098
8417
5521
6050
2976
7779
3883
113780
1644
1517
1107
42532
1630
2084
2813
917
6974
3883
2708
11761
12706
5609
7020
3350
1588
4471
1125
1217
681
2261
2955
10956
1277
3013
2878
406
1008
803
1000
1312
2106
1298
4775
2489
6826
3674
13689
2207
2963
12693
2290
10775
14683
11392
3371
2631
700
1070
3934
334
2162
509
925
803
9936
744
1002
413
890
2483
752
2954
3151
816
1687
6003
2242
744
1319
387
3821
16442
1740
5412
2052
606
704
2024
1000
45398
3308
1479
5125
2409
37435
1009
1720
1289
722
6755
7600
9485
7020
1183
3414
3017
600
1725
5343
5125
1160
3511
3560
1274
1356
1615
634
758
1091
710
8431
520
1646
571
294
0
0
0
266
431
363
210
424
505
265
118
83
357
414
606
1642
1003
988
291
508
1236
746
3135
5160
3538
1249
18094
16325
385
9055
1310
5554
5714
4995
50823
109440
1231
2282
3032
4199
23560
4312
1007
8407
1432
1047
688
1679
3233
2361
2325
1391
1000
1249
24927
1451
1951
3592
3913
1513
5815
6949
2523
586
458
6836
2901
1113
2041
1136
1322
917
538
1160
1033
748
1171
311
1339
1384
5056
5109
5433
562
15535
678
1027
50356
3474
3183
8427
7762
1567
4220
3130
1483
9492
1108
1961
129
772
307
284
291
605
822
296
431
179
16282
843
634
2193
3443
1882
411
928
620
1263
1416
1245
863
807
470
1358
7305
1266
2273
886
935
479
4477
465
1580
1564
2898
335
537
1221
885
4736
5192
1553
598
2344
815
1752
682
700
42508
1626
7716
1487
578
461
2124
1900
2989
2895
439
2069
4875
266
431
363
0
0
0
897
374
1118
1227
388
1010
128
331
138
724
3745
748
570
1229
475
11135
849
367
502
1009
9856
1903
576
359
1476
5297
314
5957
6934
8191
8126
2248
1957
4008
1259
3960
21519
1656
4349
2806
16880
2455
2146
9114
3248
1441
3765
2300
6257
2988
18162
4439
2671
2536
1002
18017
8260
843
2670
1917
1154
6039
3694
2248
7573
4147
583
3830
1050
1495
338
549
2387
1806
29012
3443
966
809
632
1837
746
4878
4463
940
921
3165
2020
4643
916
1303
2699
1440
8088
3800
2473
714
355
1063
801
874
840
1083
49416
28206
2267
8645
4739
1721
4076
478
1147
612
2471
6047
1384
2421
4088
1998
2830
1777
7576
7925
3934
18163
1284
4837
1401
9313
1265
667
1220
973
4957
4421
2297
3075
3029
1791
1745
4543
12928
19613
1169
4072
3740
16517
1926
390
502
324
506
2048
1148
165
1112
553
210
424
505
897
374
1118
0
0
0
177
468
147
529
1881
516
1561
2279
2275
2559
3768
644
10453
3003
1383
2664
777
4006
1560
2252
1334
13927
3837
1288
1774
2151
1265
3910
1913
6343
2580
5106
5392
6980
8886
12898
938
6958
2054
7330
8211
11429
24270
1525
957
10271
1515
2281
16928
4842
3508
4478
3348
8141
1030
5855
2837
3323
793
2599
859
1139
17113
1887
422
1134
591
2657
877
1033
1480
4354
3149
2353
1377
2047
2664
861
1443
1042
3062
1999
2959
7917
2356
2016
4380
1662
4031
1951
2931
814
4736
483
1474
1606
910
773
1129
3888
1137
2930
2441
4082
3559
2052
581
3906
637
4022
888
3304
2971
622
23082
2128
725
2988
1255
2639
894
1674
1777
3381
931
1486
1412
2238
806
1581
5551
2246
771
4274
2242
977
1766
1433
787
4808
1806
2916
806
645
200
468
420
3132
8348
558
657
175
2788
265
118
83
1227
388
1010
177
468
147
0
0
0
1350
1474
500
544
1175
738
5520
1257
455
890
3740
5639
2081
1184
547
828
1081
3760
3370
810
2700
2193
2620
8307
1138
12429
4519
5485
17384
1425
3640
6071
3743
1901
1961
2789
4451
53927
3650
2842
4148
22643
6633
4344
1940
2983
14720
15045
3656
6377
3647
2153
1231
1039
6368
853
9290
2542
1549
1335
7128
2775
6061
4376
843
712
2251
2625
10398
22258
24137
11821
1385
2014
1714
799
6246
903
2307
13433
2686
1202
2818
7101
1605
807
1180
284
349
3012
242
728
570
161
448
596
2830
630
477
4212
4572
1277
258
758
646
1822
687
671
671
535
1232
9416
7546
3051
3631
2702
4673
1581
2926
813
572
8325
626
3225
4422
28334
7589
8488
1341
2766
965
1665
3153
909
882
4558
1786
10155
2185
3941
2042
1614
668
1899
1422
3095
711
2207
1263
3046
357
414
606
128
331
138
529
1881
516
1350
1474
500
0
0
0
1028
566
1286
666
571
878
3192
386
314
2691
1086
5371
205
3373
1757
412
459
357
3041
1161
1034
1752
2199
522
1609
7283
2024
2860
18826
5374
2136
8609
303
3324
7656
9619
9796
11004
4456
2369
4075
3258
4311
23876
9821
6489
2294
3091
1383
717
1062
3166
3735
944
4815
960
6416
2300
2399
374
920
1134
334
1400
4882
902
4723
3875
849
6511
543
365
3991
1021
13622
3695
36608
4230
915
6595
1400
2997
1387
3037
1310
2963
2463
529
1002
6528
25367
1163
769
958
1682
766
2747
1432
6045
7060
4340
1971
1461
17388
1454
1334
2813
1690
595
1152
20098
1768
1275
1614
6241
7296
2432
467
1595
1832
5372
3927
3749
1058
5188
14795
7086
3916
13397
2487
5376
4560
3064
11719
3642
11119
1033
7329
8549
1869
943
2204
1904
1335
2947
868
1411
1642
1003
988
724
3745
748
1561
2279
2275
544
1175
738
1028
566
1286
0
0
0
524
95
868
381
831
2617
1004
6889
310
650
627
734
661
7796
618
1903
2844
3593
6395
690
2090
8471
2746
1875
4337
1783
2595
1078
321
1358
12887
7219
4781
35654
2978
2411
5309
2327
3633
22366
4988
7989
1829
2010
7128
690
791
769
4039
4170
1596
5305
9294
993
1445
3734
8932
1138
3090
653
2614
11755
1519
829
1024
8379
232
380
627
3482
1304
939
1524
1836
2435
2326
1022
955
1055
8655
1485
1485
1679
2899
11917
880
1396
2734
2013
876
2134
4288
1895
3637
3190
5137
2357
2195
3656
1336
44996
5254
895
4358
5422
1405
1722
2371
3031
2079
3926
3612
6317
4307
5025
1159
550
748
1517
1503
1453
27598
1965
1852
515
7607
3742
5162
2452
10228
2031
2477
3005
1344
1636
1013
1150
589
1561
1178
3114
781
373
8687
291
508
1236
570
1229
475
2559
3768
644
5520
1257
455
666
571
878
524
95
868
0
0
0
392
900
1329
2989
2088
388
6874
1012
794
368
587
762
3450
2955
4925
2441
2893
6109
1707
9322
1829
11168
3923
2844
2262
1584
1607
2559
7597
8544
2187
1620
49970
4900
13698
1620
2717
13999
3425
1232
3452
792
1583
1162
396
3136
12623
1872
2453
796
1316
1428
1607
2349
308
12251
267
2140
3578
933
3795
349
5677
720
276
779
2027
743
1464
611
7322
3592
1317
8708
2252
2648
4966
4178
746
2654
2683
3516
2066
332
1084
6297
707
1727
2309
4050
11157
6243
19447
342
1385
4513
8308
3062
645
1172
677
866
1460
4265
1008
8896
1374
923
966
5678
1356
1358
16242
950
7971
835
1590
569
584
6240
1048
2459
9720
780
32009
790
2518
1267
2317
5835
2409
1416
5199
1220
1945
1261
1119
2098
2943
928
896
746
3135
5160
11135
849
367
10453
3003
1383
890
3740
5639
3192
386
314
381
831
2617
392
900
1329
0
0
0
930
1594
295
1151
746
392
654
308
1940
3286
1464
3768
6494
1365
735
2428
3510
1279
2636
4700
2637
334
1051
854
4150
1799
2236
9337
36110
1885
1988
19217
5152
4190
2823
4208
2532
1769
17675
11456
695
758
3397
2923
8354
24898
3901
20741
1575
1567
864
728
1315
1328
1868
34058
3206
1520
8198
1366
10380
280
791
574
1554
1816
4001
1121
4138
357
1968
1471
2855
3499
2325
2292
890
1367
794
1437
745
1295
2577
700
329
431
1004
1004
591
977
510
1169
480
1981
700
1415
932
1271
698
5454
334
413
1627
9243
2188
3961
5925
2843
1141
696
1124
682
1455
1999
741
1798
7274
1509
2738
3384
17095
2187
9159
856
28947
4990
3554
1508
857
14110
952
1141
1325
11715
8032
17415
3432
2428
3538
1249
18094
502
1009
9856
2664
777
4006
2081
1184
547
2691
1086
5371
1004
6889
310
2989
2088
388
930
1594
295
0
0
0
225
140
972
166
234
189
6803
2396
847
1293
1391
1377
52182
74085
13034
5269
2210
9233
1372
2528
1346
11801
10751
3974
1570
3503
1872
7435
3580
3005
2027
3769
1791
1357
2233
676
1504
2960
3862
3030
9188
1461
4687
5884
12914
9821
16702
2095
8193
2744
1310
542
2040
1440
1887
1525
612
2249
1455
482
1200
1280
1251
1885
3455
827
4904
897
497
2457
48583
5165
5448
414
1570
2708
1987
3363
434
1686
702
699
877
2480
754
715
297
368
449
2595
2572
352
819
145
461
2382
2035
6556
1414
2546
1182
3063
1639
3456
864
858
1583
1628
643
2754
1033
7713
2960
1040
1241
1934
5765
729
2048
7386
1522
3638
3113
1049
3342
3150
881
4315
4762
968
2170
4032
1426
493
2611
16325
385
9055
1903
576
359
1560
2252
1334
828
1081
3760
205
3373
1757
650
627
734
6874
1012
794
1151
746
392
225
140
972
0
0
0
913
243
279
4402
900
11785
5704
2522
1361
42342
2330
2621
4647
3551
1933
2444
2738
811
1216
6323
6890
13646
2214
2270
2920
2580
2943
4059
8670
4186
6809
1262
1986
1336
1515
12911
9170
4135
4533
2143
5010
2179
2318
3577
1598
1014
1003
5269
706
1578
4891
569
1566
4079
825
339
813
4020
20473
4283
2814
2482
1615
397
2677
1182
5235
8182
2647
13055
2346
276
421
3385
5176
297
434
963
623
337
517
12432
1033
913
283
225
263
518
2137
1530
133
603
1278
510
3763
1913
885
471
2384
1430
1062
1170
6139
1841
599
3269
1643
1647
1777
17336
2125
4350
3081
634
8202
690
4115
2042
701
1438
708
4323
1460
641
4580
2754
2438
780
1251
806
715
826
1310
5554
5714
1476
5297
314
13927
3837
1288
3370
810
2700
412
459
357
661
7796
618
368
587
762
654
308
1940
166
234
189
913
243
279
0
0
0
4352
2194
860
5953
890
1557
4722
6736
1029
12170
2290
6187
1086
1264
583
4337
8546
1149
3741
1199
9542
4923
2384
6928
3869
6018
2604
2042
1848
950
2966
1666
1688
3026
7873
2284
2773
9770
4768
1111
2826
946
5302
2568
732
1547
1242
4144
14272
12091
918
1192
917
1660
2161
3005
4857
5562
1886
16512
582
1374
1050
1747
2878
24038
4897
2645
2306
2905
2753
2634
4525
23141
1201
970
3297
4162
798
3711
942
1104
3360
3431
12935
1993
3973
1332
1576
3723
2411
40697
1678
724
11167
773
2218
2140
1704
506
2041
657
2088
1307
6464
3092
11903
2938
1413
8818
1943
2297
11463
2194
2571
2300
1976
18429
3672
2558
2415
1787
2980
3041
1601
1089
2866
2655
3897
4995
50823
109440
5957
6934
8191
1774
2151
1265
2193
2620
8307
3041
1161
1034
1903
2844
3593
3450
2955
4925
3286
1464
3768
6803
2396
847
4402
900
11785
4352
2194
860
0
0
0
1649
3373
1076
1387
1738
1544
480
600
959
1669
1714
4991
1423
1314
5313
2746
1801
3364
23617
2509
2436
771
7946
1244
3095
2314
1092
4889
1485
15734
7160
2486
2084
3977
3739
6342
25279
1815
35073
8965
66784
56226
11219
1204
2567
3319
5942
37126
4738
7638
1434
3793
5413
18898
10140
3432
28944
5153
4991
12403
6269
1293
9281
3502
2626
10214
3800
2332
864
3667
4755
4162
2644
4796
1387
487
961
105
1095
1387
5124
1510
451
1547
1877
641
1601
1754
1470
1737
640
826
10707
2585
2576
860
1109
3528
1973
1591
3088
2476
650
3316
2317
7536
1875
18480
2605
1160
2520
1711
1065
3507
8727
3787
2355
6760
2044
712
7223
6782
7038
7820
2098
8417
1231
2282
3032
8126
2248
1957
3910
1913
6343
1138
12429
4519
1752
2199
522
6395
690
2090
2441
2893
6109
6494
1365
735
1293
1391
1377
5704
2522
1361
5953
890
1557
1649
3373
1076
0
0
0
1950
583
353
241
1330
333
840
3435
8661
3185
2144
15813
2011
1457
2136
9579
3068
4310
7190
3393
2754
979
763
375
1824
1727
3586
3327
1209
6127
56270
4231
41942
5100
2141
1588
5579
3924
4562
4574
931
3493
2330
23335
2196
3452
3311
751
6119
28614
10274
790
19302
2205
10253
4473
1400
4111
8282
5039
5200
2223
1079
2955
3071
28078
6675
2866
3168
4894
6566
30951
1077
3291
869
3799
990
6203
11969
803
1626
1218
2448
2408
2351
2304
7344
2400
6625
403
747
2321
3840
2761
1788
1648
2604
1696
30788
3018
5841
1499
3222
8163
2571
8762
1960
4109
5048
1807
8724
5424
4878
5528
8970
8267
1498
14317
4052
8057
5521
6050
2976
4199
23560
4312
4008
1259
3960
2580
5106
5392
5485
17384
1425
1609
7283
2024
8471
2746
1875
1707
9322
1829
2428
3510
1279
52182
74085
13034
42342
2330
2621
4722
6736
1029
1387
1738
1544
1950
583
353
0
0
0
2515
311
612
2315
3273
1036
3063
3397
3076
679
1653
7956
7805
1592
65194
5625
2215
13015
398
317
1021
7963
3392
5364
37502
7202
5421
5768
6343
6555
1799
2392
3734
2183
35660
2035
588
1768
1370
5398
1118
2976
7162
1402
3206
6111
3896
2351
1235
2564
787
812
1742
911
9093
13123
8529
817
1201
4139
40728
4823
2093
1500
3713
949
1058
896
1300
457
1087
1165
1273
6372
8498
2322
1526
688
15919
975
726
3955
1032
1795
851
747
629
2190
2448
2520
3964
4712
18670
2816
15025
2257
1525
5274
755
635
582
743
1147
1181
2222
3960
2215
1573
4168
5411
26514
1353
9390
2373
1621
1460
1386
7779
3883
113780
1007
8407
1432
21519
1656
4349
6980
8886
12898
3640
6071
3743
2860
18826
5374
4337
1783
2595
11168
3923
2844
2636
4700
2637
5269
2210
9233
4647
3551
1933
12170
2290
6187
480
600
959
241
1330
333
2515
311
612
0
0
0
1097
2369
2070
10459
2749
4290
5928
4112
17562
21009
3321
149763
3705
1212
1185
1541
922
1628
2919
9834
4867
11670
6733
2448
2939
3871
11209
3891
2616
1834
3426
1338
6930
416
10834
3011
1644
1651
25137
5360
36856
4291
6793
4076
6872
3294
2315
8548
2766
1259
13164
3716
1567
2345
2843
968
1727
2111
639
827
1455
956
1571
7965
13217
463
5992
3714
1709
667
16170
1679
12561
584
608
550
3224
744
2591
2480
9198
3604
1120
1656
3554
1710
1101
3163
1758
2161
1573
5994
5541
6422
6527
9296
34150
1315
2229
9460
4856
2187
4358
2824
1845
2511
8956
3175
858
24269
2489
894
40051
45978
1644
1517
1107
1047
688
1679
2806
16880
2455
938
6958
2054
1901
1961
2789
2136
8609
303
1078
321
1358
2262
1584
1607
334
1051
854
1372
2528
1346
2444
2738
811
1086
1264
583
1669
1714
4991
840
3435
8661
2315
3273
1036
1097
2369
2070
0
0
0
2884
14432
9525
5004
3907
4477
5078
5782
1916
2683
4845
3737
2067
27925
2247
637
1507
5888
1747
4531
19481
3900
883
1876
10266
3120
2252
1238
1970
1148
2078
857
3588
1251
589
2325
211
407
119
380
860
4817
9056
2535
1309
3847
2162
10961
5839
6274
21901
1789
17278
11605
7322
3852
7027
5641
4643
24395
4455
18299
6786
2924
1417
4041
2419
3571
29781
4874
5758
12250
2426
1705
2499
46625
1994
5089
2194
3188
3985
1463
3381
1430
43882
19858
48767
8476
2473
8122
780
2471
3220
2285
1796
1502
2236
4476
1141
1070
2395
3425
2727
3442
3923
1976
4588
1493
3510
1439
6947
42532
1630
2084
3233
2361
2325
2146
9114
3248
7330
8211
11429
4451
53927
3650
3324
7656
9619
12887
7219
4781
2559
7597
8544
4150
1799
2236
11801
10751
3974
1216
6323
6890
4337
8546
1149
1423
1314
5313
3185
2144
15813
3063
3397
3076
10459
2749
4290
2884
14432
9525
0
0
0
2056
1754
1763
5851
1817
1099
1154
2217
5296
7759
4783
4743
1839
3343
10500
4995
9362
5644
8655
8206
2955
4246
3891
835
2703
4259
20007
1656
23663
13080
8435
4896
12068
3603
28689
4598
94272
3048
3739
3893
4058
3897
2970
1847
3638
4568
3872
2501
4085
12944
2866
2367
1995
4372
3432
1499
3381
1766
3439
4537
1776
14036
6076
1498
1085
1863
9463
3988
1915
7917
3001
5709
11009
2774
2131
3776
2270
3643
4657
3079
6097
2292
1031
7724
1266
937
1334
1256
1560
1671
752
1493
1419
1394
838
592
470
306
457
401
394
113
15080
1883
747
2381
2404
586
2813
917
6974
1391
1000
1249
1441
3765
2300
24270
1525
957
2842
4148
22643
9796
11004
4456
35654
2978
2411
2187
1620
49970
9337
36110
1885
1570
3503
1872
13646
2214
2270
3741
1199
9542
2746
1801
3364
2011
1457
2136
679
1653
7956
5928
4112
17562
5004
3907
4477
2056
1754
1763
0
0
0
1117
1545
1500
1589
2392
8283
3774
3347
3137
2754
986
2994
1578
36795
15919
4632
2801
6967
1622
634
1198
2541
3830
2791
1572
1871
2116
3337
84216
4703
11303
5929
9830
4004
7993
3483
3363
2381
28389
4276
14946
2262
644
8436
1085
5219
1495
3616
2951
3674
3092
1628
24062
7719
3450
1148
11703
6502
11469
3062
17001
4042
3813
31330
8384
21293
2498
11854
2358
2340
1870
1928
111352
3860
2046
5644
3460
2572
2297
6359
1831
28910
4303
2501
2738
793
2467
2052
7786
3829
3199
32918
898
9867
2566
2211
2348
5228
2004
3971
3916
1102
1332
1807
3861
3883
2708
11761
24927
1451
1951
6257
2988
18162
10271
1515
2281
6633
4344
1940
2369
4075
3258
5309
2327
3633
4900
13698
1620
1988
19217
5152
7435
3580
3005
2920
2580
2943
4923
2384
6928
23617
2509
2436
9579
3068
4310
7805
1592
65194
21009
3321
149763
5078
5782
1916
5851
1817
1099
1117
1545
1500
0
0
0
2400
6840
2888
4054
36118
4666
7737
55500
1395
519
1666
607
3484
3959
1727
1366
1667
1304
3490
4837
5536
6904
3421
7565
7187
4103
3556
2169
5553
886
14354
10883
15333
4416
5871
18983
28319
4243
3483
10887
12908
1927
2903
5080
2009
13646
3073
3027
1860
7459
2849
1178
14236
5172
19050
5213
2039
12159
2657
6249
6912
7771
1660
5334
1710
2185
3460
1030
1119
3658
4227
5396
1828
2499
2103
3286
4921
4277
1122
2527
3434
1753
29861
684
1317
1654
1419
764
13991
3061
21072
3510
4626
6640
4909
32139
8076
2956
5225
3969
2992
4261
12706
5609
7020
3592
3913
1513
4439
2671
2536
16928
4842
3508
2983
14720
15045
4311
23876
9821
22366
4988
7989
2717
13999
3425
4190
2823
4208
2027
3769
1791
4059
8670
4186
3869
6018
2604
771
7946
1244
7190
3393
2754
5625
2215
13015
3705
1212
1185
2683
4845
3737
1154
2217
5296
1589
2392
8283
2400
6840
2888
0
0
0
6303
2923
745
5150
10399
4192
4948
8099
5777
9781
3016
4388
4364
16935
3143
3409
3118
2258
6546
1717
20323
12859
70424
2368
10877
112837
3826
4271
1677
15445
5780
18409
3533
1947
1534
7122
11053
1236
77681
9189
771
1039
938
10712
12781
2946
12468
602
923
4327
859
490
297
783
10987
6823
1785
683
255
16484
676
379
799
1794
651
3624
1044
1740
1403
1366
6314
1983
819
3095
7266
2117
49258
7729
2554
1512
989
1345
2784
10559
1223
18360
1211
5351
1093
3526
3573
15328
1007
2650
1844
3533
1881
1434
5718
3350
1588
4471
5815
6949
2523
1002
18017
8260
4478
3348
8141
3656
6377
3647
6489
2294
3091
1829
2010
7128
1232
3452
792
2532
1769
17675
1357
2233
676
6809
1262
1986
2042
1848
950
3095
2314
1092
979
763
375
398
317
1021
1541
922
1628
2067
27925
2247
7759
4783
4743
3774
3347
3137
4054
36118
4666
6303
2923
745
0
0
0
1434
7261
13691
4206
41503
2099
7724
1108
14398
6087
4236
9145
1691
2651
2418
1833
1796
468
6135
1164
2339
793
2769
2729
35508
1812
3980
1574
1528
3344
723
1071
2052
1669
1813
3518
2771
5288
1695
2466
5787
2273
468
3298
826
1562
760
2108
1990
3210
8304
675
3066
961
1115
4240
5742
4340
2755
1526
3175
2684
6988
12101
10349
1759
7507
1721
3356
1543
2427
1763
2586
5888
2697
2951
3374
2808
947
17191
17385
6024
2615
5188
15235
2324
974
2237
3395
4523
614
5635
1257
18080
4508
781
1125
1217
681
586
458
6836
843
2670
1917
1030
5855
2837
2153
1231
1039
1383
717
1062
690
791
769
1583
1162
396
11456
695
758
1504
2960
3862
1336
1515
12911
2966
1666
1688
4889
1485
15734
1824
1727
3586
7963
3392
5364
2919
9834
4867
637
1507
5888
1839
3343
10500
2754
986
2994
7737
55500
1395
5150
10399
4192
1434
7261
13691
0
0
0
768
804
3950
457
11247
1652
5869
1017
3273
2380
500
969
50073
2951
2441
1563
18989
37799
4353
5419
1974
9428
2418
1933
1052
4468
2854
26433
6022
9369
1797
1484
5199
4440
1886
3074
1555
2006
1050
7432
21808
3279
2769
38477
6371
11324
7595
6895
10240
2773
1689
5129
1816
2154
4190
4344
2932
4570
1756
35659
59110
3554
2839
4424
4638
1998
1782
863
1701
2430
2471
23037
1610
4700
7463
4180
1606
1218
5146
2885
1600
2938
805
502
2189
8386
1090
713
1566
2293
1726
2194
715
2261
2955
10956
2901
1113
2041
1154
6039
3694
3323
793
2599
6368
853
9290
3166
3735
944
4039
4170
1596
3136
12623
1872
3397
2923
8354
3030
9188
1461
9170
4135
4533
3026
7873
2284
7160
2486
2084
3327
1209
6127
37502
7202
5421
11670
6733
2448
1747
4531
19481
4995
9362
5644
1578
36795
15919
519
1666
607
4948
8099
5777
4206
41503
2099
768
804
3950
0
0
0
1924
602
4762
27198
308
874
1802
993
1054
6440
5805
6724
8958
1352
8625
24453
10121
1406
826
3597
3356
4697
2877
3118
11744
2818
2277
569
467
626
2488
1329
2572
7097
4770
5462
7419
17554
8050
2350
26515
2212
14158
1948
35168
2323
1791
3719
3231
7426
2204
4716
3399
2764
3242
10641
1317
3958
33787
6889
2536
5994
8928
43228
2307
24259
9567
67623
9415
2749
4653
11618
3703
4194
17564
2482
3494
1536
3212
17735
21658
5771
11105
4339
9456
34379
47187
821
1689
1373
1277
3013
2878
1136
1322
917
2248
7573
4147
859
1139
17113
2542
1549
1335
4815
960
6416
5305
9294
993
2453
796
1316
24898
3901
20741
4687
5884
12914
2143
5010
2179
2773
9770
4768
3977
3739
6342
56270
4231
41942
5768
6343
6555
2939
3871
11209
3900
883
1876
8655
8206
2955
4632
2801
6967
3484
3959
1727
9781
3016
4388
7724
1108
14398
457
11247
1652
1924
602
4762
0
0
0
2147
1302
7919
378
365
1334
25549
2759
3991
19605
3658
1457
5831
353
4944
2023
2833
864
3518
3752
4236
6000
1388
2147
1531
2013
1591
3181
868
712
1450
6791
368
3328
2718
531
2043
1506
2375
12487
1650
661
8546
3735
1733
2879
4307
12180
3840
1685
1967
3462
1491
3060
56855
1389
2419
767
2472
1047
2046
3477
1704
10571
2132
2167
17809
2756
2424
6425
4061
1051
1952
1447
1277
4747
960
9623
1574
646
1168
1630
369
1157
208
79
208
406
1008
803
538
1160
1033
583
3830
1050
1887
422
1134
7128
2775
6061
2300
2399
374
1445
3734
8932
1428
1607
2349
1575
1567
864
9821
16702
2095
2318
3577
1598
1111
2826
946
25279
1815
35073
5100
2141
1588
1799
2392
3734
3891
2616
1834
10266
3120
2252
4246
3891
835
1622
634
1198
1366
1667
1304
4364
16935
3143
6087
4236
9145
5869
1017
3273
27198
308
874
2147
1302
7919
0
0
0
2379
915
1524
6861
7781
4006
1466
1277
29406
3386
4068
3371
853
1139
2729
4830
3074
8743
38652
26383
1399
1526
371
2262
701
1182
927
4057
1437
1221
1408
2947
638
10031
1630
961
1543
4660
1830
1789
783
2570
5786
4967
18901
1770
5480
23630
6236
1188
5645
11872
1730
3285
1723
573
4366
3984
1825
3675
2421
2391
1009
3225
5667
893
1949
4791
5078
6097
13133
1381
1887
1648
4154
2221
902
1747
2191
6878
756
1804
2097
3429
1000
1312
2106
748
1171
311
1495
338
549
591
2657
877
4376
843
712
920
1134
334
1138
3090
653
308
12251
267
728
1315
1328
8193
2744
1310
1014
1003
5269
5302
2568
732
8965
66784
56226
5579
3924
4562
2183
35660
2035
3426
1338
6930
1238
1970
1148
2703
4259
20007
2541
3830
2791
3490
4837
5536
3409
3118
2258
1691
2651
2418
2380
500
969
1802
993
1054
378
365
1334
2379
915
1524
0
0
0
2271
990
8109
4769
5643
24133
2268
833
7229
7505
1561
2881
11010
1105
7491
1040
1870
3939
2178
1907
692
1849
1079
679
9439
2368
3435
24307
656
2590
969
1339
1059
2225
9265
401
4059
789
670
374
2887
251
2141
2296
671
2739
3018
993
1333
3370
23126
3355
6697
1405
38615
14682
3089
2110
4390
1309
3200
2256
2069
1341
2378
19334
2364
10098
2275
1455
1011
2985
4752
2810
2203
1145
3443
6469
6804
1900
5432
1298
4775
2489
1339
1384
5056
2387
1806
29012
1033
1480
4354
2251
2625
10398
1400
4882
902
2614
11755
1519
2140
3578
933
1868
34058
3206
542
2040
1440
706
1578
4891
1547
1242
4144
11219
1204
2567
4574
931
3493
588
1768
1370
416
10834
3011
2078
857
3588
1656
23663
13080
1572
1871
2116
6904
3421
7565
6546
1717
20323
1833
1796
468
50073
2951
2441
6440
5805
6724
25549
2759
3991
6861
7781
4006
2271
990
8109
0
0
0
2402
565
1473
26753
285
1267
3983
4955
4584
1203
729
2211
585
239
1911
1833
7667
2679
1372
16581
3251
12052
5075
2554
1435
772
4888
9306
9517
2069
2446
1779
5272
40293
961
1993
4620
2316
27273
766
1131
1674
2472
3014
2526
3480
2753
11891
1558
1316
1964
6634
2248
4671
13203
30588
1783
1214
2982
2239
2487
1406
2106
21747
4056
15933
3148
19013
1483
6523
5608
4186
2548
1633
952
27438
5267
3971
6826
3674
13689
5109
5433
562
3443
966
809
3149
2353
1377
22258
24137
11821
4723
3875
849
829
1024
8379
3795
349
5677
1520
8198
1366
1887
1525
612
569
1566
4079
14272
12091
918
3319
5942
37126
2330
23335
2196
5398
1118
2976
1644
1651
25137
1251
589
2325
8435
4896
12068
3337
84216
4703
7187
4103
3556
12859
70424
2368
6135
1164
2339
1563
18989
37799
8958
1352
8625
19605
3658
1457
1466
1277
29406
4769
5643
24133
2402
565
1473
0
0
0
2074
8205
2873
528
380
1652
2667
7137
1682
2374
1671
1200
6707
2378
2186
829
1057
1582
1191
3054
1525
1275
3306
657
6941
12398
1343
1630
3557
4039
9196
619
885
1687
835
7137
3609
3001
4876
1711
10483
1467
2124
1440
66764
1513
1076
1038
1342
1931
1214
1276
857
4341
2325
2232
2333
41478
6696
2202
3043
2564
3731
2279
18475
6419
2421
1604
631
4306
3619
809
6030
35749
2539
2207
2963
12693
15535
678
1027
632
1837
746
2047
2664
861
1385
2014
1714
6511
543
365
232
380
627
720
276
779
10380
280
791
2249
1455
482
825
339
813
1192
917
1660
4738
7638
1434
3452
3311
751
7162
1402
3206
5360
36856
4291
211
407
119
3603
28689
4598
11303
5929
9830
2169
5553
886
10877
112837
3826
793
2769
2729
4353
5419
1974
24453
10121
1406
5831
353
4944
3386
4068
3371
2268
833
7229
26753
285
1267
2074
8205
2873
0
0
0
14643
2513
1574
1080
3618
2460
2827
884
1102
2704
13380
2568
1095
4937
1280
7249
11857
2771
3097
2152
2052
4430
3137
1960
2246
1229
5450
2283
1912
15959
1045
2754
1857
3344
4184
12031
16942
1579
1733
4223
2329
3913
4677
2302
16881
74361
32065
1881
1573
4499
1935
2581
4517
2649
3255
8789
1813
7745
9765
5935
3079
1078
2241
5238
3994
2754
15588
1525
3938
16104
3079
3778
2290
10775
14683
50356
3474
3183
4878
4463
940
1443
1042
3062
799
6246
903
3991
1021
13622
3482
1304
939
2027
743
1464
574
1554
1816
1200
1280
1251
4020
20473
4283
2161
3005
4857
3793
5413
18898
6119
28614
10274
6111
3896
2351
6793
4076
6872
380
860
4817
94272
3048
3739
4004
7993
3483
14354
10883
15333
4271
1677
15445
35508
1812
3980
9428
2418
1933
826
3597
3356
2023
2833
864
853
1139
2729
7505
1561
2881
3983
4955
4584
528
380
1652
14643
2513
1574
0
0
0
2432
1101
5313
1907
914
1325
2805
1982
3413
2607
4553
2427
3304
1983
786
3665
2286
2508
5870
10877
2302
2244
11692
2452
1052
1771
2571
10267
3030
1825
955
986
15808
5100
7403
1865
14394
5037
1861
16122
2895
3865
8467
4483
10165
48309
1067
7042
7242
2825
14114
1875
24090
23074
3725
61467
4768
16076
2985
3689
39754
3266
3428
9584
5558
4251
14245
1174
1734
11392
3371
2631
8427
7762
1567
921
3165
2020
1999
2959
7917
2307
13433
2686
3695
36608
4230
1524
1836
2435
611
7322
3592
4001
1121
4138
1885
3455
827
2814
2482
1615
5562
1886
16512
10140
3432
28944
790
19302
2205
1235
2564
787
3294
2315
8548
9056
2535
1309
3893
4058
3897
3363
2381
28389
4416
5871
18983
5780
18409
3533
1574
1528
3344
1052
4468
2854
4697
2877
3118
3518
3752
4236
4830
3074
8743
11010
1105
7491
1203
729
2211
2667
7137
1682
1080
3618
2460
2432
1101
5313
0
0
0
13411
1870
3963
3131
7374
2703
1639
2097
4894
1027
886
564
1463
1064
1070
466
1676
1359
3520
570
623
1215
1018
532
568
2509
445
232
1426
1914
1089
1865
2010
562
17025
505
1269
1114
1728
7889
1129
915
9141
7679
3064
5190
5592
1281
10472
1107
1213
2027
4400
2589
1125
3320
9316
4515
2703
895
6829
13086
2068
3990
2170
4985
700
1070
3934
4220
3130
1483
4643
916
1303
2356
2016
4380
1202
2818
7101
915
6595
1400
2326
1022
955
1317
8708
2252
357
1968
1471
4904
897
497
397
2677
1182
582
1374
1050
5153
4991
12403
10253
4473
1400
812
1742
911
2766
1259
13164
3847
2162
10961
2970
1847
3638
4276
14946
2262
28319
4243
3483
1947
1534
7122
723
1071
2052
26433
6022
9369
11744
2818
2277
6000
1388
2147
38652
26383
1399
1040
1870
3939
585
239
1911
2374
1671
1200
2827
884
1102
1907
914
1325
13411
1870
3963
0
0
0
4965
1412
3483
2842
1627
1706
2220
2292
3326
2344
865
5785
3637
2769
3869
5410
4104
9536
1925
1616
2509
11761
6319
13900
15315
2598
22352
1221
3180
3057
3449
23613
8167
2524
2092
1677
43555
4078
1391
3710
2662
5943
5250
7210
32805
6417
31052
4825
1853
3180
6361
1207
3167
1388
1345
3034
1198
928
1046
619
1103
625
976
334
2162
509
9492
1108
1961
2699
1440
8088
1662
4031
1951
1605
807
1180
2997
1387
3037
1055
8655
1485
2648
4966
4178
2855
3499
2325
2457
48583
5165
5235
8182
2647
1747
2878
24038
6269
1293
9281
4111
8282
5039
9093
13123
8529
3716
1567
2345
5839
6274
21901
4568
3872
2501
644
8436
1085
10887
12908
1927
11053
1236
77681
1669
1813
3518
1797
1484
5199
569
467
626
1531
2013
1591
1526
371
2262
2178
1907
692
1833
7667
2679
6707
2378
2186
2704
13380
2568
2805
1982
3413
3131
7374
2703
4965
1412
3483
0
0
0
