C_ijk
0
0
0
96
156
843
53
76
129
1063
915
386
1246
2543
797
428
72
116
2478
303
1679
736
361
432
340
455
454
738
1267
6997
5901
238
223
2416
383
590
140
230
71
5627
534
941
2860
449
801
1508
23341
1238
1131
1343
2189
669
806
2214
6029
3491
777
2911
1556
1052
1448
1057
471
965
2870
215
1369
231
230
3270
2786
2483
4683
4017
928
1212
215
416
2122
2268
1780
1564
1300
1104
6057
649
982
1408
2032
1192
777
641
305
1975
747
1103
5503
1974
3181
4114
1319
3525
5882
1744
2748
1095
2351
2209
1243
679
3566
2528
893
4237
1667
1629
3930
1859
2544
1395
2704
1105
1282
749
2751
3884
1996
745
851
15235
1632
1424
3662
17265
1810
277
29414
1011
937
826
1173
526
593
4925
3696
8001
1921
36481
1939
13471
2183
2265
2186
2054
2389
3248
5615
6832
3372
5332
1581
830
96
156
843
0
0
0
29
42
85
712
381
6805
1049
4762
938
461
150
319
11452
5637
2172
3475
851
1063
2994
1284
389
1136
1977
1372
495
3433
4128
1515
6937
421
95
218
509
758
1413
350
1381
548
4349
7364
1275
791
1197
937
574
1132
5986
974
392
1276
2245
2617
1250
770
1036
812
1718
1049
678
616
3545
490
290
326
1495
948
543
875
1119
4715
594
786
1061
2679
642
1018
977
1356
423
7438
792
5848
7114
2642
351
3081
2994
493
474
2960
1526
19985
1013
1370
1387
4701
5413
7155
3360
697
2718
2602
7008
2493
730
1910
2705
63864
2589
869
22700
4654
2210
5380
13258
1742
4776
4938
1854
4656
2299
870
2208
682
1645
1423
1955
2909
1587
2344
7040
1509
750
10357
3653
35650
24046
3034
1054
1394
5493
845
3951
502
3127
1462
26521
3318
2352
20376
1718
4158
4833
9183
5273
2060
53
76
129
29
42
85
0
0
0
678
1373
1360
12489
13509
1598
266
323
2071
1896
4543
1351
1024
1059
12135
189
158
207
667
2623
1600
316
6027
1868
455
1216
364
95
279
778
5496
1678
1091
1922
945
9878
6093
3557
10340
983
337
3350
1158
464
1871
778
1556
1351
8689
1892
10043
12125
599
2075
678
683
885
521
329
243
1625
880
901
5950
5324
595
894
240
520
771
22608
1788
873
13470
1386
1551
822
500
532
734
690
738
928
250
1990
1339
1248
1471
27501
20069
12003
2872
3340
862
2414
1342
2232
8817
2460
2325
2071
2040
2799
11506
4954
1537
1269
1245
5792
35280
1169
3266
32830
2286
2168
17660
25841
771
39239
973
2178
3603
1899
20692
1591
1690
2827
1296
746
1827
2710
2158
2790
4131
3205
2993
2783
9536
1208
750
1209
5164
1196
2825
1262
1921
3921
13158
2804
5057
1350
3056
706
1063
915
386
712
381
6805
678
1373
1360
0
0
0
633
417
697
396
361
167
212
331
887
207
477
194
321
352
903
2563
2783
471
417
90
725
251
815
2048
1285
1746
11107
1302
503
1732
3330
3647
9850
4210
3671
1611
11388
888
848
1528
3944
837
837
3782
798
17121
816
2563
1072
3162
716
2424
1230
836
13501
4887
887
1604
3010
1033
1039
2994
892
303
617
916
1062
2125
9594
430
636
4278
699
729
1493
296
292
1205
1088
1196
801
692
746
312
1408
1380
11805
5078
1205
431
1650
1614
10765
11429
1289
842
10260
1703
3866
6401
2485
10856
2854
2971
3187
4437
80026
3122
2284
2657
3739
473
1514
1653
11719
1239
2535
4475
9092
1814
1649
11799
2736
1775
2215
1678
1062
762
1353
7422
1334
10286
9372
2457
1332
1805
5239
973
2942
1904
2235
2072
1792
5462
538
2306
1933
42541
1826
2367
1246
2543
797
1049
4762
938
12489
13509
1598
633
417
697
0
0
0
729
27555
3829
350
770
254
616
640
1695
3764
965
1971
629
3618
595
1116
1021
2815
876
866
1064
3426
1053
2485
9168
604
3504
2073
8588
1231
17396
3956
3367
1671
5366
7077
10141
5036
2656
1396
2211
3082
33344
3655
2600
34036
4411
39116
3996
4231
85816
8157
1037
3129
4743
2622
1006
1679
4526
10105
5953
1480
4256
4149
4325
7661
2858
1276
2380
1763
721
5203
2839
625
1585
433
2028
2155
10951
5722
15708
1968
1531
5537
1544
665
1504
805
500
7099
4200
1719
739
1161
1228
9154
12975
2074
7541
8156
3306
17249
3631
7087
1396
2266
7034
1485
170
414
151
1716
3697
2670
6530
8494
7447
2533
2871
38375
1557
3044
2002
4436
5336
1082
957
707
12708
8742
2749
1649
1059
1488
7805
3151
12462
1534
907
2398
3109
451
2066
8057
3059
4659
6910
428
72
116
461
150
319
266
323
2071
396
361
167
729
27555
3829
0
0
0
393
8201
275
510
433
902
613
233
341
949
8394
1234
6184
506
423
555
1357
4800
1336
298
830
1050
2078
897
1330
1465
739
2304
1932
1521
2712
1126
675
3791
10770
843
5661
829
3852
41771
1219
3087
334
511
1352
812
528
855
911
590
1629
3158
841
1264
4109
21623
1026
258
339
366
6947
6430
1114
1445
703
311
2066
1112
998
619
1397
1785
2621
749
402
144
315
771
1827
19717
798
3222
10996
3068
23230
1100
13518
1275
1211
4348
1164
1760
987
2258
1540
4143
2169
1790
930
15024
13597
2072
4483
33753
1403
827
14650
3621
708
3054
3914
2141
3712
6100
2676
1122
2279
1144
1506
8319
1638
1654
3113
2473
1914
408
1767
12243
535
477
2074
746
1390
1006
6297
8933
3652
4056
1138
775
1028
1449
2230
5450
2478
303
1679
11452
5637
2172
1896
4543
1351
212
331
887
350
770
254
393
8201
275
0
0
0
365
210
187
2495
1049
574
727
1129
858
798
914
522
2825
3657
10273
4834
2686
1115
7335
834
715
3776
2909
1390
3367
1427
26931
5920
8884
1695
1126
3777
2414
1189
785
10486
12474
1705
5916
2284
6168
2397
4270
2107
6955
1047
1047
3597
1266
2306
7166
12019
6024
4857
3571
1118
13684
3523
2885
3536
1216
2335
1525
1250
1572
1965
288
1989
437
399
920
2539
1483
3267
5176
868
2265
1810
664
7529
531
4501
1302
788
4650
11769
1569
1172
634
2985
3510
45102
2622
1351
5117
2178
2733
3041
7667
4387
8192
11560
1253
7293
614
2598
6174
1559
24675
2546
2142
1937
1475
20786
2151
4769
1711
1839
13542
4107
3055
801
3457
1090
3308
11188
21120
1034
510
5708
1723
1255
1443
29816
10063
2384
543
1266
1867
2110
3765
736
361
432
3475
851
1063
1024
1059
12135
207
477
194
616
640
1695
510
433
902
365
210
187
0
0
0
14235
739
1649
2023
1998
1250
280
488
553
1542
1092
1121
17351
2979
3393
5012
1262
1954
1217
1654
831
24972
12571
1184
3175
1485
1675
7709
3834
3010
1357
2877
2336
1311
830
4661
1719
20240
578
1060
1252
1926
733
3377
666
2096
1584
1825
1563
1553
475
1447
5497
2589
1598
2415
5430
1038
374
1144
1134
473
688
323
4815
317
215
640
723
735
884
509
2048
1074
866
1229
1531
8260
5003
6254
1854
1840
797
1286
3694
832
1583
5855
7683
3945
546
3045
1712
66370
1554
2993
4122
3097
1085
1199
10749
1532
9114
1193
1520
13818
2542
1887
32768
2734
4777
1968
10372
12582
3192
1361
1794
1036
454
3165
53383
2261
1569
5199
1932
2979
1303
1914
2084
569
1381
1431
577
577
404
5999
9423
14698
340
455
454
2994
1284
389
189
158
207
321
352
903
3764
965
1971
613
233
341
2495
1049
574
14235
739
1649
0
0
0
843
1565
1205
276
83
88
461
276
187
566
224
504
17577
2976
8488
435
544
591
6890
2408
2352
20539
2436
612
1967
3080
2686
607
861
2643
880
804
2368
2801
1245
704
6460
539
4239
920
341
3303
1081
7074
3968
871
1602
662
785
3862
1481
546
799
694
17534
2951
1354
8643
524
2548
1388
1859
148
503
762
19758
375
302
852
6778
1285
1743
3818
3431
930
3131
13054
1069
10020
1982
438
1086
2896
917
5525
885
1711
1077
1744
5127
3923
5438
3398
6220
4430
5708
1888
2345
1692
6537
3369
2218
8487
4909
3581
2760
6673
7958
1067
2727
4522
832
5239
3471
1647
38483
3079
4064
4427
1359
2939
1273
1264
6554
1826
4368
4422
1355
1200
6393
1987
3115
2242
2519
2143
738
1267
6997
1136
1977
1372
667
2623
1600
2563
2783
471
629
3618
595
949
8394
1234
727
1129
858
2023
1998
1250
843
1565
1205
0
0
0
1477
614
7009
2019
27931
3661
702
1684
2304
2177
763
5552
6297
830
1154
2012
4650
677
1651
26162
1954
1822
1736
1485
2767
8721
18567
2737
9304
2838
880
5814
1415
5168
4475
1447
996
1227
1005
1202
1640
866
3936
11650
864
1028
1670
1492
2204
930
4944
3106
1882
2093
2252
912
4013
939
3730
503
2962
819
681
801
7109
481
799
2470
896
1470
343
345
47119
2872
487
6013
1811
2406
29481
4419
1838
4923
19669
2025
2396
8045
4122
2417
3430
39110
3306
4696
5125
684
1055
1310
6938
5468
2063
4778
3474
8920
9120
1175
13245
2075
1539
7298
6521
13552
5336
1497
2819
2725
1387
7521
3694
3592
663
5456
1418
1717
3154
7695
5323
13857
1158
1048
2645
2190
1333
5420
5901
238
223
495
3433
4128
316
6027
1868
417
90
725
1116
1021
2815
6184
506
423
798
914
522
280
488
553
276
83
88
1477
614
7009
0
0
0
1190
354
1893
537
615
402
405
9158
453
994
1851
3742
1587
2906
1255
1704
904
2135
2007
12542
5264
1249
2633
1083
1181
6992
9085
37396
382
4873
2604
3007
3135
354
817
1928
1426
4953
3313
4613
2710
4419
386
2867
1003
1939
3801
571
5064
1199
1357
2287
4526
1482
4637
912
1335
512
545
684
503
1052
406
3183
2925
27035
1959
786
710
8514
2243
2086
7452
11709
7004
2517
8256
1966
2685
2476
4482
2437
4437
1979
7331
1991
43995
6130
27149
1752
2537
1491
2813
4940
1986
2060
5720
10853
2842
801
4448
2002
6494
1956
1484
1351
8668
8914
1648
1738
6904
54560
1658
2004
779
2127
941
1471
3875
1516
9113
5757
38893
2198
1253
4500
18931
1572
7630
2416
383
590
1515
6937
421
455
1216
364
251
815
2048
876
866
1064
555
1357
4800
2825
3657
10273
1542
1092
1121
461
276
187
2019
27931
3661
1190
354
1893
0
0
0
343
151
1746
477
374
1483
2744
4031
575
1168
328
2711
1410
4589
1667
426
957
288
7831
4046
616
1297
1363
1679
1100
1625
905
1450
1112
1104
657
10932
657
1236
2573
1219
467
551
1604
564
443
2072
11142
1220
1441
10428
3145
794
1194
3969
411
710
2253
607
2811
1039
1455
619
512
1287
3691
5668
1786
14690
2702
1177
2353
1509
2140
3732
4909
1199
2219
4698
7735
1943
2618
3824
3371
3265
7038
4522
3495
2377
3304
1831
6415
1436
987
1417
1530
1335
17590
33944
9120
1584
2751
1583
55556
3003
4973
6705
5154
32756
1575
38752
1341
915
25631
5515
2160
1293
2556
3923
13143
1549
1656
4694
1764
4490
6810
1228
438
28234
8780
5872
140
230
71
95
218
509
95
279
778
1285
1746
11107
3426
1053
2485
1336
298
830
4834
2686
1115
17351
2979
3393
566
224
504
702
1684
2304
537
615
402
343
151
1746
0
0
0
7451
944
915
12131
1461
339
1866
991
611
974
384
562
863
1090
4399
1430
1711
775
888
1076
1293
556
1743
997
958
417
899
557
1042
436
1192
3220
1609
1194
1391
2102
1014
1608
1037
1112
4298
1426
9883
14061
3110
13502
605
2525
2991
991
3187
1882
292
383
4952
384
570
1387
8928
2282
2953
812
1324
5144
7547
3868
4714
1989
612
1256
1531
2714
3902
4355
3545
1137
2902
582
1344
10139
2559
947
5254
5600
1524
2869
2404
17361
6061
8085
6652
8311
3589
1157
2070
1028
394
1931
25147
15736
2733
892
2686
9995
4781
1626
8274
1291
6183
22731
15961
7914
3672
2417
4319
5143
6760
10638
1210
9097
6863
1403
18274
5627
534
941
758
1413
350
5496
1678
1091
1302
503
1732
9168
604
3504
1050
2078
897
7335
834
715
5012
1262
1954
17577
2976
8488
2177
763
5552
405
9158
453
477
374
1483
7451
944
915
0
0
0
630
366
541
971
1393
577
778
967
2301
731
813
31633
5453
557
8417
1714
1573
1932
2168
2546
1477
4729
3771
2002
3681
2004
951
1782
4057
2136
1646
1175
1538
2427
2641
2411
6165
1475
6939
10372
5469
1418
1016
1820
2547
2038
1685
1598
7589
9652
16958
1736
6149
1367
5971
1699
1740
3186
2018
1273
11639
4809
9713
2217
2547
7244
838
2026
2937
1276
1582
708
455
468
15149
1751
5208
2756
1426
699
2470
2316
1455
3591
5860
1258
5099
1693
1770
2118
2839
4121
24913
725
12814
7080
535
1253
20836
3393
2180
20834
3971
2238
11568
2912
3321
12856
1990
6778
2507
2157
5601
4363
2482
2437
5639
1123
20633
2609
2860
449
801
1381
548
4349
1922
945
9878
3330
3647
9850
2073
8588
1231
1330
1465
739
3776
2909
1390
1217
1654
831
435
544
591
6297
830
1154
994
1851
3742
2744
4031
575
12131
1461
339
630
366
541
0
0
0
849
389
1410
206
193
578
833
1336
1590
6465
1754
2296
1264
3035
3120
1389
492
2248
1188
2492
924
2207
388
3108
6043
1003
2570
19555
645
33347
1032
554
1901
1428
4158
2199
4138
2426
2237
2204
20167
8596
16204
1714
1268
2227
4721
1845
406
1830
1108
4484
2204
1029
2018
1350
1968
5941
1961
2577
3492
16457
1506
1122
1149
802
1982
13532
1684
17590
1819
1739
4100
47221
5728
1357
2131
1562
1010
2803
1060
2103
1698
6498
4574
1895
8976
3786
11867
1074
2413
2158
4200
973
2709
4738
4226
3105
1263
1510
17159
17691
2217
1519
38998
1744
10255
2614
9739
2211
5302
1508
5562
8714
752
6951
5159
1508
23341
1238
7364
1275
791
6093
3557
10340
4210
3671
1611
17396
3956
3367
2304
1932
1521
3367
1427
26931
24972
12571
1184
6890
2408
2352
2012
4650
677
1587
2906
1255
1168
328
2711
1866
991
611
971
1393
577
849
389
1410
0
0
0
1023
234
207
1066
1136
313
1511
1093
1412
1476
2056
338
1067
714
420
1936
12207
10617
1465
6132
7163
1948
1047
4972
2030
2880
7402
891
9613
1571
1365
4571
14105
2153
2332
2899
1966
1018
7197
2980
4600
2912
889
2065
2284
1184
5273
3112
5486
2944
686
1698
2667
1952
4545
6088
3278
7595
2039
1427
15171
5967
11994
2153
6321
10152
738
247
567
7811
1636
3661
3238
7483
1985
3035
50699
24185
2296
4290
2819
2885
3572
1704
1557
3964
3796
3481
1136
1425
850
7111
11627
19920
23577
6181
3147
2629
2958
5203
2346
1044
2970
5611
2965
3841
4553
8446
2613
32571
1521
1858
2132
2610
1131
1343
2189
1197
937
574
983
337
3350
11388
888
848
1671
5366
7077
2712
1126
675
5920
8884
1695
3175
1485
1675
20539
2436
612
1651
26162
1954
1704
904
2135
1410
4589
1667
974
384
562
778
967
2301
206
193
578
1023
234
207
0
0
0
684
1152
296
375
712
354
317
1369
2591
8678
1161
831
371
882
1226
8886
527
2720
504
607
758
689
989
655
600
14848
2118
1749
1302
4984
1875
1551
2343
2762
3162
468
6233
1746
2674
2213
3106
5038
683
647
2187
737
1303
1232
2975
1149
999
1234
10257
2787
2990
12409
2866
3686
2502
6638
5738
1379
1396
439
1134
2236
2011
1206
2894
3620
3662
1866
2685
3529
17386
1754
2558
3465
3477
1029
1262
5756
4646
1614
327
2221
1077
1077
1338
1924
3105
7430
5622
12856
7032
7172
6208
3148
3990
4675
2574
2708
4941
2526
2479
2136
2412
9198
875
5109
925
669
806
2214
1132
5986
974
1158
464
1871
1528
3944
837
10141
5036
2656
3791
10770
843
1126
3777
2414
7709
3834
3010
1967
3080
2686
1822
1736
1485
2007
12542
5264
426
957
288
863
1090
4399
731
813
31633
833
1336
1590
1066
1136
313
684
1152
296
0
0
0
1058
479
2137
15808
547
526
822
2257
626
1008
923
2066
1435
703
1902
2852
7232
3636
2251
408
922
628
1785
8666
3459
24210
1004
13651
15207
798
3101
2136
13993
54045
21713
1331
1480
2678
3641
6701
3309
18829
8611
14445
7082
2547
666
2449
5054
4158
5507
2062
4416
2877
6971
21197
5206
961
2461
3448
436
306
484
3935
3235
2310
1838
4720
6685
7581
2589
2269
36833
2404
1664
8436
2896
3641
1766
4029
26633
1584
2247
1818
521
1805
7353
4169
16346
17585
5312
2648
2304
28837
6662
9088
1877
10436
2486
3330
55956
1363
3711
8318
2815
2612
636
1409
6029
3491
777
392
1276
2245
778
1556
1351
837
3782
798
1396
2211
3082
5661
829
3852
1189
785
10486
1357
2877
2336
607
861
2643
2767
8721
18567
1249
2633
1083
7831
4046
616
1430
1711
775
5453
557
8417
6465
1754
2296
1511
1093
1412
375
712
354
1058
479
2137
0
0
0
713
11795
253
200
46
1038
229
523
719
655
661
4754
403
464
2529
517
755
754
913
513
684
6892
3445
1315
2105
5460
4713
1272
8453
1598
7100
1135
1864
2994
2289
790
623
602
1039
11624
3403
43412
9829
1143
8567
4763
11140
1810
1477
2755
1609
3113
1307
1282
3959
5675
5335
19209
1065
751
443
9070
1091
4689
5746
4963
3113
11485
1242
2366
2222
1298
2341
3993
27515
1396
2448
1730
314
1957
310
1773
2676
1176
32711
3429
3413
3512
3313
5040
1311
927
445
2068
1871
5668
7352
3472
1519
1568
1426
16305
9787
1534
1248
2911
1556
1052
2617
1250
770
8689
1892
10043
17121
816
2563
33344
3655
2600
41771
1219
3087
12474
1705
5916
1311
830
4661
880
804
2368
2737
9304
2838
1181
6992
9085
1297
1363
1679
888
1076
1293
1714
1573
1932
1264
3035
3120
1476
2056
338
317
1369
2591
15808
547
526
713
11795
253
0
0
0
494
296
887
2368
549
1362
7698
917
1163
1575
646
1158
1677
2583
1198
3420
1251
3839
13023
1796
771
2139
7904
1043
316
1745
735
2900
3601
3711
1161
876
1203
7581
613
4856
1213
5851
1926
3542
4296
2059
12894
1570
8139
2024
1218
9276
1090
38833
1997
4419
6404
3429
945
5187
550
1053
2302
2733
7264
1801
7308
1459
1475
13190
1764
1367
5296
751
4334
3285
1680
5333
4548
61
145
111
542
12917
1498
3077
1925
2025
4079
4721
5407
1064
2301
1491
14922
34968
7188
4041
3285
31394
3716
2887
6045
451
996
4612
1448
1057
471
1036
812
1718
12125
599
2075
1072
3162
716
34036
4411
39116
334
511
1352
2284
6168
2397
1719
20240
578
2801
1245
704
880
5814
1415
37396
382
4873
1100
1625
905
556
1743
997
2168
2546
1477
1389
492
2248
1067
714
420
8678
1161
831
822
2257
626
200
46
1038
494
296
887
0
0
0
376
849
738
480
449
1633
359
357
802
902
1080
897
2850
1092
2286
1121
3291
867
4612
1080
774
626
1488
2513
2171
818
696
1443
691
1159
2526
914
4609
56921
3364
7448
1630
23724
2162
4521
8192
1330
3672
976
3200
1066
1592
828
1641
4044
12764
1601
2569
832
2509
2239
2466
3446
4388
2930
1139
1015
1748
11420
4260
2388
2929
4487
1420
19769
1330
4468
3514
493
900
3162
6280
1772
4252
54198
9434
1701
39179
20766
585
2828
1265
5193
5053
1826
77390
5549
2518
4875
14927
1514
3220
5489
4397
965
2870
215
1049
678
616
678
683
885
2424
1230
836
3996
4231
85816
812
528
855
4270
2107
6955
1060
1252
1926
6460
539
4239
5168
4475
1447
2604
3007
3135
1450
1112
1104
958
417
899
4729
3771
2002
1188
2492
924
1936
12207
10617
371
882
1226
1008
923
2066
229
523
719
2368
549
1362
376
849
738
0
0
0
1653
348
537
269
265
256
163
269
77
310
2240
259
1719
793
1347
336
535
670
239
776
2702
6863
2021
3169
3205
855
2496
2270
999
488
4606
4184
2997
3570
5160
1791
4501
3158
4422
27099
1670
10592
6950
1175
1562
4148
1497
2576
1401
588
2588
2027
2218
4942
4537
2359
11492
2780
19757
2956
2424
4060
3159
2045
1141
2616
3704
1952
1448
356
1178
812
408
1278
604
2625
4288
762
3862
2816
1042
3642
292
1471
3048
800
1215
28595
2014
12387
22017
700
678
5681
514
3553
1369
231
230
3545
490
290
521
329
243
13501
4887
887
8157
1037
3129
911
590
1629
1047
1047
3597
733
3377
666
920
341
3303
996
1227
1005
354
817
1928
657
10932
657
557
1042
436
3681
2004
951
2207
388
3108
1465
6132
7163
8886
527
2720
1435
703
1902
655
661
4754
7698
917
1163
480
449
1633
1653
348
537
0
0
0
823
5092
1091
1081
1923
1864
561
6352
588
912
2232
889
750
2422
5739
798
286
464
604
569
883
419
514
334
136
216
1294
2570
2829
5724
1479
2694
1976
8081
7930
4492
3324
3644
6047
1546
1830
2615
14059
1927
3591
4350
2884
671
2443
7363
3512
13168
2259
29258
5340
1241
2440
2850
2337
1538
996
9176
2190
2669
2510
4594
3674
2316
529
1940
1447
7932
1690
1265
2046
3329
10521
1851
961
4923
876
2569
4195
1752
22227
2432
1528
2391
5391
5880
3804
1348
791
3270
2786
2483
326
1495
948
1625
880
901
1604
3010
1033
4743
2622
1006
3158
841
1264
1266
2306
7166
2096
1584
1825
1081
7074
3968
1202
1640
866
1426
4953
3313
1236
2573
1219
1192
3220
1609
1782
4057
2136
6043
1003
2570
1948
1047
4972
504
607
758
2852
7232
3636
403
464
2529
1575
646
1158
359
357
802
269
265
256
823
5092
1091
0
0
0
222
196
233
4598
424
1079
1794
1392
1029
3088
6542
654
495
802
1154
1061
41819
19081
1315
6433
10397
2671
9337
866
5420
1275
2020
3079
6410
2216
3763
6999
1297
3365
6910
6204
1140
57738
2027
2667
7179
4821
5115
2382
1234
2823
1662
9182
2095
8567
3492
3798
1659
6808
3023
685
2840
1063
3580
3505
3790
2050
1603
712
319
370
4004
568
638
5336
4209
3288
3150
2436
3892
2153
3907
1619
1241
3271
3225
2419
2161
3176
2334
4362
4457
2347
1710
874
4683
4017
928
543
875
1119
5950
5324
595
1039
2994
892
1679
4526
10105
4109
21623
1026
12019
6024
4857
1563
1553
475
871
1602
662
3936
11650
864
4613
2710
4419
467
551
1604
1194
1391
2102
1646
1175
1538
19555
645
33347
2030
2880
7402
689
989
655
2251
408
922
517
755
754
1677
2583
1198
902
1080
897
163
269
77
1081
1923
1864
222
196
233
0
0
0
3520
5313
963
1861
1584
363
416
592
4646
456
1161
1689
1822
1203
1168
941
2258
1553
3494
1204
799
4103
49645
5145
2092
1914
6729
5921
25600
5095
2020
53598
2779
1358
2678
1820
1697
7369
6138
996
781
13212
2705
3902
5478
2528
24155
4434
7805
8727
9785
9672
967
2282
1305
2002
1259
3514
3006
802
372
357
474
663
4991
462
1707
4524
7406
8401
1447
23841
12752
1423
722
2421
1696
514
1593
1150
4162
2274
7395
2665
1746
11672
3374
1212
215
416
4715
594
786
894
240
520
303
617
916
5953
1480
4256
258
339
366
3571
1118
13684
1447
5497
2589
785
3862
1481
1028
1670
1492
386
2867
1003
564
443
2072
1014
1608
1037
2427
2641
2411
1032
554
1901
891
9613
1571
600
14848
2118
628
1785
8666
913
513
684
3420
1251
3839
2850
1092
2286
310
2240
259
561
6352
588
4598
424
1079
3520
5313
963
0
0
0
763
12943
468
545
16070
1160
308
3172
1731
2732
10803
477
2638
743
535
298
1818
1483
2899
16880
6861
6600
3093
1208
2176
7435
1573
2756
11295
3283
1716
1121
944
1538
2211
2067
8595
1333
4037
3088
2240
4283
6395
2094
6693
1437
5729
972
16438
1010
557
3212
800
3164
9269
2157
2313
603
8521
1844
13618
626
1322
2639
1946
7719
13009
11405
5696
912
2702
25447
2488
6534
5701
12975
4253
911
811
996
1487
1301
3381
2439
2122
2268
1780
1061
2679
642
771
22608
1788
1062
2125
9594
4149
4325
7661
6947
6430
1114
3523
2885
3536
1598
2415
5430
546
799
694
2204
930
4944
1939
3801
571
11142
1220
1441
1112
4298
1426
6165
1475
6939
1428
4158
2199
1365
4571
14105
1749
1302
4984
3459
24210
1004
6892
3445
1315
13023
1796
771
1121
3291
867
1719
793
1347
912
2232
889
1794
1392
1029
1861
1584
363
763
12943
468
0
0
0
1163
376
367
7240
757
451
2030
905
1078
620
259
333
933
999
11782
5634
7140
2444
1329
3735
7465
7157
54703
11118
3372
3353
9242
461
469
248
5334
7359
2189
2268
5229
6849
1378
2656
13614
38412
2795
7099
2025
6852
5539
31317
1027
3042
14048
3095
11287
2884
25837
9835
2350
12402
37537
826
6190
5579
4511
1301
4939
615
2773
640
127
264
559
18315
2292
1615
1206
12752
606
937
1729
12528
4731
651
7190
1564
1300
1104
1018
977
1356
873
13470
1386
430
636
4278
2858
1276
2380
1445
703
311
1216
2335
1525
1038
374
1144
17534
2951
1354
3106
1882
2093
5064
1199
1357
10428
3145
794
9883
14061
3110
10372
5469
1418
4138
2426
2237
2153
2332
2899
1875
1551
2343
13651
15207
798
2105
5460
4713
2139
7904
1043
4612
1080
774
336
535
670
750
2422
5739
3088
6542
654
416
592
4646
545
16070
1160
1163
376
367
0
0
0
306
226
413
512
2435
1199
722
1154
457
2439
6900
679
2179
12368
19084
2263
1444
19084
59402
6116
2985
3173
909
7027
347
492
275
4921
3377
7761
9857
11447
3205
8266
3602
2257
6506
3251
76173
9592
2168
3628
1363
755
1218
925
2428
790
1674
742
2309
3065
1477
1094
1119
1457
743
3083
24364
1291
4338
6737
641
1764
9059
733
1161
509
4369
9595
4637
2189
1828
6604
1597
2092
5630
7495
6057
649
982
423
7438
792
1551
822
500
699
729
1493
1763
721
5203
2066
1112
998
1250
1572
1965
1134
473
688
8643
524
2548
2252
912
4013
2287
4526
1482
1194
3969
411
13502
605
2525
1016
1820
2547
2204
20167
8596
1966
1018
7197
2762
3162
468
3101
2136
13993
1272
8453
1598
316
1745
735
626
1488
2513
239
776
2702
798
286
464
495
802
1154
456
1161
1689
308
3172
1731
7240
757
451
306
226
413
0
0
0
979
1704
729
4646
1093
421
4169
390
761
7777
1507
36963
1692
1893
1023
2156
2435
4618
727
28899
7550
8326
592
3324
4220
4558
5815
1872
1601
4891
5161
2348
4600
8512
5740
3686
1778
1724
2122
2305
819
320
1477
8282
2167
3405
3434
2383
2733
2098
1648
1198
654
327
1044
14869
2392
6629
940
2740
714
27505
2140
1293
1233
1576
23594
2232
2438
2729
755
2301
1207
2584
5321
1408
2032
1192
5848
7114
2642
532
734
690
296
292
1205
2839
625
1585
619
1397
1785
288
1989
437
323
4815
317
1388
1859
148
939
3730
503
4637
912
1335
710
2253
607
2991
991
3187
2038
1685
1598
16204
1714
1268
2980
4600
2912
6233
1746
2674
54045
21713
1331
7100
1135
1864
2900
3601
3711
2171
818
696
6863
2021
3169
604
569
883
1061
41819
19081
1822
1203
1168
2732
10803
477
2030
905
1078
512
2435
1199
979
1704
729
0
0
0
732
84
62
243
1050
701
6693
3806
2239
8545
1822
1874
2398
2835
6617
5319
1270
1234
1130
821
407
5536
16360
2024
5966
9634
5964
5591
16888
2142
19056
18711
22079
1560
4369
1110
1017
899
3901
1923
2719
2285
1946
11545
6401
4630
2340
1513
1725
1988
1821
1357
1960
1483
1287
3610
573
713
1568
449
2974
3597
5948
13226
1256
8688
1942
277
573
20220
18663
5571
777
641
305
351
3081
2994
738
928
250
1088
1196
801
433
2028
2155
2621
749
402
399
920
2539
215
640
723
503
762
19758
2962
819
681
512
545
684
2811
1039
1455
1882
292
383
7589
9652
16958
2227
4721
1845
889
2065
2284
2213
3106
5038
1480
2678
3641
2994
2289
790
1161
876
1203
1443
691
1159
3205
855
2496
419
514
334
1315
6433
10397
941
2258
1553
2638
743
535
620
259
333
722
1154
457
4646
1093
421
732
84
62
0
0
0
247
928
219
6216
2788
1837
2460
1537
1515
8867
2609
1331
1909
1826
2286
410
1240
5273
1924
8774
8599
3929
7402
2719
4380
9263
4062
1885
25406
6520
6441
6504
2917
1319
3347
1055
3741
7058
13319
13547
1590
15613
7723
2906
1838
2755
1500
3164
8387
777
933
1687
6627
2426
462
681
672
5384
964
938
1295
7153
3444
675
20034
1984
20721
2636
4595
1975
747
1103
493
474
2960
1990
1339
1248
692
746
312
10951
5722
15708
144
315
771
1483
3267
5176
735
884
509
375
302
852
801
7109
481
503
1052
406
619
512
1287
4952
384
570
1736
6149
1367
406
1830
1108
1184
5273
3112
683
647
2187
6701
3309
18829
623
602
1039
7581
613
4856
2526
914
4609
2270
999
488
136
216
1294
2671
9337
866
3494
1204
799
298
1818
1483
933
999
11782
2439
6900
679
4169
390
761
243
1050
701
247
928
219
0
0
0
2518
1288
1921
1692
3571
1114
1998
36104
3088
908
2254
17017
1972
2102
583
8272
9455
4592
2928
2801
845
2930
6240
2350
3340
5976
952
1669
2438
687
1579
4096
4036
2813
15785
2926
8102
1596
33656
1995
1004
2674
2246
2464
390
832
8379
1123
1304
3419
1458
3957
1014
4282
680
1986
5112
2103
2056
868
1641
4391
1248
6209
2620
2172
5503
1974
3181
1526
19985
1013
1471
27501
20069
1408
1380
11805
1968
1531
5537
1827
19717
798
868
2265
1810
2048
1074
866
6778
1285
1743
799
2470
896
3183
2925
27035
3691
5668
1786
1387
8928
2282
5971
1699
1740
4484
2204
1029
5486
2944
686
737
1303
1232
8611
14445
7082
11624
3403
43412
1213
5851
1926
56921
3364
7448
4606
4184
2997
2570
2829
5724
5420
1275
2020
4103
49645
5145
2899
16880
6861
5634
7140
2444
2179
12368
19084
7777
1507
36963
6693
3806
2239
6216
2788
1837
2518
1288
1921
0
0
0
443
743
1347
1692
1287
4678
1555
471
1376
1419
5280
968
7493
1535
2240
1244
4033
1403
11379
10114
2768
662
3067
1461
2024
666
938
4695
3440
24227
6314
5488
7457
4910
3217
2232
9503
4443
5503
4079
3573
4589
2900
3602
1393
87157
4391
3603
4847
4212
2795
8893
2730
12707
5963
7857
1573
5066
3286
4981
15301
7993
5241
4114
1319
3525
1370
1387
4701
12003
2872
3340
5078
1205
431
1544
665
1504
3222
10996
3068
664
7529
531
1229
1531
8260
3818
3431
930
1470
343
345
1959
786
710
14690
2702
1177
2953
812
1324
3186
2018
1273
2018
1350
1968
1698
2667
1952
2975
1149
999
2547
666
2449
9829
1143
8567
3542
4296
2059
1630
23724
2162
3570
5160
1791
1479
2694
1976
3079
6410
2216
2092
1914
6729
6600
3093
1208
1329
3735
7465
2263
1444
19084
1692
1893
1023
8545
1822
1874
2460
1537
1515
1692
3571
1114
443
743
1347
0
0
0
1092
369
1307
631
379
781
2023
4939
8881
1499
3641
8157
17239
2545
32597
5613
1868
3870
2082
4525
2482
519
455
664
2785
2659
5342
2868
7916
3455
20556
9135
4917
5172
4826
6675
1496
8276
1774
2732
1387
1208
3276
1337
4918
2443
1208
1870
4415
3298
1876
8034
6808
3391
1290
1550
1171
6669
8707
3080
5882
1744
2748
5413
7155
3360
862
2414
1342
1650
1614
10765
805
500
7099
23230
1100
13518
4501
1302
788
5003
6254
1854
3131
13054
1069
47119
2872
487
8514
2243
2086
2353
1509
2140
5144
7547
3868
11639
4809
9713
5941
1961
2577
4545
6088
3278
1234
10257
2787
5054
4158
5507
4763
11140
1810
12894
1570
8139
4521
8192
1330
4501
3158
4422
8081
7930
4492
3763
6999
1297
5921
25600
5095
2176
7435
1573
7157
54703
11118
59402
6116
2985
2156
2435
4618
2398
2835
6617
8867
2609
1331
1998
36104
3088
1692
1287
4678
1092
369
1307
0
0
0
2158
624
885
949
2216
970
3841
9675
8457
2636
3615
3227
4062
7314
5488
2732
4998
1520
2265
501
1100
5098
2466
4245
1416
4599
3861
10182
38131
2579
2649
4987
8082
21231
4212
2829
2790
1967
1089
1948
4354
2455
850
3486
2755
17706
2458
6113
3230
4821
6701
2220
1864
761
3263
2676
5325
1095
2351
2209
697
2718
2602
2232
8817
2460
11429
1289
842
4200
1719
739
1275
1211
4348
4650
11769
1569
1840
797
1286
10020
1982
438
6013
1811
2406
7452
11709
7004
3732
4909
1199
4714
1989
612
2217
2547
7244
3492
16457
1506
7595
2039
1427
2990
12409
2866
2062
4416
2877
1477
2755
1609
2024
1218
9276
3672
976
3200
27099
1670
10592
3324
3644
6047
3365
6910
6204
2020
53598
2779
2756
11295
3283
3372
3353
9242
3173
909
7027
727
28899
7550
5319
1270
1234
1909
1826
2286
908
2254
17017
1555
471
1376
631
379
781
2158
624
885
0
0
0
3457
1506
19456
2500
4189
6810
2354
3053
4340
12870
5946
3715
2761
1629
2422
172
235
954
2362
7855
4384
6272
9368
7258
48656
12264
4958
1751
19274
1171
3303
4972
2005
2349
1041
821
6984
10880
1924
3299
5255
9674
1874
9155
2868
21902
1621
3221
7022
2351
1087
6108
10842
2721
1243
679
3566
7008
2493
730
2325
2071
2040
10260
1703
3866
1161
1228
9154
1164
1760
987
1172
634
2985
3694
832
1583
1086
2896
917
29481
4419
1838
2517
8256
1966
2219
4698
7735
1256
1531
2714
838
2026
2937
1122
1149
802
15171
5967
11994
3686
2502
6638
6971
21197
5206
3113
1307
1282
1090
38833
1997
1066
1592
828
6950
1175
1562
1546
1830
2615
1140
57738
2027
1358
2678
1820
1716
1121
944
461
469
248
347
492
275
8326
592
3324
1130
821
407
410
1240
5273
1972
2102
583
1419
5280
968
2023
4939
8881
949
2216
970
3457
1506
19456
0
0
0
5116
2124
12152
4775
3610
8432
3865
4603
4486
5474
5796
8921
3885
1926
1165
6813
1164
611
2983
3120
8030
3090
1508
13934
5338
2442
2701
394
2887
4839
1854
3331
9122
2607
588
560
134
173
89
340
4942
1718
991
13350
6568
1635
488
1501
9171
1464
4716
2528
893
4237
1910
2705
63864
2799
11506
4954
6401
2485
10856
12975
2074
7541
2258
1540
4143
3510
45102
2622
5855
7683
3945
5525
885
1711
4923
19669
2025
2685
2476
4482
1943
2618
3824
3902
4355
3545
1276
1582
708
1982
13532
1684
2153
6321
10152
5738
1379
1396
961
2461
3448
3959
5675
5335
4419
6404
3429
1641
4044
12764
4148
1497
2576
14059
1927
3591
2667
7179
4821
1697
7369
6138
1538
2211
2067
5334
7359
2189
4921
3377
7761
4220
4558
5815
5536
16360
2024
1924
8774
8599
8272
9455
4592
7493
1535
2240
1499
3641
8157
3841
9675
8457
2500
4189
6810
5116
2124
12152
0
0
0
6945
2710
1232
3241
2764
2708
3691
798
2753
12173
2644
3563
3070
2128
3672
16176
6471
5666
24179
4517
14766
2628
19746
2196
4556
13825
5945
7036
5328
2545
6005
22681
4568
7515
5566
9012
10091
12531
5080
7496
6983
7477
9350
7270
4612
17235
2254
2009
1667
1629
3930
2589
869
22700
1537
1269
1245
2854
2971
3187
8156
3306
17249
2169
1790
930
1351
5117
2178
546
3045
1712
1077
1744
5127
2396
8045
4122
2437
4437
1979
3371
3265
7038
1137
2902
582
455
468
15149
17590
1819
1739
738
247
567
439
1134
2236
436
306
484
19209
1065
751
945
5187
550
1601
2569
832
1401
588
2588
4350
2884
671
5115
2382
1234
996
781
13212
8595
1333
4037
2268
5229
6849
9857
11447
3205
1872
1601
4891
5966
9634
5964
3929
7402
2719
2928
2801
845
1244
4033
1403
17239
2545
32597
2636
3615
3227
2354
3053
4340
4775
3610
8432
6945
2710
1232
0
0
0
15918
5177
816
3447
21381
5941
1436
2277
16503
1961
4782
661
7996
2562
1902
4898
3399
3657
864
2780
34093
1261
14974
3261
3467
3523
11079
4175
2867
3039
22491
1113
5325
5518
2196
6923
3262
12204
19951
26416
8705
994
928
2545
2171
1859
2544
1395
4654
2210
5380
5792
35280
1169
4437
80026
3122
3631
7087
1396
15024
13597
2072
2733
3041
7667
66370
1554
2993
3923
5438
3398
2417
3430
39110
7331
1991
43995
4522
3495
2377
1344
10139
2559
1751
5208
2756
4100
47221
5728
7811
1636
3661
2011
1206
2894
3935
3235
2310
443
9070
1091
1053
2302
2733
2509
2239
2466
2027
2218
4942
2443
7363
3512
2823
1662
9182
2705
3902
5478
3088
2240
4283
1378
2656
13614
8266
3602
2257
5161
2348
4600
5591
16888
2142
4380
9263
4062
2930
6240
2350
11379
10114
2768
5613
1868
3870
4062
7314
5488
12870
5946
3715
3865
4603
4486
3241
2764
2708
15918
5177
816
0
0
0
5618
4841
3636
1983
7064
3213
2036
3961
2678
3876
1376
1443
5326
12775
3399
2201
3206
29219
3695
1709
3176
7883
123581
5822
1549
5902
50312
23910
4627
52947
3120
24398
14176
88555
8996
21927
4035
5378
4045
2588
1868
3037
2704
1105
1282
13258
1742
4776
3266
32830
2286
2284
2657
3739
2266
7034
1485
4483
33753
1403
4387
8192
11560
4122
3097
1085
6220
4430
5708
3306
4696
5125
6130
27149
1752
3304
1831
6415
947
5254
5600
1426
699
2470
1357
2131
1562
3238
7483
1985
3620
3662
1866
1838
4720
6685
4689
5746
4963
7264
1801
7308
3446
4388
2930
4537
2359
11492
13168
2259
29258
2095
8567
3492
2528
24155
4434
6395
2094
6693
38412
2795
7099
6506
3251
76173
8512
5740
3686
19056
18711
22079
1885
25406
6520
3340
5976
952
662
3067
1461
2082
4525
2482
2732
4998
1520
2761
1629
2422
5474
5796
8921
3691
798
2753
3447
21381
5941
5618
4841
3636
0
0
0
1579
2824
2821
30328
5530
6132
3184
55339
11762
6067
7153
16446
5346
38979
14585
2521
6885
9473
2021
7965
2454
6203
4364
5786
28184
4640
14202
5193
5653
8009
4530
1928
2181
20858
1089
1464
2635
5540
5111
749
2751
3884
4938
1854
4656
2168
17660
25841
473
1514
1653
170
414
151
827
14650
3621
1253
7293
614
1199
10749
1532
1888
2345
1692
684
1055
1310
2537
1491
2813
1436
987
1417
1524
2869
2404
2316
1455
3591
1010
2803
1060
3035
50699
24185
2685
3529
17386
7581
2589
2269
3113
11485
1242
1459
1475
13190
1139
1015
1748
2780
19757
2956
5340
1241
2440
3798
1659
6808
7805
8727
9785
1437
5729
972
2025
6852
5539
9592
2168
3628
1778
1724
2122
1560
4369
1110
6441
6504
2917
1669
2438
687
2024
666
938
519
455
664
2265
501
1100
172
235
954
3885
1926
1165
12173
2644
3563
1436
2277
16503
1983
7064
3213
1579
2824
2821
0
0
0
3928
1559
2132
12569
13788
3912
23058
1102
27402
8634
8249
6754
1526
3802
10236
821
1499
4901
1207
1329
2212
1356
1319
2010
2575
3673
1279
1219
2984
1930
493
4549
457
7406
15072
1676
1996
745
851
2299
870
2208
771
39239
973
11719
1239
2535
1716
3697
2670
708
3054
3914
2598
6174
1559
9114
1193
1520
6537
3369
2218
6938
5468
2063
4940
1986
2060
1530
1335
17590
17361
6061
8085
5860
1258
5099
2103
1698
6498
2296
4290
2819
1754
2558
3465
36833
2404
1664
2366
2222
1298
1764
1367
5296
11420
4260
2388
2424
4060
3159
2850
2337
1538
3023
685
2840
9672
967
2282
16438
1010
557
31317
1027
3042
1363
755
1218
2305
819
320
1017
899
3901
1319
3347
1055
1579
4096
4036
4695
3440
24227
2785
2659
5342
5098
2466
4245
2362
7855
4384
6813
1164
611
3070
2128
3672
1961
4782
661
2036
3961
2678
30328
5530
6132
3928
1559
2132
0
0
0
3084
2712
3684
545
672
294
8409
3484
879
544
140
547
1480
5738
10308
3146
5720
2447
12979
5020
4975
1067
1941
6052
2381
3042
9908
5350
24243
1489
46873
19617
1137
15235
1632
1424
682
1645
1423
2178
3603
1899
4475
9092
1814
6530
8494
7447
2141
3712
6100
24675
2546
2142
13818
2542
1887
8487
4909
3581
4778
3474
8920
5720
10853
2842
33944
9120
1584
6652
8311
3589
1693
1770
2118
4574
1895
8976
2885
3572
1704
3477
1029
1262
8436
2896
3641
2341
3993
27515
751
4334
3285
2929
4487
1420
2045
1141
2616
996
9176
2190
1063
3580
3505
1305
2002
1259
3212
800
3164
14048
3095
11287
925
2428
790
1477
8282
2167
1923
2719
2285
3741
7058
13319
2813
15785
2926
6314
5488
7457
2868
7916
3455
1416
4599
3861
6272
9368
7258
2983
3120
8030
16176
6471
5666
7996
2562
1902
3876
1376
1443
3184
55339
11762
12569
13788
3912
3084
2712
3684
0
0
0
13887
1368
6153
1319
664
854
2216
845
3995
2529
1806
4016
3046
2205
5258
2259
4663
13452
3432
2890
14413
3826
5804
3478
4385
6081
40152
246
165
288
3662
17265
1810
1955
2909
1587
20692
1591
1690
1649
11799
2736
2533
2871
38375
2676
1122
2279
1937
1475
20786
32768
2734
4777
2760
6673
7958
9120
1175
13245
801
4448
2002
2751
1583
55556
1157
2070
1028
2839
4121
24913
3786
11867
1074
1557
3964
3796
5756
4646
1614
1766
4029
26633
1396
2448
1730
1680
5333
4548
19769
1330
4468
3704
1952
1448
2669
2510
4594
3790
2050
1603
3514
3006
802
9269
2157
2313
2884
25837
9835
1674
742
2309
3405
3434
2383
1946
11545
6401
13547
1590
15613
8102
1596
33656
4910
3217
2232
20556
9135
4917
10182
38131
2579
48656
12264
4958
3090
1508
13934
24179
4517
14766
4898
3399
3657
5326
12775
3399
6067
7153
16446
23058
1102
27402
545
672
294
13887
1368
6153
0
0
0
4705
2099
4744
2350
1627
1623
2586
5734
5853
8102
1409
2889
15186
4798
2277
4281
773
1525
7016
4203
4543
9861
8711
13778
1627
1877
1193
277
29414
1011
2344
7040
1509
2827
1296
746
1775
2215
1678
1557
3044
2002
1144
1506
8319
2151
4769
1711
1968
10372
12582
1067
2727
4522
2075
1539
7298
6494
1956
1484
3003
4973
6705
394
1931
25147
725
12814
7080
2413
2158
4200
3481
1136
1425
327
2221
1077
1584
2247
1818
314
1957
310
61
145
111
3514
493
900
356
1178
812
3674
2316
529
712
319
370
372
357
474
603
8521
1844
2350
12402
37537
3065
1477
1094
2733
2098
1648
4630
2340
1513
7723
2906
1838
1995
1004
2674
9503
4443
5503
5172
4826
6675
2649
4987
8082
1751
19274
1171
5338
2442
2701
2628
19746
2196
864
2780
34093
2201
3206
29219
5346
38979
14585
8634
8249
6754
8409
3484
879
1319
664
854
4705
2099
4744
0
0
0
3680
2798
451
5491
2012
1957
2683
7651
5227
5216
3417
10213
2460
2472
5353
3959
8689
4334
1269
1359
6635
1442
2332
615
937
826
1173
750
10357
3653
1827
2710
2158
1062
762
1353
4436
5336
1082
1638
1654
3113
1839
13542
4107
3192
1361
1794
832
5239
3471
6521
13552
5336
1351
8668
8914
5154
32756
1575
15736
2733
892
535
1253
20836
973
2709
4738
850
7111
11627
1077
1338
1924
521
1805
7353
1773
2676
1176
542
12917
1498
3162
6280
1772
408
1278
604
1940
1447
7932
4004
568
638
663
4991
462
13618
626
1322
826
6190
5579
1119
1457
743
1198
654
327
1725
1988
1821
2755
1500
3164
2246
2464
390
4079
3573
4589
1496
8276
1774
21231
4212
2829
3303
4972
2005
394
2887
4839
4556
13825
5945
1261
14974
3261
3695
1709
3176
2521
6885
9473
1526
3802
10236
544
140
547
2216
845
3995
2350
1627
1623
3680
2798
451
0
0
0
1754
2067
5524
3194
1318
1432
1821
1229
15429
2118
8843
4095
1032
3099
2121
3700
2151
4838
1159
1928
892
526
593
4925
35650
24046
3034
2790
4131
3205
7422
1334
10286
957
707
12708
2473
1914
408
3055
801
3457
1036
454
3165
1647
38483
3079
1497
2819
2725
1648
1738
6904
38752
1341
915
2686
9995
4781
3393
2180
20834
4226
3105
1263
19920
23577
6181
3105
7430
5622
4169
16346
17585
32711
3429
3413
3077
1925
2025
4252
54198
9434
2625
4288
762
1690
1265
2046
5336
4209
3288
1707
4524
7406
2639
1946
7719
4511
1301
4939
3083
24364
1291
1044
14869
2392
1357
1960
1483
8387
777
933
832
8379
1123
2900
3602
1393
2732
1387
1208
2790
1967
1089
2349
1041
821
1854
3331
9122
7036
5328
2545
3467
3523
11079
7883
123581
5822
2021
7965
2454
821
1499
4901
1480
5738
10308
2529
1806
4016
2586
5734
5853
5491
2012
1957
1754
2067
5524
0
0
0
4082
968
690
6276
1268
499
1749
615
3510
4553
2028
1698
153
1519
378
6450
1889
1055
3696
8001
1921
1054
1394
5493
2993
2783
9536
9372
2457
1332
8742
2749
1649
1767
12243
535
1090
3308
11188
53383
2261
1569
4064
4427
1359
1387
7521
3694
54560
1658
2004
25631
5515
2160
1626
8274
1291
3971
2238
11568
1510
17159
17691
3147
2629
2958
12856
7032
7172
5312
2648
2304
3512
3313
5040
4079
4721
5407
1701
39179
20766
3862
2816
1042
3329
10521
1851
3150
2436
3892
8401
1447
23841
13009
11405
5696
615
2773
640
4338
6737
641
6629
940
2740
1287
3610
573
1687
6627
2426
1304
3419
1458
87157
4391
3603
3276
1337
4918
1948
4354
2455
6984
10880
1924
2607
588
560
6005
22681
4568
4175
2867
3039
1549
5902
50312
6203
4364
5786
1207
1329
2212
3146
5720
2447
3046
2205
5258
8102
1409
2889
2683
7651
5227
3194
1318
1432
4082
968
690
0
0
0
1244
1410
2722
1149
6525
673
756
626
1021
21203
629
1644
11428
11775
44006
36481
1939
13471
845
3951
502
1208
750
1209
1805
5239
973
1059
1488
7805
477
2074
746
21120
1034
510
5199
1932
2979
2939
1273
1264
3592
663
5456
779
2127
941
1293
2556
3923
6183
22731
15961
2912
3321
12856
2217
1519
38998
5203
2346
1044
6208
3148
3990
28837
6662
9088
1311
927
445
1064
2301
1491
585
2828
1265
3642
292
1471
961
4923
876
2153
3907
1619
12752
1423
722
912
2702
25447
127
264
559
1764
9059
733
714
27505
2140
713
1568
449
462
681
672
3957
1014
4282
4847
4212
2795
2443
1208
1870
850
3486
2755
3299
5255
9674
134
173
89
7515
5566
9012
22491
1113
5325
23910
4627
52947
28184
4640
14202
1356
1319
2010
12979
5020
4975
2259
4663
13452
15186
4798
2277
5216
3417
10213
1821
1229
15429
6276
1268
499
1244
1410
2722
0
0
0
1814
1891
2286
1378
1633
12509
1244
527
9072
24207
1962
26982
2183
2265
2186
3127
1462
26521
5164
1196
2825
2942
1904
2235
3151
12462
1534
1390
1006
6297
5708
1723
1255
1303
1914
2084
6554
1826
4368
1418
1717
3154
1471
3875
1516
13143
1549
1656
7914
3672
2417
1990
6778
2507
1744
10255
2614
2970
5611
2965
4675
2574
2708
1877
10436
2486
2068
1871
5668
14922
34968
7188
5193
5053
1826
3048
800
1215
2569
4195
1752
1241
3271
3225
2421
1696
514
2488
6534
5701
18315
2292
1615
1161
509
4369
1293
1233
1576
2974
3597
5948
5384
964
938
680
1986
5112
8893
2730
12707
4415
3298
1876
17706
2458
6113
1874
9155
2868
340
4942
1718
10091
12531
5080
5518
2196
6923
3120
24398
14176
5193
5653
8009
2575
3673
1279
1067
1941
6052
3432
2890
14413
4281
773
1525
2460
2472
5353
2118
8843
4095
1749
615
3510
1149
6525
673
1814
1891
2286
0
0
0
2744
875
969
873
2435
1306
1887
804
13850
2054
2389
3248
3318
2352
20376
1262
1921
3921
2072
1792
5462
907
2398
3109
8933
3652
4056
1443
29816
10063
569
1381
1431
4422
1355
1200
7695
5323
13857
9113
5757
38893
4694
1764
4490
4319
5143
6760
2157
5601
4363
9739
2211
5302
3841
4553
8446
4941
2526
2479
3330
55956
1363
7352
3472
1519
4041
3285
31394
77390
5549
2518
28595
2014
12387
22227
2432
1528
2419
2161
3176
1593
1150
4162
12975
4253
911
1206
12752
606
9595
4637
2189
23594
2232
2438
13226
1256
8688
1295
7153
3444
2103
2056
868
5963
7857
1573
8034
6808
3391
3230
4821
6701
21902
1621
3221
991
13350
6568
7496
6983
7477
3262
12204
19951
88555
8996
21927
4530
1928
2181
1219
2984
1930
2381
3042
9908
3826
5804
3478
7016
4203
4543
3959
8689
4334
1032
3099
2121
4553
2028
1698
756
626
1021
1378
1633
12509
2744
875
969
0
0
0
5258
23397
8777
2512
7683
4191
5615
6832
3372
1718
4158
4833
13158
2804
5057
538
2306
1933
451
2066
8057
1138
775
1028
2384
543
1266
577
577
404
6393
1987
3115
1158
1048
2645
2198
1253
4500
6810
1228
438
10638
1210
9097
2482
2437
5639
1508
5562
8714
2613
32571
1521
2136
2412
9198
3711
8318
2815
1568
1426
16305
3716
2887
6045
4875
14927
1514
22017
700
678
2391
5391
5880
2334
4362
4457
2274
7395
2665
811
996
1487
937
1729
12528
1828
6604
1597
2729
755
2301
1942
277
573
675
20034
1984
1641
4391
1248
5066
3286
4981
1290
1550
1171
2220
1864
761
7022
2351
1087
1635
488
1501
9350
7270
4612
26416
8705
994
4035
5378
4045
20858
1089
1464
493
4549
457
5350
24243
1489
4385
6081
40152
9861
8711
13778
1269
1359
6635
3700
2151
4838
153
1519
378
21203
629
1644
1244
527
9072
873
2435
1306
5258
23397
8777
0
0
0
4303
2055
5300
5332
1581
830
9183
5273
2060
1350
3056
706
42541
1826
2367
3059
4659
6910
1449
2230
5450
1867
2110
3765
5999
9423
14698
2242
2519
2143
2190
1333
5420
18931
1572
7630
28234
8780
5872
6863
1403
18274
1123
20633
2609
752
6951
5159
1858
2132
2610
875
5109
925
2612
636
1409
9787
1534
1248
451
996
4612
3220
5489
4397
5681
514
3553
3804
1348
791
2347
1710
874
1746
11672
3374
1301
3381
2439
4731
651
7190
2092
5630
7495
1207
2584
5321
20220
18663
5571
20721
2636
4595
6209
2620
2172
15301
7993
5241
6669
8707
3080
3263
2676
5325
6108
10842
2721
9171
1464
4716
17235
2254
2009
928
2545
2171
2588
1868
3037
2635
5540
5111
7406
15072
1676
46873
19617
1137
246
165
288
1627
1877
1193
1442
2332
615
1159
1928
892
6450
1889
1055
11428
11775
44006
24207
1962
26982
1887
804
13850
2512
7683
4191
4303
2055
5300
0
0
0
