C_ijk
0
0
0
125
32
377
30
252
276
1015
513
2763
1127
11447
1047
237
369
588
11853
502
959
1323
721
371
514
702
1686
3550
2031
1046
328
354
1610
271
1319
1414
937
182
420
1227
1058
3947
749
830
452
1044
1167
17744
1267
458
1149
1490
7098
8477
14005
3579
1335
908
618
1583
591
7786
359
1069
1613
3499
638
170
8521
6836
1075
2077
2646
1165
432
592
324
320
1142
621
1943
1212
4671
1833
266
1329
890
328
267
1287
2845
983
2466
2200
179
262
2770
1258
3875
3251
1981
2181
5227
2999
10529
6269
1706
11943
1927
1395
1595
1155
2432
1123
1216
6960
5677
2185
2624
5470
1878
2123
2876
3362
1845
1563
1024
3741
10775
2556
5871
2026
662
2737
792
1071
1879
1156
471
40799
1128
6076
7398
1695
21854
2783
1100
1621
1689
5132
849
10714
3767
1264
2312
2648
607
1232
3793
5016
4323
4694
125
32
377
0
0
0
21
300
30
417
1336
869
11132
1145
12209
435
412
778
2357
2655
1731
638
1829
2428
652
312
757
1818
851
22901
416
1277
1253
327
249
556
6466
716
323
3520
2798
2146
2642
730
714
1630
1059
370
771
1439
1034
23360
1836
1350
592
1848
652
988
2031
336
1401
351
720
383
803
441
364
225
696
879
1374
514
1150
1127
3308
404
1001
327
563
7330
1858
1967
1735
683
275
1149
1239
1588
584
853
585
463
598
1101
532
6008
947
1294
3402
1911
1034
15251
8199
1183
5672
2180
875
50833
1277
5031
1030
4941
8445
10547
2594
1384
1352
2531
5647
3836
1879
3734
5724
1241
34958
5536
1662
5287
8461
17908
29807
2024
2474
1417
5578
2079
779
1356
803
1837
2489
2100
6761
2444
2204
1350
4818
10575
2153
1315
18101
5668
45582
1572
3643
3172
4098
3955
431
5298
1854
4670
30
252
276
21
300
30
0
0
0
303
785
4330
1804
6002
3155
346
959
187
954
538
635
1622
463
242
408
235
249
18858
4906
1193
203
1931
305
166
203
1546
3633
461
325
3079
1087
2471
2613
761
826
1135
1404
1905
438
7806
1175
877
1478
1357
1439
787
1336
1157
1277
1406
277
372
7822
3891
431
1331
2276
246
187
1105
1002
2535
1224
1541
1647
2063
432
192
1308
6781
9432
3763
1481
1016
2122
412
1035
2751
1831
278
2752
609
860
3291
646
781
4283
3282
3573
1490
4351
1236
2418
1242
2604
1167
6985
1409
1405
2655
759
3668
2698
35372
2888
1280
703
954
3351
14574
9412
2776
15604
50532
1835
3060
8878
1740
1798
22068
857
2116
6018
1679
937
1285
903
1293
3640
534
2245
2510
4071
2210
1369
2821
2740
5974
1248
1145
3018
2107
2674
32654
8777
2701
978
3275
4158
1147
1314
12466
1015
513
2763
417
1336
869
303
785
4330
0
0
0
455
1460
591
1900
1102
3266
220
5177
158
159
3509
109
14125
1166
2021
1765
201
2250
296
441
285
244
277
749
7540
2643
661
542
1256
22878
2809
711
1318
1466
1749
1202
925
4966
2694
4622
2593
1645
2765
1162
18749
955
545
1221
2131
1161
4035
777
1768
6032
980
1721
1532
1356
4611
1471
3013
6447
4832
2357
767
935
624
17636
1332
1138
3195
551
544
763
7681
705
750
702
4422
1081
271
1110
190
780
7961
1742
1889
8959
2468
944
868
2101
2736
2005
12309
1600
9517
948
1059
13659
7122
2964
69001
1882
1491
17172
2105
2421
2972
40135
8474
2899
1241
1019
5148
1641
3173
1765
3832
2631
1720
38004
33374
2774
1982
16664
1013
2898
550
999
1006
2293
6301
8020
1757
2204
507
1656
3964
3367
1792
2608
5774
2154
756
436
617
2314
1022
58116
1127
11447
1047
11132
1145
12209
1804
6002
3155
455
1460
591
0
0
0
2132
588
411
2684
215
1062
1245
697
846
1190
828
1570
331
1900
517
1715
1944
8429
3609
5965
625
1275
2443
4870
4398
2119
575
4830
3578
1550
3447
1004
4312
12557
1537
1126
3603
11455
5782
2938
34153
3895
2449
1807
2846
3220
8204
22243
3142
835
966
24530
1171
10629
2106
7402
6338
2141
1526
4425
6520
778
8028
2918
1058
3918
6932
6106
2094
1441
1935
2426
3181
4367
1740
1321
2408
5374
7797
20525
27194
3251
3019
1992
915
509
1522
1106
2628
1668
2155
1128
570
1458
1619
8490
11019
6146
3205
21246
4251
7135
6566
8407
6417
5821
2839
1518
195
70
4422
2613
1850
3632
3902
3506
5940
2964
7500
6050
1230
3113
8419
8890
40500
2743
1667
448
2179
5772
6149
1010
1774
1350
2942
4113
2154
1334
25425
757
2197
970
409
597
5383
5949
945
237
369
588
435
412
778
346
959
187
1900
1102
3266
2132
588
411
0
0
0
299
1496
1248
2227
1429
424
618
3029
1052
478
792
508
1013
118
111
448
5305
2073
823
138
281
415
13696
650
484
1691
924
904
1699
4793
3312
1055
782
1083
2980
866
2872
3343
1351
2316
2995
918
1443
1077
883
594
614
1329
476
298
421
19680
13865
1349
2432
1977
2580
952
569
505
3349
512
1247
1210
1397
1508
3341
527
1181
560
1041
521
626
592
457
376
480
108
1169
1032
1350
3582
1307
963
6585
4048
547
2429
12935
1574
4196
1564
1593
1164
5704
19380
1069
1262
1127
1849
8889
4718
2556
4229
4892
1001
1872
1783
3573
2303
1627
5966
3036
1252
8275
2285
4485
2728
710
835
31947
1391
4361
2148
1738
779
1805
3001
10142
935
527
341
7042
2231
1158
4797
6350
1542
1901
558
992
25668
41832
4529
11853
502
959
2357
2655
1731
954
538
635
220
5177
158
2684
215
1062
299
1496
1248
0
0
0
983
484
2939
515
886
1290
213
350
1698
3639
580
571
650
1167
2301
1306
406
1341
845
8759
747
1502
632
1727
2377
5881
3000
855
1311
5173
4407
2627
6685
3000
1736
1846
787
2047
9381
10007
1312
2544
1870
2330
3191
6612
1990
926
2288
3787
2932
854
3049
4792
2312
1391
962
3600
1728
1257
1581
1893
2077
985
2320
1671
669
876
275
685
264
484
258
607
5263
19074
2655
3724
9101
1283
5033
2832
1060
3531
1353
10937
1795
2582
23666
3265
1949
8316
25129
5423
1676
2495
1581
3932
2759
927
29561
8244
355
1495
832
2416
2682
6921
92290
4203
38733
13467
4186
2351
2286
1146
845
4115
843
1731
1333
987
839
1600
5011
2289
3642
1127
623
8642
9281
2888
1916
6265
3332
343
354
1055
2530
4355
7191
1323
721
371
638
1829
2428
1622
463
242
159
3509
109
1245
697
846
2227
1429
424
983
484
2939
0
0
0
1158
8674
1492
2198
438
2602
365
537
523
1901
968
8708
2043
520
1107
1966
1702
2613
784
917
1037
4193
707
10098
1210
1304
3262
1902
13467
4492
2646
3435
4055
2926
10562
3624
1263
1359
3719
1564
2642
1903
2666
468
824
2050
8759
2940
36755
1993
5832
879
2013
716
644
2014
4268
908
2488
1385
753
1169
1988
784
775
206
486
517
346
396
683
488
7147
1680
5621
2617
1185
4189
890
1043
1152
743
6105
1086
741
513
3328
1721
2013
1889
1402
14969
3359
2750
4980
27304
9896
2935
23480
984
1160
788
9354
7837
12919
1829
7443
4501
2254
2490
23977
2295
1928
5770
5590
2331
17349
947
6200
483
920
5734
1936
1088
1098
3406
1713
856
3546
690
5233
1974
652
427
818
10595
1034
2607
514
702
1686
652
312
757
408
235
249
14125
1166
2021
1190
828
1570
618
3029
1052
515
886
1290
1158
8674
1492
0
0
0
325
1430
641
648
353
187
578
305
339
330
155
2148
1832
576
620
1143
580
446
1492
625
680
1707
10900
1279
1342
907
6640
14340
986
4311
1372
8052
1055
5499
909
928
768
2027
732
2523
1028
1241
2836
4398
2799
1211
3394
2795
1336
616
9196
503
4052
1403
2019
861
2358
768
1457
6473
702
3916
754
3083
429
431
1548
633
4142
665
3493
1176
1656
3343
1533
5484
1246
1130
3409
1596
1311
1655
820
1371
56894
4870
3766
4131
654
806
12399
3280
2202
8037
4731
1935
25199
994
436
5588
4449
2192
2488
3242
4192
2287
19582
40572
2845
2380
2459
767
7533
16037
9727
1275
2556
1575
3747
5078
1929
3017
2062
1554
4123
743
29398
1434
1888
1439
591
1360
4375
19710
1824
3550
2031
1046
1818
851
22901
18858
4906
1193
1765
201
2250
331
1900
517
478
792
508
213
350
1698
2198
438
2602
325
1430
641
0
0
0
413
707
288
1599
22548
746
552
743
563
4851
1458
2072
614
755
799
982
981
5226
5199
688
3454
5445
2540
3405
1387
9614
3023
1195
6229
5229
8127
702
2541
9041
5689
1219
26532
1201
2136
16120
953
3001
14383
1304
1149
2923
12396
4714
1609
13898
1945
1303
2291
3014
3129
1341
1603
7347
4194
15065
3093
636
1281
2096
3858
684
1137
665
785
1773
267
492
942
1089
1462
5123
2582
550
29333
2838
801
1981
867
2278
22905
1919
3613
4415
4765
2207
2924
8997
2501
1721
1032
661
7190
1938
2978
11904
1379
2833
7196
5105
6288
4253
1158
2864
3492
2026
6973
1001
6976
4558
2589
5128
1438
2175
1227
15238
3798
18884
4441
2485
3089
5105
381
1259
1736
4017
3893
2933
328
354
1610
416
1277
1253
203
1931
305
296
441
285
1715
1944
8429
1013
118
111
3639
580
571
365
537
523
648
353
187
413
707
288
0
0
0
7088
327
722
782
546
246
1567
1145
955
748
5314
545
1269
1917
842
1257
1796
1868
918
1541
974
1635
2429
13720
6954
8608
1311
3375
1584
1382
1624
1387
806
4065
943
4157
2193
2229
1554
937
1723
1086
1341
664
784
11826
882
3417
764
737
1261
2294
1407
7086
686
1154
387
1516
5442
300
489
405
1134
21426
1793
9947
1046
528
637
1403
2944
1378
4097
7063
5949
2833
25329
6532
3896
12083
9476
7379
3811
2381
3324
1679
1882
1813
5023
2219
891
3393
51885
2422
4033
2439
1844
4812
77094
6443
1681
2549
1129
1469
1756
838
1883
1934
2391
2038
2564
3903
26770
2293
12875
1420
718
2057
12925
9837
2760
2010
1777
1245
6129
992
31204
2046
6335
271
1319
1414
327
249
556
166
203
1546
244
277
749
3609
5965
625
448
5305
2073
650
1167
2301
1901
968
8708
578
305
339
1599
22548
746
7088
327
722
0
0
0
143
238
1595
471
911
2346
1018
1069
720
4128
374
1991
709
6673
1073
833
1362
1784
745
14757
523
525
2173
1849
6566
249
3826
841
877
776
794
488
403
1594
20724
2203
4901
707
1155
649
606
421
1696
2571
1624
968
2259
898
3292
692
3373
2332
555
2171
719
1448
5226
279
355
1579
1238
1861
804
1670
781
2319
739
3554
13867
860
1573
1084
1059
3369
802
3297
8194
2906
444
845
1405
1126
5628
7997
3255
23344
1118
2129
14162
898
2595
5943
2562
19096
881
2447
899
7023
1374
747
2605
2627
5214
10525
1325
1703
873
2638
1509
2426
2733
3286
8373
901
3783
7186
2208
12793
2655
5810
2461
4528
5185
19511
3972
44920
937
182
420
6466
716
323
3633
461
325
7540
2643
661
1275
2443
4870
823
138
281
1306
406
1341
2043
520
1107
330
155
2148
552
743
563
782
546
246
143
238
1595
0
0
0
2004
1196
378
429
466
1845
3995
1922
3099
5727
688
431
627
2054
1066
1391
2560
688
11532
1982
3072
4520
1799
436
636
679
871
1442
1510
391
1165
2057
860
5243
4454
777
597
1909
458
1461
1172
1195
10261
929
4320
613
395
667
420
587
1446
730
1490
1217
1389
1406
1520
2013
1147
1930
3485
5972
1534
3776
7587
1789
2001
3917
779
1607
5679
3330
9526
1248
2049
464
420
1471
4595
1240
57603
1473
4521
4906
524
779
2268
5955
2581
2583
2236
2414
8413
6136
2001
3161
5127
1494
8797
4447
920
8144
2181
3278
39085
2533
1160
1499
854
3346
1652
2013
3484
136019
7677
3931
2423
3479
1405
8277
7303
3336
1450
1227
1058
3947
3520
2798
2146
3079
1087
2471
542
1256
22878
4398
2119
575
415
13696
650
845
8759
747
1966
1702
2613
1832
576
620
4851
1458
2072
1567
1145
955
471
911
2346
2004
1196
378
0
0
0
422
501
257
1126
369
1160
297
955
9554
1638
964
5738
5032
2742
4220
3404
837
2703
698
683
768
3767
592
2484
2208
6876
1115
904
2129
1812
1001
5866
2643
2178
962
1087
6154
1363
15451
4229
38570
5370
1675
1251
1552
1168
3557
1000
1165
7676
645
2911
17222
630
2446
1873
1047
1090
12440
1852
3343
1809
2437
791
1975
18722
1574
2828
1333
4281
2848
3058
1096
457
955
1890
2253
1435
803
729
1006
5237
1242
2802
5847
1512
15371
17018
2314
12088
5828
4819
12742
4423
32192
2413
22998
5769
1836
4877
7900
1565
2643
1034
15366
1592
4792
4196
9323
2573
1381
2987
3967
11109
1158
3467
752
4892
9211
918
749
830
452
2642
730
714
2613
761
826
2809
711
1318
4830
3578
1550
484
1691
924
1502
632
1727
784
917
1037
1143
580
446
614
755
799
748
5314
545
1018
1069
720
429
466
1845
422
501
257
0
0
0
1076
10006
823
786
11206
1156
719
5447
1093
1340
1112
35569
20248
1229
964
552
2229
3326
405
1932
1515
1682
1583
1882
692
21857
3072
1143
4961
1183
3088
1944
1038
30136
1426
5575
40427
6906
12576
907
2028
1304
2328
3143
891
2023
1514
30919
551
1633
2023
1795
1460
1048
1184
13288
2081
633
2613
2738
1606
953
1090
1626
1216
2307
2845
602
1190
725
3778
1144
12868
1237
18464
1743
3987
1361
5923
2660
3699
2928
1263
1796
4007
1959
5309
22551
25987
2535
1094
1445
1670
5006
1309
1176
1358
21765
2033
2879
2737
1893
3149
3548
1229
3181
6229
3862
830
2131
4363
1163
713
2022
5987
1929
705
1044
1167
17744
1630
1059
370
1135
1404
1905
1466
1749
1202
3447
1004
4312
904
1699
4793
2377
5881
3000
4193
707
10098
1492
625
680
982
981
5226
1269
1917
842
4128
374
1991
3995
1922
3099
1126
369
1160
1076
10006
823
0
0
0
634
1015
285
852
794
538
2867
1584
1171
1248
3260
9763
1094
571
923
2357
897
943
2315
2029
1338
1448
2861
1055
836
1161
9920
1066
4856
2258
8320
3964
1975
17987
5316
1258
5353
27632
2613
4461
3960
474
3198
1486
2371
2400
3054
6011
18707
1865
20821
756
21462
1736
1675
2305
11905
4193
1341
991
3840
3863
27175
4361
2673
2154
469
570
602
24279
973
2310
5536
1840
4025
2978
14025
10894
122311
1668
2706
2286
2620
3863
3425
4468
12815
3338
993
6738
61422
13157
1281
4713
13847
1527
4048
3009
3176
4185
2558
1500
2944
2139
18913
2522
1058
1964
1960
3044
7173
5389
590
10044
1267
458
1149
771
1439
1034
438
7806
1175
925
4966
2694
12557
1537
1126
3312
1055
782
855
1311
5173
1210
1304
3262
1707
10900
1279
5199
688
3454
1257
1796
1868
709
6673
1073
5727
688
431
297
955
9554
786
11206
1156
634
1015
285
0
0
0
799
365
437
3449
1372
4927
768
1320
3960
2443
1231
2055
732
677
1415
1266
864
1141
1517
669
6250
500
1965
1191
1829
27520
21028
3152
1375
12230
1166
6276
44309
1665
3791
1014
1873
4952
2182
1088
863
9801
2483
4604
801
1424
5558
1559
7979
1801
2026
19391
4915
3257
7843
1184
4758
4995
44215
15965
4392
942
8998
484
442
12833
14072
1147
4813
1025
2346
4399
4704
6133
3980
39478
23561
5546
962
1259
34346
1419
1539
4459
7229
822
774
2304
6896
1470
10467
5361
1952
1562
2229
21679
4693
2484
725
17292
6318
1508
1889
2757
2865
1407
1167
3416
21820
1463
1180
1490
7098
8477
23360
1836
1350
877
1478
1357
4622
2593
1645
3603
11455
5782
1083
2980
866
4407
2627
6685
1902
13467
4492
1342
907
6640
5445
2540
3405
918
1541
974
833
1362
1784
627
2054
1066
1638
964
5738
719
5447
1093
852
794
538
799
365
437
0
0
0
1850
1771
786
2679
683
5465
562
344
280
776
2764
1141
6494
2584
1437
3649
2933
1848
50144
891
5344
1172
2846
5820
5290
2610
11559
2152
1798
3585
1373
4109
2828
17189
33106
4343
2118
4685
14119
9362
5898
2434
3721
1604
3548
1215
1959
1011
18367
2627
3064
4072
1958
9615
3477
4334
9877
2279
3982
2419
186
599
642
9113
2718
1405
38356
1069
3683
3347
4023
14833
18154
1037
3746
9096
3311
4181
1183
3051
1356
1419
2137
2942
2095
2706
3525
29832
2581
3140
52928
2294
2195
2473
2460
1655
2742
3015
3026
5364
6149
3949
3197
3059
4847
985
1731
1858
14005
3579
1335
592
1848
652
1439
787
1336
2765
1162
18749
2938
34153
3895
2872
3343
1351
3000
1736
1846
2646
3435
4055
14340
986
4311
1387
9614
3023
1635
2429
13720
745
14757
523
1391
2560
688
5032
2742
4220
1340
1112
35569
2867
1584
1171
3449
1372
4927
1850
1771
786
0
0
0
213
144
467
111
312
553
1392
108
4670
605
16985
2359
915
3414
1985
1384
2415
914
2925
915
1384
2260
3239
740
1655
2995
2827
4118
1112
3233
2522
2154
2628
1195
824
1463
6007
7687
1627
13618
13725
7163
14175
1288
1701
3365
5440
5324
5726
1672
2036
1075
1416
720
1755
18424
36962
740
3746
1862
1405
2661
1102
7146
6126
2344
8817
4111
5019
6771
4717
560
1429
1680
928
12647
946
2511
324
465
1038
863
1410
957
1497
1513
1527
5847
3715
50117
1012
1708
5013
31354
1576
4090
7312
6800
2871
3225
1206
4990
413
7871
1254
908
618
1583
988
2031
336
1157
1277
1406
955
545
1221
2449
1807
2846
2316
2995
918
787
2047
9381
2926
10562
3624
1372
8052
1055
1195
6229
5229
6954
8608
1311
525
2173
1849
11532
1982
3072
3404
837
2703
20248
1229
964
1248
3260
9763
768
1320
3960
2679
683
5465
213
144
467
0
0
0
1142
366
361
658
1186
3766
1885
4715
548
1384
5970
912
575
551
709
1364
2467
859
5938
20400
2266
2159
1178
1462
1341
2357
1262
3066
2250
3945
3508
1627
1127
4605
569
1836
4618
6101
1054
2046
1377
11120
114487
5060
2640
3479
11753
4214
13413
1591
21057
1890
1527
10543
1190
661
2767
1575
5283
91942
12325
5906
4125
11438
2356
3488
1332
1274
2898
290
2816
1061
719
3401
9464
325
54
137
2805
2291
563
4094
38649
12348
3371
3562
3237
1218
7992
5595
6367
2798
2182
1652
5130
1934
3950
1540
2146
3749
471
759
591
7786
359
1401
351
720
277
372
7822
2131
1161
4035
3220
8204
22243
1443
1077
883
10007
1312
2544
1263
1359
3719
5499
909
928
8127
702
2541
3375
1584
1382
6566
249
3826
4520
1799
436
698
683
768
552
2229
3326
1094
571
923
2443
1231
2055
562
344
280
111
312
553
1142
366
361
0
0
0
1053
792
602
972
376
919
1948
2270
788
299
457
762
3165
634
547
737
457
5416
688
1768
575
1000
4196
12186
1615
1156
2299
2208
10041
3166
1513
1414
927
2868
2667
2113
1475
2331
5669
7515
6062
26581
1816
2427
1823
2471
1307
471
5726
1517
2027
529
5406
982
1771
5495
8598
2992
21338
4294
2367
2268
2933
2115
1050
3208
690
3389
7086
1390
1004
1714
2819
325
554
300
9913
3017
2270
990
2071
8525
1742
2650
2532
826
8518
4807
5538
788
3324
6226
109151
7225
2274
4941
969
1477
2287
1069
1613
3499
383
803
441
3891
431
1331
777
1768
6032
3142
835
966
594
614
1329
1870
2330
3191
1564
2642
1903
768
2027
732
9041
5689
1219
1624
1387
806
841
877
776
636
679
871
3767
592
2484
405
1932
1515
2357
897
943
732
677
1415
776
2764
1141
1392
108
4670
658
1186
3766
1053
792
602
0
0
0
112
474
182
471
1806
8460
411
524
157
840
382
2151
2673
898
1542
985
4842
1781
1340
439
917
1094
682
1096
517
728
2840
393
903
703
3627
2385
5612
17862
2572
792
4186
1020
1827
13454
1363
3754
4550
1718
362
12840
3627
5710
1562
1720
6883
3884
2089
3022
11805
80256
11156
4800
1268
16311
5560
405
1464
1852
39600
836
1172
2472
1010
454
12976
1992
811
886
1088
5763
1694
4572
2668
3901
1235
493
901
1120
45360
2397
1575
7094
26726
3045
1102
7063
2238
3203
2937
1523
638
170
8521
364
225
696
2276
246
187
980
1721
1532
24530
1171
10629
476
298
421
6612
1990
926
2666
468
824
2523
1028
1241
26532
1201
2136
4065
943
4157
794
488
403
1442
1510
391
2208
6876
1115
1682
1583
1882
2315
2029
1338
1266
864
1141
6494
2584
1437
605
16985
2359
1885
4715
548
972
376
919
112
474
182
0
0
0
3957
3939
378
862
810
197
366
187
100
1092
1009
1494
1034
909
887
1183
939
451
889
4867
13454
2968
707
902
1776
901
1629
2054
4974
7080
2947
2144
1459
1837
1160
2265
7487
5087
3165
2247
12058
1951
3230
1350
93508
1384
3741
894
2178
4176
1399
3876
10174
882
3860
1424
4945
1170
1181
487
3152
60937
4095
1745
5883
2003
16974
34949
795
1886
779
995
4351
1218
1045
2405
1302
1755
16714
2264
2083
1780
3156
5151
10008
2365
7282
1058
2231
3372
1048
1082
67798
6836
1075
2077
879
1374
514
1105
1002
2535
1356
4611
1471
2106
7402
6338
19680
13865
1349
2288
3787
2932
2050
8759
2940
2836
4398
2799
16120
953
3001
2193
2229
1554
1594
20724
2203
1165
2057
860
904
2129
1812
692
21857
3072
1448
2861
1055
1517
669
6250
3649
2933
1848
915
3414
1985
1384
5970
912
1948
2270
788
471
1806
8460
3957
3939
378
0
0
0
585
106
160
904
850
733
1429
1322
1015
3827
284
507
667
872
900
1655
1054
11009
1270
1173
429
396
3635
617
27995
959
19709
2877
2601
1466
3151
3231
14846
2838
5081
1049
1203
2926
1627
5791
8712
3094
3234
565
1914
1905
17753
3868
2608
5958
2971
3867
4929
84016
914
672
7644
567
515
1557
1348
3444
676
1063
594
1484
734
280
1841
3712
2212
6075
12247
2785
13258
1022
2053
3150
1407
1075
20144
7232
3315
37820
10840
3480
9898
936
4128
1073
2646
1165
432
1150
1127
3308
1224
1541
1647
3013
6447
4832
2141
1526
4425
2432
1977
2580
854
3049
4792
36755
1993
5832
1211
3394
2795
14383
1304
1149
937
1723
1086
4901
707
1155
5243
4454
777
1001
5866
2643
1143
4961
1183
836
1161
9920
500
1965
1191
50144
891
5344
1384
2415
914
575
551
709
299
457
762
411
524
157
862
810
197
585
106
160
0
0
0
629
6996
936
2606
7212
2484
3446
1411
619
1027
1146
6785
1249
1812
371
887
459
2306
641
465
1013
1397
9965
1673
6542
2595
3744
69850
4900
2053
2947
7284
1352
788
791
16269
2741
3321
3903
1930
1039
2240
1062
2811
2600
6819
8510
3344
6859
4148
4913
2504
1399
678
3100
809
752
1956
5103
1595
1511
886
1808
1626
784
724
2228
5124
2177
17569
1131
1146
2564
11632
1094
4497
737
3337
1690
3463
16446
3864
2144
10756
1760
13596
6583
592
324
320
404
1001
327
2063
432
192
2357
767
935
6520
778
8028
952
569
505
2312
1391
962
879
2013
716
1336
616
9196
2923
12396
4714
1341
664
784
649
606
421
597
1909
458
2178
962
1087
3088
1944
1038
1066
4856
2258
1829
27520
21028
1172
2846
5820
2925
915
1384
1364
2467
859
3165
634
547
840
382
2151
366
187
100
904
850
733
629
6996
936
0
0
0
1106
1248
795
4718
1295
405
465
275
366
392
659
912
925
909
230
1004
326
754
1581
1821
3774
1281
2793
701
5894
3362
2419
1914
2086
3125
1615
3506
1864
2071
8135
3666
1329
2479
10437
10845
2095
1849
971
11206
4794
1643
3614
1571
1342
911
2100
8442
5468
3691
1647
528
4220
760
5194
1431
1698
1621
1109
1447
1581
3810
2731
10585
6033
1961
4447
15646
2088
1931
972
3754
13328
727
9500
5889
1105
5532
2655
1939
1142
621
1943
563
7330
1858
1308
6781
9432
624
17636
1332
2918
1058
3918
3349
512
1247
3600
1728
1257
644
2014
4268
503
4052
1403
1609
13898
1945
11826
882
3417
1696
2571
1624
1461
1172
1195
6154
1363
15451
30136
1426
5575
8320
3964
1975
3152
1375
12230
5290
2610
11559
2260
3239
740
5938
20400
2266
737
457
5416
2673
898
1542
1092
1009
1494
1429
1322
1015
2606
7212
2484
1106
1248
795
0
0
0
165
295
659
6365
369
545
1417
988
622
953
1018
512
1634
3281
10639
3562
6673
17966
25242
1807
4502
1324
4228
4398
3278
4837
8315
654
990
553
5337
21869
1371
2677
4462
14668
5061
4734
1982
5515
5040
23503
1785
4029
21991
1058
571
791
3196
1437
4605
2136
12115
3050
4325
10645
15289
2500
2804
3562
1290
1686
2197
2205
1141
1120
301
750
381
1674
2254
672
8639
2727
8249
1288
814
20421
1893
65619
2888
1212
4671
1833
1967
1735
683
3763
1481
1016
1138
3195
551
6932
6106
2094
1210
1397
1508
1581
1893
2077
908
2488
1385
2019
861
2358
1303
2291
3014
764
737
1261
968
2259
898
10261
929
4320
4229
38570
5370
40427
6906
12576
17987
5316
1258
1166
6276
44309
2152
1798
3585
1655
2995
2827
2159
1178
1462
688
1768
575
985
4842
1781
1034
909
887
3827
284
507
3446
1411
619
4718
1295
405
165
295
659
0
0
0
511
12038
256
971
392
17966
7739
1742
383
3207
872
478
1949
5919
3371
3681
46069
7570
14161
794
3655
12773
4736
2731
279
6760
4801
8650
1911
40026
1987
3440
9817
3124
16138
4771
5503
4252
8141
34778
4813
15572
657
438
720
4011
2141
2144
2083
701
1330
4707
2160
3227
398
665
1885
9664
18782
14588
604
3435
16173
571
911
832
7506
16040
306
1053
2996
7848
705
1168
913
4006
5655
3986
266
1329
890
275
1149
1239
2122
412
1035
544
763
7681
1441
1935
2426
3341
527
1181
985
2320
1671
753
1169
1988
768
1457
6473
3129
1341
1603
2294
1407
7086
3292
692
3373
613
395
667
1675
1251
1552
907
2028
1304
5353
27632
2613
1665
3791
1014
1373
4109
2828
4118
1112
3233
1341
2357
1262
1000
4196
12186
1340
439
917
1183
939
451
667
872
900
1027
1146
6785
465
275
366
6365
369
545
511
12038
256
0
0
0
219
1018
1349
170
444
759
276
307
202
5570
5455
957
3080
1853
3182
5138
1711
2063
2824
4058
2085
2356
1620
1148
4684
6327
1744
2745
1737
6201
2487
1028
7313
4496
2768
3691
5765
1290
1169
2219
1082
3808
2172
1505
3106
1381
3543
1871
3171
7542
981
687
548
556
1659
3023
2525
1197
5644
7226
944
852
745
15921
2953
3578
7789
2725
1997
1715
973
39127
2462
1020
3232
328
267
1287
1588
584
853
2751
1831
278
705
750
702
3181
4367
1740
560
1041
521
669
876
275
784
775
206
702
3916
754
7347
4194
15065
686
1154
387
2332
555
2171
420
587
1446
1168
3557
1000
2328
3143
891
4461
3960
474
1873
4952
2182
17189
33106
4343
2522
2154
2628
3066
2250
3945
1615
1156
2299
1094
682
1096
889
4867
13454
1655
1054
11009
1249
1812
371
392
659
912
1417
988
622
971
392
17966
219
1018
1349
0
0
0
141
108
261
1258
753
479
6825
1543
4087
2015
4487
1965
5174
15451
3314
24273
24484
734
1307
1182
1396
1904
8134
17646
7157
10856
2045
14164
4267
3080
1699
2163
4362
1090
563
812
23676
2587
859
15331
60837
1931
5016
2425
2156
2239
3333
4028
1795
2303
1331
2642
955
1117
5812
1221
3794
342
1139
1052
713
9625
3361
639
4850
25325
405
1413
7130
3951
4024
1381
2845
983
2466
585
463
598
2752
609
860
4422
1081
271
1321
2408
5374
626
592
457
685
264
484
486
517
346
3083
429
431
3093
636
1281
1516
5442
300
719
1448
5226
730
1490
1217
1165
7676
645
2023
1514
30919
3198
1486
2371
1088
863
9801
2118
4685
14119
1195
824
1463
3508
1627
1127
2208
10041
3166
517
728
2840
2968
707
902
1270
1173
429
887
459
2306
925
909
230
953
1018
512
7739
1742
383
170
444
759
141
108
261
0
0
0
2528
143
495
1287
2868
2349
870
485
2546
4121
5077
3637
2638
1311
2167
991
1857
798
2521
2886
2949
3165
17728
1598
4802
10718
3636
18946
5752
2792
1656
2839
7942
13652
1399
4349
6554
1402
2140
4868
1209
1455
1865
4898
1665
1123
421
4360
634
5186
1970
1445
2086
1665
2881
635
620
2051
1080
2147
6846
1971
3512
1456
6245
4211
1475
2175
53100
2200
179
262
1101
532
6008
3291
646
781
1110
190
780
7797
20525
27194
376
480
108
258
607
5263
396
683
488
1548
633
4142
2096
3858
684
489
405
1134
279
355
1579
1389
1406
1520
2911
17222
630
551
1633
2023
2400
3054
6011
2483
4604
801
9362
5898
2434
6007
7687
1627
4605
569
1836
1513
1414
927
393
903
703
1776
901
1629
396
3635
617
641
465
1013
1004
326
754
1634
3281
10639
3207
872
478
276
307
202
1258
753
479
2528
143
495
0
0
0
3107
2621
1511
1587
788
8011
5328
1085
5646
4935
3153
606
4521
888
2291
4660
18103
110558
6866
17555
832
3006
3397
5332
20509
2066
8630
651
893
869
2462
1127
4240
1766
2926
101903
1531
891
3930
867
605
5018
2854
7530
2610
915
1489
727
7540
33776
1166
826
330
770
1038
2918
4621
2157
1192
1565
1088
3440
769
14996
2684
3220
2770
1258
3875
947
1294
3402
4283
3282
3573
7961
1742
1889
3251
3019
1992
1169
1032
1350
19074
2655
3724
7147
1680
5621
665
3493
1176
1137
665
785
21426
1793
9947
1238
1861
804
2013
1147
1930
2446
1873
1047
1795
1460
1048
18707
1865
20821
1424
5558
1559
3721
1604
3548
13618
13725
7163
4618
6101
1054
2868
2667
2113
3627
2385
5612
2054
4974
7080
27995
959
19709
1397
9965
1673
1581
1821
3774
3562
6673
17966
1949
5919
3371
5570
5455
957
6825
1543
4087
1287
2868
2349
3107
2621
1511
0
0
0
29921
365
428
1167
707
2056
1088
2305
497
1104
9876
2569
9475
6081
2597
1499
1444
2126
1939
7106
2630
5533
901
2087
731
6919
1719
31367
48423
1669
2157
2986
2106
2772
1379
2045
4752
3427
7452
26066
2421
19196
1184
7347
3500
25518
6875
4106
9055
4096
20769
1991
1848
1835
5508
2743
11722
2352
3797
4074
1809
5635
2805
3251
1981
2181
1911
1034
15251
1490
4351
1236
8959
2468
944
915
509
1522
3582
1307
963
9101
1283
5033
2617
1185
4189
1656
3343
1533
1773
267
492
1046
528
637
1670
781
2319
3485
5972
1534
1090
12440
1852
1184
13288
2081
756
21462
1736
7979
1801
2026
1215
1959
1011
14175
1288
1701
2046
1377
11120
1475
2331
5669
17862
2572
792
2947
2144
1459
2877
2601
1466
6542
2595
3744
1281
2793
701
25242
1807
4502
3681
46069
7570
3080
1853
3182
2015
4487
1965
870
485
2546
1587
788
8011
29921
365
428
0
0
0
500
1251
1701
321
711
1891
4930
9302
4097
17015
12008
5688
4075
9211
3552
3062
4567
13996
3466
2842
1799
252
653
212
2193
9145
5171
3231
5306
5118
9815
7268
11338
1528
3931
2404
5036
3536
3454
5299
4948
7669
931
2719
4984
9473
2700
1224
2091
1278
1370
7312
36082
2745
2089
2255
2796
4839
17220
3406
5227
2999
10529
8199
1183
5672
2418
1242
2604
868
2101
2736
1106
2628
1668
6585
4048
547
2832
1060
3531
890
1043
1152
5484
1246
1130
942
1089
1462
1403
2944
1378
739
3554
13867
3776
7587
1789
3343
1809
2437
633
2613
2738
1675
2305
11905
19391
4915
3257
18367
2627
3064
3365
5440
5324
114487
5060
2640
7515
6062
26581
4186
1020
1827
1837
1160
2265
3151
3231
14846
69850
4900
2053
5894
3362
2419
1324
4228
4398
14161
794
3655
5138
1711
2063
5174
15451
3314
4121
5077
3637
5328
1085
5646
1167
707
2056
500
1251
1701
0
0
0
182
547
372
799
1917
18339
4858
3457
11905
1932
6741
4129
5475
6172
19528
12155
2100
1874
887
666
878
1512
3841
3024
4737
2236
8494
2746
5283
18854
2694
2943
4550
2192
5758
9666
1379
571
1102
4166
29519
2584
1655
6173
7919
2371
8554
29265
18439
2468
1380
3447
1824
9193
9770
7332
4795
6269
1706
11943
2180
875
50833
1167
6985
1409
2005
12309
1600
2155
1128
570
2429
12935
1574
1353
10937
1795
743
6105
1086
3409
1596
1311
5123
2582
550
4097
7063
5949
860
1573
1084
2001
3917
779
791
1975
18722
1606
953
1090
4193
1341
991
7843
1184
4758
4072
1958
9615
5726
1672
2036
3479
11753
4214
1816
2427
1823
13454
1363
3754
7487
5087
3165
2838
5081
1049
2947
7284
1352
1914
2086
3125
3278
4837
8315
12773
4736
2731
2824
4058
2085
24273
24484
734
2638
1311
2167
4935
3153
606
1088
2305
497
321
711
1891
182
547
372
0
0
0
1935
4607
3251
7256
12661
2846
1401
2913
21423
7596
2489
67534
727
1269
3024
709
1048
400
1001
4853
10148
3271
23887
5160
3705
3457
3398
39334
5544
4157
2496
10952
3635
8503
1705
1250
11580
2892
2341
1331
3407
2522
9047
3037
2653
2005
818
2137
3668
1155
1061
3513
23387
16250
1927
1395
1595
1277
5031
1030
1405
2655
759
9517
948
1059
1458
1619
8490
4196
1564
1593
2582
23666
3265
741
513
3328
1655
820
1371
29333
2838
801
2833
25329
6532
1059
3369
802
1607
5679
3330
1574
2828
1333
1626
1216
2307
3840
3863
27175
4995
44215
15965
3477
4334
9877
1075
1416
720
13413
1591
21057
2471
1307
471
4550
1718
362
2247
12058
1951
1203
2926
1627
788
791
16269
1615
3506
1864
654
990
553
279
6760
4801
2356
1620
1148
1307
1182
1396
991
1857
798
4521
888
2291
1104
9876
2569
4930
9302
4097
799
1917
18339
1935
4607
3251
0
0
0
6245
4898
10677
6138
2930
2675
5813
10836
1615
4831
4163
6691
2310
2125
1200
1545
1659
3758
11564
13888
6056
1488
912
4970
4718
939
1778
9902
2667
748
1999
3248
9693
1054
438
685
583
650
785
1576
2165
527
2042
1037
1543
1020
1551
3519
7398
2899
19262
1155
2432
1123
4941
8445
10547
3668
2698
35372
13659
7122
2964
11019
6146
3205
1164
5704
19380
1949
8316
25129
1721
2013
1889
56894
4870
3766
1981
867
2278
3896
12083
9476
3297
8194
2906
9526
1248
2049
4281
2848
3058
2845
602
1190
4361
2673
2154
4392
942
8998
2279
3982
2419
1755
18424
36962
1890
1527
10543
5726
1517
2027
12840
3627
5710
3230
1350
93508
5791
8712
3094
2741
3321
3903
2071
8135
3666
5337
21869
1371
8650
1911
40026
4684
6327
1744
1904
8134
17646
2521
2886
2949
4660
18103
110558
9475
6081
2597
17015
12008
5688
4858
3457
11905
7256
12661
2846
6245
4898
10677
0
0
0
2859
69875
440
1206
2620
5304
4019
1622
923
4738
3381
2979
18854
34946
3231
3099
1972
1530
4366
7445
18501
8544
6117
7008
12179
3541
5213
5851
2399
5824
11171
10059
10069
2905
4977
11387
9659
3470
3776
12468
6464
2376
3459
2844
15107
3468
1823
2570
1216
6960
5677
2594
1384
1352
2888
1280
703
69001
1882
1491
21246
4251
7135
1069
1262
1127
5423
1676
2495
1402
14969
3359
4131
654
806
22905
1919
3613
7379
3811
2381
444
845
1405
464
420
1471
1096
457
955
725
3778
1144
469
570
602
484
442
12833
186
599
642
740
3746
1862
1190
661
2767
529
5406
982
1562
1720
6883
1384
3741
894
3234
565
1914
1930
1039
2240
1329
2479
10437
2677
4462
14668
1987
3440
9817
2745
1737
6201
7157
10856
2045
3165
17728
1598
6866
17555
832
1499
1444
2126
4075
9211
3552
1932
6741
4129
1401
2913
21423
6138
2930
2675
2859
69875
440
0
0
0
1851
2913
1025
3751
1338
8256
6110
8000
2693
1841
7510
2635
2094
2081
17203
2300
6014
1229
13885
1418
1753
3536
3105
2902
8311
1684
3876
9270
2887
9442
2297
5281
4532
1815
103393
16025
4738
4047
17047
3756
13837
18210
1032
11750
5207
2185
2624
5470
2531
5647
3836
954
3351
14574
17172
2105
2421
6566
8407
6417
1849
8889
4718
1581
3932
2759
2750
4980
27304
12399
3280
2202
4415
4765
2207
3324
1679
1882
1126
5628
7997
4595
1240
57603
1890
2253
1435
12868
1237
18464
24279
973
2310
14072
1147
4813
9113
2718
1405
1405
2661
1102
1575
5283
91942
1771
5495
8598
3884
2089
3022
2178
4176
1399
1905
17753
3868
1062
2811
2600
10845
2095
1849
5061
4734
1982
3124
16138
4771
2487
1028
7313
14164
4267
3080
4802
10718
3636
3006
3397
5332
1939
7106
2630
3062
4567
13996
5475
6172
19528
7596
2489
67534
5813
10836
1615
1206
2620
5304
1851
2913
1025
0
0
0
17592
13090
2569
8144
78393
7218
5355
2028
2109
1175
2397
1078
4578
6995
2997
2239
1589
2178
2565
1886
6503
2098
5648
3991
9106
9782
2834
2131
994
48361
21470
5098
10326
2777
24256
19438
2166
4158
8246
1799
1721
2117
1878
2123
2876
1879
3734
5724
9412
2776
15604
2972
40135
8474
5821
2839
1518
2556
4229
4892
927
29561
8244
9896
2935
23480
8037
4731
1935
2924
8997
2501
1813
5023
2219
3255
23344
1118
1473
4521
4906
803
729
1006
1743
3987
1361
5536
1840
4025
1025
2346
4399
38356
1069
3683
7146
6126
2344
12325
5906
4125
2992
21338
4294
11805
80256
11156
3876
10174
882
2608
5958
2971
6819
8510
3344
971
11206
4794
5515
5040
23503
5503
4252
8141
4496
2768
3691
1699
2163
4362
18946
5752
2792
20509
2066
8630
5533
901
2087
3466
2842
1799
12155
2100
1874
727
1269
3024
4831
4163
6691
4019
1622
923
3751
1338
8256
17592
13090
2569
0
0
0
2248
2837
2018
6250
5394
4304
2562
2985
2249
7352
11964
13105
4421
14240
14803
26905
167493
11829
4246
5038
4203
2234
3268
2129
1138
4114
61472
95503
25906
12924
10564
2050
64203
4838
2249
1306
3479
1849
10989
3362
1845
1563
1241
34958
5536
50532
1835
3060
2899
1241
1019
195
70
4422
1001
1872
1783
355
1495
832
984
1160
788
25199
994
436
1721
1032
661
891
3393
51885
2129
14162
898
524
779
2268
5237
1242
2802
5923
2660
3699
2978
14025
10894
4704
6133
3980
3347
4023
14833
8817
4111
5019
11438
2356
3488
2367
2268
2933
4800
1268
16311
3860
1424
4945
3867
4929
84016
6859
4148
4913
1643
3614
1571
1785
4029
21991
34778
4813
15572
5765
1290
1169
1090
563
812
1656
2839
7942
651
893
869
731
6919
1719
252
653
212
887
666
878
709
1048
400
2310
2125
1200
4738
3381
2979
6110
8000
2693
8144
78393
7218
2248
2837
2018
0
0
0
2913
4254
20621
1974
2256
2220
22880
6980
7738
10959
2916
3115
10528
29212
3210
563
1119
1739
2863
1965
891
4005
6392
14263
21237
6703
3215
2544
1319
2164
1182
1243
720
5559
3075
3410
1024
3741
10775
1662
5287
8461
8878
1740
1798
5148
1641
3173
2613
1850
3632
3573
2303
1627
2416
2682
6921
9354
7837
12919
5588
4449
2192
7190
1938
2978
2422
4033
2439
2595
5943
2562
5955
2581
2583
5847
1512
15371
2928
1263
1796
122311
1668
2706
39478
23561
5546
18154
1037
3746
6771
4717
560
1332
1274
2898
2115
1050
3208
5560
405
1464
1170
1181
487
914
672
7644
2504
1399
678
1342
911
2100
1058
571
791
657
438
720
2219
1082
3808
23676
2587
859
13652
1399
4349
2462
1127
4240
31367
48423
1669
2193
9145
5171
1512
3841
3024
1001
4853
10148
1545
1659
3758
18854
34946
3231
1841
7510
2635
5355
2028
2109
6250
5394
4304
2913
4254
20621
0
0
0
973
3272
1430
1557
1663
421
443
2255
753
1392
893
243
8511
1373
3147
1589
1011
7399
600
1488
459
1804
7079
1097
3196
8366
3964
1832
11656
9920
3361
1300
4443
2556
5871
2026
17908
29807
2024
22068
857
2116
1765
3832
2631
3902
3506
5940
5966
3036
1252
92290
4203
38733
1829
7443
4501
2488
3242
4192
11904
1379
2833
1844
4812
77094
19096
881
2447
2236
2414
8413
17018
2314
12088
4007
1959
5309
2286
2620
3863
962
1259
34346
9096
3311
4181
1429
1680
928
290
2816
1061
690
3389
7086
1852
39600
836
3152
60937
4095
567
515
1557
3100
809
752
8442
5468
3691
3196
1437
4605
4011
2141
2144
2172
1505
3106
15331
60837
1931
6554
1402
2140
1766
2926
101903
2157
2986
2106
3231
5306
5118
4737
2236
8494
3271
23887
5160
11564
13888
6056
3099
1972
1530
2094
2081
17203
1175
2397
1078
2562
2985
2249
1974
2256
2220
973
3272
1430
0
0
0
4891
1917
4571
1562
6899
10124
2427
16291
2737
7640
5836
3905
838
5030
5113
1970
3911
2872
3171
2930
5718
4153
34337
6029
887
3384
11464
184
1759
308
662
2737
792
2474
1417
5578
6018
1679
937
1720
38004
33374
2964
7500
6050
8275
2285
4485
13467
4186
2351
2254
2490
23977
2287
19582
40572
7196
5105
6288
6443
1681
2549
899
7023
1374
6136
2001
3161
5828
4819
12742
22551
25987
2535
3425
4468
12815
1419
1539
4459
1183
3051
1356
12647
946
2511
719
3401
9464
1390
1004
1714
1172
2472
1010
1745
5883
2003
1348
3444
676
1956
5103
1595
1647
528
4220
2136
12115
3050
2083
701
1330
1381
3543
1871
5016
2425
2156
4868
1209
1455
1531
891
3930
2772
1379
2045
9815
7268
11338
2746
5283
18854
3705
3457
3398
1488
912
4970
4366
7445
18501
2300
6014
1229
4578
6995
2997
7352
11964
13105
22880
6980
7738
1557
1663
421
4891
1917
4571
0
0
0
4209
13148
5807
4994
1025
1829
7230
3648
2859
2432
2577
2066
944
1363
4617
4670
2583
1684
2354
4013
4988
1678
2472
1559
2202
905
1480
1071
1879
1156
2079
779
1356
1285
903
1293
2774
1982
16664
1230
3113
8419
2728
710
835
2286
1146
845
2295
1928
5770
2845
2380
2459
4253
1158
2864
1129
1469
1756
747
2605
2627
5127
1494
8797
4423
32192
2413
1094
1445
1670
3338
993
6738
7229
822
774
1419
2137
2942
324
465
1038
325
54
137
2819
325
554
454
12976
1992
16974
34949
795
1063
594
1484
1511
886
1808
760
5194
1431
4325
10645
15289
4707
2160
3227
3171
7542
981
2239
3333
4028
1865
4898
1665
867
605
5018
4752
3427
7452
1528
3931
2404
2694
2943
4550
39334
5544
4157
4718
939
1778
8544
6117
7008
13885
1418
1753
2239
1589
2178
4421
14240
14803
10959
2916
3115
443
2255
753
1562
6899
10124
4209
13148
5807
0
0
0
1404
8838
6788
34506
1271
4758
4548
4517
11675
2284
20215
1031
5876
1609
2508
4075
2567
131336
5521
7247
1881
760
2384
657
471
40799
1128
803
1837
2489
3640
534
2245
1013
2898
550
8890
40500
2743
31947
1391
4361
4115
843
1731
5590
2331
17349
767
7533
16037
3492
2026
6973
838
1883
1934
5214
10525
1325
4447
920
8144
22998
5769
1836
5006
1309
1176
61422
13157
1281
2304
6896
1470
2095
2706
3525
863
1410
957
2805
2291
563
300
9913
3017
811
886
1088
1886
779
995
734
280
1841
1626
784
724
1698
1621
1109
2500
2804
3562
398
665
1885
687
548
556
1795
2303
1331
1123
421
4360
2854
7530
2610
26066
2421
19196
5036
3536
3454
2192
5758
9666
2496
10952
3635
9902
2667
748
12179
3541
5213
3536
3105
2902
2565
1886
6503
26905
167493
11829
10528
29212
3210
1392
893
243
2427
16291
2737
4994
1025
1829
1404
8838
6788
0
0
0
2206
2403
951
4475
3173
506
849
906
1758
12072
3451
2862
2502
2365
77785
1588
1555
1841
1317
8921
4371
6076
7398
1695
2100
6761
2444
2510
4071
2210
999
1006
2293
1667
448
2179
2148
1738
779
1333
987
839
947
6200
483
9727
1275
2556
1001
6976
4558
2391
2038
2564
1703
873
2638
2181
3278
39085
4877
7900
1565
1358
21765
2033
4713
13847
1527
10467
5361
1952
29832
2581
3140
1497
1513
1527
4094
38649
12348
2270
990
2071
5763
1694
4572
4351
1218
1045
3712
2212
6075
2228
5124
2177
1447
1581
3810
1290
1686
2197
9664
18782
14588
1659
3023
2525
2642
955
1117
634
5186
1970
915
1489
727
1184
7347
3500
5299
4948
7669
1379
571
1102
8503
1705
1250
1999
3248
9693
5851
2399
5824
8311
1684
3876
2098
5648
3991
4246
5038
4203
563
1119
1739
8511
1373
3147
7640
5836
3905
7230
3648
2859
34506
1271
4758
2206
2403
951
0
0
0
1389
1149
4027
914
6815
4816
1864
10254
4564
1891
643
1535
369
344
1839
6794
13738
9408
21854
2783
1100
2204
1350
4818
1369
2821
2740
6301
8020
1757
5772
6149
1010
1805
3001
10142
1600
5011
2289
920
5734
1936
1575
3747
5078
2589
5128
1438
3903
26770
2293
1509
2426
2733
2533
1160
1499
2643
1034
15366
2879
2737
1893
4048
3009
3176
1562
2229
21679
52928
2294
2195
5847
3715
50117
3371
3562
3237
8525
1742
2650
2668
3901
1235
2405
1302
1755
12247
2785
13258
17569
1131
1146
2731
10585
6033
2205
1141
1120
604
3435
16173
1197
5644
7226
5812
1221
3794
1445
2086
1665
7540
33776
1166
25518
6875
4106
931
2719
4984
4166
29519
2584
11580
2892
2341
1054
438
685
11171
10059
10069
9270
2887
9442
9106
9782
2834
2234
3268
2129
2863
1965
891
1589
1011
7399
838
5030
5113
2432
2577
2066
4548
4517
11675
4475
3173
506
1389
1149
4027
0
0
0
743
6081
1581
3678
390
802
4699
879
219
1150
2380
11233
14236
24013
40331
1621
1689
5132
10575
2153
1315
5974
1248
1145
2204
507
1656
1774
1350
2942
935
527
341
3642
1127
623
1088
1098
3406
1929
3017
2062
2175
1227
15238
12875
1420
718
3286
8373
901
854
3346
1652
1592
4792
4196
3149
3548
1229
4185
2558
1500
4693
2484
725
2473
2460
1655
1012
1708
5013
1218
7992
5595
2532
826
8518
493
901
1120
16714
2264
2083
1022
2053
3150
2564
11632
1094
1961
4447
15646
301
750
381
571
911
832
944
852
745
342
1139
1052
2881
635
620
826
330
770
9055
4096
20769
9473
2700
1224
1655
6173
7919
1331
3407
2522
583
650
785
2905
4977
11387
2297
5281
4532
2131
994
48361
1138
4114
61472
4005
6392
14263
600
1488
459
1970
3911
2872
944
1363
4617
2284
20215
1031
849
906
1758
914
6815
4816
743
6081
1581
0
0
0
1294
10584
675
2683
24025
1369
1738
1294
2405
8706
6682
8072
849
10714
3767
18101
5668
45582
3018
2107
2674
3964
3367
1792
4113
2154
1334
7042
2231
1158
8642
9281
2888
1713
856
3546
1554
4123
743
3798
18884
4441
2057
12925
9837
3783
7186
2208
2013
3484
136019
9323
2573
1381
3181
6229
3862
2944
2139
18913
17292
6318
1508
2742
3015
3026
31354
1576
4090
6367
2798
2182
4807
5538
788
45360
2397
1575
1780
3156
5151
1407
1075
20144
4497
737
3337
2088
1931
972
1674
2254
672
7506
16040
306
15921
2953
3578
713
9625
3361
2051
1080
2147
1038
2918
4621
1991
1848
1835
2091
1278
1370
2371
8554
29265
9047
3037
2653
1576
2165
527
9659
3470
3776
1815
103393
16025
21470
5098
10326
95503
25906
12924
21237
6703
3215
1804
7079
1097
3171
2930
5718
4670
2583
1684
5876
1609
2508
12072
3451
2862
1864
10254
4564
3678
390
802
1294
10584
675
0
0
0
5273
400
1039
1220
3328
1267
3696
8074
8046
1264
2312
2648
1572
3643
3172
32654
8777
2701
2608
5774
2154
25425
757
2197
4797
6350
1542
1916
6265
3332
690
5233
1974
29398
1434
1888
2485
3089
5105
2760
2010
1777
12793
2655
5810
7677
3931
2423
2987
3967
11109
830
2131
4363
2522
1058
1964
1889
2757
2865
5364
6149
3949
7312
6800
2871
1652
5130
1934
3324
6226
109151
7094
26726
3045
10008
2365
7282
7232
3315
37820
1690
3463
16446
3754
13328
727
8639
2727
8249
1053
2996
7848
7789
2725
1997
639
4850
25325
6846
1971
3512
2157
1192
1565
5508
2743
11722
7312
36082
2745
18439
2468
1380
2005
818
2137
2042
1037
1543
12468
6464
2376
4738
4047
17047
2777
24256
19438
10564
2050
64203
2544
1319
2164
3196
8366
3964
4153
34337
6029
2354
4013
4988
4075
2567
131336
2502
2365
77785
1891
643
1535
4699
879
219
2683
24025
1369
5273
400
1039
0
0
0
1535
965
4291
2939
7119
7578
607
1232
3793
4098
3955
431
978
3275
4158
756
436
617
970
409
597
1901
558
992
343
354
1055
652
427
818
1439
591
1360
381
1259
1736
1245
6129
992
2461
4528
5185
3479
1405
8277
1158
3467
752
1163
713
2022
1960
3044
7173
1407
1167
3416
3197
3059
4847
3225
1206
4990
3950
1540
2146
7225
2274
4941
1102
7063
2238
1058
2231
3372
10840
3480
9898
3864
2144
10756
9500
5889
1105
1288
814
20421
705
1168
913
1715
973
39127
405
1413
7130
1456
6245
4211
1088
3440
769
2352
3797
4074
2089
2255
2796
3447
1824
9193
3668
1155
1061
1020
1551
3519
3459
2844
15107
3756
13837
18210
2166
4158
8246
4838
2249
1306
1182
1243
720
1832
11656
9920
887
3384
11464
1678
2472
1559
5521
7247
1881
1588
1555
1841
369
344
1839
1150
2380
11233
1738
1294
2405
1220
3328
1267
1535
965
4291
0
0
0
17513
6356
1907
5016
4323
4694
5298
1854
4670
1147
1314
12466
2314
1022
58116
5383
5949
945
25668
41832
4529
2530
4355
7191
10595
1034
2607
4375
19710
1824
4017
3893
2933
31204
2046
6335
19511
3972
44920
7303
3336
1450
4892
9211
918
5987
1929
705
5389
590
10044
21820
1463
1180
985
1731
1858
413
7871
1254
3749
471
759
969
1477
2287
3203
2937
1523
1048
1082
67798
936
4128
1073
1760
13596
6583
5532
2655
1939
1893
65619
2888
4006
5655
3986
2462
1020
3232
3951
4024
1381
1475
2175
53100
14996
2684
3220
1809
5635
2805
4839
17220
3406
9770
7332
4795
3513
23387
16250
7398
2899
19262
3468
1823
2570
1032
11750
5207
1799
1721
2117
3479
1849
10989
5559
3075
3410
3361
1300
4443
184
1759
308
2202
905
1480
760
2384
657
1317
8921
4371
6794
13738
9408
14236
24013
40331
8706
6682
8072
3696
8074
8046
2939
7119
7578
17513
6356
1907
0
0
0
