C_ijk
0
0
0
350
153
258
76
63
126
1798
3275
1482
1312
1475
7964
193
613
243
643
30535
1024
1397
899
757
1289
4421
1978
1416
1415
1490
447
793
463
249
456
389
263
476
421
3613
887
1075
763
831
8158
1382
2882
688
615
6751
1917
29680
3830
700
1021
18747
691
1651
2040
4277
1077
16637
435
772
1679
913
546
3372
398
1140
528
695
681
843
2920
161
1374
1484
3192
1038
7273
943
2069
1008
945
1666
1566
1057
1461
3581
377
1821
190
329
993
1241
796
1625
4385
764
4267
1392
2975
717
48520
20136
8161
2603
1632
3499
2459
936
8374
5442
12682
2088
2532
32762
9043
3618
1391
1001
2617
2161
3666
1568
1722
797
3488
1127
4998
3687
3214
14085
32809
3620
6067
11522
9133
3363
3982
3519
13724
2447
12105
2665
1321
956
313
618
2183
2235
12633
1906
14788
2027
743
815
45992
1599
2390
3129
350
153
258
0
0
0
414
655
153
442
8013
1203
10507
1982
6050
395
398
885
649
2137
4058
955
690
1025
1088
976
2410
973
2208
968
1862
666
1151
396
2048
464
1588
428
268
5868
9570
2425
3847
19501
6267
3995
1648
2141
1682
10671
1391
2183
2026
793
7645
1050
860
6440
1743
857
1463
1069
1593
1758
7256
4068
303
629
1545
2369
7579
5730
1279
362
581
433
828
304
643
5610
831
845
1992
1700
509
1093
6841
264
1538
2067
536
1285
5202
757
1962
571
1963
2926
11548
3605
4756
2288
6566
2015
2077
1569
3235
988
1018
1007
1405
2981
1775
2640
2032
3097
1248
3455
4195
2186
3970
3460
1806
14968
1294
2260
6135
2645
2988
1064
5158
1645
1378
4810
1619
1505
1125
6932
3449
2417
3278
17899
959
5549
1042
9654
3757
4703
1273
2513
8485
11277
5261
2050
1942
2573
837
2801
1203
1949
4364
3148
76
63
126
414
655
153
0
0
0
325
3538
1731
795
2704
842
329
215
471
4662
996
1363
14151
944
426
358
650
503
28360
1890
976
134
997
3427
218
620
326
372
1264
674
1627
1018
6452
3274
1546
5647
2472
2531
4030
1243
466
903
3903
2206
397
1294
958
4454
949
34342
8105
424
288
996
1073
1137
1025
1640
331
250
987
6954
1133
555
2010
1527
1713
13603
560
2608
1228
7970
330
686
18222
480
770
570
1257
832
636
1047
967
428
809
464
653
3833
3508
3593
3704
2434
1120
1108
5345
5849
1418
6331
3205
1171
4397
1318
12079
11534
4936
1871
6025
13293
19021
1975
1505
1556
7218
2370
2168
1146
1051
2022
7739
2627
2615
2013
15889
1766
7176
21285
1387
2227
919
4290
1399
4818
3076
10285
3197
2363
5977
1494
10532
738
900
1413
8694
4004
4122
3128
8027
2113
1947
1769
7395
2068
10378
1798
3275
1482
442
8013
1203
325
3538
1731
0
0
0
1004
849
520
663
913
448
251
182
909
100
127
373
536
1745
963
694
1726
1358
2059
298
1216
1284
711
1279
620
1778
1622
1474
719
327
2248
832
6903
1412
3630
989
599
2955
5230
2702
2799
6754
3041
1363
1230
1726
1937
2438
3121
3379
4132
2038
442
18021
1667
999
4281
846
1614
2468
1506
1985
784
602
791
851
1132
4114
6244
16046
1043
5968
2466
556
2459
1184
779
763
1286
172
1144
1014
364
620
7383
5690
15765
2692
2391
482
1895
3618
452
1861
708
5829
2140
609
3668
3740
3890
1023
5226
1336
1833
12535
2216
7066
1490
961
2591
2943
3759
1855
3526
9947
11259
2207
38799
8948
4419
3264
2289
1210
2412
6868
2640
2162
2772
14172
2089
1689
868
2971
4074
651
870
1368
22340
9669
2429
2482
2999
7367
487
2220
292
5536
5451
6328
1312
1475
7964
10507
1982
6050
795
2704
842
1004
849
520
0
0
0
5108
2887
628
801
658
120
1716
617
680
1268
1154
24962
5911
3197
1368
6359
3578
1987
1710
302
3432
1832
16386
1880
2618
4396
1441
1288
2251
564
2842
2442
1729
2617
1404
2537
3451
2881
2214
2988
5376
19550
4364
2410
11599
3018
1693
1777
1547
3967
1278
26258
2143
3653
2921
8730
1498
8405
7046
1262
2007
4278
7283
2435
4105
1422
990
2095
1600
2203
2730
1041
2783
1178
790
1245
1865
1039
16598
690
1147
5134
2770
6369
1586
1074
144
984
1225
848
4736
1111
1238
1439
1343
1127
6242
20250
5078
110478
3271
33950
23387
4293
2312
2842
2242
23735
271
229
1425
2032
10164
1843
4852
6600
43931
15672
7549
2118
7345
3227
1514
2305
5134
10032
797
2780
899
1489
2457
7990
1714
1359
1805
1556
1855
7904
14655
1325
35231
6971
596
288
2733
1986
1794
193
613
243
395
398
885
329
215
471
663
913
448
5108
2887
628
0
0
0
3366
1560
1902
1959
642
915
578
179
477
9536
830
1099
586
970
225
3444
310
1817
953
833
583
2862
2799
949
609
13826
557
2931
1390
2009
815
1749
14061
953
1372
1721
1402
3579
773
1910
1448
2571
1230
1814
564
2470
1281
4605
563
190
500
2469
913
1017
1324
1357
878
329
974
619
2076
2750
8788
4766
24304
2628
728
454
1210
530
478
300
199
645
7916
465
353
490
21861
2876
3054
4269
8998
1277
1528
2080
6091
1314
2643
2877
2575
1860
544
1487
2649
18482
1350
1593
1177
2548
14710
7776
2909
1807
3674
2774
6478
922
806
4650
735
889
1417
2603
9195
13443
2961
1905
2923
2470
433
3082
1321
1234
2113
4128
28974
2236
2470
1416
1377
699
1030
949
2150
4981
7194
5508
13330
2006
4726
1209
1613
1479
643
30535
1024
649
2137
4058
4662
996
1363
251
182
909
801
658
120
3366
1560
1902
0
0
0
464
686
224
7493
436
766
5671
630
1493
395
1121
665
4271
6160
1697
6424
1967
2130
1364
616
11214
1257
47908
3163
2071
859
2798
6987
1715
1758
42078
3027
2661
3171
943
3062
2667
1533
1603
5003
2484
6923
2420
2488
1269
2532
1942
1431
1071
71439
1954
6231
2106
5906
454
349
1183
2824
2318
11080
2400
2309
22119
1085
2140
1475
2713
482
1693
1634
1135
1628
1203
1424
1244
1668
4938
854
3756
2070
478
527
1135
1055
837
5431
817
1396
1351
2877
5338
2765
1536
1096
5190
15351
3961
2156
1388
2509
787
8142
1971
1039
463
2975
1719
2790
2916
2905
2099
3673
10885
3432
15870
7552
3374
25350
857
4208
1740
1896
2154
1199
2781
3189
476
1195
1143
5978
3176
1868
1846
5381
1816
459
476
791
4966
1940
4365
1397
899
757
955
690
1025
14151
944
426
100
127
373
1716
617
680
1959
642
915
464
686
224
0
0
0
468
806
373
865
1018
4267
1377
6530
504
1312
1785
1090
1215
868
5808
1253
521
2608
2350
1523
3558
4521
7334
3273
1398
2955
2107
1499
1607
1764
5747
5168
4535
39921
989
4065
5655
1162
1088
11419
29320
811
17555
1043
413
3982
10281
2507
3178
5462
1632
9663
923
1130
25231
5460
1488
2461
2074
1923
1997
1142
1088
267
280
373
718
2585
180
1378
1472
236
3470
2664
30958
3013
2083
1774
6731
9311
3846
4131
7668
643
5449
2295
1078
1468
3798
2605
3341
2158
1604
2859
7640
8641
2674
2018
2968
468
2344
4300
19219
1088
46806
29913
2746
1543
3301
2150
1745
15700
2850
1968
4165
8113
1623
1132
2676
1369
6062
986
2925
3191
988
5091
4669
8459
2744
5564
1619
6690
1989
400
363
14764
20422
2756
1289
4421
1978
1088
976
2410
358
650
503
536
1745
963
1268
1154
24962
578
179
477
7493
436
766
468
806
373
0
0
0
297
2519
726
518
118
180
362
277
922
270
1348
8708
2119
2832
1063
733
226
435
1351
1074
3261
458
700
1305
2937
877
7436
2458
2669
3677
4278
3496
6856
2806
1707
979
1343
3061
4518
1201
429
1010
2253
8549
2060
1630
738
3960
2639
557
887
2528
1260
1179
2171
1485
3096
5050
2633
2357
3256
2568
483
1856
3368
5808
456
954
811
3876
2009
2016
4348
4325
4009
2653
840
2037
1509
2201
1975
2165
5454
1056
1585
26358
4218
2859
1658
1903
3120
5491
9654
1518
2590
3746
2394
1816
1665
1288
6547
7337
656
1482
4267
1955
2705
6349
4915
8044
7960
7014
46024
2252
4054
1176
2227
16079
3211
1996
9090
10658
6490
1434
3864
2505
1350
3040
10093
4976
2981
1156
5243
1942
3398
1416
1415
1490
973
2208
968
28360
1890
976
694
1726
1358
5911
3197
1368
9536
830
1099
5671
630
1493
865
1018
4267
297
2519
726
0
0
0
1338
461
23788
1033
1913
640
2264
4097
3217
523
2494
478
5006
1087
893
8991
3093
3085
547
3706
741
4761
7404
2117
5212
4320
3200
4791
2410
2786
2686
22641
1030
984
2616
4583
1203
3695
2351
2165
1921
1168
2983
1694
8400
1544
472
2583
1393
2770
4324
2058
2118
2203
1424
2178
1812
5104
739
979
1355
2083
1955
1591
1248
3698
3206
1064
1473
458
784
395
998
1803
333
1148
775
405
4937
4405
1551
12156
1973
2678
2161
3560
4230
5832
9664
3723
3356
3335
53865
5285
776
1144
3243
2108
2705
4885
4321
4235
3409
20732
2090
1298
1025
711
1762
6090
8028
1071
1230
1427
941
20170
2079
1736
10796
1751
3695
15727
3687
2700
49061
1296
775
2241
1822
1035
13489
1862
447
793
463
1862
666
1151
134
997
3427
2059
298
1216
6359
3578
1987
586
970
225
395
1121
665
1377
6530
504
518
118
180
1338
461
23788
0
0
0
371
1032
2297
912
3068
1767
1644
500
593
578
624
5282
2037
1215
1444
10249
965
2429
2690
2853
1701
892
1530
5078
2262
16485
25174
1579
3619
2971
2098
783
4101
4301
504
2265
789
1234
5410
1850
1247
3684
740
529
1772
2943
9894
2613
2109
5028
3199
1972
1054
523
1094
515
2990
755
2241
2508
2242
1558
1228
2329
3475
10248
568
7972
977
11943
5694
1350
2201
525
903
2006
1923
19712
13055
3203
7784
1428
7114
2613
4071
2810
4487
6316
21273
23903
8425
20285
1258
41058
1539
10242
4743
40699
5209
3914
10804
4953
2034
2532
7788
1770
3437
1020
2572
2299
2208
13816
6440
6367
1231
1949
2675
2509
6606
4497
1854
4058
2724
1022
432
3209
10321
2281
56617
249
456
389
396
2048
464
218
620
326
1284
711
1279
1710
302
3432
3444
310
1817
4271
6160
1697
1312
1785
1090
362
277
922
1033
1913
640
371
1032
2297
0
0
0
786
120
237
620
612
1200
1792
535
533
11807
1043
1846
1583
2935
870
8000
1307
2200
5460
2515
6428
3013
1087
3140
2169
2590
1942
1118
692
600
331
4834
198
4286
20942
688
1693
1199
7004
609
708
1086
13857
19081
1449
4624
4663
1338
460
786
8464
1973
23518
4009
1842
2547
464
1778
2679
2866
2405
2225
6174
2767
2070
4520
8756
1327
3277
2829
2654
1059
2704
1405
1756
2606
3046
17628
2636
1483
3480
3460
3797
1082
2197
3126
4055
2801
4005
1622
92338
10165
2800
2144
5241
3697
6333
2576
5805
4013
3052
951
1742
716
4809
3982
6390
3315
8357
5899
2251
5129
1971
4048
1553
959
985
25277
5931
1953
8396
1893
1116
3993
23321
10981
263
476
421
1588
428
268
372
1264
674
620
1778
1622
1832
16386
1880
953
833
583
6424
1967
2130
1215
868
5808
270
1348
8708
2264
4097
3217
912
3068
1767
786
120
237
0
0
0
3261
422
1346
18759
736
335
2600
1627
31924
2208
2115
335
1503
3266
9543
473
1295
954
1601
1105
2540
6107
1833
808
1677
911
4392
1410
769
1571
1043
2924
868
545
341
1409
1686
2535
288
1883
2473
3173
14454
2285
10298
7704
1614
1945
709
862
4594
1499
1104
730
4991
8333
788
2849
1483
2279
1182
710
12633
15919
4462
2153
1797
14118
6144
789
1239
2502
3513
4188
6436
1387
1669
11484
17234
2167
18000
2334
4588
4685
1822
1143
4227
16297
3639
860
16552
6054
75546
34049
1478
13944
3690
4538
494
8038
794
496
3023
2125
7756
2291
6388
6519
547
4498
812
2026
23479
8914
922
5087
5172
877
3949
11153
8467
9245
3475
3613
887
1075
5868
9570
2425
1627
1018
6452
1474
719
327
2618
4396
1441
2862
2799
949
1364
616
11214
1253
521
2608
2119
2832
1063
523
2494
478
1644
500
593
620
612
1200
3261
422
1346
0
0
0
374
300
415
1511
1138
698
887
589
1079
4750
7156
2340
2164
1266
2164
4219
1094
2722
779
5456
5286
1431
4650
2483
1906
975
1183
12987
5527
2601
4262
2861
3060
2537
2878
4506
17431
1542
2752
977
2091
3570
1838
7970
1004
2527
639
1850
2479
4760
3191
946
492
7291
522
1369
7235
17809
1792
6159
2129
4922
2435
2092
1344
966
2585
2052
11213
3025
1483
1139
1153
2965
5666
34047
2047
1060
2753
797
2365
2285
2789
1807
1397
5668
3434
1651
3391
4187
1055
1988
5013
1667
2489
10722
5381
2605
873
1350
2036
11660
28770
2087
4311
2134
2315
24730
1977
4886
1755
9870
2691
3905
5887
3529
1808
1891
3706
1932
763
831
8158
3847
19501
6267
3274
1546
5647
2248
832
6903
1288
2251
564
609
13826
557
1257
47908
3163
2350
1523
3558
733
226
435
5006
1087
893
578
624
5282
1792
535
533
18759
736
335
374
300
415
0
0
0
2079
650
298
1154
1453
2354
562
1294
2470
374
3955
46891
1937
4490
1173
3100
1051
5297
4112
1860
18083
1923
4670
52054
5484
3306
2276
1791
2694
1370
2580
11283
997
5229
3817
3018
19567
3674
2952
1518
3035
606
841
1371
5999
4329
594
2028
2972
2094
4660
2901
2039
957
474
1699
3224
1920
3593
2000
1330
1576
5108
861
3345
3589
4543
1306
2638
1995
10451
700
5990
1339
10416
1885
5545
2125
2596
997
873
1270
34567
2216
5702
1573
959
1480
8266
32857
789
2266
21950
3933
13331
1235
4733
752
15787
4261
2055
4165
1632
1578
4238
2923
6866
2141
1156
4521
10638
1681
1584
22285
4321
5592
2627
1382
2882
688
3995
1648
2141
2472
2531
4030
1412
3630
989
2842
2442
1729
2931
1390
2009
2071
859
2798
4521
7334
3273
1351
1074
3261
8991
3093
3085
2037
1215
1444
11807
1043
1846
2600
1627
31924
1511
1138
698
2079
650
298
0
0
0
758
402
591
328
4307
521
1076
5213
2668
9127
2211
2245
1562
9221
1478
1587
3404
929
3444
613
1328
787
1554
1578
1717
1682
1849
5868
813
1658
5761
3092
3387
6505
6523
9240
6299
5807
3134
1739
1753
1367
8929
2641
42405
757
1825
2239
2020
16227
942
2305
1771
20904
11670
44164
1568
2496
2085
1370
2332
7052
5390
1243
3056
1616
805
343
200
1302
1268
2177
1561
5049
1842
2560
5369
1162
4956
5579
747
24291
3428
5409
3688
2598
2640
1961
579
584
9373
2818
4030
7675
47293
7832
3342
6547
2632
1803
4280
3643
4731
1957
5403
3945
4637
2661
8495
14348
8660
1753
6683
5141
615
6751
1917
1682
10671
1391
1243
466
903
599
2955
5230
2617
1404
2537
815
1749
14061
6987
1715
1758
1398
2955
2107
458
700
1305
547
3706
741
10249
965
2429
1583
2935
870
2208
2115
335
887
589
1079
1154
1453
2354
758
402
591
0
0
0
397
1065
364
415
411
930
3865
5579
536
1055
1360
1579
1142
1892
880
12386
988
5376
3121
1046
1133
411
1518
2121
7580
4304
2078
2037
2460
1791
6043
1941
2576
1813
831
8887
25151
3546
6391
2413
8590
1141
1756
20331
1023
3070
1789
2298
3999
7232
5975
9435
34426
4712
811
1536
1702
1628
1775
846
1225
1467
3169
403
1114
3096
338
10051
906
2687
1368
2213
2963
2269
1542
1164
3035
19957
2469
6349
65818
8747
19306
6152
969
42489
4131
2510
2294
1293
4480
1975
1033
7042
39374
4387
49696
1066
932
1114
24028
5228
2747
6147
47261
2254
691
1540
9589
4084
5602
29680
3830
700
2183
2026
793
3903
2206
397
2702
2799
6754
3451
2881
2214
953
1372
1721
42078
3027
2661
1499
1607
1764
2937
877
7436
4761
7404
2117
2690
2853
1701
8000
1307
2200
1503
3266
9543
4750
7156
2340
562
1294
2470
328
4307
521
397
1065
364
0
0
0
9729
581
2868
538
1325
2033
1558
2021
2230
2466
2725
3953
1134
1049
2678
2391
675
1100
2518
3814
675
4187
2894
837
6622
3673
2783
7208
2360
4975
6876
2834
2107
761
2645
1044
6927
1170
1404
600
3946
959
1652
4397
2901
4686
2896
2200
4099
13985
1411
8650
11481
2184
4883
4785
35113
9813
3055
3777
2100
478
308
6774
974
42391
15854
4093
1464
2672
8268
1416
3546
2473
3274
952
688
2225
12931
6279
6377
4405
706
994
896
986
1312
4823
5869
85094
5548
5552
3337
1934
3246
4265
8054
8422
7244
6584
4074
11200
23166
2831
13180
1580
5116
25596
1021
18747
691
7645
1050
860
1294
958
4454
3041
1363
1230
2988
5376
19550
1402
3579
773
3171
943
3062
5747
5168
4535
2458
2669
3677
5212
4320
3200
892
1530
5078
5460
2515
6428
473
1295
954
2164
1266
2164
374
3955
46891
1076
5213
2668
415
411
930
9729
581
2868
0
0
0
506
247
2171
119
227
171
537
151
4188
719
1310
441
1451
316
1940
650
483
6188
8253
1985
1392
1347
1315
599
1837
2513
378
1378
2119
849
3660
3767
465
669
768
1836
5720
1544
870
1852
1585
2460
11403
7748
4995
2222
9929
1954
8518
4687
29108
21106
1845
30296
2723
4779
9034
2354
2433
2518
8595
11690
7327
7447
5205
6211
2512
6721
4560
459
1735
6114
721
2070
2191
1330
1403
1487
277
2840
330
430
3231
1127
1803
5550
3270
3691
3199
6926
960
7002
4269
3770
4908
40522
2113
2339
13136
26041
1486
3458
1912
724
2427
1651
2040
4277
6440
1743
857
949
34342
8105
1726
1937
2438
4364
2410
11599
1910
1448
2571
2667
1533
1603
39921
989
4065
4278
3496
6856
4791
2410
2786
2262
16485
25174
3013
1087
3140
1601
1105
2540
4219
1094
2722
1937
4490
1173
9127
2211
2245
3865
5579
536
538
1325
2033
506
247
2171
0
0
0
1228
1634
455
1011
2758
889
969
869
948
1896
1082
350
1848
352
1202
3106
2595
3408
4447
1249
4977
4434
3286
1495
6363
1261
8425
4884
9317
18339
2681
1336
3516
1062
647
1542
3033
4308
1265
2213
7934
2532
10636
32792
4342
790
7319
3030
4682
1198
5073
2820
7590
1801
1039
1982
1409
5073
1722
10510
3695
56500
28145
6474
1101
2166
1487
750
3681
821
1860
583
12865
1811
1053
130
223
291
8908
2595
1894
6474
40635
3573
2049
2779
14280
5346
6334
16592
3368
5803
7188
3164
11190
11858
8730
2193
6878
2074
1642
2489
1077
16637
435
1463
1069
1593
424
288
996
3121
3379
4132
3018
1693
1777
1230
1814
564
5003
2484
6923
5655
1162
1088
2806
1707
979
2686
22641
1030
1579
3619
2971
2169
2590
1942
6107
1833
808
779
5456
5286
3100
1051
5297
1562
9221
1478
1055
1360
1579
1558
2021
2230
119
227
171
1228
1634
455
0
0
0
679
1564
667
5702
1174
716
398
6244
375
418
435
196
2355
460
691
4163
3985
1401
5915
1215
2004
1192
5184
1578
1946
552
4266
3300
3162
846
2557
5981
1112
1477
2045
60716
1667
1745
3736
17459
2232
5358
19975
3338
1412
3146
6787
2901
2541
5824
24702
1796
740
1470
1434
4084
1548
7218
1236
3198
2414
5432
1817
1763
668
2676
1083
12987
2213
4074
1189
1211
2734
2834
1261
1443
2342
2507
880
2803
3594
2803
2998
4007
2093
7186
3380
6861
11124
5185
4823
17982
2683
2180
13516
926
1522
5677
2331
772
1679
913
1758
7256
4068
1073
1137
1025
2038
442
18021
1547
3967
1278
2470
1281
4605
2420
2488
1269
11419
29320
811
1343
3061
4518
984
2616
4583
2098
783
4101
1118
692
600
1677
911
4392
1431
4650
2483
4112
1860
18083
1587
3404
929
1142
1892
880
2466
2725
3953
537
151
4188
1011
2758
889
679
1564
667
0
0
0
545
1477
237
1140
278
315
375
227
263
1559
142
511
1159
1322
1958
6628
749
714
392
533
2236
4704
1600
3617
719
2235
860
746
1068
455
2794
27679
1911
13989
16456
5253
1077
2733
10323
8508
1752
3042
1804
5408
5681
1062
5496
14506
6063
1072
2492
2239
2507
9511
5019
16152
2827
4131
10865
2687
2077
1466
1866
6805
3093
1326
6457
1521
13869
3087
3330
1877
2241
1517
766
18734
1158
5843
1560
1712
3461
1255
1147
1018
810
3515
2137
5735
9186
2050
3072
2182
650
1134
26794
1038
546
3372
398
303
629
1545
1640
331
250
1667
999
4281
26258
2143
3653
563
190
500
2532
1942
1431
17555
1043
413
1201
429
1010
1203
3695
2351
4301
504
2265
331
4834
198
1410
769
1571
1906
975
1183
1923
4670
52054
3444
613
1328
12386
988
5376
1134
1049
2678
719
1310
441
969
869
948
5702
1174
716
545
1477
237
0
0
0
459
1042
7348
1908
420
207
118
137
134
2602
1008
1004
1660
1027
693
1145
197
633
444
801
8612
6161
1360
1984
3217
1589
553
15686
2568
2207
755
630
9084
7208
2703
1968
4538
1727
2567
3680
1397
9947
1753
2912
2178
2095
3018
2172
1372
4532
6829
2239
3333
2263
3588
1544
13004
1055
2552
794
1647
1381
13569
1630
3391
2069
779
308
5924
2946
5159
624
5077
6547
2086
1058
6907
1589
643
1099
472
1603
8347
5189
1716
6812
14387
5345
4859
623
1804
1679
1798
1140
528
695
2369
7579
5730
987
6954
1133
846
1614
2468
2921
8730
1498
2469
913
1017
1071
71439
1954
3982
10281
2507
2253
8549
2060
2165
1921
1168
789
1234
5410
4286
20942
688
1043
2924
868
12987
5527
2601
5484
3306
2276
787
1554
1578
3121
1046
1133
2391
675
1100
1451
316
1940
1896
1082
350
398
6244
375
1140
278
315
459
1042
7348
0
0
0
906
778
471
1357
7318
1936
2195
5075
1407
794
1114
1839
1500
567
1478
1010
1491
611
8382
2434
16949
1269
2335
1942
3627
25940
8114
3131
3259
4038
7497
26428
2429
3964
2471
4103
835
22671
3251
3113
7632
14991
1131
1984
8317
886
2614
1951
27603
26373
8804
44210
5177
46013
1949
464
1840
11468
7956
1132
31825
1573
1161
704
3169
632
22430
2106
464
12461
11079
9545
8052
4860
8531
1245
3093
1818
1969
2722
5226
2296
3181
27221
3253
1913
14058
1632
595
2077
681
843
2920
1279
362
581
555
2010
1527
1506
1985
784
8405
7046
1262
1324
1357
878
6231
2106
5906
3178
5462
1632
1630
738
3960
2983
1694
8400
1850
1247
3684
1693
1199
7004
545
341
1409
4262
2861
3060
1791
2694
1370
1717
1682
1849
411
1518
2121
2518
3814
675
650
483
6188
1848
352
1202
418
435
196
375
227
263
1908
420
207
906
778
471
0
0
0
1900
228
318
7979
735
744
1794
2426
722
243
757
13794
1389
3703
1506
1846
1049
1045
2182
439
736
9104
1562
17969
2451
29854
2673
1392
1393
4737
3337
2121
1452
1300
11995
8341
3907
1231
2519
31772
1436
5810
68473
7133
6675
4764
6552
3724
9033
2032
4354
8613
991
563
16212
1119
2145
7777
8119
1960
2302
930
1036
3237
628
789
2594
5693
1638
9293
2178
2840
2836
10107
8840
4060
2875
6344
2825
5024
2726
2519
2081
7172
3575
6869
2489
161
1374
1484
433
828
304
1713
13603
560
602
791
851
2007
4278
7283
329
974
619
454
349
1183
9663
923
1130
2639
557
887
1544
472
2583
740
529
1772
609
708
1086
1686
2535
288
2537
2878
4506
2580
11283
997
5868
813
1658
7580
4304
2078
4187
2894
837
8253
1985
1392
3106
2595
3408
2355
460
691
1559
142
511
118
137
134
1357
7318
1936
1900
228
318
0
0
0
3810
12203
2538
1538
6157
642
4174
1406
1676
772
1484
725
295
323
5139
1214
506
354
7449
3748
11864
1800
3616
5315
3991
766
3870
6246
3544
78827
4356
3177
7943
3610
2769
3870
3896
1431
3077
17692
1698
3350
3559
3237
4864
3338
1095
1524
1096
888
556
2243
6799
1962
5385
18180
7789
3921
2324
5185
3047
970
1209
5597
1835
1765
4873
2974
859
4990
2037
1469
2850
1667
1430
1887
4372
2892
1165
670
1433
1580
7952
1513
3192
1038
7273
643
5610
831
2608
1228
7970
1132
4114
6244
2435
4105
1422
2076
2750
8788
2824
2318
11080
25231
5460
1488
2528
1260
1179
1393
2770
4324
2943
9894
2613
13857
19081
1449
1883
2473
3173
17431
1542
2752
5229
3817
3018
5761
3092
3387
2037
2460
1791
6622
3673
2783
1347
1315
599
4447
1249
4977
4163
3985
1401
1159
1322
1958
2602
1008
1004
2195
5075
1407
7979
735
744
3810
12203
2538
0
0
0
1306
174
127
1529
1319
1911
1237
9573
565
9693
553
713
575
4298
282
6468
5859
2651
3558
2917
6887
2304
1448
1921
3259
2427
2420
522
441
449
5778
9787
9230
47884
1722
4273
70642
1523
96901
38588
3618
5383
5050
1142
2978
1297
1141
375
1219
34817
1410
1142
1543
1243
774
1457
707
2410
1024
431
1303
659
855
6004
2424
1293
917
438
273
1109
6697
1223
1234
898
3645
1481
2782
1351
3544
3630
2171
943
2069
1008
845
1992
1700
330
686
18222
16046
1043
5968
990
2095
1600
4766
24304
2628
2400
2309
22119
2461
2074
1923
2171
1485
3096
2058
2118
2203
2109
5028
3199
4624
4663
1338
14454
2285
10298
977
2091
3570
19567
3674
2952
6505
6523
9240
6043
1941
2576
7208
2360
4975
1837
2513
378
4434
3286
1495
5915
1215
2004
6628
749
714
1660
1027
693
794
1114
1839
1794
2426
722
1538
6157
642
1306
174
127
0
0
0
210
1237
888
293
674
1622
722
1807
539
2021
5064
1160
24380
2325
16915
5271
4116
14069
1587
5851
5036
42289
4731
28863
922
1039
809
3789
23011
5968
11181
46673
7323
7907
1463
3148
3351
7798
6227
1291
1026
29721
436
2179
1769
3684
833
2585
2190
2408
2018
2695
20097
4319
15412
721
600
1074
729
8687
2466
1523
6916
323
510
644
1337
1916
2390
2948
645
2649
6845
1265
2966
4117
6476
3799
945
1666
1566
509
1093
6841
480
770
570
2466
556
2459
2203
2730
1041
728
454
1210
1085
2140
1475
1997
1142
1088
5050
2633
2357
1424
2178
1812
1972
1054
523
460
786
8464
7704
1614
1945
1838
7970
1004
1518
3035
606
6299
5807
3134
1813
831
8887
6876
2834
2107
1378
2119
849
6363
1261
8425
1192
5184
1578
392
533
2236
1145
197
633
1500
567
1478
243
757
13794
4174
1406
1676
1529
1319
1911
210
1237
888
0
0
0
1445
2863
484
647
412
968
400
1072
552
3312
4858
2274
3744
817
3320
20454
13190
2035
5529
3644
2259
635
2038
643
4444
4755
1393
15181
4262
2190
55150
7076
5547
4014
5451
7248
5803
8944
6899
15989
665
2321
2938
4196
8520
3637
1228
11878
1785
32206
1527
2369
3089
760
6814
24883
7181
1837
2827
1527
1705
834
412
2990
2444
10402
2148
7599
2309
2661
681
1346
9815
79990
3406
1057
1461
3581
264
1538
2067
1257
832
636
1184
779
763
2783
1178
790
530
478
300
2713
482
1693
267
280
373
3256
2568
483
5104
739
979
1094
515
2990
1973
23518
4009
709
862
4594
2527
639
1850
841
1371
5999
1739
1753
1367
25151
3546
6391
761
2645
1044
3660
3767
465
4884
9317
18339
1946
552
4266
4704
1600
3617
444
801
8612
1010
1491
611
1389
3703
1506
772
1484
725
1237
9573
565
293
674
1622
1445
2863
484
0
0
0
503
121
74
654
299
373
1794
1949
1613
2767
1166
16603
22690
2087
3516
1453
14090
1861
536
777
718
20382
6188
8005
2831
1632
2191
5304
2577
7391
14282
4741
15960
655
2299
2639
3169
1061
1030
6388
9898
2538
9084
2698
1453
2819
20082
1527
821
1541
2038
1536
500
1929
1681
481
1565
2422
3702
439
819
2611
2618
2194
1135
9869
2375
789
3762
3740
5371
819
377
1821
190
536
1285
5202
1047
967
428
1286
172
1144
1245
1865
1039
199
645
7916
1634
1135
1628
718
2585
180
1856
3368
5808
1355
2083
1955
755
2241
2508
1842
2547
464
1499
1104
730
2479
4760
3191
4329
594
2028
8929
2641
42405
2413
8590
1141
6927
1170
1404
669
768
1836
2681
1336
3516
3300
3162
846
719
2235
860
6161
1360
1984
8382
2434
16949
1846
1049
1045
295
323
5139
9693
553
713
722
1807
539
647
412
968
503
121
74
0
0
0
2996
311
418
9826
1551
20098
23851
1808
3055
5175
62316
3431
3894
1039
839
1870
581
1511
2181
1060
1402
1651
1873
1312
5818
2339
11028
2857
9694
2135
1924
1665
6749
1591
2179
1817
1475
1799
2115
1409
14301
1970
4542
3377
1895
565
1690
5413
3692
2685
4227
3141
34059
1360
1278
2479
412
11129
11485
2336
1623
2362
1350
2758
1302
1140
73436
2497
3743
329
993
1241
757
1962
571
809
464
653
1014
364
620
16598
690
1147
465
353
490
1203
1424
1244
1378
1472
236
456
954
811
1591
1248
3698
2242
1558
1228
1778
2679
2866
4991
8333
788
946
492
7291
2972
2094
4660
757
1825
2239
1756
20331
1023
600
3946
959
5720
1544
870
1062
647
1542
2557
5981
1112
746
1068
455
3217
1589
553
1269
2335
1942
2182
439
736
1214
506
354
575
4298
282
2021
5064
1160
400
1072
552
654
299
373
2996
311
418
0
0
0
1805
2368
6895
1046
1914
2306
15643
1544
10236
1939
2764
1338
384
6579
1345
2663
2726
5161
1538
9513
2017
3975
2718
38147
3171
11635
6286
27517
1853
1641
1765
1868
1012
37066
15953
731
1661
3290
1140
1397
2134
2213
4731
15372
5842
2845
641
881
4424
1713
1853
2012
1060
3243
4564
3697
3282
4024
1147
14757
6201
892
1006
3251
1943
9872
796
1625
4385
1963
2926
11548
3833
3508
3593
7383
5690
15765
5134
2770
6369
21861
2876
3054
1668
4938
854
3470
2664
30958
3876
2009
2016
3206
1064
1473
2329
3475
10248
2405
2225
6174
2849
1483
2279
522
1369
7235
2901
2039
957
2020
16227
942
3070
1789
2298
1652
4397
2901
1852
1585
2460
3033
4308
1265
1477
2045
60716
2794
27679
1911
15686
2568
2207
3627
25940
8114
9104
1562
17969
7449
3748
11864
6468
5859
2651
24380
2325
16915
3312
4858
2274
1794
1949
1613
9826
1551
20098
1805
2368
6895
0
0
0
4155
508
7032
1212
943
2313
472
1509
1189
26243
6849
7729
8827
3819
23295
14927
32194
30684
3830
2419
6296
264
1683
1449
735
48543
799
2053
5113
22795
6179
2239
10185
6555
15313
4219
1652
3713
8008
2082
26314
11118
1350
6010
10540
3119
14141
3756
10258
2199
7353
5194
6686
14128
7326
4252
4324
1510
3663
21014
2904
10201
18446
764
4267
1392
3605
4756
2288
3704
2434
1120
2692
2391
482
1586
1074
144
4269
8998
1277
3756
2070
478
3013
2083
1774
4348
4325
4009
458
784
395
568
7972
977
2767
2070
4520
1182
710
12633
17809
1792
6159
474
1699
3224
2305
1771
20904
3999
7232
5975
4686
2896
2200
11403
7748
4995
2213
7934
2532
1667
1745
3736
13989
16456
5253
755
630
9084
3131
3259
4038
2451
29854
2673
1800
3616
5315
3558
2917
6887
5271
4116
14069
3744
817
3320
2767
1166
16603
23851
1808
3055
1046
1914
2306
4155
508
7032
0
0
0
12191
700
588
272
1471
1007
567
4369
3032
7385
4486
2539
2862
5888
1787
15519
4808
4219
1340
85378
3122
282
290
1277
2449
5136
3585
4982
10135
1695
2262
9622
4517
31370
69666
2826
3985
3952
28727
10461
17857
4407
1850
1896
35191
5165
1938
3784
14332
1759
48420
1417
1705
4270
11814
1522
2659
29368
25937
7276
2975
717
48520
6566
2015
2077
1108
5345
5849
1895
3618
452
984
1225
848
1528
2080
6091
527
1135
1055
6731
9311
3846
2653
840
2037
998
1803
333
11943
5694
1350
8756
1327
3277
15919
4462
2153
2129
4922
2435
1920
3593
2000
11670
44164
1568
9435
34426
4712
4099
13985
1411
2222
9929
1954
10636
32792
4342
17459
2232
5358
1077
2733
10323
7208
2703
1968
7497
26428
2429
1392
1393
4737
3991
766
3870
2304
1448
1921
1587
5851
5036
20454
13190
2035
22690
2087
3516
5175
62316
3431
15643
1544
10236
1212
943
2313
12191
700
588
0
0
0
830
571
417
3412
1665
4704
8391
9691
5869
3462
5634
4199
1699
2540
8784
22666
14700
5757
2233
4899
1569
6608
22596
6127
1321
4770
2626
27411
20907
7061
4000
1226
3221
4609
8581
3043
5088
807
1062
1837
2737
13365
3625
11117
2632
3549
1584
3844
4376
2107
1465
602
28290
1165
14751
7287
20358
20136
8161
2603
1569
3235
988
1418
6331
3205
1861
708
5829
4736
1111
1238
1314
2643
2877
837
5431
817
4131
7668
643
1509
2201
1975
1148
775
405
2201
525
903
2829
2654
1059
1797
14118
6144
2092
1344
966
1330
1576
5108
2496
2085
1370
811
1536
1702
8650
11481
2184
8518
4687
29108
790
7319
3030
19975
3338
1412
8508
1752
3042
4538
1727
2567
3964
2471
4103
3337
2121
1452
6246
3544
78827
3259
2427
2420
42289
4731
28863
5529
3644
2259
1453
14090
1861
3894
1039
839
1939
2764
1338
472
1509
1189
272
1471
1007
830
571
417
0
0
0
2844
10357
3873
14899
1652
6390
2166
6576
1883
6825
5471
10058
10369
2163
6365
598
665
329
4636
3815
7363
1988
4044
9489
2449
147494
21918
2702
1919
7478
6289
4430
1469
1385
8761
2162
12458
2437
20857
3624
5199
6653
58689
5330
4632
1748
4090
6698
4124
684
4955
1812
18990
4102
1632
3499
2459
1018
1007
1405
1171
4397
1318
2140
609
3668
1439
1343
1127
2575
1860
544
1396
1351
2877
5449
2295
1078
2165
5454
1056
4937
4405
1551
2006
1923
19712
2704
1405
1756
789
1239
2502
2585
2052
11213
861
3345
3589
2332
7052
5390
1628
1775
846
4883
4785
35113
21106
1845
30296
4682
1198
5073
3146
6787
2901
1804
5408
5681
3680
1397
9947
835
22671
3251
1300
11995
8341
4356
3177
7943
522
441
449
922
1039
809
635
2038
643
536
777
718
1870
581
1511
384
6579
1345
26243
6849
7729
567
4369
3032
3412
1665
4704
2844
10357
3873
0
0
0
2679
2213
41788
24434
2331
2263
1904
2981
6092
5897
7029
10039
21664
1572
2573
1525
2164
2025
3634
12178
5080
841
2622
1425
10072
1756
1488
4734
2358
7271
4173
3398
2439
901
2466
714
617
159
199
11694
1759
1982
840
993
1379
904
20352
6265
5061
2199
2004
936
8374
5442
2981
1775
2640
12079
11534
4936
3740
3890
1023
6242
20250
5078
1487
2649
18482
5338
2765
1536
1468
3798
2605
1585
26358
4218
12156
1973
2678
13055
3203
7784
2606
3046
17628
3513
4188
6436
3025
1483
1139
4543
1306
2638
1243
3056
1616
1225
1467
3169
9813
3055
3777
2723
4779
9034
2820
7590
1801
2541
5824
24702
1062
5496
14506
1753
2912
2178
3113
7632
14991
3907
1231
2519
3610
2769
3870
5778
9787
9230
3789
23011
5968
4444
4755
1393
20382
6188
8005
2181
1060
1402
2663
2726
5161
8827
3819
23295
7385
4486
2539
8391
9691
5869
14899
1652
6390
2679
2213
41788
0
0
0
4976
3403
2199
1106
12618
4784
2025
2416
527
5746
4168
4475
6994
4356
1875
3460
24491
3219
1914
9009
5509
4366
13344
2877
2823
11576
3495
3389
15212
4032
2771
2328
13135
6401
33587
7236
3107
2464
12255
31033
23894
12944
1961
4286
4123
6315
12784
3763
12682
2088
2532
2032
3097
1248
1871
6025
13293
5226
1336
1833
110478
3271
33950
1350
1593
1177
1096
5190
15351
3341
2158
1604
2859
1658
1903
2161
3560
4230
1428
7114
2613
2636
1483
3480
1387
1669
11484
1153
2965
5666
1995
10451
700
805
343
200
403
1114
3096
2100
478
308
2354
2433
2518
1039
1982
1409
1796
740
1470
6063
1072
2492
2095
3018
2172
1131
1984
8317
31772
1436
5810
3896
1431
3077
47884
1722
4273
11181
46673
7323
15181
4262
2190
2831
1632
2191
1651
1873
1312
1538
9513
2017
14927
32194
30684
2862
5888
1787
3462
5634
4199
2166
6576
1883
24434
2331
2263
4976
3403
2199
0
0
0
11088
1360
1990
2226
1743
4525
3007
73342
2219
65778
5092
10010
1446
4131
3291
7016
2639
1470
850
1221
1091
1554
1920
1784
1171
42075
3410
7030
2670
14273
2224
21089
1534
3058
2743
3598
44394
17998
1434
2758
2725
3616
5364
3671
1021
32762
9043
3618
3455
4195
2186
19021
1975
1505
12535
2216
7066
23387
4293
2312
2548
14710
7776
3961
2156
1388
2859
7640
8641
3120
5491
9654
5832
9664
3723
4071
2810
4487
3460
3797
1082
17234
2167
18000
34047
2047
1060
5990
1339
10416
1302
1268
2177
338
10051
906
6774
974
42391
8595
11690
7327
5073
1722
10510
1434
4084
1548
2239
2507
9511
1372
4532
6829
886
2614
1951
68473
7133
6675
17692
1698
3350
70642
1523
96901
7907
1463
3148
55150
7076
5547
5304
2577
7391
5818
2339
11028
3975
2718
38147
3830
2419
6296
15519
4808
4219
1699
2540
8784
6825
5471
10058
1904
2981
6092
1106
12618
4784
11088
1360
1990
0
0
0
18479
4628
6170
5712
3887
13857
1470
2556
2134
2249
875
3615
1555
2474
3073
9056
1110
7067
9022
9727
6308
56327
49286
20137
8171
12666
68069
8440
2534
3189
10113
24688
5727
8103
4369
11890
10170
10198
6677
5186
1618
1201
1391
1001
2617
3970
3460
1806
1556
7218
2370
1490
961
2591
2842
2242
23735
2909
1807
3674
2509
787
8142
2674
2018
2968
1518
2590
3746
3356
3335
53865
6316
21273
23903
2197
3126
4055
2334
4588
4685
2753
797
2365
1885
5545
2125
1561
5049
1842
2687
1368
2213
15854
4093
1464
7447
5205
6211
3695
56500
28145
7218
1236
3198
5019
16152
2827
2239
3333
2263
27603
26373
8804
4764
6552
3724
3559
3237
4864
38588
3618
5383
3351
7798
6227
4014
5451
7248
14282
4741
15960
2857
9694
2135
3171
11635
6286
264
1683
1449
1340
85378
3122
22666
14700
5757
10369
2163
6365
5897
7029
10039
2025
2416
527
2226
1743
4525
18479
4628
6170
0
0
0
1411
2458
1383
9017
1448
13599
6065
6263
6207
4628
2310
3489
2945
6004
4596
8940
12237
2311
3779
1506
6634
5674
4569
16005
5881
10008
62452
3917
34679
6089
10039
14996
4673
3584
4661
2769
9961
5259
3641
2161
3666
1568
14968
1294
2260
2168
1146
1051
2943
3759
1855
271
229
1425
2774
6478
922
1971
1039
463
468
2344
4300
2394
1816
1665
5285
776
1144
8425
20285
1258
2801
4005
1622
1822
1143
4227
2285
2789
1807
2596
997
873
2560
5369
1162
2963
2269
1542
2672
8268
1416
2512
6721
4560
6474
1101
2166
2414
5432
1817
4131
10865
2687
3588
1544
13004
44210
5177
46013
9033
2032
4354
3338
1095
1524
5050
1142
2978
1291
1026
29721
5803
8944
6899
655
2299
2639
1924
1665
6749
27517
1853
1641
735
48543
799
282
290
1277
2233
4899
1569
598
665
329
21664
1572
2573
5746
4168
4475
3007
73342
2219
5712
3887
13857
1411
2458
1383
0
0
0
2351
3412
9462
16412
9292
6786
4135
6491
1843
6574
3621
2258
2809
2873
4655
2161
13113
513
8841
1232
12573
10914
17683
13970
3011
3308
15603
1291
1053
35402
13765
351
668
10752
8115
23569
1722
797
3488
6135
2645
2988
2022
7739
2627
3526
9947
11259
2032
10164
1843
806
4650
735
2975
1719
2790
19219
1088
46806
1288
6547
7337
3243
2108
2705
41058
1539
10242
92338
10165
2800
16297
3639
860
1397
5668
3434
1270
34567
2216
4956
5579
747
1164
3035
19957
3546
2473
3274
459
1735
6114
1487
750
3681
1763
668
2676
2077
1466
1866
1055
2552
794
1949
464
1840
8613
991
563
1096
888
556
1297
1141
375
436
2179
1769
15989
665
2321
3169
1061
1030
1591
2179
1817
1765
1868
1012
2053
5113
22795
2449
5136
3585
6608
22596
6127
4636
3815
7363
1525
2164
2025
6994
4356
1875
65778
5092
10010
1470
2556
2134
9017
1448
13599
2351
3412
9462
0
0
0
1772
2762
920
182
2367
940
2064
3287
5420
3248
240
996
4084
2950
2911
5120
8080
2238
1587
3930
1932
49313
1584
5262
3153
1043
6346
9342
20467
4986
11684
2218
1494
1127
4998
3687
1064
5158
1645
2615
2013
15889
2207
38799
8948
4852
6600
43931
889
1417
2603
2916
2905
2099
29913
2746
1543
656
1482
4267
4885
4321
4235
4743
40699
5209
2144
5241
3697
16552
6054
75546
1651
3391
4187
5702
1573
959
24291
3428
5409
2469
6349
65818
952
688
2225
721
2070
2191
821
1860
583
1083
12987
2213
6805
3093
1326
1647
1381
13569
11468
7956
1132
16212
1119
2145
2243
6799
1962
1219
34817
1410
3684
833
2585
2938
4196
8520
6388
9898
2538
1475
1799
2115
37066
15953
731
6179
2239
10185
4982
10135
1695
1321
4770
2626
1988
4044
9489
3634
12178
5080
3460
24491
3219
1446
4131
3291
2249
875
3615
6065
6263
6207
16412
9292
6786
1772
2762
920
0
0
0
2731
31701
10020
3688
475
1113
3769
3857
2452
7706
23143
5117
3783
3164
7588
4467
4624
7140
22956
4310
1300
22245
2696
6468
6407
69052
3329
890
424
303
3214
14085
32809
1378
4810
1619
1766
7176
21285
4419
3264
2289
15672
7549
2118
9195
13443
2961
3673
10885
3432
3301
2150
1745
1955
2705
6349
3409
20732
2090
3914
10804
4953
6333
2576
5805
34049
1478
13944
1055
1988
5013
1480
8266
32857
3688
2598
2640
8747
19306
6152
12931
6279
6377
1330
1403
1487
12865
1811
1053
4074
1189
1211
6457
1521
13869
1630
3391
2069
31825
1573
1161
7777
8119
1960
5385
18180
7789
1142
1543
1243
2190
2408
2018
3637
1228
11878
9084
2698
1453
1409
14301
1970
1661
3290
1140
6555
15313
4219
2262
9622
4517
27411
20907
7061
2449
147494
21918
841
2622
1425
1914
9009
5509
7016
2639
1470
1555
2474
3073
4628
2310
3489
4135
6491
1843
182
2367
940
2731
31701
10020
0
0
0
4132
1910
3558
4823
9939
768
5360
5694
5497
5712
6491
2544
627
3442
1796
1340
4029
3129
9497
4394
972
6021
4577
1320
1975
6933
2286
3620
6067
11522
1505
1125
6932
1387
2227
919
1210
2412
6868
7345
3227
1514
1905
2923
2470
15870
7552
3374
15700
2850
1968
4915
8044
7960
1298
1025
711
2034
2532
7788
4013
3052
951
3690
4538
494
1667
2489
10722
789
2266
21950
1961
579
584
969
42489
4131
4405
706
994
277
2840
330
130
223
291
2734
2834
1261
3087
3330
1877
779
308
5924
704
3169
632
2302
930
1036
3921
2324
5185
774
1457
707
2695
20097
4319
1785
32206
1527
2819
20082
1527
4542
3377
1895
1397
2134
2213
1652
3713
8008
31370
69666
2826
4000
1226
3221
2702
1919
7478
10072
1756
1488
4366
13344
2877
850
1221
1091
9056
1110
7067
2945
6004
4596
6574
3621
2258
2064
3287
5420
3688
475
1113
4132
1910
3558
0
0
0
2754
4440
1786
7111
3961
1741
2377
13146
6984
2702
6539
14613
1349
2936
2739
1989
2954
2941
2098
2862
16457
1695
2130
13154
9133
3363
3982
3449
2417
3278
4290
1399
4818
2640
2162
2772
2305
5134
10032
433
3082
1321
25350
857
4208
4165
8113
1623
7014
46024
2252
1762
6090
8028
1770
3437
1020
1742
716
4809
8038
794
496
5381
2605
873
3933
13331
1235
9373
2818
4030
2510
2294
1293
896
986
1312
430
3231
1127
8908
2595
1894
1443
2342
2507
2241
1517
766
2946
5159
624
22430
2106
464
3237
628
789
3047
970
1209
2410
1024
431
15412
721
600
2369
3089
760
821
1541
2038
565
1690
5413
4731
15372
5842
2082
26314
11118
3985
3952
28727
4609
8581
3043
6289
4430
1469
4734
2358
7271
2823
11576
3495
1554
1920
1784
9022
9727
6308
8940
12237
2311
2809
2873
4655
3248
240
996
3769
3857
2452
4823
9939
768
2754
4440
1786
0
0
0
2163
5628
3005
1995
8276
2943
736
1198
2961
2299
2076
4241
3209
2175
1454
18812
974
1281
4985
7910
1070
3519
13724
2447
17899
959
5549
3076
10285
3197
14172
2089
1689
797
2780
899
1234
2113
4128
1740
1896
2154
1132
2676
1369
4054
1176
2227
1071
1230
1427
2572
2299
2208
3982
6390
3315
3023
2125
7756
1350
2036
11660
4733
752
15787
7675
47293
7832
4480
1975
1033
4823
5869
85094
1803
5550
3270
6474
40635
3573
880
2803
3594
18734
1158
5843
5077
6547
2086
12461
11079
9545
2594
5693
1638
5597
1835
1765
1303
659
855
1074
729
8687
6814
24883
7181
1536
500
1929
3692
2685
4227
2845
641
881
1350
6010
10540
10461
17857
4407
5088
807
1062
1385
8761
2162
4173
3398
2439
3389
15212
4032
1171
42075
3410
56327
49286
20137
3779
1506
6634
2161
13113
513
4084
2950
2911
7706
23143
5117
5360
5694
5497
7111
3961
1741
2163
5628
3005
0
0
0
1594
1109
1181
1862
2596
2338
2554
1799
1222
4157
3076
4489
2212
362
381
4357
2301
60044
12105
2665
1321
1042
9654
3757
2363
5977
1494
868
2971
4074
1489
2457
7990
28974
2236
2470
1199
2781
3189
6062
986
2925
16079
3211
1996
941
20170
2079
13816
6440
6367
8357
5899
2251
2291
6388
6519
28770
2087
4311
4261
2055
4165
3342
6547
2632
7042
39374
4387
5548
5552
3337
3691
3199
6926
2049
2779
14280
2803
2998
4007
1560
1712
3461
1058
6907
1589
8052
4860
8531
9293
2178
2840
4873
2974
859
6004
2424
1293
2466
1523
6916
1837
2827
1527
1681
481
1565
3141
34059
1360
4424
1713
1853
3119
14141
3756
1850
1896
35191
1837
2737
13365
12458
2437
20857
901
2466
714
2771
2328
13135
7030
2670
14273
8171
12666
68069
5674
4569
16005
8841
1232
12573
5120
8080
2238
3783
3164
7588
5712
6491
2544
2377
13146
6984
1995
8276
2943
1594
1109
1181
0
0
0
1859
743
547
313
2017
10857
207
768
1095
1355
2172
1204
4427
4932
3943
956
313
618
4703
1273
2513
10532
738
900
651
870
1368
1714
1359
1805
1416
1377
699
476
1195
1143
3191
988
5091
9090
10658
6490
1736
10796
1751
1231
1949
2675
5129
1971
4048
547
4498
812
2134
2315
24730
1632
1578
4238
1803
4280
3643
49696
1066
932
1934
3246
4265
960
7002
4269
5346
6334
16592
2093
7186
3380
1255
1147
1018
643
1099
472
1245
3093
1818
2836
10107
8840
4990
2037
1469
917
438
273
323
510
644
1705
834
412
2422
3702
439
1278
2479
412
2012
1060
3243
10258
2199
7353
5165
1938
3784
3625
11117
2632
3624
5199
6653
617
159
199
6401
33587
7236
2224
21089
1534
8440
2534
3189
5881
10008
62452
10914
17683
13970
1587
3930
1932
4467
4624
7140
627
3442
1796
2702
6539
14613
736
1198
2961
1862
2596
2338
1859
743
547
0
0
0
5767
1173
11006
1597
3416
2109
1179
2684
1260
2713
4158
1427
2183
2235
12633
8485
11277
5261
1413
8694
4004
22340
9669
2429
1556
1855
7904
1030
949
2150
5978
3176
1868
4669
8459
2744
1434
3864
2505
3695
15727
3687
2509
6606
4497
1553
959
985
2026
23479
8914
1977
4886
1755
2923
6866
2141
4731
1957
5403
1114
24028
5228
8054
8422
7244
3770
4908
40522
3368
5803
7188
6861
11124
5185
810
3515
2137
1603
8347
5189
1969
2722
5226
4060
2875
6344
2850
1667
1430
1109
6697
1223
1337
1916
2390
2990
2444
10402
819
2611
2618
11129
11485
2336
4564
3697
3282
5194
6686
14128
14332
1759
48420
3549
1584
3844
58689
5330
4632
11694
1759
1982
3107
2464
12255
3058
2743
3598
10113
24688
5727
3917
34679
6089
3011
3308
15603
49313
1584
5262
22956
4310
1300
1340
4029
3129
1349
2936
2739
2299
2076
4241
2554
1799
1222
313
2017
10857
5767
1173
11006
0
0
0
1085
1052
1233
26676
2982
2240
3995
7608
8072
1906
14788
2027
2050
1942
2573
4122
3128
8027
2482
2999
7367
14655
1325
35231
4981
7194
5508
1846
5381
1816
5564
1619
6690
1350
3040
10093
2700
49061
1296
1854
4058
2724
25277
5931
1953
922
5087
5172
9870
2691
3905
1156
4521
10638
3945
4637
2661
2747
6147
47261
6584
4074
11200
2113
2339
13136
3164
11190
11858
4823
17982
2683
5735
9186
2050
1716
6812
14387
2296
3181
27221
2825
5024
2726
1887
4372
2892
1234
898
3645
2948
645
2649
2148
7599
2309
2194
1135
9869
1623
2362
1350
4024
1147
14757
7326
4252
4324
1417
1705
4270
4376
2107
1465
1748
4090
6698
840
993
1379
31033
23894
12944
44394
17998
1434
8103
4369
11890
10039
14996
4673
1291
1053
35402
3153
1043
6346
22245
2696
6468
9497
4394
972
1989
2954
2941
3209
2175
1454
4157
3076
4489
207
768
1095
1597
3416
2109
1085
1052
1233
0
0
0
15503
444
1308
1234
2238
44112
743
815
45992
837
2801
1203
2113
1947
1769
487
2220
292
6971
596
288
13330
2006
4726
459
476
791
1989
400
363
4976
2981
1156
775
2241
1822
1022
432
3209
8396
1893
1116
877
3949
11153
5887
3529
1808
1681
1584
22285
8495
14348
8660
2254
691
1540
23166
2831
13180
26041
1486
3458
8730
2193
6878
2180
13516
926
3072
2182
650
5345
4859
623
3253
1913
14058
2519
2081
7172
1165
670
1433
1481
2782
1351
6845
1265
2966
2661
681
1346
2375
789
3762
2758
1302
1140
6201
892
1006
1510
3663
21014
11814
1522
2659
602
28290
1165
4124
684
4955
904
20352
6265
1961
4286
4123
2758
2725
3616
10170
10198
6677
3584
4661
2769
13765
351
668
9342
20467
4986
6407
69052
3329
6021
4577
1320
2098
2862
16457
18812
974
1281
2212
362
381
1355
2172
1204
1179
2684
1260
26676
2982
2240
15503
444
1308
0
0
0
3436
13434
12036
1599
2390
3129
1949
4364
3148
7395
2068
10378
5536
5451
6328
2733
1986
1794
1209
1613
1479
4966
1940
4365
14764
20422
2756
5243
1942
3398
1035
13489
1862
10321
2281
56617
3993
23321
10981
8467
9245
3475
1891
3706
1932
4321
5592
2627
1753
6683
5141
9589
4084
5602
1580
5116
25596
1912
724
2427
2074
1642
2489
1522
5677
2331
1134
26794
1038
1804
1679
1798
1632
595
2077
3575
6869
2489
1580
7952
1513
3544
3630
2171
4117
6476
3799
9815
79990
3406
3740
5371
819
73436
2497
3743
3251
1943
9872
2904
10201
18446
29368
25937
7276
14751
7287
20358
1812
18990
4102
5061
2199
2004
6315
12784
3763
5364
3671
1021
5186
1618
1201
9961
5259
3641
10752
8115
23569
11684
2218
1494
890
424
303
1975
6933
2286
1695
2130
13154
4985
7910
1070
4357
2301
60044
4427
4932
3943
2713
4158
1427
3995
7608
8072
1234
2238
44112
3436
13434
12036
0
0
0
