C_ijk
0
0
0
317
646
625
60
72
474
3273
471
4186
673
1569
2865
529
190
459
1386
1122
1784
930
2318
320
1181
386
1032
706
1940
878
391
1116
5758
250
296
297
295
157
134
2455
888
1999
2758
920
701
6981
349
1575
972
2217
6622
352
834
2637
2343
692
679
3055
2723
685
847
1315
670
1289
1317
1448
864
427
1200
406
507
3862
827
645
6959
605
956
1137
1375
1852
12548
401
1973
757
1044
1478
3031
357
8804
427
376
331
522
7810
700
1673
2571
14985
4174
1844
3861
1327
821
3941
22345
802
3798
9463
21453
1464
3190
3349
3327
5487
854
2096
4393
2489
2770
2567
1268
26387
2426
885
2710
4080
5827
1066
1604
9732
2446
509
2207
5220
1791
1258
10641
1144
3041
1731
8375
64946
1530
1850
1837
6054
2538
3325
1742
525
4857
2182
55203
5674
9522
1349
15781
582
1351
1659
1512
7918
317
646
625
0
0
0
50
34
84
1013
1541
2434
2104
922
1688
2280
343
4753
2141
4886
992
8919
1337
1460
573
167
3096
1144
2814
1066
1870
771
250
187
885
2142
387
333
177
3651
1860
6364
332
759
960
7370
1133
4738
13761
758
871
3418
545
512
873
3878
526
9463
1594
1046
732
609
1352
3202
413
6008
250
93
173
1013
2462
2273
496
714
844
162
352
314
3530
13720
2869
1179
1279
4558
11037
472
667
1064
601
848
320
377
15174
796
2381
500
3253
914
6533
792
4536
1075
8282
9940
14962
3295
1862
3395
982
7626
2250
1598
3534
3132
453
1103
1223
2732
1655
6864
2447
9184
2329
6910
3542
1372
7554
1086
1200
4786
2787
2763
6721
1103
29659
696
1037
365
1442
6622
1246
1400
1544
8830
3006
3697
3516
2168
1066
709
1252
3893
3975
2544
7986
1392
1167
3721
2094
1772
19516
2629
60
72
474
50
34
84
0
0
0
2136
348
929
3021
5256
3211
164
1117
1122
4840
832
347
565
315
1076
371
4576
494
869
2038
1546
6794
3748
560
140
717
1620
764
737
427
1255
1220
546
949
1242
883
585
409
2747
433
313
543
1855
1072
1618
653
809
1029
1048
919
891
16708
658
685
1048
186
750
268
1867
232
1737
1122
1170
507
282
11897
210
1099
168
1313
838
3473
804
2612
1334
222
550
444
2031
388
681
4524
336
397
413
916
359
965
1998
1521
4342
7129
1040
3414
3069
6305
6707
1443
1471
1581
1398
1293
3180
1219
2661
1207
6295
1390
8054
5946
789
15865
1774
3065
628
872
11186
4532
1389
5481
1038
9350
1506
2381
3598
1878
463
919
1460
3957
804
784
32211
1082
2538
1829
1916
3123
810
2084
1725
4069
48462
2674
1903
3405
4416
1391
1328
4110
1136
1517
3594
3273
471
4186
1013
1541
2434
2136
348
929
0
0
0
207
2941
536
201
418
438
140
135
309
191
100
146
326
313
2331
646
356
6679
688
540
285
374
373
3178
2066
1359
427
868
993
6722
2566
755
1842
952
3640
1453
4268
1447
2340
2632
1582
3555
911
1899
870
41360
5425
1318
1979
1414
952
939
8122
660
982
232
3687
4959
6782
6508
1518
1440
731
628
556
1277
1827
673
925
2248
2253
1614
720
1274
11607
250
198
505
442
354
970
5259
223
764
2614
1522
1930
1611
670
852
19236
4306
18948
3851
980
1226
2095
1094
3056
3430
2992
987
1287
1152
1870
3923
3202
1671
2827
2969
1250
408
432
1394
3371
1476
2472
2306
36115
1659
11385
7716
5178
14189
1834
3408
4003
1963
1721
2922
35695
1207
583
790
2683
2331
1879
570
7614
2050
1611
4927
6629
1472
584
646
3463
13123
3562
1961
673
1569
2865
2104
922
1688
3021
5256
3211
207
2941
536
0
0
0
14523
1798
1899
704
163
294
257
1139
912
2278
4776
613
10408
1733
1212
1351
1390
6557
998
1824
1778
6249
2521
8227
1921
1699
7540
5724
2193
2332
1564
5289
7001
1333
1672
13757
2506
2350
3106
1978
2308
2343
1309
1635
9263
1889
1951
1693
9500
2942
2943
3368
6675
628
2460
1493
7934
4601
505
9272
723
1622
2954
21101
14121
1322
9565
2540
16460
2055
3442
5305
1890
1136
1372
1022
1031
1490
1269
285
1886
1051
3348
10933
941
1110
792
301
1284
884
987
10572
646
887
2535
3900
3923
2375
1370
1147
1925
3277
5337
10017
2846
18670
1450
2320
582
148
1705
5445
1251
8768
7070
4416
4475
5060
8380
2494
3324
49473
9237
6362
3383
2331
9144
398
788
1257
594
2939
7028
2003
1465
1417
9472
1628
2205
2087
1610
365
474
268
2233
6723
8007
529
190
459
2280
343
4753
164
1117
1122
201
418
438
14523
1798
1899
0
0
0
224
368
1249
2453
264
260
446
9198
351
2292
15137
9050
478
374
238
516
363
622
477
854
164
674
785
3909
19208
2606
2472
6705
1399
476
7520
2498
3837
968
3972
3314
1202
578
798
923
3946
1531
1936
1550
646
1348
580
640
2251
965
203
3406
401
2553
4068
421
399
191
839
127
28318
2051
5976
584
947
1868
1657
1799
4301
639
359
194
436
400
743
315
2000
1692
1987
2643
3017
2864
1700
5652
6087
1680
3864
1429
752
3185
2480
1019
638
3808
3449
2512
1535
2180
3777
5498
2537
4894
3301
4357
7194
1338
1032
11575
6199
1677
599
6336
3472
4987
2992
1577
4011
1043
1706
3015
369
4729
1875
1473
2866
1872
13165
459
702
4842
1541
968
4312
9752
1997
2219
2530
9670
1081
730
4853
1739
13273
2187
1386
1122
1784
2141
4886
992
4840
832
347
140
135
309
704
163
294
224
368
1249
0
0
0
2333
261
257
687
2086
614
328
1338
919
2241
342
1146
3988
2261
515
2343
5625
2823
768
1614
1801
1293
2435
3054
2539
2236
2532
19553
19521
2151
3602
3591
2424
2478
655
2256
23822
2584
1418
9348
3149
841
6348
3227
3837
3389
1358
1256
6399
2373
4208
10640
30000
2464
260
898
869
546
3274
911
1069
10641
1170
1055
2177
1351
1635
2480
751
1966
450
912
375
654
521
482
3503
2427
459
620
4023
1289
2508
2083
14301
965
2774
1533
1508
1997
155112
8426
1813
2219
3406
1858
2235
1646
1525
29395
17706
1689
640
1558
920
2495
2253
3808
4245
2297
1297
2837
6122
13367
2778
1718
1925
10206
1364
1249
6835
3529
1771
2405
1312
524
1742
1224
1596
2013
7265
6769
720
2534
3953
250
357
3468
3085
1507
1627
930
2318
320
8919
1337
1460
565
315
1076
191
100
146
257
1139
912
2453
264
260
2333
261
257
0
0
0
2649
3172
5719
1320
627
815
629
606
623
841
9519
816
3456
1040
438
1017
520
4841
7984
2460
1003
1448
901
18427
5910
2691
1505
1989
9161
3588
869
1833
2018
64907
1017
3845
8973
5412
13663
3064
1478
1011
642
875
456
1246
728
1544
2675
9951
1799
13736
661
842
927
876
1366
1342
4159
6256
2049
516
1370
404
619
2164
16977
811
974
1425
498
1067
1412
1367
933
2692
5404
2576
7234
2829
1526
1330
2707
1761
773
1791
1619
8412
11073
1315
22553
6151
2728
2243
7177
6575
5477
4837
1023
948
1283
2500
44545
1309
2262
12768
4964
2111
20508
8139
3555
8208
6449
2762
1476
6999
1418
476
14379
1406
1214
2079
22421
373
700
598
2197
1201
1745
24690
1393
2004
585
1960
447
4313
2260
5392
1181
386
1032
573
167
3096
371
4576
494
326
313
2331
2278
4776
613
446
9198
351
687
2086
614
2649
3172
5719
0
0
0
6454
285
875
144
170
560
133
425
393
253
169
467
696
5453
573
545
1379
699
1872
657
3296
672
6924
1156
1156
602
848
1736
2897
2059
1227
3266
13867
4118
1093
15643
781
1009
6838
1372
2977
1494
1029
3322
1045
1432
1167
641
495
1518
725
959
1832
1867
1595
634
2060
893
11585
1671
721
2685
1514
2440
414
4981
718
8561
871
4503
1515
1283
1785
477
1140
29914
2743
1107
13977
711
2445
1999
3046
756
7677
6237
1662
2804
2619
2371
12899
8990
39976
2157
2377
4017
1641
739
3611
1595
4990
903
10948
1259
8517
1811
2452
2060
2362
1443
1544
2294
965
1901
1951
15781
895
5024
6040
5370
2705
570
5094
33788
681
1518
934
7701
4190
965
1184
987
2643
3728
1857
706
1940
878
1144
2814
1066
869
2038
1546
646
356
6679
10408
1733
1212
2292
15137
9050
328
1338
919
1320
627
815
6454
285
875
0
0
0
605
565
266
1133
453
1044
2084
2831
7569
2297
623
457
1242
5971
1808
1196
2538
6385
16485
1202
929
1417
2472
1799
1044
26735
1453
1493
2575
13523
3053
20783
1217
5112
31875
3323
1966
926
3631
3050
3798
3160
1065
34775
3410
2364
931
1128
5843
2365
2727
1162
4657
19546
1985
1348
3959
914
1590
2016
1553
30385
634
55118
1234
3741
8410
1402
1921
1328
274
1834
865
538
2335
9034
1611
837
1071
1226
6494
6303
2597
9465
3057
7242
7657
3497
2816
52146
2646
11049
2704
855
1535
5898
2118
6578
7242
7619
11137
2010
2527
87386
2481
8756
939
7027
4733
2335
3551
2128
2434
829
5889
7107
2116
3307
1348
6313
3694
16311
4903
846
3876
3200
860
1307
1470
3440
2475
2537
391
1116
5758
1870
771
250
6794
3748
560
688
540
285
1351
1390
6557
478
374
238
2241
342
1146
629
606
623
144
170
560
605
565
266
0
0
0
698
431
1907
682
303
2900
317
1048
400
899
487
1805
986
531
6726
615
405
3783
3024
2193
1607
2312
5045
359
2725
1866
1140
1915
943
1402
949
729
2690
2117
6104
754
1184
1304
379
19817
19334
1192
1918
3657
1034
3127
1291
4975
1314
1153
1915
1042
919
1671
3234
583
758
3564
1330
1103
965
3555
1033
1672
630
4140
1197
2894
1016
6399
3922
5317
2119
7079
3653
2050
2425
4445
1793
1603
7612
5725
2513
9761
4008
4483
1237
3126
11790
668
1621
445
14316
465
23023
1982
1635
3173
3931
2748
1397
4210
1492
32755
734
1487
3468
19748
2076
669
1707
7374
30328
12928
965
1855
532
126976
25611
4079
5802
1591
1516
1581
1594
1329
8036
28388
11708
250
296
297
187
885
2142
140
717
1620
374
373
3178
998
1824
1778
516
363
622
3988
2261
515
841
9519
816
133
425
393
1133
453
1044
698
431
1907
0
0
0
86
208
72
5745
482
1729
2470
672
400
1033
1197
1208
648
926
1051
3032
1630
1327
1367
808
2116
8482
2629
545
10927
761
336
3420
2750
2543
1020
2125
19443
824
2735
31729
1454
1833
2079
1497
1059
711
2202
3256
1969
24812
1497
1070
667
1812
346
1710
2573
1484
326
1004
2170
429
907
650
13568
9739
5047
31760
8768
945
26740
3130
7377
860
733
1725
891
8710
1136
2151
5805
1993
694
900
18260
3733
3143
3429
10050
9353
4008
2769
2309
1099
1748
1524
1192
3148
3783
2110
3859
19703
4449
3155
4618
1862
9581
2725
2422
7602
3034
16010
1024
2329
2432
2282
26889
1278
609
2000
1375
4380
3906
2558
1302
1004
1696
3506
41279
3961
295
157
134
387
333
177
764
737
427
2066
1359
427
6249
2521
8227
477
854
164
2343
5625
2823
3456
1040
438
253
169
467
2084
2831
7569
682
303
2900
86
208
72
0
0
0
940
2795
4233
2550
217
274
809
345
571
572
762
800
907
676
874
864
1407
4453
750
1109
1497
818
7117
383
1035
529
1345
420
2150
1428
3583
710
672
961
1639
2559
2010
2711
2093
1973
2711
1340
1303
1895
495
647
2055
2028
6346
4007
28171
690
780
1649
8200
1129
1374
1081
1806
2516
4238
32776
38946
2072
2131
3009
11603
1694
2178
1687
1443
861
2027
1383
2315
2921
668
2284
1060
1912
818
9446
3253
2401
18526
1535
3456
4788
1972
3037
2971
4059
1626
5138
7640
1642
3323
682
1009
350
6253
1831
1702
2395
4017
4120
1125
4463
862
3531
1092
2223
8307
4701
3967
4075
1076
5865
1019
7388
7245
3412
1118
2455
888
1999
3651
1860
6364
1255
1220
546
868
993
6722
1921
1699
7540
674
785
3909
768
1614
1801
1017
520
4841
696
5453
573
2297
623
457
317
1048
400
5745
482
1729
940
2795
4233
0
0
0
859
656
406
1225
646
2268
838
950
1372
580
4646
5513
3036
2772
1224
1391
21941
2002
807
6426
1148
1279
1355
658
2289
1075
856
2601
6014
4997
9993
1584
2076
644
2776
2487
1983
2830
2498
4696
887
1767
927
1608
1492
5210
1830
3354
4558
14464
1019
3506
6349
1044
1626
854
1580
1717
1398
819
5855
17647
4508
1784
742
1055
10637
1107
32314
844
1941
2509
3029
1920
2310
929
2723
6001
3752
1837
818
3666
1440
6743
1134
1252
2546
3463
13393
1197
37216
2317
1604
1010
13418
2483
8690
3230
1621
7710
1726
1798
2371
4518
24497
21079
735
3105
9735
3125
23500
13651
6858
1432
3328
3653
5836
2279
2956
24678
2758
920
701
332
759
960
949
1242
883
2566
755
1842
5724
2193
2332
19208
2606
2472
1293
2435
3054
7984
2460
1003
545
1379
699
1242
5971
1808
899
487
1805
2470
672
400
2550
217
274
859
656
406
0
0
0
2521
368
513
449
3474
10055
581
369
1579
5166
1183
1773
814
1040
746
1219
842
496
1083
6508
8076
3949
7117
1267
4587
1122
1364
790
964
1041
14993
915
759
2965
1340
5038
10447
20467
647
1946
1357
1120
3238
558
850
868
1260
959
8287
10083
5980
4610
1544
3818
4385
2950
2926
2918
11037
53280
3903
5183
1215
892
22430
1660
2598
3028
1243
5920
1491
1357
5351
2534
4803
2821
12856
4300
1985
1034
2481
2125
3349
2744
14150
3848
805
1481
1756
2116
2409
6441
9071
10323
1616
4786
782
3242
1283
2530
3036
2245
3454
2885
4900
2217
2264
3654
28515
9095
4666
65009
1643
2060
1388
1932
1262
6981
349
1575
7370
1133
4738
585
409
2747
952
3640
1453
1564
5289
7001
6705
1399
476
2539
2236
2532
1448
901
18427
1872
657
3296
1196
2538
6385
986
531
6726
1033
1197
1208
809
345
571
1225
646
2268
2521
368
513
0
0
0
2427
432
212
370
806
1556
21037
522
2868
1435
1139
8428
908
3162
624
970
5360
2431
565
941
1177
2414
1200
908
1681
7973
2436
4234
1753
1493
2030
2629
15485
3258
12783
2873
19349
2469
1893
2458
745
3719
1667
8365
3787
1992
2712
2346
870
2076
2166
2215
3550
1187
1311
1968
2561
1632
7463
8060
2401
1977
4239
1563
729
1113
157
239
2781
4210
1682
681
3970
7480
8445
1212
4773
5601
1266
1206
2332
5275
10440
12117
2760
14586
17600
3134
3333
1313
1303
1874
1526
6380
51969
5409
2960
5012
25745
63539
4385
3505
3691
2621
2885
6344
4018
51408
18214
10084
2579
4901
10432
2631
972
2217
6622
13761
758
871
433
313
543
4268
1447
2340
1333
1672
13757
7520
2498
3837
19553
19521
2151
5910
2691
1505
672
6924
1156
16485
1202
929
615
405
3783
648
926
1051
572
762
800
838
950
1372
449
3474
10055
2427
432
212
0
0
0
461
309
296
579
604
2762
653
1325
2445
999
2879
366
356
1117
24249
1436
572
1805
1414
3608
991
4708
2415
4789
821
5718
3413
2241
20604
3899
666
4237
746
1924
1124
3109
1504
37931
909
642
2244
1173
3699
1730
8083
1606
1525
2692
6751
2967
1222
1465
10815
2583
3304
1152
4981
4866
5341
1403
1398
800
2439
608
3040
203
999
8869
2777
2745
2259
8999
5777
2281
4861
1091
5342
1994
1429
4891
35493
2367
4639
2671
981
1078
2497
9032
3834
3381
1986
36928
3919
2396
2226
4301
1810
2516
1889
2878
4337
12462
3431
10313
3154
2124
1606
1298
1563
1500
5741
352
834
2637
3418
545
512
1855
1072
1618
2632
1582
3555
2506
2350
3106
968
3972
3314
3602
3591
2424
1989
9161
3588
1156
602
848
1417
2472
1799
3024
2193
1607
3032
1630
1327
907
676
874
580
4646
5513
581
369
1579
370
806
1556
461
309
296
0
0
0
3709
650
1049
3352
714
7547
2657
3421
1462
586
1174
1388
1495
4599
520
1354
2340
1707
1195
1690
1918
1161
2475
5655
4941
1882
1661
7218
1838
829
592
8729
1498
1268
785
5293
5572
1216
2138
2114
14009
14246
3187
2570
1556
2077
14115
2788
5405
1752
6312
2479
2119
6876
6495
1461
2090
13077
733
4849
625
445
6314
576
775
6012
3379
9286
23899
1006
3835
3729
2882
1035
3825
842
1882
925
10114
1504
9228
2690
542
1229
2920
1334
1549
4244
15026
9225
7381
2759
11921
1328
1428
1870
1866
8384
6488
11138
10255
2395
1831
6063
7181
3000
766
1333
2343
692
679
873
3878
526
653
809
1029
911
1899
870
1978
2308
2343
1202
578
798
2478
655
2256
869
1833
2018
1736
2897
2059
1044
26735
1453
2312
5045
359
1367
808
2116
864
1407
4453
3036
2772
1224
5166
1183
1773
21037
522
2868
579
604
2762
3709
650
1049
0
0
0
150
975
176
1839
48
448
522
1612
2158
1002
413
244
451
990
301
223
402
770
1242
732
800
2274
1468
2010
2096
1027
736
1169
4124
2249
1304
21563
1309
8683
4912
1075
1265
729
1004
2646
10935
14177
2446
745
2953
1944
5244
3046
7360
3761
1695
513
1875
17940
2263
1945
6228
2516
835
716
2036
1728
1869
5678
20323
2018
16882
1156
2253
13226
19769
1649
758
1916
696
1408
3082
3959
1558
1109
229
602
661
1556
5602
1866
2911
2731
1720
2969
2056
2089
3501
3142
27464
12300
9356
2764
7897
4456
2187
3246
1236
2405
1426
3055
2723
685
9463
1594
1046
1048
919
891
41360
5425
1318
1309
1635
9263
923
3946
1531
23822
2584
1418
64907
1017
3845
1227
3266
13867
1493
2575
13523
2725
1866
1140
8482
2629
545
750
1109
1497
1391
21941
2002
814
1040
746
1435
1139
8428
653
1325
2445
3352
714
7547
150
975
176
0
0
0
450
1290
339
3535
686
1746
2675
707
1217
447
698
831
230
1066
1123
1017
8822
1266
4140
1433
5025
1272
4307
9355
2796
1160
745
1531
1383
1818
7768
1576
925
1417
2849
2709
63377
3647
8215
4176
4708
1933
4771
74230
11020
3740
29294
5075
2751
3006
7905
13306
1385
14257
907
2241
41866
5493
1695
7962
6339
21443
5276
4944
2941
2453
947
2053
850
1131
767
1164
2012
10001
1589
72
128
310
1475
7521
3962
2461
3484
2719
1738
2354
14213
2062
4489
3229
2191
4066
15048
2732
12049
3630
38198
9709
3745
2842
19207
253
847
1315
670
732
609
1352
16708
658
685
1979
1414
952
1889
1951
1693
1936
1550
646
9348
3149
841
8973
5412
13663
4118
1093
15643
3053
20783
1217
1915
943
1402
10927
761
336
818
7117
383
807
6426
1148
1219
842
496
908
3162
624
999
2879
366
2657
3421
1462
1839
48
448
450
1290
339
0
0
0
1668
383
417
286
232
757
386
558
1729
302
1759
371
406
423
597
1156
1502
1855
1406
2850
21611
317
622
1676
1539
2056
7384
2642
712
4322
641
1101
1334
8519
2689
6375
1106
1337
4091
3203
3953
1398
2378
2397
2098
1721
2232
1645
2284
1655
13549
438
560
1941
2132
1750
9329
27003
5108
1911
4149
3364
15057
5105
962
1110
763
1591
6348
11422
3501
2167
705
336
682
5547
731
15533
7415
1328
3913
8291
1282
2279
1773
6171
1958
15077
7537
1863
7400
25421
6539
4810
1372
1501
1873
714
1438
1289
1317
1448
3202
413
6008
1048
186
750
939
8122
660
9500
2942
2943
1348
580
640
6348
3227
3837
3064
1478
1011
781
1009
6838
5112
31875
3323
949
729
2690
3420
2750
2543
1035
529
1345
1279
1355
658
1083
6508
8076
970
5360
2431
356
1117
24249
586
1174
1388
522
1612
2158
3535
686
1746
1668
383
417
0
0
0
428
282
526
136
266
450
146
223
260
1132
431
384
2273
806
1513
415
563
878
622
1061
567
1014
6245
1026
455
4343
297
646
4718
289
2196
3548
3654
3053
23549
16128
3298
1860
3244
1886
5141
3797
1255
941
5616
1440
3515
5300
3857
3891
1286
1165
11732
6968
10867
2329
2747
3753
1189
1676
1916
3884
1362
781
1904
13726
1493
2034
1283
5300
7817
407
363
4349
1807
1875
2270
1781
9368
1727
1786
2087
669
3097
1781
1111
1212
2897
1656
17787
997
12662
2562
4029
483
4047
864
427
1200
250
93
173
268
1867
232
982
232
3687
3368
6675
628
2251
965
203
3389
1358
1256
642
875
456
1372
2977
1494
1966
926
3631
2117
6104
754
1020
2125
19443
420
2150
1428
2289
1075
856
3949
7117
1267
565
941
1177
1436
572
1805
1495
4599
520
1002
413
244
2675
707
1217
286
232
757
428
282
526
0
0
0
460
1108
1083
5598
2754
12479
302
77
192
743
855
408
2243
744
1326
585
795
980
452
1270
1281
1206
393
577
382
336
181
12643
2508
1398
3648
1449
3468
2658
3889
1760
1782
1724
14817
740
975
3430
1740
11784
1721
2483
9196
6417
2836
1695
2304
7001
3608
4743
1713
4266
1477
2860
2328
790
3431
7675
11994
820
25188
913
725
1586
2568
1658
492
3536
1994
26590
4395
7097
1965
4653
1270
1265
625
1507
4724
2187
2993
17273
1455
1097
3053
1390
985
1024
967
406
507
3862
1013
2462
2273
1737
1122
1170
4959
6782
6508
2460
1493
7934
3406
401
2553
6399
2373
4208
1246
728
1544
1029
3322
1045
3050
3798
3160
1184
1304
379
824
2735
31729
3583
710
672
2601
6014
4997
4587
1122
1364
2414
1200
908
1414
3608
991
1354
2340
1707
451
990
301
447
698
831
386
558
1729
136
266
450
460
1108
1083
0
0
0
147
288
399
1421
743
7703
363
4960
1046
1473
408
1981
5313
761
1008
750
2624
1552
2911
605
27408
8590
1298
770
2279
1544
33634
3504
2079
13043
2185
10299
1949
1855
3606
5663
4348
773
1152
1585
7524
4711
2027
2061
2368
12175
6402
739
5564
4808
2704
2172
11457
3690
6271
636
371
18937
3792
13061
2535
3373
2209
312
418
439
1971
737
1144
5342
7744
7216
4011
20810
1888
905
795
983
2582
1449
4671
57394
8477
1339
1212
1219
784
982
647
1386
827
645
6959
496
714
844
507
282
11897
1518
1440
731
4601
505
9272
4068
421
399
10640
30000
2464
2675
9951
1799
1432
1167
641
1065
34775
3410
19817
19334
1192
1454
1833
2079
961
1639
2559
9993
1584
2076
790
964
1041
1681
7973
2436
4708
2415
4789
1195
1690
1918
223
402
770
230
1066
1123
302
1759
371
146
223
260
5598
2754
12479
147
288
399
0
0
0
717
1478
440
965
1108
1132
965
569
821
1776
1832
498
832
727
2237
3142
1582
1411
669
713
683
5834
5251
1218
2278
2037
2720
5165
2276
992
7905
926
13584
815
703
1212
2913
25567
1577
8855
7072
735
3753
1756
4113
1531
45778
5420
1435
685
1049
2249
4382
444
813
3625
9529
2176
2124
1688
7712
12696
801
417
611
2650
1842
1680
10114
1741
10223
846
1347
1070
780
1510
1751
9290
2667
41334
3520
8051
3558
4578
2872
2873
838
605
956
1137
162
352
314
210
1099
168
628
556
1277
723
1622
2954
191
839
127
260
898
869
13736
661
842
495
1518
725
2364
931
1128
1918
3657
1034
1497
1059
711
2010
2711
2093
644
2776
2487
14993
915
759
4234
1753
1493
821
5718
3413
1161
2475
5655
1242
732
800
1017
8822
1266
406
423
597
1132
431
384
302
77
192
1421
743
7703
717
1478
440
0
0
0
2362
19360
1249
2249
1202
1345
325
347
1078
265
3017
3181
2129
412
1598
267
220
972
3960
1823
2631
1119
2047
3468
19654
8613
2614
6829
3770
1701
2323
1254
2824
8817
9052
7850
5019
1957
2517
1515
4262
1026
1732
5550
1000
5855
815
3753
5249
641
1762
5214
2959
932
1689
1599
4126
3502
661
1047
5742
3976
1451
5008
671
984
2656
1725
1857
1291
1424
721
15284
1572
5146
1567
1559
1480
858
4424
2183
2699
1593
1465
1375
1852
12548
3530
13720
2869
1313
838
3473
1827
673
925
21101
14121
1322
28318
2051
5976
546
3274
911
927
876
1366
959
1832
1867
5843
2365
2727
3127
1291
4975
2202
3256
1969
1973
2711
1340
1983
2830
2498
2965
1340
5038
2030
2629
15485
2241
20604
3899
4941
1882
1661
2274
1468
2010
4140
1433
5025
1156
1502
1855
2273
806
1513
743
855
408
363
4960
1046
965
1108
1132
2362
19360
1249
0
0
0
181
232
8842
923
196
410
7032
660
357
983
622
394
1723
980
2047
3358
8180
2408
5509
2663
8187
1169
1453
2297
2127
3590
867
399
543
245
4950
4126
10311
4717
3419
18443
2269
6762
2226
1981
2972
6385
1258
2270
2049
556
745
5496
2298
2612
42129
1038
2116
2024
1826
1046
876
1137
2009
1022
2730
3015
10578
2666
3791
505
287
332
185
895
3005
2531
367
646
12869
1377
670
13676
1007
2265
1344
401
1973
757
1179
1279
4558
804
2612
1334
2248
2253
1614
9565
2540
16460
584
947
1868
1069
10641
1170
1342
4159
6256
1595
634
2060
1162
4657
19546
1314
1153
1915
24812
1497
1070
1303
1895
495
4696
887
1767
10447
20467
647
3258
12783
2873
666
4237
746
7218
1838
829
2096
1027
736
1272
4307
9355
1406
2850
21611
415
563
878
2243
744
1326
1473
408
1981
965
569
821
2249
1202
1345
181
232
8842
0
0
0
599
209
381
2383
732
3444
657
2115
791
2825
1846
658
21878
71155
9769
4766
66119
6033
2407
1673
8108
4967
1890
1867
1226
730
665
33408
4070
9560
1234
39036
1316
2010
6889
11365
1237
2180
2272
52806
2342
1742
3989
1025
1898
959
2157
4481
2641
1198
10446
2304
592
6084
395
819
375
5544
9151
4536
1671
475
8232
277
346
646
810
2711
25222
8633
4582
1650
4588
4750
9757
2236
3636
1710
1044
1478
3031
11037
472
667
222
550
444
720
1274
11607
2055
3442
5305
1657
1799
4301
1055
2177
1351
2049
516
1370
893
11585
1671
1985
1348
3959
1042
919
1671
667
1812
346
647
2055
2028
927
1608
1492
1946
1357
1120
19349
2469
1893
1924
1124
3109
592
8729
1498
1169
4124
2249
2796
1160
745
317
622
1676
622
1061
567
585
795
980
5313
761
1008
1776
1832
498
325
347
1078
923
196
410
599
209
381
0
0
0
1790
1321
3533
284
9482
887
561
539
554
1817
1517
7272
11985
9586
1287
1036
2587
6354
3875
6523
1291
417
446
782
8715
1673
19587
955
1393
5554
2709
4405
3642
2302
10266
45000
3970
1269
3211
2278
3649
1238
961
1443
8402
744
959
851
5790
4685
2718
1450
1854
543
370
2960
1661
1950
496
1655
3189
1897
2968
1186
2124
2256
1816
1364
2387
4838
3155
2850
1739
4605
1009
357
8804
427
1064
601
848
2031
388
681
250
198
505
1890
1136
1372
639
359
194
1635
2480
751
404
619
2164
721
2685
1514
914
1590
2016
3234
583
758
1710
2573
1484
6346
4007
28171
5210
1830
3354
3238
558
850
2458
745
3719
1504
37931
909
1268
785
5293
1304
21563
1309
1531
1383
1818
1539
2056
7384
1014
6245
1026
452
1270
1281
750
2624
1552
832
727
2237
265
3017
3181
7032
660
357
2383
732
3444
1790
1321
3533
0
0
0
411
209
365
421
275
361
5808
1851
7549
1754
3895
1555
862
5419
1631
1683
2621
33228
4031
1300
599
3187
5716
5315
2102
1926
2056
2175
41585
23668
13516
25700
3592
1215
1723
2105
953
974
6028
5267
2877
2373
4183
1782
1413
1245
1956
6182
3959
3442
785
785
1186
1635
4433
951
6120
514
436
343
511
4779
1340
5311
1323
2995
1525
295
1116
9496
993
2160
376
331
522
320
377
15174
4524
336
397
442
354
970
1022
1031
1490
436
400
743
1966
450
912
16977
811
974
2440
414
4981
1553
30385
634
3564
1330
1103
326
1004
2170
690
780
1649
4558
14464
1019
868
1260
959
1667
8365
3787
642
2244
1173
5572
1216
2138
8683
4912
1075
7768
1576
925
2642
712
4322
455
4343
297
1206
393
577
2911
605
27408
3142
1582
1411
2129
412
1598
983
622
394
657
2115
791
284
9482
887
411
209
365
0
0
0
302
516
73
1700
6654
1844
925
6856
2289
3374
5356
3685
1486
9843
3676
1112
750
549
7115
9705
9935
2372
2814
4700
2353
1249
2381
16518
11498
5207
889
3183
4588
3920
5552
2931
1326
3153
1279
6452
1114
8244
2817
1750
1457
6163
1673
2508
1469
2421
9387
3381
1250
7396
4280
4957
594
2077
2243
2569
520
1952
1025
22971
663
13863
2258
3961
722
7810
700
1673
796
2381
500
413
916
359
5259
223
764
1269
285
1886
315
2000
1692
375
654
521
1425
498
1067
718
8561
871
55118
1234
3741
965
3555
1033
429
907
650
8200
1129
1374
3506
6349
1044
8287
10083
5980
1992
2712
2346
3699
1730
8083
2114
14009
14246
1265
729
1004
1417
2849
2709
641
1101
1334
646
4718
289
382
336
181
8590
1298
770
669
713
683
267
220
972
1723
980
2047
2825
1846
658
561
539
554
421
275
361
302
516
73
0
0
0
9468
81094
3781
2181
1239
1176
1803
1469
3103
1000
4859
3178
2293
1151
5695
2984
3547
7104
54515
2684
2655
8120
2702
1980
6174
1973
21637
2473
2973
1043
14883
7395
6627
6190
3025
2095
1891
1914
1095
1379
646
1302
958
1057
1052
2390
2073
1680
7257
682
7200
779
529
1074
5214
649
5658
797
1271
3161
826
812
6843
1355
4352
1182
2571
14985
4174
3253
914
6533
965
1998
1521
2614
1522
1930
1051
3348
10933
1987
2643
3017
482
3503
2427
1412
1367
933
4503
1515
1283
8410
1402
1921
1672
630
4140
13568
9739
5047
1081
1806
2516
1626
854
1580
4610
1544
3818
870
2076
2166
1606
1525
2692
3187
2570
1556
2646
10935
14177
63377
3647
8215
8519
2689
6375
2196
3548
3654
12643
2508
1398
2279
1544
33634
5834
5251
1218
3960
1823
2631
3358
8180
2408
21878
71155
9769
1817
1517
7272
5808
1851
7549
1700
6654
1844
9468
81094
3781
0
0
0
606
2595
1178
758
500
3791
482
392
762
4042
1931
7766
715
41060
18582
4960
13814
16232
1450
4610
2918
941
5112
1834
852
2432
1004
29251
9315
2554
39296
6766
5301
17834
24757
19983
6461
47784
2377
25901
1906
1912
683
12343
5087
3713
3954
4763
1674
2822
7668
7275
5263
3176
1196
3227
3773
2655
2853
2278
9618
4189
4682
1844
3861
1327
792
4536
1075
4342
7129
1040
1611
670
852
941
1110
792
2864
1700
5652
459
620
4023
2692
5404
2576
1785
477
1140
1328
274
1834
1197
2894
1016
31760
8768
945
4238
32776
38946
1717
1398
819
4385
2950
2926
2215
3550
1187
6751
2967
1222
2077
14115
2788
2446
745
2953
4176
4708
1933
1106
1337
4091
3053
23549
16128
3648
1449
3468
3504
2079
13043
2278
2037
2720
1119
2047
3468
5509
2663
8187
4766
66119
6033
11985
9586
1287
1754
3895
1555
925
6856
2289
2181
1239
1176
606
2595
1178
0
0
0
462
3831
336
216
591
403
4156
6504
3506
23766
8448
21148
1743
6126
1651
21102
20844
33478
1528
2566
4332
449
173
173
16101
2802
2492
4653
11400
3968
4736
4057
4597
13036
8792
29558
3971
3561
4891
6171
480
7345
1581
3705
5067
2637
878
57204
1454
3467
29728
2629
1643
5484
1304
10304
408
1451
1488
14154
821
3941
22345
8282
9940
14962
3414
3069
6305
19236
4306
18948
301
1284
884
6087
1680
3864
1289
2508
2083
7234
2829
1526
29914
2743
1107
865
538
2335
6399
3922
5317
26740
3130
7377
2072
2131
3009
5855
17647
4508
2918
11037
53280
1311
1968
2561
1465
10815
2583
5405
1752
6312
1944
5244
3046
4771
74230
11020
3203
3953
1398
3298
1860
3244
2658
3889
1760
2185
10299
1949
5165
2276
992
19654
8613
2614
1169
1453
2297
2407
1673
8108
1036
2587
6354
862
5419
1631
3374
5356
3685
1803
1469
3103
758
500
3791
462
3831
336
0
0
0
1297
640
1135
6395
5205
4775
1938
2684
6716
5692
6508
4476
3979
8758
5208
1312
1206
2513
420
1002
2062
1967
1670
4135
94981
28231
3434
9973
1785
4586
22948
2639
6612
2340
10387
2221
1798
390
2167
7539
2693
3379
1856
2833
3014
11345
11958
2877
5686
5874
13642
45324
1305
1547
1804
2284
39851
802
3798
9463
3295
1862
3395
6707
1443
1471
3851
980
1226
987
10572
646
1429
752
3185
14301
965
2774
1330
2707
1761
13977
711
2445
9034
1611
837
2119
7079
3653
860
733
1725
11603
1694
2178
1784
742
1055
3903
5183
1215
1632
7463
8060
3304
1152
4981
2479
2119
6876
7360
3761
1695
3740
29294
5075
2378
2397
2098
1886
5141
3797
1782
1724
14817
1855
3606
5663
7905
926
13584
6829
3770
1701
2127
3590
867
4967
1890
1867
3875
6523
1291
1683
2621
33228
1486
9843
3676
1000
4859
3178
482
392
762
216
591
403
1297
640
1135
0
0
0
712
3126
7770
8975
4527
1941
1784
5485
2175
6367
3610
1911
7491
3106
1053
1209
638
992
5536
3560
4368
8651
13405
30790
9379
3114
15941
5017
8133
24022
3031
4223
5302
1971
1617
1105
5952
1923
1805
2475
6268
4550
15429
3296
3399
1983
1978
1953
1375
6396
3592
4782
2461
5305
21453
1464
3190
982
7626
2250
1581
1398
1293
2095
1094
3056
887
2535
3900
2480
1019
638
1533
1508
1997
773
1791
1619
1999
3046
756
1071
1226
6494
2050
2425
4445
891
8710
1136
1687
1443
861
10637
1107
32314
892
22430
1660
2401
1977
4239
4866
5341
1403
6495
1461
2090
513
1875
17940
2751
3006
7905
1721
2232
1645
1255
941
5616
740
975
3430
4348
773
1152
815
703
1212
2323
1254
2824
399
543
245
1226
730
665
417
446
782
4031
1300
599
1112
750
549
2293
1151
5695
4042
1931
7766
4156
6504
3506
6395
5205
4775
712
3126
7770
0
0
0
32788
2329
4227
1433
6512
4140
2419
3643
23490
3362
28481
10353
23854
833
1228
1574
692
3964
5456
5795
13288
2532
1077
12492
1106
9467
3048
2358
5750
1443
3570
5734
954
1642
5823
593
81
197
63
5274
2058
769
607
1905
11392
1271
1129
894
6075
7378
16394
3349
3327
5487
1598
3534
3132
3180
1219
2661
3430
2992
987
3923
2375
1370
3808
3449
2512
155112
8426
1813
8412
11073
1315
7677
6237
1662
6303
2597
9465
1793
1603
7612
2151
5805
1993
2027
1383
2315
844
1941
2509
2598
3028
1243
1563
729
1113
1398
800
2439
13077
733
4849
2263
1945
6228
13306
1385
14257
2284
1655
13549
1440
3515
5300
1740
11784
1721
1585
7524
4711
2913
25567
1577
8817
9052
7850
4950
4126
10311
33408
4070
9560
8715
1673
19587
3187
5716
5315
7115
9705
9935
2984
3547
7104
715
41060
18582
23766
8448
21148
1938
2684
6716
8975
4527
1941
32788
2329
4227
0
0
0
1209
1401
726
5280
31720
2221
762
1738
1117
3797
6371
12944
3143
4284
1728
5219
5797
6176
62174
17508
15001
966
8644
2165
3429
164302
3954
2857
3927
2674
11493
3653
7226
7980
2894
5798
8854
7696
7661
3047
9599
1718
4448
21273
3205
14816
2762
2907
854
2096
4393
453
1103
1223
1207
6295
1390
1287
1152
1870
1147
1925
3277
1535
2180
3777
2219
3406
1858
22553
6151
2728
2804
2619
2371
3057
7242
7657
5725
2513
9761
694
900
18260
2921
668
2284
3029
1920
2310
5920
1491
1357
157
239
2781
608
3040
203
625
445
6314
2516
835
716
907
2241
41866
438
560
1941
3857
3891
1286
2483
9196
6417
2027
2061
2368
8855
7072
735
5019
1957
2517
4717
3419
18443
1234
39036
1316
955
1393
5554
2102
1926
2056
2372
2814
4700
54515
2684
2655
4960
13814
16232
1743
6126
1651
5692
6508
4476
1784
5485
2175
1433
6512
4140
1209
1401
726
0
0
0
685
14797
3858
13921
2101
3909
2292
5739
1834
2302
3846
5482
5664
4325
654
7326
1002
2437
563
717
983
3999
7251
4652
8316
1994
2684
4875
2369
864
1857
9721
1216
5107
6056
7351
6580
5795
8486
1842
4268
2572
5765
2547
6086
2489
2770
2567
2732
1655
6864
8054
5946
789
3923
3202
1671
5337
10017
2846
5498
2537
4894
2235
1646
1525
2243
7177
6575
12899
8990
39976
3497
2816
52146
4008
4483
1237
3733
3143
3429
1060
1912
818
929
2723
6001
5351
2534
4803
4210
1682
681
999
8869
2777
576
775
6012
2036
1728
1869
5493
1695
7962
2132
1750
9329
1165
11732
6968
2836
1695
2304
12175
6402
739
3753
1756
4113
1515
4262
1026
2269
6762
2226
2010
6889
11365
2709
4405
3642
2175
41585
23668
2353
1249
2381
8120
2702
1980
1450
4610
2918
21102
20844
33478
3979
8758
5208
6367
3610
1911
2419
3643
23490
5280
31720
2221
685
14797
3858
0
0
0
17552
13920
8690
5720
6317
2205
17053
2624
19612
949
2125
2173
6294
4359
13690
6981
1759
1404
6640
34739
4405
6006
18117
15123
22375
17910
5799
11998
3838
3308
10737
14831
2413
6342
21260
9953
34899
36977
18631
40320
506
2366
1268
26387
2426
2447
9184
2329
15865
1774
3065
2827
2969
1250
18670
1450
2320
3301
4357
7194
29395
17706
1689
5477
4837
1023
2157
2377
4017
2646
11049
2704
3126
11790
668
10050
9353
4008
9446
3253
2401
3752
1837
818
2821
12856
4300
3970
7480
8445
2745
2259
8999
3379
9286
23899
5678
20323
2018
6339
21443
5276
27003
5108
1911
10867
2329
2747
7001
3608
4743
5564
4808
2704
1531
45778
5420
1732
5550
1000
1981
2972
6385
1237
2180
2272
2302
10266
45000
13516
25700
3592
16518
11498
5207
6174
1973
21637
941
5112
1834
1528
2566
4332
1312
1206
2513
7491
3106
1053
3362
28481
10353
762
1738
1117
13921
2101
3909
17552
13920
8690
0
0
0
2229
6209
6283
2827
4722
3886
7820
10446
4805
4290
26950
12566
2648
2109
4935
2574
38455
2516
5231
8215
12119
15207
21250
4820
36430
20849
7160
9129
20737
17365
3459
3026
2469
2256
7949
13393
3278
4038
4221
885
2710
4080
6910
3542
1372
628
872
11186
408
432
1394
582
148
1705
1338
1032
11575
640
1558
920
948
1283
2500
1641
739
3611
855
1535
5898
1621
445
14316
2769
2309
1099
18526
1535
3456
3666
1440
6743
1985
1034
2481
1212
4773
5601
5777
2281
4861
1006
3835
3729
16882
1156
2253
4944
2941
2453
4149
3364
15057
3753
1189
1676
1713
4266
1477
2172
11457
3690
1435
685
1049
5855
815
3753
1258
2270
2049
52806
2342
1742
3970
1269
3211
1215
1723
2105
889
3183
4588
2473
2973
1043
852
2432
1004
449
173
173
420
1002
2062
1209
638
992
23854
833
1228
3797
6371
12944
2292
5739
1834
5720
6317
2205
2229
6209
6283
0
0
0
2364
3382
7271
2049
3108
18278
7216
8880
2236
15070
6043
843
2414
6882
3331
1111
1178
614
2032
3266
1804
1151
21407
5481
1503
6645
2425
5575
2039
872
2245
997
526
9976
5393
6197
5827
1066
1604
7554
1086
1200
4532
1389
5481
3371
1476
2472
5445
1251
8768
6199
1677
599
2495
2253
3808
44545
1309
2262
1595
4990
903
2118
6578
7242
465
23023
1982
1748
1524
1192
4788
1972
3037
1134
1252
2546
2125
3349
2744
1266
1206
2332
1091
5342
1994
2882
1035
3825
13226
19769
1649
947
2053
850
5105
962
1110
1916
3884
1362
2860
2328
790
6271
636
371
2249
4382
444
5249
641
1762
556
745
5496
3989
1025
1898
2278
3649
1238
953
974
6028
3920
5552
2931
14883
7395
6627
29251
9315
2554
16101
2802
2492
1967
1670
4135
5536
3560
4368
1574
692
3964
3143
4284
1728
2302
3846
5482
17053
2624
19612
2827
4722
3886
2364
3382
7271
0
0
0
2708
18055
458
450
6142
947
1159
1963
12227
1243
3215
168
4164
5400
2361
975
6440
1417
1287
1848
1790
5388
3867
1389
6297
2961
12705
7000
3373
2797
3249
10589
1196
9732
2446
509
4786
2787
2763
1038
9350
1506
2306
36115
1659
7070
4416
4475
6336
3472
4987
4245
2297
1297
12768
4964
2111
10948
1259
8517
7619
11137
2010
1635
3173
3931
3148
3783
2110
2971
4059
1626
3463
13393
1197
14150
3848
805
5275
10440
12117
1429
4891
35493
842
1882
925
758
1916
696
1131
767
1164
763
1591
6348
781
1904
13726
3431
7675
11994
18937
3792
13061
813
3625
9529
5214
2959
932
2298
2612
42129
959
2157
4481
961
1443
8402
5267
2877
2373
1326
3153
1279
6190
3025
2095
39296
6766
5301
4653
11400
3968
94981
28231
3434
8651
13405
30790
5456
5795
13288
5219
5797
6176
5664
4325
654
949
2125
2173
7820
10446
4805
2049
3108
18278
2708
18055
458
0
0
0
1837
1631
6499
1775
791
1075
975
913
1090
6444
8282
6433
3123
10233
44702
2242
1246
6140
14811
10903
4167
17031
3143
9142
3140
2025
8597
5173
131
384
2207
5220
1791
6721
1103
29659
2381
3598
1878
11385
7716
5178
5060
8380
2494
2992
1577
4011
2837
6122
13367
20508
8139
3555
1811
2452
2060
2527
87386
2481
2748
1397
4210
3859
19703
4449
5138
7640
1642
37216
2317
1604
1481
1756
2116
2760
14586
17600
2367
4639
2671
10114
1504
9228
1408
3082
3959
2012
10001
1589
11422
3501
2167
1493
2034
1283
820
25188
913
2535
3373
2209
2176
2124
1688
1689
1599
4126
1038
2116
2024
2641
1198
10446
744
959
851
4183
1782
1413
6452
1114
8244
1891
1914
1095
17834
24757
19983
4736
4057
4597
9973
1785
4586
9379
3114
15941
2532
1077
12492
62174
17508
15001
7326
1002
2437
6294
4359
13690
4290
26950
12566
7216
8880
2236
450
6142
947
1837
1631
6499
0
0
0
1275
1949
2787
14864
18449
454
4716
1386
25934
3381
54367
3928
4319
4468
1952
4340
4948
2130
7214
3591
2169
5544
1911
6179
9268
8789
2964
1258
10641
1144
696
1037
365
463
919
1460
14189
1834
3408
3324
49473
9237
1043
1706
3015
2778
1718
1925
8208
6449
2762
2362
1443
1544
8756
939
7027
1492
32755
734
3155
4618
1862
3323
682
1009
1010
13418
2483
2409
6441
9071
3134
3333
1313
981
1078
2497
2690
542
1229
1558
1109
229
72
128
310
705
336
682
5300
7817
407
725
1586
2568
312
418
439
7712
12696
801
3502
661
1047
1826
1046
876
2304
592
6084
5790
4685
2718
1245
1956
6182
2817
1750
1457
1379
646
1302
6461
47784
2377
13036
8792
29558
22948
2639
6612
5017
8133
24022
1106
9467
3048
966
8644
2165
563
717
983
6981
1759
1404
2648
2109
4935
15070
6043
843
1159
1963
12227
1775
791
1075
1275
1949
2787
0
0
0
763
2034
396
1275
2423
25350
18184
9041
3011
3833
3294
1357
4773
120466
5188
2525
2761
2530
2993
980
20668
469
268
653
3041
1731
8375
1442
6622
1246
3957
804
784
4003
1963
1721
6362
3383
2331
369
4729
1875
10206
1364
1249
1476
6999
1418
2294
965
1901
4733
2335
3551
1487
3468
19748
9581
2725
2422
350
6253
1831
8690
3230
1621
10323
1616
4786
1303
1874
1526
9032
3834
3381
2920
1334
1549
602
661
1556
1475
7521
3962
5547
731
15533
363
4349
1807
1658
492
3536
1971
737
1144
417
611
2650
5742
3976
1451
1137
2009
1022
395
819
375
1450
1854
543
3959
3442
785
6163
1673
2508
958
1057
1052
25901
1906
1912
3971
3561
4891
2340
10387
2221
3031
4223
5302
2358
5750
1443
3429
164302
3954
3999
7251
4652
6640
34739
4405
2574
38455
2516
2414
6882
3331
1243
3215
168
975
913
1090
14864
18449
454
763
2034
396
0
0
0
1398
803
880
9420
7073
806
1819
4112
448
1104
15360
1082
3021
4445
5064
3557
1698
21122
2539
2373
7092
64946
1530
1850
1400
1544
8830
32211
1082
2538
2922
35695
1207
9144
398
788
1473
2866
1872
6835
3529
1771
476
14379
1406
1951
15781
895
2128
2434
829
2076
669
1707
7602
3034
16010
1702
2395
4017
7710
1726
1798
782
3242
1283
6380
51969
5409
1986
36928
3919
4244
15026
9225
5602
1866
2911
2461
3484
2719
7415
1328
3913
1875
2270
1781
1994
26590
4395
5342
7744
7216
1842
1680
10114
5008
671
984
2730
3015
10578
5544
9151
4536
370
2960
1661
785
1186
1635
1469
2421
9387
2390
2073
1680
683
12343
5087
6171
480
7345
1798
390
2167
1971
1617
1105
3570
5734
954
2857
3927
2674
8316
1994
2684
6006
18117
15123
5231
8215
12119
1111
1178
614
4164
5400
2361
6444
8282
6433
4716
1386
25934
1275
2423
25350
1398
803
880
0
0
0
2503
1035
1255
2634
618
1138
2075
2014
1054
4231
796
19067
195
362
481
6054
5952
7094
1837
6054
2538
3006
3697
3516
1829
1916
3123
583
790
2683
1257
594
2939
13165
459
702
2405
1312
524
1214
2079
22421
5024
6040
5370
5889
7107
2116
7374
30328
12928
1024
2329
2432
4120
1125
4463
2371
4518
24497
2530
3036
2245
2960
5012
25745
2396
2226
4301
7381
2759
11921
2731
1720
2969
1738
2354
14213
8291
1282
2279
9368
1727
1786
7097
1965
4653
4011
20810
1888
1741
10223
846
2656
1725
1857
2666
3791
505
1671
475
8232
1950
496
1655
4433
951
6120
3381
1250
7396
7257
682
7200
3713
3954
4763
1581
3705
5067
7539
2693
3379
5952
1923
1805
1642
5823
593
11493
3653
7226
4875
2369
864
22375
17910
5799
15207
21250
4820
2032
3266
1804
975
6440
1417
3123
10233
44702
3381
54367
3928
18184
9041
3011
9420
7073
806
2503
1035
1255
0
0
0
394
2142
533
1254
1354
1499
315
275
1227
1359
3427
2123
2621
1716
3552
3325
1742
525
2168
1066
709
810
2084
1725
2331
1879
570
7028
2003
1465
4842
1541
968
1742
1224
1596
373
700
598
2705
570
5094
3307
1348
6313
965
1855
532
2282
26889
1278
862
3531
1092
21079
735
3105
3454
2885
4900
63539
4385
3505
1810
2516
1889
1328
1428
1870
2056
2089
3501
2062
4489
3229
1773
6171
1958
2087
669
3097
1270
1265
625
905
795
983
1347
1070
780
1291
1424
721
287
332
185
277
346
646
3189
1897
2968
514
436
343
4280
4957
594
779
529
1074
1674
2822
7668
2637
878
57204
1856
2833
3014
2475
6268
4550
81
197
63
7980
2894
5798
1857
9721
1216
11998
3838
3308
36430
20849
7160
1151
21407
5481
1287
1848
1790
2242
1246
6140
4319
4468
1952
3833
3294
1357
1819
4112
448
2634
618
1138
394
2142
533
0
0
0
5134
1387
895
2982
3454
2327
1425
1852
769
13370
3551
2034
4857
2182
55203
1252
3893
3975
4069
48462
2674
7614
2050
1611
1417
9472
1628
4312
9752
1997
2013
7265
6769
2197
1201
1745
33788
681
1518
3694
16311
4903
126976
25611
4079
609
2000
1375
2223
8307
4701
9735
3125
23500
2217
2264
3654
3691
2621
2885
2878
4337
12462
1866
8384
6488
3142
27464
12300
2191
4066
15048
15077
7537
1863
1781
1111
1212
1507
4724
2187
2582
1449
4671
1510
1751
9290
15284
1572
5146
895
3005
2531
810
2711
25222
1186
2124
2256
511
4779
1340
2077
2243
2569
5214
649
5658
7275
5263
3176
1454
3467
29728
11345
11958
2877
15429
3296
3399
5274
2058
769
8854
7696
7661
5107
6056
7351
10737
14831
2413
9129
20737
17365
1503
6645
2425
5388
3867
1389
14811
10903
4167
4340
4948
2130
4773
120466
5188
1104
15360
1082
2075
2014
1054
1254
1354
1499
5134
1387
895
0
0
0
1194
1474
1773
1387
18482
2132
15243
9491
1817
5674
9522
1349
2544
7986
1392
1903
3405
4416
4927
6629
1472
2205
2087
1610
2219
2530
9670
720
2534
3953
24690
1393
2004
934
7701
4190
846
3876
3200
5802
1591
1516
4380
3906
2558
3967
4075
1076
13651
6858
1432
28515
9095
4666
6344
4018
51408
3431
10313
3154
11138
10255
2395
9356
2764
7897
2732
12049
3630
7400
25421
6539
2897
1656
17787
2993
17273
1455
57394
8477
1339
2667
41334
3520
1567
1559
1480
367
646
12869
8633
4582
1650
1816
1364
2387
5311
1323
2995
520
1952
1025
797
1271
3161
1196
3227
3773
2629
1643
5484
5686
5874
13642
1983
1978
1953
607
1905
11392
3047
9599
1718
6580
5795
8486
6342
21260
9953
3459
3026
2469
5575
2039
872
6297
2961
12705
17031
3143
9142
7214
3591
2169
2525
2761
2530
3021
4445
5064
4231
796
19067
315
275
1227
2982
3454
2327
1194
1474
1773
0
0
0
2112
2891
7213
5161
5567
2935
15781
582
1351
1167
3721
2094
1391
1328
4110
584
646
3463
365
474
268
1081
730
4853
250
357
3468
585
1960
447
965
1184
987
860
1307
1470
1581
1594
1329
1302
1004
1696
5865
1019
7388
3328
3653
5836
65009
1643
2060
18214
10084
2579
2124
1606
1298
1831
6063
7181
4456
2187
3246
38198
9709
3745
4810
1372
1501
997
12662
2562
1097
3053
1390
1212
1219
784
8051
3558
4578
858
4424
2183
1377
670
13676
4588
4750
9757
4838
3155
2850
1525
295
1116
22971
663
13863
826
812
6843
2655
2853
2278
1304
10304
408
45324
1305
1547
1375
6396
3592
1271
1129
894
4448
21273
3205
1842
4268
2572
34899
36977
18631
2256
7949
13393
2245
997
526
7000
3373
2797
3140
2025
8597
5544
1911
6179
2993
980
20668
3557
1698
21122
195
362
481
1359
3427
2123
1425
1852
769
1387
18482
2132
2112
2891
7213
0
0
0
29531
8564
3346
1659
1512
7918
1772
19516
2629
1136
1517
3594
13123
3562
1961
2233
6723
8007
1739
13273
2187
3085
1507
1627
4313
2260
5392
2643
3728
1857
3440
2475
2537
8036
28388
11708
3506
41279
3961
7245
3412
1118
2279
2956
24678
1388
1932
1262
4901
10432
2631
1563
1500
5741
3000
766
1333
1236
2405
1426
2842
19207
253
1873
714
1438
4029
483
4047
985
1024
967
982
647
1386
2872
2873
838
2699
1593
1465
1007
2265
1344
2236
3636
1710
1739
4605
1009
9496
993
2160
2258
3961
722
1355
4352
1182
9618
4189
4682
1451
1488
14154
1804
2284
39851
4782
2461
5305
6075
7378
16394
14816
2762
2907
5765
2547
6086
40320
506
2366
3278
4038
4221
9976
5393
6197
3249
10589
1196
5173
131
384
9268
8789
2964
469
268
653
2539
2373
7092
6054
5952
7094
2621
1716
3552
13370
3551
2034
15243
9491
1817
5161
5567
2935
29531
8564
3346
0
0
0
