C_ijk
0
0
0
155
112
148
273
304
40
346
739
987
295
1186
3090
7807
120
139
3458
799
791
2484
798
613
366
1090
493
569
882
640
387
567
651
502
467
670
1890
2545
612
749
3940
2080
625
962
841
2873
1612
6321
3969
578
10091
1439
25493
1401
2550
704
1426
983
1122
16513
1606
1702
425
425
6544
318
1205
273
304
896
1404
4259
2573
951
2436
710
243
1005
660
985
566
2267
1033
814
570
1274
476
593
488
299
1081
601
1245
208
230
744
2721
6428
583
668
8250
4045
2483
1557
1149
1556
1155
2164
3402
981
1494
1837
2739
2854
23502
2688
1190
1426
10319
20169
2830
2238
2528
528
2621
1845
1339
522
3690
1451
4500
2978
8661
2979
1872
981
1184
2765
968
1076
1189
1858
1435
25933
1088
1853
1165
1830
3263
938
1595
7635
8171
13790
5369
23074
2396
3538
635
48110
2633
3281
155
112
148
0
0
0
256
31
92
583
655
11336
6410
1176
2868
2867
2527
942
2189
651
2196
816
2771
10115
188
473
456
2066
5618
961
1995
461
842
164
1169
1064
684
173
961
614
2298
1584
949
901
1268
1095
3162
3592
989
2909
1170
804
1272
1012
1413
2005
655
2482
1731
1307
323
421
2598
1264
590
1420
396
1627
445
1970
2672
2517
1298
994
13851
821
7310
5467
9336
1184
875
6932
1889
4146
667
2333
297
737
2303
967
1203
7081
1508
530
693
1996
5841
4941
26613
12256
1781
1228
3817
28601
28180
22891
1023
6139
1672
2136
5911
60838
4295
5757
780
595
3034
10802
4538
9384
26730
1741
1588
3708
809
2205
2983
7008
2363
2140
1154
1977
1648
1523
1423
885
1850
32221
5497
2336
718
1544
26777
1600
8220
1641
6148
647
1481
11707
2149
6346
1998
1312
3177
2311
1851
967
13244
3900
4260
771
273
304
40
256
31
92
0
0
0
2055
1131
808
2120
1867
1515
996
382
509
921
8370
2417
1387
259
1548
347
412
917
737
2796
1424
535
751
429
152
233
269
93
278
287
4032
751
2461
1372
1030
440
975
2454
290
8990
428
3194
573
16340
2737
15816
338
3037
2625
5175
1898
433
501
1025
738
613
2555
378
569
700
1435
19650
760
1769
779
4251
407
1274
3077
2095
3688
2228
5906
2076
1523
1402
498
1332
380
6777
7205
18281
831
788
306
1251
350
20072
3971
855
2627
658
1856
13606
829
7234
1288
4798
2244
3862
1755
1066
771
17258
5947
2985
884
14001
5823
967
809
4026
7396
19395
2015
954
1139
2949
1398
1732
1676
1531
775
4472
5054
7213
5329
1285
702
1934
452
761
1278
6597
3171
16403
2012
2552
7048
1605
31699
6919
5444
5616
2068
10871
5998
971
7473
2877
1941
12414
12427
346
739
987
583
655
11336
2055
1131
808
0
0
0
595
1315
1169
439
219
420
394
1314
1017
129
109
184
862
2036
266
550
974
222
789
234
133
4898
2165
626
826
431
6286
927
2908
1112
761
633
1153
3690
2912
1993
8367
5419
653
1381
4091
5244
1214
3224
1719
995
2018
4118
2181
1556
691
1671
2082
1030
955
548
705
1905
2771
1405
1383
2830
1667
11016
1198
2815
20840
3832
744
1343
2463
2560
1239
1279
565
263
12266
926
6790
793
896
146
623
3718
7488
2717
3453
857
3672
706
1564
1134
1413
1723
1136
1633
1323
2794
1295
1488
3914
35641
68063
703
37422
4380
16845
3404
1947
3028
5852
1560
708
925
4039
5882
3976
11411
1977
1642
3896
34574
7347
1316
11377
1339
1016
5983
2027
644
494
9769
21336
767
2130
896
446
2002
594
4986
1253
1600
1037
4098
415
677
1808
9948
4122
2996
295
1186
3090
6410
1176
2868
2120
1867
1515
595
1315
1169
0
0
0
3720
644
1582
896
352
552
1164
615
6790
4246
991
1648
13249
1003
750
4574
409
1435
671
617
1232
489
1131
3283
1883
2736
1899
1225
890
849
4043
986
1839
4321
2178
2398
1060
4104
5128
11881
2233
1772
4843
3651
16791
12502
11611
1370
2996
1278
11490
2093
2981
4222
1277
67002
3036
8151
2052
1106
1776
2043
800
5186
2554
1661
1827
692
1006
8998
2579
1468
532
1016
3396
964
3914
2626
1054
832
913
547
763
2346
535
800
2822
1102
306
423
1668
2525
466
2640
1643
1066
1296
7159
4794
15891
10951
2269
3500
3618
27819
1629
2476
4303
297
545
670
3363
6828
1438
3656
2209
1834
2084
3855
905
11890
5906
3405
4532
18152
3518
921
1033
1406
1373
9983
2719
2740
2036
805
4876
2140
5219
3027
2260
1522
4453
932
424
2577
8356
2031
7807
120
139
2867
2527
942
996
382
509
439
219
420
3720
644
1582
0
0
0
1751
1581
1176
271
797
266
987
614
1302
5445
4863
983
231
682
212
920
2297
3961
498
641
591
15060
1553
926
698
629
1475
5126
2690
2871
1699
873
2737
1398
2325
6873
973
1613
708
2974
5401
2612
1006
753
479
1150
439
3826
810
3395
765
2084
1068
1384
2909
6233
1817
5125
571
1389
883
937
10759
1266
1775
3791
344
493
1580
1141
358
1348
434
844
668
296
296
703
3249
12193
2211
1490
1864
9909
6077
1523
2569
6429
2022
3126
1695
726
770
1622
12965
21990
1684
2793
2116
25467
1203
2608
14655
3894
626
1435
1210
2499
6568
3896
8334
1144
4230
1612
1183
1468
2365
1718
2826
1302
4699
5079
2021
880
1960
1174
3058
4871
1381
528
646
4147
7782
2718
2146
6011
1882
2159
1667
1462
12484
10149
5678
4837
3458
799
791
2189
651
2196
921
8370
2417
394
1314
1017
896
352
552
1751
1581
1176
0
0
0
316
487
5774
2536
1140
889
1710
362
2512
744
333
1251
3468
534
335
4378
4456
1594
2721
3624
792
3143
864
1519
6066
6795
6152
5722
1603
4917
1198
7479
1121
4175
2500
1459
8285
7059
2478
2788
3466
5323
430
585
19205
863
1079
1560
1006
1693
1286
1729
2047
2595
2403
885
1131
607
2524
951
20213
2972
883
2422
3074
1381
1316
1851
6667
2951
917
2081
527
2344
1098
7524
1320
1427
760
1194
13916
928
4645
2360
392
459
854
3789
3420
5127
1690
4844
5798
3437
4438
1363
3165
1641
2837
1314
3051
6719
232
845
773
1166
4519
1780
6627
40703
12672
2671
12095
7685
1552
2564
5635
2986
1507
15523
945
3246
1503
1310
2260
783
935
1303
1109
5500
2260
3518
1126
2687
895
5270
378
539
1240
4379
11505
2484
798
613
816
2771
10115
1387
259
1548
129
109
184
1164
615
6790
271
797
266
316
487
5774
0
0
0
233
256
404
2343
1220
1254
556
2249
6241
2211
716
5400
1467
1213
857
717
570
511
23119
694
1855
745
979
563
23025
1398
11194
1901
5666
7214
5216
9660
526
1537
9575
1790
853
1818
833
3447
1235
3574
1971
823
251
2154
1140
2790
939
1176
11675
1025
890
620
2124
4310
8729
1057
5358
1218
709
1072
546
286
302
318
423
344
311
428
3049
339
3362
1959
1046
10350
1906
686
1684
1293
21446
11811
3933
1448
9041
1113
839
897
3273
11092
1082
2640
6643
17178
3184
2480
7351
7948
1505
855
862
428
6850
4207
1559
31632
3257
2345
3949
4034
5887
1359
4316
2813
1920
2471
8788
4863
1218
3978
665
1631
1882
424
20329
1555
1462
1094
5857
23401
1008
1059
1902
834
2586
5964
2637
1555
366
1090
493
188
473
456
347
412
917
862
2036
266
4246
991
1648
987
614
1302
2536
1140
889
233
256
404
0
0
0
1406
228
5925
169
545
159
2273
457
243
481
70
291
955
621
1234
1416
2736
417
891
11696
1387
3938
1415
546
731
868
2920
14666
785
1212
2169
749
670
14479
1317
854
2081
723
8232
559
896
562
951
2084
694
1866
836
2474
623
8005
2704
6127
7807
4695
7220
3252
3832
620
1436
705
919
1390
1564
3023
684
532
933
11860
3542
2218
1028
1323
2633
1786
1544
1215
6877
2467
4956
1622
1304
1329
14072
2322
1772
33249
7924
5423
753
3219
9659
2812
2592
3665
4161
2721
3262
2000
11062
7647
29257
1260
5605
2250
15625
2403
4286
3048
1668
1694
1982
4005
722
2548
3643
1256
1949
5042
3690
4404
5753
539
2082
4179
1545
5119
3716
6527
95938
4194
2018
3180
1958
4065
6735
569
882
640
2066
5618
961
737
2796
1424
550
974
222
13249
1003
750
5445
4863
983
1710
362
2512
2343
1220
1254
1406
228
5925
0
0
0
1333
541
606
892
782
925
801
5593
464
9974
501
1540
1074
2611
5872
1262
4156
8268
1502
1476
1438
4078
4678
1455
5419
2905
10515
15160
3025
2043
3110
5910
2253
6179
1184
4223
8992
1845
2028
10367
3416
1353
1470
1733
1858
2068
14071
2137
1668
1599
21183
7463
1049
2735
2230
17361
1435
19539
410
2050
1073
577
2894
2483
1480
3727
5643
1119
573
1494
429
5391
3561
822
415
616
516
565
968
1677
21178
5810
2813
2521
8338
7872
17632
5820
2043
7918
1624
1756
2357
924
753
861
3993
25142
13647
41242
1644
5601
2538
2829
13293
19683
3098
1252
7857
2429
1724
1733
2172
6589
5435
8250
8538
2279
2550
2787
1073
1124
948
3883
1807
3334
985
1926
3525
40636
1798
5898
387
567
651
1995
461
842
535
751
429
789
234
133
4574
409
1435
231
682
212
744
333
1251
556
2249
6241
169
545
159
1333
541
606
0
0
0
3616
1065
141
1419
200
292
1292
227
823
641
858
572
1239
1066
1243
858
7824
620
1558
6249
8476
1267
1429
806
1590
2062
4813
1237
1351
4302
2605
1170
1305
1185
720
461
2514
38381
1598
1371
22748
1768
812
1354
3356
1479
727
3183
948
2214
13834
544
1855
1429
809
5010
597
377
2281
6896
969
1198
860
678
1296
841
845
2079
770
1936
1349
24478
1702
1102
1034
4821
2259
578
10764
2014
2044
1665
2157
4740
1347
3482
1022
1743
5269
4861
5248
1620
1637
13635
8705
13524
3224
4717
1445
5257
3842
1630
2323
1302
1439
1421
1969
1071
2924
796
4116
6968
3560
99120
20538
1413
2484
2630
4881
3207
94781
8370
1425
514
944
12984
2957
2228
2953
502
467
670
164
1169
1064
152
233
269
4898
2165
626
671
617
1232
920
2297
3961
3468
534
335
2211
716
5400
2273
457
243
892
782
925
3616
1065
141
0
0
0
85
76
312
2811
458
227
262
189
281
2513
281
3371
543
358
322
1726
720
1969
735
2244
1791
3026
1658
1055
687
515
454
7274
298
979
2004
1487
181
834
1629
1635
633
2632
1748
968
3649
3264
1913
28353
8284
622
1092
1213
1194
7098
745
906
1185
835
735
1130
2286
468
8031
4234
1981
8071
8985
1343
703
27985
4129
15085
6152
1693
3031
4888
5307
3771
4140
1691
5304
7884
32811
2565
3465
1382
8628
1520
8896
1886
3529
1821
873
6489
4017
2849
2158
5151
2336
15440
4239
5187
1512
4747
1432
3213
9410
707
4679
12539
5616
1818
1570
1449
1679
11340
2420
1221
2734
2337
1918
1657
3842
1550
2391
3440
466
11090
1789
2536
1890
2545
612
684
173
961
93
278
287
826
431
6286
489
1131
3283
498
641
591
4378
4456
1594
1467
1213
857
481
70
291
801
5593
464
1419
200
292
85
76
312
0
0
0
1061
826
1832
184
745
1398
4745
13624
659
743
1588
170
686
810
5702
1332
4233
1284
1603
731
2272
5650
286
1045
593
1957
562
907
218
567
1068
2332
706
574
984
2389
1016
389
1845
1506
1867
2597
903
843
983
5186
3980
2814
1531
480
1426
1161
1273
1127
375
3849
152
3841
1116
3589
2202
3238
48404
1155
1086
2758
515
2004
1372
1889
7051
1783
4473
2106
1124
2739
3012
1165
2201
8345
2263
1890
4020
3157
3151
7143
991
1842
11587
33375
2427
18228
3635
2798
5871
7327
5770
1129
2590
592
3126
32585
1297
1104
1220
2534
792
5589
6562
7483
6961
2346
1097
1917
2811
27102
11366
1131
2506
821
7076
7796
3391
749
3940
2080
614
2298
1584
4032
751
2461
927
2908
1112
1883
2736
1899
15060
1553
926
2721
3624
792
717
570
511
955
621
1234
9974
501
1540
1292
227
823
2811
458
227
1061
826
1832
0
0
0
2468
364
783
1012
728
532
1842
253
5477
1124
1832
7653
2500
3371
1415
2596
6290
2168
2083
5611
618
1065
3719
978
19559
837
1055
2459
981
864
3423
3386
2583
2753
1665
1757
4297
3005
8850
2132
4435
5098
2691
5821
1299
1710
1004
18144
5147
3213
1082
18461
6179
5371
2217
2774
8482
1694
2075
616
3237
5759
3603
1931
808
3926
2181
14813
1404
3161
9606
1554
3990
2086
9646
3948
689
2556
3689
19225
9616
738
1137
2044
3841
11341
1247
13166
11109
4277
16620
9713
5221
2428
1693
4263
4645
3335
1606
1730
39409
3995
2507
7382
4964
4484
3686
5519
6667
3956
6997
9651
57259
5473
1105
2258
1645
3867
5606
11184
625
962
841
949
901
1268
1372
1030
440
761
633
1153
1225
890
849
698
629
1475
3143
864
1519
23119
694
1855
1416
2736
417
1074
2611
5872
641
858
572
262
189
281
184
745
1398
2468
364
783
0
0
0
420
624
9193
454
1181
5610
8847
10458
346
2049
3155
2814
795
21372
1029
674
600
2118
1786
766
1765
835
1075
936
1791
1646
1297
11361
906
928
1380
1078
724
4399
1196
1467
1087
698
3419
1981
4210
2490
1411
1918
2751
38627
345
1985
479
9490
4442
3593
1449
892
6544
11053
665
16440
31484
2205
27052
2248
713
22031
1067
7545
2074
1294
2067
1025
957
3512
1818
3898
4280
1012
2288
7639
1357
2591
7119
3588
2686
13200
1734
598
3617
4820
2778
8044
2976
13158
45050
10394
30658
28090
19519
2041
5461
3166
40407
3602
1640
19395
1307
3940
805
1118
3654
1489
1591
2068
7434
2489
5147
4515
1631
2873
1612
6321
1095
3162
3592
975
2454
290
3690
2912
1993
4043
986
1839
5126
2690
2871
6066
6795
6152
745
979
563
891
11696
1387
1262
4156
8268
1239
1066
1243
2513
281
3371
4745
13624
659
1012
728
532
420
624
9193
0
0
0
1242
333
130
260
295
790
667
20992
782
1409
327
876
739
975
23820
2629
914
24896
1100
6567
6717
2311
1421
12202
767
697
1361
3554
6945
930
3152
2976
6270
1620
8014
7150
1507
5904
2614
6502
4917
2151
1123
5023
12538
3471
756
451
2582
3037
3107
1464
17482
1456
6406
2902
3249
5352
2990
18256
1001
25030
2738
1140
1040
4222
686
471
1912
1754
800
3196
3409
2600
1850
5676
7590
1984
6668
1799
3485
1433
2289
1390
4660
3864
7723
19211
23425
393
6213
2707
2923
8565
1466
32311
6339
2881
2287
2033
44607
1955
9779
7930
2864
6302
5195
2792
2601
21917
1307
3615
1607
7232
3969
578
10091
989
2909
1170
8990
428
3194
8367
5419
653
4321
2178
2398
1699
873
2737
5722
1603
4917
23025
1398
11194
3938
1415
546
1502
1476
1438
858
7824
620
543
358
322
743
1588
170
1842
253
5477
454
1181
5610
1242
333
130
0
0
0
263
117
313
1704
2715
1803
3258
2394
1540
517
228
951
1115
1636
11793
256
505
1371
2277
771
2054
1199
27644
2184
1577
1265
2074
978
5035
931
9072
2416
3571
6754
900
3291
1942
2569
2570
2256
1466
961
2537
8137
3224
1153
11637
21971
2235
7430
1802
14778
31094
5174
2507
3105
3653
2777
5774
5245
4165
1692
13610
800
2261
626
2921
1151
1675
2734
2276
1910
995
5374
6800
2727
3681
675
1698
1484
1899
2480
1326
3805
818
756
785
3891
5360
1846
1346
14243
3259
1793
1913
2114
5903
3872
4484
2131
2952
2716
4716
14162
5679
30669
7284
2921
16221
5927
3368
1439
25493
1401
804
1272
1012
573
16340
2737
1381
4091
5244
1060
4104
5128
1398
2325
6873
1198
7479
1121
1901
5666
7214
731
868
2920
4078
4678
1455
1558
6249
8476
1726
720
1969
686
810
5702
1124
1832
7653
8847
10458
346
260
295
790
263
117
313
0
0
0
4078
512
480
843
888
470
725
1102
1622
341
8947
4244
2481
2365
2590
975
530
1081
4888
1063
1495
1097
833
2130
1519
1998
712
1253
11152
3682
3074
8883
3243
6102
5195
1272
4505
7258
2710
759
3233
8938
3148
4161
16798
3560
1550
4693
6482
5206
1100
3065
5763
4068
5945
1278
1678
3464
2507
3905
3904
531
310
4056
1628
965
2603
2887
6412
1624
6771
1075
2069
1966
11155
4305
1563
5050
4683
3066
23131
413
1434
9757
2458
1607
3597
7481
4219
2037
4094
11499
2643
1616
1124
3304
14185
4954
11652
6650
3131
2263
1563
3800
5006
1065
7697
792
2550
704
1426
1413
2005
655
15816
338
3037
1214
3224
1719
11881
2233
1772
973
1613
708
4175
2500
1459
5216
9660
526
14666
785
1212
5419
2905
10515
1267
1429
806
735
2244
1791
1332
4233
1284
2500
3371
1415
2049
3155
2814
667
20992
782
1704
2715
1803
4078
512
480
0
0
0
332
3003
623
173
94
405
981
893
445
272
1554
699
601
2727
344
489
1197
501
1987
472
1872
579
4838
1461
591
661
12577
3251
4042
3615
3266
1295
519
1099
3569
1354
2789
690
673
1515
2620
5651
4296
2279
2466
3627
4565
6221
5101
1872
764
3672
1245
5565
2134
1084
6703
871
1805
852
1653
1775
1152
4104
4051
844
963
8090
2780
8221
3264
2914
11246
1007
2382
964
1843
2959
503
611
7370
1521
260
2841
1251
5929
5684
25046
4700
11372
1365
3585
1374
1129
15617
1804
10072
5396
21262
3053
1373
2733
6176
1931
1813
983
1122
16513
2482
1731
1307
2625
5175
1898
995
2018
4118
4843
3651
16791
2974
5401
2612
8285
7059
2478
1537
9575
1790
2169
749
670
15160
3025
2043
1590
2062
4813
3026
1658
1055
1603
731
2272
2596
6290
2168
795
21372
1029
1409
327
876
3258
2394
1540
843
888
470
332
3003
623
0
0
0
341
152
509
1154
1145
519
988
949
1608
239
670
2367
1816
617
673
939
13810
471
4080
1766
5122
730
879
1644
2539
4825
4212
1699
34492
2924
3773
1196
1557
1293
519
3069
28292
16334
4960
1583
2931
6187
6544
8115
1780
3513
2353
2048
14756
2739
31253
1449
5904
16359
3674
1400
1233
1855
3776
2301
1293
10612
2688
3482
28873
11771
17246
376
1605
921
1423
2301
4713
1155
19065
440
55
76
2308
1221
4073
7309
1384
3565
4540
4988
1689
6078
2097
3147
28161
2181
3202
2937
4656
23181
3038
7934
5324
1665
462
1282
1606
1702
425
323
421
2598
433
501
1025
2181
1556
691
12502
11611
1370
1006
753
479
2788
3466
5323
853
1818
833
14479
1317
854
3110
5910
2253
1237
1351
4302
687
515
454
5650
286
1045
2083
5611
618
674
600
2118
739
975
23820
517
228
951
725
1102
1622
173
94
405
341
152
509
0
0
0
696
1275
1040
736
4879
2095
784
351
198
2011
792
249
3746
548
796
21355
1813
25335
7364
1933
1325
1048
1484
1065
1891
948
5308
773
3516
1858
1264
2907
2595
1624
1873
3151
22818
11239
4191
1497
2653
2029
3039
5485
2026
1468
1092
670
2125
1729
4662
801
2030
1514
3543
3989
1346
56054
5035
2915
4419
1841
3898
3408
1270
1618
2638
6334
546
1358
3481
17584
5525
1379
2245
753
1299
6083
1355
9449
15373
2790
2071
12652
2339
8438
14869
3038
2087
18361
1834
1889
16915
1028
3788
1677
12710
1209
485
425
6544
318
1264
590
1420
738
613
2555
1671
2082
1030
2996
1278
11490
1150
439
3826
430
585
19205
3447
1235
3574
2081
723
8232
6179
1184
4223
2605
1170
1305
7274
298
979
593
1957
562
1065
3719
978
1786
766
1765
2629
914
24896
1115
1636
11793
341
8947
4244
981
893
445
1154
1145
519
696
1275
1040
0
0
0
266
2507
383
165
419
305
1018
613
1647
947
1726
2154
1751
1225
1075
1610
1867
332
822
512
272
1282
13252
1831
5342
605
8914
481
407
1657
4609
9951
4291
2654
1706
4522
5823
2386
3344
3369
2104
4012
1517
15401
1289
805
3212
7354
1077
7971
2866
2703
1797
4120
27555
13544
10149
5416
2928
6100
1946
1085
2397
1967
1684
5031
19248
1603
9657
823
2144
4095
224
437
2000
4696
888
4388
6800
4015
4786
569
517
1295
6626
6932
1280
20362
1089
3406
2647
7205
885
2875
2073
7554
1205
273
304
396
1627
445
378
569
700
955
548
705
2093
2981
4222
810
3395
765
863
1079
1560
1971
823
251
559
896
562
8992
1845
2028
1185
720
461
2004
1487
181
907
218
567
19559
837
1055
835
1075
936
1100
6567
6717
256
505
1371
2481
2365
2590
272
1554
699
988
949
1608
736
4879
2095
266
2507
383
0
0
0
5382
840
728
195
254
1054
161
270
144
4776
1045
1426
301
567
670
739
542
5592
1382
599
1888
1045
351
9082
502
428
710
1400
2810
4241
2975
2458
4104
3124
11537
3052
10698
2892
2883
2248
1678
628
1096
5718
1377
616
55236
1725
7453
12741
1066
2772
1095
5843
969
1728
3512
1131
1173
626
13247
45347
3309
1007
7127
879
368
349
1090
467
353
1764
21400
7297
9147
2657
1853
4718
1387
1057
434
5348
4335
2193
2126
6682
6219
11286
2384
525
6931
1090
11612
896
1404
4259
1970
2672
2517
1435
19650
760
1905
2771
1405
1277
67002
3036
2084
1068
1384
1006
1693
1286
2154
1140
2790
951
2084
694
10367
3416
1353
2514
38381
1598
834
1629
1635
1068
2332
706
2459
981
864
1791
1646
1297
2311
1421
12202
2277
771
2054
975
530
1081
601
2727
344
239
670
2367
784
351
198
165
419
305
5382
840
728
0
0
0
149
323
60
412
913
2830
1123
839
965
932
3031
566
731
752
3153
2897
1354
4668
4244
2818
6010
1326
1469
555
3796
52277
1356
4024
21713
3612
6643
3346
3041
4181
5518
10888
1129
7192
3968
2932
1327
3639
2952
2921
1609
1201
2265
2199
5748
3327
2673
7245
667
2389
565
1316
9726
979
1801
1533
744
3089
618
245
1209
754
119
1959
295
1559
5242
1949
1670
3241
7023
1201
2863
1192
1431
9731
2678
1460
1200
2347
2014
4291
2910
5275
381
999
2573
951
2436
1298
994
13851
1769
779
4251
1383
2830
1667
8151
2052
1106
2909
6233
1817
1729
2047
2595
939
1176
11675
1866
836
2474
1470
1733
1858
1371
22748
1768
633
2632
1748
574
984
2389
3423
3386
2583
11361
906
928
767
697
1361
1199
27644
2184
4888
1063
1495
489
1197
501
1816
617
673
2011
792
249
1018
613
1647
195
254
1054
149
323
60
0
0
0
510
2990
1082
514
852
607
1639
2109
881
444
5381
514
1508
1208
4661
6455
1319
1051
4494
1297
619
2895
4648
1308
10035
5490
3372
2135
3020
2347
4337
2733
5993
574
1545
1553
7053
2469
18163
2329
2295
2215
5780
1816
2653
13237
9525
6483
1837
1900
9933
587
4395
651
1393
2952
1334
970
1794
26026
1185
1568
2077
488
3204
465
2490
2023
7179
19379
1861
5189
2105
3655
10986
6781
970
1649
1685
9687
2503
15208
7962
6937
2544
3214
1324
710
243
1005
821
7310
5467
407
1274
3077
11016
1198
2815
1776
2043
800
5125
571
1389
2403
885
1131
1025
890
620
623
8005
2704
2068
14071
2137
812
1354
3356
968
3649
3264
1016
389
1845
2753
1665
1757
1380
1078
724
3554
6945
930
1577
1265
2074
1097
833
2130
1987
472
1872
939
13810
471
3746
548
796
947
1726
2154
161
270
144
412
913
2830
510
2990
1082
0
0
0
964
845
2816
2024
1206
1089
326
660
1057
1092
1533
825
502
545
918
707
401
535
2546
22492
10327
4359
2351
4382
1345
1068
1734
1607
2873
9686
1775
3281
397
6858
4193
3310
4346
1148
1745
1521
10459
4056
7822
3502
1159
2843
2761
1413
3642
3997
4849
6457
1120
5993
3468
1096
1257
411
662
836
1556
1108
749
14387
2034
3182
1297
1593
1112
355
251
738
804
2806
30148
1786
2152
5170
3033
1427
1407
939
2518
2399
660
985
566
9336
1184
875
2095
3688
2228
20840
3832
744
5186
2554
1661
883
937
10759
607
2524
951
2124
4310
8729
6127
7807
4695
1668
1599
21183
1479
727
3183
1913
28353
8284
1506
1867
2597
4297
3005
8850
4399
1196
1467
3152
2976
6270
978
5035
931
1519
1998
712
579
4838
1461
4080
1766
5122
21355
1813
25335
1751
1225
1075
4776
1045
1426
1123
839
965
514
852
607
964
845
2816
0
0
0
179
215
692
1589
386
382
6442
522
487
839
563
1562
10463
3855
706
5067
1464
2356
5760
1758
2291
19653
4094
3966
10289
2645
2306
1785
10145
370
6287
14131
5686
1721
3117
3318
9519
2655
5121
6126
15569
101406
8406
3262
4679
836
839
413
3691
4748
2850
2159
1123
2522
1125
3711
2758
3231
991
2121
4100
1332
8774
1453
865
1979
342
243
177
1837
2320
2334
674
2175
6057
4895
2835
1205
15840
3945
3700
2267
1033
814
6932
1889
4146
5906
2076
1523
1343
2463
2560
1827
692
1006
1266
1775
3791
20213
2972
883
1057
5358
1218
7220
3252
3832
7463
1049
2735
948
2214
13834
622
1092
1213
903
843
983
2132
4435
5098
1087
698
3419
1620
8014
7150
9072
2416
3571
1253
11152
3682
591
661
12577
730
879
1644
7364
1933
1325
1610
1867
332
301
567
670
932
3031
566
1639
2109
881
2024
1206
1089
179
215
692
0
0
0
1781
432
350
2593
870
1035
4680
812
1319
4068
593
6548
4114
6460
3478
2656
2703
3365
6522
2353
1382
12951
1488
5636
433
6806
407
7524
4696
14529
4213
1218
7268
2071
3623
4384
7114
17032
5931
1751
1412
6853
665
1287
3085
1214
2745
849
2173
7309
4193
590
16493
6138
664
316
2118
621
18361
4345
964
1512
1723
2207
624
714
3012
1578
1993
3047
5951
5865
830
21896
6233
631
1376
1582
570
1274
476
667
2333
297
1402
498
1332
1239
1279
565
8998
2579
1468
344
493
1580
2422
3074
1381
709
1072
546
620
1436
705
2230
17361
1435
544
1855
1429
1194
7098
745
5186
3980
2814
2691
5821
1299
1981
4210
2490
1507
5904
2614
6754
900
3291
3074
8883
3243
3251
4042
3615
2539
4825
4212
1048
1484
1065
822
512
272
739
542
5592
731
752
3153
444
5381
514
326
660
1057
1589
386
382
1781
432
350
0
0
0
1195
3310
773
451
525
378
539
750
546
3549
2131
11152
1717
3828
998
528
885
4510
1028
2196
2918
373
439
2223
1900
2203
6508
1493
10869
3188
1692
12648
10922
2352
2812
2344
2216
1147
2408
3942
276
1005
7856
2086
9350
913
3607
1534
777
1022
705
467
933
860
2051
2473
3021
4080
2155
1614
1145
478
549
2790
18429
6765
880
2134
1415
2926
1135
845
1055
4300
7149
593
488
299
737
2303
967
380
6777
7205
263
12266
926
532
1016
3396
1141
358
1348
1316
1851
6667
286
302
318
919
1390
1564
19539
410
2050
809
5010
597
906
1185
835
1531
480
1426
1710
1004
18144
1411
1918
2751
6502
4917
2151
1942
2569
2570
6102
5195
1272
3266
1295
519
1699
34492
2924
1891
948
5308
1282
13252
1831
1382
599
1888
2897
1354
4668
1508
1208
4661
1092
1533
825
6442
522
487
2593
870
1035
1195
3310
773
0
0
0
202
141
153
1247
458
302
27110
766
1583
969
2877
2266
3864
3202
606
4741
680
1511
1134
1019
1754
6556
9481
4202
3375
6296
6420
29515
5219
4106
8227
2275
2951
8010
1877
26477
1531
1485
2013
1643
1258
7929
2435
5443
2025
634
1728
1117
34222
1861
1086
16476
1026
1057
1742
772
1267
15282
4915
15484
6649
3849
1664
1426
21456
11151
1564
509
325
4176
20727
1136
1081
601
1245
1203
7081
1508
18281
831
788
6790
793
896
964
3914
2626
434
844
668
2951
917
2081
423
344
311
3023
684
532
1073
577
2894
377
2281
6896
735
1130
2286
1161
1273
1127
5147
3213
1082
38627
345
1985
1123
5023
12538
2256
1466
961
4505
7258
2710
1099
3569
1354
3773
1196
1557
773
3516
1858
5342
605
8914
1045
351
9082
4244
2818
6010
6455
1319
1051
502
545
918
839
563
1562
4680
812
1319
451
525
378
202
141
153
0
0
0
222
356
497
1385
1694
3110
1853
12130
7891
9759
3296
3468
1615
2582
2370
2619
511
708
3036
21933
2071
1573
1783
636
1697
4598
3634
1769
4910
8152
16046
2057
1037
9245
2124
4771
7575
2706
3835
7129
15176
1656
1711
1890
11313
897
23825
1127
2941
19853
1704
1358
7017
695
753
1305
2854
994
4056
28395
3363
1414
17636
1461
3060
2061
1418
3217
2428
208
230
744
530
693
1996
306
1251
350
146
623
3718
1054
832
913
296
296
703
527
2344
1098
428
3049
339
933
11860
3542
2483
1480
3727
969
1198
860
468
8031
4234
375
3849
152
18461
6179
5371
479
9490
4442
3471
756
451
2537
8137
3224
759
3233
8938
2789
690
673
1293
519
3069
1264
2907
2595
481
407
1657
502
428
710
1326
1469
555
4494
1297
619
707
401
535
10463
3855
706
4068
593
6548
539
750
546
1247
458
302
222
356
497
0
0
0
3301
36005
7614
1566
17020
2810
2726
2007
1395
997
16966
1992
1059
2625
5714
2845
13791
2489
883
2136
1167
45745
2720
2001
1867
1277
6542
540
1380
1555
5424
3215
1325
1078
1367
122800
3689
6938
1888
2160
5444
942
525
2060
2201
3697
3737
2406
713
1445
1425
1601
771
2275
1730
13607
30720
1575
1135
5484
274
1243
884
1766
10481
1707
2721
6428
583
5841
4941
26613
20072
3971
855
7488
2717
3453
547
763
2346
3249
12193
2211
7524
1320
1427
3362
1959
1046
2218
1028
1323
5643
1119
573
678
1296
841
1981
8071
8985
3841
1116
3589
2217
2774
8482
3593
1449
892
2582
3037
3107
1153
11637
21971
3148
4161
16798
1515
2620
5651
28292
16334
4960
1624
1873
3151
4609
9951
4291
1400
2810
4241
3796
52277
1356
2895
4648
1308
2546
22492
10327
5067
1464
2356
4114
6460
3478
3549
2131
11152
27110
766
1583
1385
1694
3110
3301
36005
7614
0
0
0
1325
889
865
1892
5016
1510
1733
386
793
2569
4222
4960
28973
1644
1028
5338
2877
1049
9803
2006
10879
1071
1387
6540
564
2793
39707
4858
5990
6964
5491
10304
20841
7795
4484
5458
19842
2872
6345
1668
1717
2811
5094
3045
10947
1805
24914
13760
11861
1235
2411
4268
1770
2679
2454
2013
5055
2576
3728
1917
3919
3745
14042
668
8250
4045
12256
1781
1228
2627
658
1856
857
3672
706
535
800
2822
1490
1864
9909
760
1194
13916
10350
1906
686
2633
1786
1544
1494
429
5391
845
2079
770
1343
703
27985
2202
3238
48404
1694
2075
616
6544
11053
665
1464
17482
1456
2235
7430
1802
3560
1550
4693
4296
2279
2466
1583
2931
6187
22818
11239
4191
2654
1706
4522
2975
2458
4104
4024
21713
3612
10035
5490
3372
4359
2351
4382
5760
1758
2291
2656
2703
3365
1717
3828
998
969
2877
2266
1853
12130
7891
1566
17020
2810
1325
889
865
0
0
0
1416
866
155
1227
234
458
1826
1454
79517
5383
4987
8624
23122
877
2479
3754
8008
23828
2218
2168
9395
2186
5992
178
2181
19086
6676
1158
10387
7228
12147
2585
6981
3509
22234
4228
19184
11629
2958
585
386
1069
3585
8261
3143
33361
23368
4527
6949
28584
11397
2315
9407
2103
484
1320
945
9972
62096
7125
2483
1557
1149
3817
28601
28180
13606
829
7234
1564
1134
1413
1102
306
423
6077
1523
2569
928
4645
2360
1684
1293
21446
1215
6877
2467
3561
822
415
1936
1349
24478
4129
15085
6152
1155
1086
2758
3237
5759
3603
16440
31484
2205
6406
2902
3249
14778
31094
5174
6482
5206
1100
3627
4565
6221
6544
8115
1780
1497
2653
2029
5823
2386
3344
3124
11537
3052
6643
3346
3041
2135
3020
2347
1345
1068
1734
19653
4094
3966
6522
2353
1382
528
885
4510
3864
3202
606
9759
3296
3468
2726
2007
1395
1892
5016
1510
1416
866
155
0
0
0
840
723
1001
1395
3451
3909
7461
21969
2878
4945
1124
3250
3751
7173
3272
1366
560
5296
149
856
2425
8601
20769
3712
14543
77775
2305
7493
3335
3425
1715
2448
1628
2260
2709
7210
911
2770
1270
1645
6565
5352
2886
2846
3552
2880
23488
2161
908
2440
2073
8691
1443
1607
5268
4300
5142
1556
1155
2164
22891
1023
6139
1288
4798
2244
1723
1136
1633
1668
2525
466
6429
2022
3126
392
459
854
11811
3933
1448
4956
1622
1304
616
516
565
1702
1102
1034
1693
3031
4888
515
2004
1372
1931
808
3926
27052
2248
713
5352
2990
18256
2507
3105
3653
3065
5763
4068
5101
1872
764
3513
2353
2048
3039
5485
2026
3369
2104
4012
10698
2892
2883
4181
5518
10888
4337
2733
5993
1607
2873
9686
10289
2645
2306
12951
1488
5636
1028
2196
2918
4741
680
1511
1615
2582
2370
997
16966
1992
1733
386
793
1227
234
458
840
723
1001
0
0
0
4637
2441
1501
4949
13025
1365
1720
4838
1955
4377
8317
4040
1291
810
2157
1548
1741
808
4237
36110
12699
4154
2193
2617
5787
16584
10591
7676
3615
7177
13427
2094
8939
706
12305
1109
1320
7746
1220
20237
7476
70499
9658
6939
32331
2402
1515
5076
5519
3818
1172
2947
1280
9836
3402
981
1494
1672
2136
5911
3862
1755
1066
1323
2794
1295
2640
1643
1066
1695
726
770
3789
3420
5127
9041
1113
839
1329
14072
2322
968
1677
21178
4821
2259
578
5307
3771
4140
1889
7051
1783
2181
14813
1404
22031
1067
7545
1001
25030
2738
2777
5774
5245
5945
1278
1678
3672
1245
5565
14756
2739
31253
1468
1092
670
1517
15401
1289
2248
1678
628
1129
7192
3968
574
1545
1553
1775
3281
397
1785
10145
370
433
6806
407
373
439
2223
1134
1019
1754
2619
511
708
1059
2625
5714
2569
4222
4960
1826
1454
79517
1395
3451
3909
4637
2441
1501
0
0
0
9523
4665
63983
4702
3566
3523
3669
2573
3284
1077
55319
33586
3303
545
1427
531
506
1672
3558
12393
17002
1285
844
4452
1747
1100
6135
1670
6620
968
1705
978
16416
465
1954
351
729
194
1608
632
438
651
961
9410
4654
4154
2866
693
7626
11958
1659
1837
2739
2854
60838
4295
5757
771
17258
5947
1488
3914
35641
1296
7159
4794
1622
12965
21990
1690
4844
5798
897
3273
11092
1772
33249
7924
5810
2813
2521
10764
2014
2044
1691
5304
7884
4473
2106
1124
3161
9606
1554
2074
1294
2067
1140
1040
4222
4165
1692
13610
3464
2507
3905
2134
1084
6703
1449
5904
16359
2125
1729
4662
805
3212
7354
1096
5718
1377
2932
1327
3639
7053
2469
18163
6858
4193
3310
6287
14131
5686
7524
4696
14529
1900
2203
6508
6556
9481
4202
3036
21933
2071
2845
13791
2489
28973
1644
1028
5383
4987
8624
7461
21969
2878
4949
13025
1365
9523
4665
63983
0
0
0
16881
7597
19348
717
1176
2799
3085
861
2152
45605
4493
2396
64988
2872
9690
7354
2481
3931
4172
3362
11389
2155
1781
14116
92560
7390
9596
6554
6391
27775
2467
4678
2085
3827
2865
3695
12332
6062
4424
58709
2057
22727
3294
45438
7753
1163
1437
6035
23502
2688
1190
780
595
3034
2985
884
14001
68063
703
37422
15891
10951
2269
1684
2793
2116
3437
4438
1363
1082
2640
6643
5423
753
3219
8338
7872
17632
1665
2157
4740
32811
2565
3465
2739
3012
1165
3990
2086
9646
1025
957
3512
686
471
1912
800
2261
626
3904
531
310
871
1805
852
3674
1400
1233
801
2030
1514
1077
7971
2866
616
55236
1725
2952
2921
1609
2329
2295
2215
4346
1148
1745
1721
3117
3318
4213
1218
7268
1493
10869
3188
3375
6296
6420
1573
1783
636
883
2136
1167
5338
2877
1049
23122
877
2479
4945
1124
3250
1720
4838
1955
4702
3566
3523
16881
7597
19348
0
0
0
609
1088
1230
1310
1719
691
3069
23684
2484
2358
786
76118
6720
579
2018
17542
4957
2223
988
790
535
3214
1635
1783
14035
5606
8020
6410
3230
2061
1201
2776
1288
2804
6818
2507
2169
9213
9479
3175
7314
20388
970
25197
2610
1426
10319
20169
10802
4538
9384
5823
967
809
4380
16845
3404
3500
3618
27819
25467
1203
2608
3165
1641
2837
17178
3184
2480
9659
2812
2592
5820
2043
7918
1347
3482
1022
1382
8628
1520
2201
8345
2263
3948
689
2556
1818
3898
4280
1754
800
3196
2921
1151
1675
4056
1628
965
1653
1775
1152
1855
3776
2301
3543
3989
1346
2703
1797
4120
7453
12741
1066
1201
2265
2199
5780
1816
2653
1521
10459
4056
9519
2655
5121
2071
3623
4384
1692
12648
10922
29515
5219
4106
1697
4598
3634
45745
2720
2001
9803
2006
10879
3754
8008
23828
3751
7173
3272
4377
8317
4040
3669
2573
3284
717
1176
2799
609
1088
1230
0
0
0
2302
9018
4641
2923
74634
2154
1889
1126
10010
8683
7385
1063
10613
11333
1753
3632
717
3728
2400
2871
102493
6719
8899
9774
29932
5116
5094
15446
1978
2304
8039
3041
2451
7427
4537
9544
16175
16239
6551
482
2967
46202
2830
2238
2528
26730
1741
1588
4026
7396
19395
1947
3028
5852
1629
2476
4303
14655
3894
626
1314
3051
6719
7351
7948
1505
3665
4161
2721
1624
1756
2357
1743
5269
4861
8896
1886
3529
1890
4020
3157
3689
19225
9616
1012
2288
7639
3409
2600
1850
2734
2276
1910
2603
2887
6412
4104
4051
844
1293
10612
2688
56054
5035
2915
27555
13544
10149
2772
1095
5843
5748
3327
2673
13237
9525
6483
7822
3502
1159
6126
15569
101406
7114
17032
5931
2352
2812
2344
8227
2275
2951
1769
4910
8152
1867
1277
6542
1071
1387
6540
2218
2168
9395
1366
560
5296
1291
810
2157
1077
55319
33586
3085
861
2152
1310
1719
691
2302
9018
4641
0
0
0
3208
910
1214
9209
13714
1368
3754
19311
4260
8214
36375
3458
1805
2067
5596
5573
10107
2667
1403
2157
3388
11355
30896
19912
1599
3756
5582
4394
24635
3424
9010
1864
4014
6508
745
15079
20568
17245
22660
528
2621
1845
3708
809
2205
2015
954
1139
1560
708
925
297
545
670
1435
1210
2499
232
845
773
855
862
428
3262
2000
11062
924
753
861
5248
1620
1637
1821
873
6489
3151
7143
991
738
1137
2044
1357
2591
7119
5676
7590
1984
995
5374
6800
1624
6771
1075
963
8090
2780
3482
28873
11771
4419
1841
3898
5416
2928
6100
969
1728
3512
7245
667
2389
1837
1900
9933
2843
2761
1413
8406
3262
4679
1751
1412
6853
2216
1147
2408
8010
1877
26477
16046
2057
1037
540
1380
1555
564
2793
39707
2186
5992
178
149
856
2425
1548
1741
808
3303
545
1427
45605
4493
2396
3069
23684
2484
2923
74634
2154
3208
910
1214
0
0
0
8152
3726
5179
7645
2768
1711
8302
2387
4822
9672
3280
68487
3422
6203
3965
1089
497
2070
3479
2829
1637
934
4323
1809
1162
1374
8051
7069
4705
804
1586
4005
1417
3408
2034
20093
1339
522
3690
2983
7008
2363
2949
1398
1732
4039
5882
3976
3363
6828
1438
6568
3896
8334
1166
4519
1780
6850
4207
1559
7647
29257
1260
3993
25142
13647
13635
8705
13524
4017
2849
2158
1842
11587
33375
3841
11341
1247
3588
2686
13200
6668
1799
3485
2727
3681
675
2069
1966
11155
8221
3264
2914
17246
376
1605
3408
1270
1618
1946
1085
2397
1131
1173
626
565
1316
9726
587
4395
651
3642
3997
4849
836
839
413
665
1287
3085
3942
276
1005
1531
1485
2013
9245
2124
4771
5424
3215
1325
4858
5990
6964
2181
19086
6676
8601
20769
3712
4237
36110
12699
531
506
1672
64988
2872
9690
2358
786
76118
1889
1126
10010
9209
13714
1368
8152
3726
5179
0
0
0
676
2772
1712
189
517
492
1913
1516
6254
5398
280
464
6027
2789
6359
11825
1027
12015
1542
1523
2754
1575
1553
6920
7051
2514
5993
2838
3649
15979
1753
3773
7337
1451
4500
2978
2140
1154
1977
1676
1531
775
11411
1977
1642
3656
2209
1834
1144
4230
1612
6627
40703
12672
31632
3257
2345
5605
2250
15625
41242
1644
5601
3224
4717
1445
5151
2336
15440
2427
18228
3635
13166
11109
4277
1734
598
3617
1433
2289
1390
1698
1484
1899
4305
1563
5050
11246
1007
2382
921
1423
2301
2638
6334
546
1967
1684
5031
13247
45347
3309
979
1801
1533
1393
2952
1334
6457
1120
5993
3691
4748
2850
1214
2745
849
7856
2086
9350
1643
1258
7929
7575
2706
3835
1078
1367
122800
5491
10304
20841
1158
10387
7228
14543
77775
2305
4154
2193
2617
3558
12393
17002
7354
2481
3931
6720
579
2018
8683
7385
1063
3754
19311
4260
7645
2768
1711
676
2772
1712
0
0
0
14950
1023
5911
1146
804
2010
16503
638
47479
4290
4110
2076
2856
3034
9022
2750
4390
2201
1599
4993
1800
6153
1604
1551
8289
23723
9001
2604
786
261
8661
2979
1872
1648
1523
1423
4472
5054
7213
3896
34574
7347
2084
3855
905
1183
1468
2365
2671
12095
7685
3949
4034
5887
2403
4286
3048
2538
2829
13293
5257
3842
1630
4239
5187
1512
2798
5871
7327
16620
9713
5221
4820
2778
8044
4660
3864
7723
2480
1326
3805
4683
3066
23131
964
1843
2959
4713
1155
19065
1358
3481
17584
19248
1603
9657
1007
7127
879
744
3089
618
970
1794
26026
3468
1096
1257
2159
1123
2522
2173
7309
4193
913
3607
1534
2435
5443
2025
7129
15176
1656
3689
6938
1888
7795
4484
5458
12147
2585
6981
7493
3335
3425
5787
16584
10591
1285
844
4452
4172
3362
11389
17542
4957
2223
10613
11333
1753
8214
36375
3458
8302
2387
4822
189
517
492
14950
1023
5911
0
0
0
3890
20996
1287
877
3815
1201
8120
2840
4085
11284
3883
3435
1468
1666
825
759
3255
10776
3475
11884
2766
3173
2166
3866
8267
20090
25576
981
1184
2765
885
1850
32221
5329
1285
702
1316
11377
1339
11890
5906
3405
1718
2826
1302
1552
2564
5635
1359
4316
2813
1668
1694
1982
19683
3098
1252
2323
1302
1439
4747
1432
3213
5770
1129
2590
2428
1693
4263
2976
13158
45050
19211
23425
393
818
756
785
413
1434
9757
503
611
7370
440
55
76
5525
1379
2245
823
2144
4095
368
349
1090
245
1209
754
1185
1568
2077
411
662
836
1125
3711
2758
590
16493
6138
777
1022
705
634
1728
1117
1711
1890
11313
2160
5444
942
19842
2872
6345
3509
22234
4228
1715
2448
1628
7676
3615
7177
1747
1100
6135
2155
1781
14116
988
790
535
3632
717
3728
1805
2067
5596
9672
3280
68487
1913
1516
6254
1146
804
2010
3890
20996
1287
0
0
0
678
1423
1264
4093
1542
23421
5009
2318
1811
1651
1252
3068
3089
49361
2855
976
1196
4422
4855
5364
2987
304
4568
621
968
1076
1189
5497
2336
718
1934
452
761
1016
5983
2027
4532
18152
3518
4699
5079
2021
2986
1507
15523
1920
2471
8788
4005
722
2548
7857
2429
1724
1421
1969
1071
9410
707
4679
592
3126
32585
4645
3335
1606
10394
30658
28090
6213
2707
2923
3891
5360
1846
2458
1607
3597
1521
260
2841
2308
1221
4073
753
1299
6083
224
437
2000
467
353
1764
119
1959
295
488
3204
465
1556
1108
749
3231
991
2121
664
316
2118
467
933
860
34222
1861
1086
897
23825
1127
525
2060
2201
1668
1717
2811
19184
11629
2958
2260
2709
7210
13427
2094
8939
1670
6620
968
92560
7390
9596
3214
1635
1783
2400
2871
102493
5573
10107
2667
3422
6203
3965
5398
280
464
16503
638
47479
877
3815
1201
678
1423
1264
0
0
0
2005
2190
3138
2463
17887
1274
2456
1200
2169
1145
1507
1923
2560
18027
1934
1089
3094
2678
4406
1990
2158
1858
1435
25933
1544
26777
1600
1278
6597
3171
644
494
9769
921
1033
1406
880
1960
1174
945
3246
1503
4863
1218
3978
3643
1256
1949
1733
2172
6589
2924
796
4116
12539
5616
1818
1297
1104
1220
1730
39409
3995
19519
2041
5461
8565
1466
32311
1346
14243
3259
7481
4219
2037
1251
5929
5684
7309
1384
3565
1355
9449
15373
4696
888
4388
21400
7297
9147
1559
5242
1949
2490
2023
7179
14387
2034
3182
4100
1332
8774
621
18361
4345
2051
2473
3021
16476
1026
1057
2941
19853
1704
3697
3737
2406
5094
3045
10947
585
386
1069
911
2770
1270
706
12305
1109
1705
978
16416
6554
6391
27775
14035
5606
8020
6719
8899
9774
1403
2157
3388
1089
497
2070
6027
2789
6359
4290
4110
2076
8120
2840
4085
4093
1542
23421
2005
2190
3138
0
0
0
21224
1967
2179
3751
481
18384
3650
1002
1528
1443
3659
19633
676
329
1084
1455
7764
3360
1088
1853
1165
8220
1641
6148
16403
2012
2552
21336
767
2130
1373
9983
2719
3058
4871
1381
1310
2260
783
665
1631
1882
5042
3690
4404
5435
8250
8538
6968
3560
99120
1570
1449
1679
2534
792
5589
2507
7382
4964
3166
40407
3602
6339
2881
2287
1793
1913
2114
4094
11499
2643
25046
4700
11372
4540
4988
1689
2790
2071
12652
6800
4015
4786
2657
1853
4718
1670
3241
7023
19379
1861
5189
1297
1593
1112
1453
865
1979
964
1512
1723
4080
2155
1614
1742
772
1267
1358
7017
695
713
1445
1425
1805
24914
13760
3585
8261
3143
1645
6565
5352
1320
7746
1220
465
1954
351
2467
4678
2085
6410
3230
2061
29932
5116
5094
11355
30896
19912
3479
2829
1637
11825
1027
12015
2856
3034
9022
11284
3883
3435
5009
2318
1811
2463
17887
1274
21224
1967
2179
0
0
0
302
394
477
402
1818
657
365
481
419
1022
3209
2523
4284
2721
4592
1830
3263
938
647
1481
11707
7048
1605
31699
896
446
2002
2740
2036
805
528
646
4147
935
1303
1109
424
20329
1555
5753
539
2082
2279
2550
2787
20538
1413
2484
11340
2420
1221
6562
7483
6961
4484
3686
5519
1640
19395
1307
2033
44607
1955
5903
3872
4484
1616
1124
3304
1365
3585
1374
6078
2097
3147
2339
8438
14869
569
517
1295
1387
1057
434
1201
2863
1192
2105
3655
10986
355
251
738
342
243
177
2207
624
714
1145
478
549
15282
4915
15484
753
1305
2854
1601
771
2275
11861
1235
2411
33361
23368
4527
2886
2846
3552
20237
7476
70499
729
194
1608
3827
2865
3695
1201
2776
1288
15446
1978
2304
1599
3756
5582
934
4323
1809
1542
1523
2754
2750
4390
2201
1468
1666
825
1651
1252
3068
2456
1200
2169
3751
481
18384
302
394
477
0
0
0
1345
1649
1530
741
945
2498
1637
5722
5405
930
10617
10209
1595
7635
8171
2149
6346
1998
6919
5444
5616
594
4986
1253
4876
2140
5219
7782
2718
2146
5500
2260
3518
1462
1094
5857
4179
1545
5119
1073
1124
948
2630
4881
3207
2734
2337
1918
2346
1097
1917
6667
3956
6997
3940
805
1118
9779
7930
2864
2131
2952
2716
14185
4954
11652
1129
15617
1804
28161
2181
3202
3038
2087
18361
6626
6932
1280
5348
4335
2193
1431
9731
2678
6781
970
1649
804
2806
30148
1837
2320
2334
3012
1578
1993
2790
18429
6765
6649
3849
1664
994
4056
28395
1730
13607
30720
4268
1770
2679
6949
28584
11397
2880
23488
2161
9658
6939
32331
632
438
651
12332
6062
4424
2804
6818
2507
8039
3041
2451
4394
24635
3424
1162
1374
8051
1575
1553
6920
1599
4993
1800
759
3255
10776
3089
49361
2855
1145
1507
1923
3650
1002
1528
402
1818
657
1345
1649
1530
0
0
0
400
2660
2029
5325
1931
1580
65702
7122
16426
13790
5369
23074
1312
3177
2311
2068
10871
5998
1600
1037
4098
3027
2260
1522
6011
1882
2159
1126
2687
895
23401
1008
1059
3716
6527
95938
3883
1807
3334
94781
8370
1425
1657
3842
1550
2811
27102
11366
9651
57259
5473
3654
1489
1591
6302
5195
2792
4716
14162
5679
6650
3131
2263
10072
5396
21262
2937
4656
23181
1834
1889
16915
20362
1089
3406
2126
6682
6219
1460
1200
2347
1685
9687
2503
1786
2152
5170
674
2175
6057
3047
5951
5865
880
2134
1415
1426
21456
11151
3363
1414
17636
1575
1135
5484
2454
2013
5055
2315
9407
2103
908
2440
2073
2402
1515
5076
961
9410
4654
58709
2057
22727
2169
9213
9479
7427
4537
9544
9010
1864
4014
7069
4705
804
7051
2514
5993
6153
1604
1551
3475
11884
2766
976
1196
4422
2560
18027
1934
1443
3659
19633
365
481
419
741
945
2498
400
2660
2029
0
0
0
10842
927
1816
20803
2314
3876
2396
3538
635
1851
967
13244
971
7473
2877
415
677
1808
4453
932
424
1667
1462
12484
5270
378
539
1902
834
2586
4194
2018
3180
985
1926
3525
514
944
12984
2391
3440
466
1131
2506
821
1105
2258
1645
2068
7434
2489
2601
21917
1307
30669
7284
2921
1563
3800
5006
3053
1373
2733
3038
7934
5324
1028
3788
1677
2647
7205
885
11286
2384
525
2014
4291
2910
15208
7962
6937
3033
1427
1407
4895
2835
1205
830
21896
6233
2926
1135
845
1564
509
325
1461
3060
2061
274
1243
884
2576
3728
1917
484
1320
945
8691
1443
1607
5519
3818
1172
4154
2866
693
3294
45438
7753
3175
7314
20388
16175
16239
6551
6508
745
15079
1586
4005
1417
2838
3649
15979
8289
23723
9001
3173
2166
3866
4855
5364
2987
1089
3094
2678
676
329
1084
1022
3209
2523
1637
5722
5405
5325
1931
1580
10842
927
1816
0
0
0
6004
7916
1302
48110
2633
3281
3900
4260
771
1941
12414
12427
9948
4122
2996
2577
8356
2031
10149
5678
4837
1240
4379
11505
5964
2637
1555
1958
4065
6735
40636
1798
5898
2957
2228
2953
11090
1789
2536
7076
7796
3391
3867
5606
11184
5147
4515
1631
3615
1607
7232
16221
5927
3368
1065
7697
792
6176
1931
1813
1665
462
1282
12710
1209
485
2875
2073
7554
6931
1090
11612
5275
381
999
2544
3214
1324
939
2518
2399
15840
3945
3700
631
1376
1582
1055
4300
7149
4176
20727
1136
1418
3217
2428
1766
10481
1707
3919
3745
14042
9972
62096
7125
5268
4300
5142
2947
1280
9836
7626
11958
1659
1163
1437
6035
970
25197
2610
482
2967
46202
20568
17245
22660
3408
2034
20093
1753
3773
7337
2604
786
261
8267
20090
25576
304
4568
621
4406
1990
2158
1455
7764
3360
4284
2721
4592
930
10617
10209
65702
7122
16426
20803
2314
3876
6004
7916
1302
0
0
0
