C_ijk
0
0
0
390
68
146
128
85
51
966
1842
1222
9722
587
6172
339
176
115
19026
1248
1180
279
775
4072
268
869
549
1090
1437
7574
255
5232
412
101
2482
1875
3666
1363
177
2037
1414
1450
960
1189
1089
1879
600
859
894
13132
659
880
10218
626
1637
905
1503
2436
1808
1050
644
302
1043
3710
1732
1086
340
11150
1626
1077
356
1208
1844
963
1163
7524
210
429
6782
618
2158
1873
1469
1816
3694
4032
1240
585
591
2084
1557
1030
569
533
985
460
2263
19660
2339
4087
2079
10161
26443
7720
7028
3558
1250
1694
4462
2227
2836
2507
1326
3594
3059
654
2417
3288
7535
1694
2515
11288
2807
5102
2847
3545
5766
1593
942
1213
19416
9606
5573
2069
12086
5846
1130
4524
4643
3662
1234
2652
1707
4971
1355
1924
3087
5477
1497
1188
2152
1900
2101
6182
5330
2825
5490
679
2092
3430
4962
2035
390
68
146
0
0
0
54
58
151
2512
932
2957
4249
1045
6717
222
634
398
1422
809
1874
442
1323
2404
280
279
3120
1211
2867
9235
4133
548
721
140
438
387
140
172
698
2976
2662
2452
171
323
702
3909
3109
1335
8088
1037
1003
1084
5007
1292
807
1670
1162
11441
3220
8972
607
2851
2158
917
642
1343
1305
7831
369
1235
6397
716
311
850
745
721
699
796
4146
6212
3108
730
1426
7284
2508
3696
1314
979
1255
900
3337
1930
1066
430
3634
824
2021
3154
1782
5706
830
1038
1761
2986
13430
5280
5140
16152
8229
1287
972
3047
3146
14707
2303
1037
4481
2912
1437
902
9469
4359
1972
3105
961
2090
4477
5133
5314
1206
5379
1842
3459
2276
4500
1449
5215
1451
2480
1183
1260
22590
1284
3381
3393
1815
1455
2811
4861
1270
5950
6499
974
1169
11974
13486
3976
908
1377
744
1757
2069
128
85
51
54
58
151
0
0
0
553
234
366
1184
26607
2195
550
507
384
1675
2217
577
4280
707
1488
249
309
7472
2454
6977
12393
520
567
6170
713
2301
154
251
206
1006
9709
1628
416
497
582
441
1715
4235
1089
3078
489
1960
1080
5124
2549
2792
1531
2619
3719
418
629
249
629
1689
787
2442
550
1057
794
1061
908
417
5433
4931
833
1586
410
220
690
7294
1927
814
1183
474
14587
672
2524
1944
594
1149
1627
789
3365
1035
365
568
2037
2147
12452
5256
7589
1317
1950
10466
2716
2394
12035
1461
2763
2187
859
3447
13114
2751
4087
2544
44657
1457
1291
2419
8474
5315
9450
2597
2371
2515
3475
2257
4444
1314
9020
1950
2121
3445
3184
2201
1946
2728
4766
1011
919
1039
1125
1503
7352
2203
4582
1884
1339
14056
2252
4827
2090
1331
1804
3189
6991
1335
5061
3460
3194
1032
1857
966
1842
1222
2512
932
2957
553
234
366
0
0
0
1442
593
4132
186
815
309
283
273
837
123
130
180
295
3120
411
1111
936
383
416
807
235
3522
790
1056
445
1958
1038
1411
2709
2184
1253
903
519
3065
1544
3304
7286
2095
1215
2166
1443
2440
909
415
6212
1931
1618
5792
3705
4145
704
714
749
1026
1220
3701
814
1652
631
19939
20530
1989
1900
1164
3041
3660
18566
2684
880
2146
1329
1509
1060
4415
1342
781
784
695
2556
598
431
2936
233
4878
2855
1129
1635
1505
728
1865
3070
1559
5411
1338
5094
958
825
2222
510
12345
3721
4542
884
4916
13545
2296
13131
2159
3459
1225
41363
4199
945
3208
3542
1109
1632
2717
6232
2495
50677
2083
7665
4118
2542
1342
1040
2567
4066
1616
1705
6258
8045
2836
1271
671
11581
5066
1740
1605
2416
2021
1634
1530
1507
496
1602
1777
1524
17928
9722
587
6172
4249
1045
6717
1184
26607
2195
1442
593
4132
0
0
0
1404
753
1883
952
787
241
2116
4987
10526
31396
542
2848
2064
1720
547
274
1299
790
1785
5012
2010
1488
2060
1054
3035
1674
4797
8001
3965
1061
7885
7544
6967
1550
19900
1925
1808
1663
2764
1481
1769
29179
1287
1583
7006
21323
854
9712
2456
2468
1732
16292
941
3527
2066
2225
6476
1727
22182
2669
930
2859
3652
744
1790
868
1064
2512
14057
1832
2222
1731
1725
1716
1807
4062
3970
6166
11259
536
1670
1348
1796
6995
595
680
596
2817
13389
1798
518
844
2232
15384
1607
1404
6477
7827
2843
1815
1332
64194
4085
9601
3522
15307
2685
2550
202
666
293
46260
6259
8028
2838
4829
6407
23952
2584
7096
3402
2670
2266
13368
2615
1867
469
704
646
4602
1641
1645
665
2210
2343
7864
1800
6451
1328
28168
3867
745
1056
857
10392
1210
10249
339
176
115
222
634
398
550
507
384
186
815
309
1404
753
1883
0
0
0
3025
787
388
509
218
969
357
239
229
2270
3262
7833
700
678
230
255
545
416
874
918
1360
2383
920
2431
1374
1388
3171
10240
1916
13221
3447
601
1755
1125
475
1041
617
1700
725
1933
2364
24464
1446
13436
861
1073
1964
443
616
1313
1835
5434
719
819
339
1453
18498
11321
374
1491
1543
3520
1423
864
643
2757
1751
497
275
1950
866
11571
482
663
632
225
622
1317
1850
1023
1943
7203
631
3692
721
3399
2568
1078
1666
714
976
1599
6212
46240
22186
7022
1926
4100
6187
7731
6200
4397
5035
4318
4295
2092
27514
2194
2510
1943
3064
6649
3640
9092
3822
1919
624
1244
2624
1016
2672
5369
563
2401
1257
1006
25211
2546
1709
4437
660
2539
1480
2139
1020
14396
2756
887
9084
3225
1532
27847
7301
3210
19026
1248
1180
1422
809
1874
1675
2217
577
283
273
837
952
787
241
3025
787
388
0
0
0
1421
309
2111
1211
466
1128
1454
730
1087
1660
1185
4528
1497
1322
4854
1642
5687
6003
2043
838
4407
1184
1443
1309
1589
861
2043
3579
1369
4171
4950
1031
3651
1885
3474
4440
20386
3298
2908
7810
2334
2432
2132
4401
1220
5642
1310
2469
1733
2329
1808
2868
2703
6164
775
1190
3894
3601
647
17953
6147
349
5871
3537
3227
2230
14431
745
1347
1446
545
1907
651
721
6926
1144
17330
1506
769
3587
1466
918
1235
7536
2820
1296
344
1682
1732
339
11561
9041
14077
2347
1741
3293
3385
4708
3098
5332
3619
1087
2976
591
560
5120
6931
22524
5333
4173
16413
15738
6590
3884
2452
2437
29238
1101
7076
27746
2747
582
710
2626
2167
1794
1959
1674
6300
4129
11365
4156
11042
2859
5997
1970
409
1554
11570
1598
6585
279
775
4072
442
1323
2404
4280
707
1488
123
130
180
2116
4987
10526
509
218
969
1421
309
2111
0
0
0
1338
676
924
3661
403
1121
798
2300
1115
674
1342
1445
1984
607
1633
2592
1103
1366
525
3848
2500
1930
2808
701
440
3885
2181
1832
3078
3276
650
2991
1735
3462
14813
8330
466
724
888
973
2205
1109
10043
1811
3795
1320
4542
1410
2051
2850
6021
1203
2129
792
886
596
1691
647
1515
1141
831
425
1025
641
793
2721
577
1059
460
346
1731
1350
951
2831
1125
903
1324
2544
1999
718
1243
979
1788
5092
3744
1136
2301
2886
4060
3015
1272
16848
3029
1616
2670
2313
6770
13128
3287
1563
1503
8735
3257
2364
14398
10748
5066
8031
3431
42071
2098
599
22355
1227
5905
2371
3938
1692
8341
625
1565
745
1244
3611
715
1848
20769
6539
7235
2549
7576
2124
778
369
327
5494
9614
14665
268
869
549
280
279
3120
249
309
7472
295
3120
411
31396
542
2848
357
239
229
1211
466
1128
1338
676
924
0
0
0
1409
4639
381
110
128
134
177
468
345
281
588
4895
1450
299
820
326
806
680
1293
5423
690
2931
1447
258
3594
2192
1143
816
2045
1703
40514
9813
5238
357
6785
1872
1448
1827
353
392
3083
1411
2224
1043
2771
15973
6070
5941
840
1342
773
8741
1016
1086
3665
1509
2401
402
4657
1511
596
13193
496
719
1176
958
610
2744
459
2339
1228
3766
1470
1047
1014
3627
5280
4288
1245
827
12828
6823
1345
911
8581
3257
2378
2972
3044
7232
5702
24237
2185
3088
6993
42219
3897
1580
1243
1212
2051
3774
2749
1814
1231
3278
3835
2044
1179
7871
1522
3826
583
2280
1486
2227
3456
699
629
2472
2270
948
3844
3795
2545
4297
8721
3298
18828
605
2968
1962
4065
3318
3709
1090
1437
7574
1211
2867
9235
2454
6977
12393
1111
936
383
2064
1720
547
2270
3262
7833
1454
730
1087
3661
403
1121
1409
4639
381
0
0
0
18537
8597
2489
865
2566
832
1430
1264
756
201
606
4199
1145
7204
800
5167
1955
3296
1176
1571
3183
2592
1330
4418
3590
4235
17240
987
2145
54839
2105
2240
7858
1708
9485
862
1370
1396
1940
4503
14581
4647
1111
753
1225
3597
2119
2945
971
12843
4449
3907
1126
1264
1429
4323
13942
14181
1013
5292
391
6258
1164
929
936
720
1015
997
566
3442
533
732
7028
1838
587
2383
7613
912
1513
17701
1375
3819
2595
28830
1976
6017
3406
32284
6816
5144
2387
12476
1659
564
1225
1171
2156
2303
2437
2582
17043
2106
23308
4308
9896
1780
10098
4400
15138
1903
1351
3295
616
1299
2185
2667
5216
2877
1150
3021
4493
2917
15938
2564
3997
41311
1454
7105
790
1808
7425
15221
255
5232
412
4133
548
721
520
567
6170
416
807
235
274
1299
790
700
678
230
1660
1185
4528
798
2300
1115
110
128
134
18537
8597
2489
0
0
0
391
428
555
380
516
596
1913
584
888
1243
1401
416
1226
1483
752
727
1740
2368
31854
861
1183
835
383
4555
1603
1797
2218
1849
2326
3038
2106
508
1916
1863
3566
1261
867
7733
636
4271
4195
2873
846
790
656
1577
1295
1612
1686
1846
1856
513
1664
2767
210
725
23187
1009
404
397
2104
982
538
3957
1370
1376
425
2201
466
7784
1085
1370
1604
16517
2305
2049
3432
1988
2764
2093
3848
804
1937
6840
1708
4243
2841
2027
6469
1885
1523
1963
959
5055
16089
1822
12480
5467
2532
3143
3071
5682
13212
4981
872
8521
846
3472
8264
4719
1689
862
2005
3166
2455
2431
962
9550
2607
11033
19979
3111
5145
943
3593
1741
16720
1984
1099
101
2482
1875
140
438
387
713
2301
154
3522
790
1056
1785
5012
2010
255
545
416
1497
1322
4854
674
1342
1445
177
468
345
865
2566
832
391
428
555
0
0
0
101
41
76
350
2242
471
657
983
633
17344
543
2293
3185
808
1139
2729
1645
668
757
7320
3425
721
3699
5529
2519
529
951
2596
2440
805
707
2627
345
800
1547
1502
2227
3828
1080
302
568
563
2573
2564
9137
1960
1757
4149
3344
1374
1630
3619
383
690
3003
7522
388
4664
7364
513
850
6054
5160
2533
13614
2359
19935
1901
1793
1237
1206
3007
670
3165
3678
1955
3070
73989
3212
3671
1878
4766
3809
2836
12898
2810
2063
3549
1333
692
9978
18488
1575
4132
54122
5596
2675
4927
1496
783
13314
2018
1477
11863
815
1567
2079
10816
12012
1893
1493
3680
2885
2357
2106
3016
3478
3611
13357
3772
1588
9046
1751
932
13053
1937
3666
1363
177
140
172
698
251
206
1006
445
1958
1038
1488
2060
1054
874
918
1360
1642
5687
6003
1984
607
1633
281
588
4895
1430
1264
756
380
516
596
101
41
76
0
0
0
468
2347
887
192
1073
363
852
1824
808
3990
768
591
403
926
568
1471
6322
2125
5275
1907
882
10813
5369
2705
6638
3813
807
253
1236
3049
7351
6329
1565
974
835
1146
1637
657
868
1705
1743
1562
2014
1388
480
593
351
2182
9292
1765
11076
303
1000
1229
1349
1351
1259
4640
1095
4094
1683
2587
1538
3443
4162
4184
5368
3136
3458
4131
1390
2556
3130
3116
2324
5894
2637
2611
18041
2358
1694
15045
5364
1023
1273
15196
3064
3098
1691
24697
33646
3228
7042
4818
5622
22815
10348
1012
1994
10808
1430
1455
4063
932
1878
3350
2822
1728
2104
8412
38283
2201
9082
2640
17690
3862
7707
1744
1453
3482
2144
682
6607
2037
1414
1450
2976
2662
2452
9709
1628
416
1411
2709
2184
3035
1674
4797
2383
920
2431
2043
838
4407
2592
1103
1366
1450
299
820
201
606
4199
1913
584
888
350
2242
471
468
2347
887
0
0
0
258
613
131
999
5856
9983
587
988
1169
12113
1932
2537
2900
3494
1626
1270
1706
1074
987
1038
2721
1595
3035
1512
4597
6264
5250
2453
2426
21065
1303
3937
1021
2635
1310
1784
4353
1207
2713
14833
9666
3248
880
833
6735
706
5528
2489
13051
12887
4122
4954
1065
1086
1493
1501
2523
481
1729
19450
5565
1956
4376
1321
20600
1510
2918
8662
4638
7110
2591
2903
839
4020
2348
6017
3146
3150
1853
1505
3321
2424
8211
2723
1775
1856
5123
67431
4595
4045
2035
12504
5101
5319
803
9227
1160
755
3842
2950
6876
3544
1847
4534
4235
10267
20753
6372
1692
2535
8382
5765
6698
17409
1383
1827
5969
4856
3537
879
960
1189
1089
171
323
702
497
582
441
1253
903
519
8001
3965
1061
1374
1388
3171
1184
1443
1309
525
3848
2500
326
806
680
1145
7204
800
1243
1401
416
657
983
633
192
1073
363
258
613
131
0
0
0
7973
1101
297
1747
3041
301
1074
1026
777
4589
860
1234
2007
786
3825
10669
9714
1848
969
1851
2195
2100
3683
690
2223
2208
599
4172
4315
11613
1112
1795
2443
3695
2237
2984
3579
4201
2768
1038
15569
11443
1504
9604
3006
1063
4290
4141
1033
1518
525
1475
6717
1353
10283
1799
1102
1802
5163
3566
6261
3450
6041
8431
4201
2146
1508
5134
5726
880
5683
915
3266
6439
5880
1145
5636
2207
8488
1181
4141
2215
5252
4367
1984
6015
15782
14642
2477
4670
1049
8807
1105
1491
4688
2977
1176
34250
649
2622
40281
12954
1343
1531
1046
7827
2179
3117
21078
6484
1162
3553
1734
1764
1926
4177
5489
1879
600
859
3909
3109
1335
1715
4235
1089
3065
1544
3304
7885
7544
6967
10240
1916
13221
1589
861
2043
1930
2808
701
1293
5423
690
5167
1955
3296
1226
1483
752
17344
543
2293
852
1824
808
999
5856
9983
7973
1101
297
0
0
0
2213
171
1047
471
574
684
15570
855
1610
9540
1412
3121
404
1487
803
983
1507
771
3783
13758
890
3607
3636
1337
3130
1464
2548
1206
1244
761
7673
4934
2068
26301
5197
10366
6387
5268
2266
1110
13571
3677
4936
1958
2029
610
15766
4167
2877
1166
4533
1365
7096
1985
2037
1024
1673
2002
23484
2431
6266
9574
27797
5947
3685
14974
642
421
2389
2579
5455
2378
4250
2912
3464
7519
2032
4741
5586
9700
11109
6817
39547
2240
1976
39819
2855
4549
5850
3612
3573
4709
7107
3857
1069
2830
2007
9638
1747
11440
1447
1248
1375
3460
926
6008
2611
28969
3095
5427
8386
1282
14558
6586
894
13132
659
8088
1037
1003
3078
489
1960
7286
2095
1215
1550
19900
1925
3447
601
1755
3579
1369
4171
440
3885
2181
2931
1447
258
1176
1571
3183
727
1740
2368
3185
808
1139
3990
768
591
587
988
1169
1747
3041
301
2213
171
1047
0
0
0
2298
320
1095
1334
1345
803
460
573
522
1038
1533
3764
2743
1015
2509
2407
3262
728
819
580
963
1369
3798
4023
4053
1382
1049
34736
1512
19936
2281
2308
5881
4697
899
1309
1119
1801
1184
2184
2648
1289
1159
3005
1145
39978
5481
11978
27611
21013
1855
15704
8393
4294
2342
4750
2781
2113
1228
1277
2695
6365
1941
2856
2312
227
2349
33387
31077
3245
1558
29287
1457
1506
4291
4645
3565
2438
19012
8471
1591
3506
4148
5990
1187
1365
969
1135
1636
23390
2586
4521
2654
3017
7425
3836
2631
3642
4436
12960
3107
10632
4484
2101
1489
1686
1889
3309
2920
1096
1366
880
10218
626
1084
5007
1292
1080
5124
2549
2166
1443
2440
1808
1663
2764
1125
475
1041
4950
1031
3651
1832
3078
3276
3594
2192
1143
2592
1330
4418
31854
861
1183
2729
1645
668
403
926
568
12113
1932
2537
1074
1026
777
471
574
684
2298
320
1095
0
0
0
686
1465
1026
834
704
711
26713
2389
491
970
4044
2149
8178
1299
1845
1726
19749
967
5153
2938
1467
18234
2292
616
4124
4587
2485
5370
1820
1863
1025
28067
1750
10164
4131
3071
4089
8221
2038
758
1466
8194
1446
3511
3133
10768
8087
1714
3439
3915
2468
4323
3759
3136
6993
1726
4217
3173
1039
21597
65
319
111
1412
5551
6001
29452
36453
7466
3587
7060
23991
1285
1372
1509
1696
1831
29859
3304
7875
6547
1227
676
3317
1041
3221
4138
21417
6951
4371
2829
2963
1946
2882
1442
12065
5661
3413
4228
9734
3343
7243
3353
3078
3254
9535
4159
1024
1637
905
1503
807
1670
1162
2792
1531
2619
909
415
6212
1481
1769
29179
617
1700
725
1885
3474
4440
650
2991
1735
816
2045
1703
3590
4235
17240
835
383
4555
757
7320
3425
1471
6322
2125
2900
3494
1626
4589
860
1234
15570
855
1610
1334
1345
803
686
1465
1026
0
0
0
3394
252
259
254
183
324
1167
2904
1253
2965
992
7120
570
2502
822
1204
368
253
1238
414
713
1452
1490
1868
3040
3605
2344
1522
608
902
2960
1897
1565
2204
2184
1880
1608
1548
1307
7784
1668
2955
9039
1270
2651
5913
7435
2707
2650
6467
2857
2672
1184
785
1177
2881
3115
9123
31512
5714
6634
1703
1587
1882
3949
1578
3293
1847
3204
3679
1065
5938
3782
2782
2224
47138
2310
3491
429
3895
914
936
5166
2862
2550
4484
1819
7636
2198
3658
3545
7541
1856
1909
7177
3590
8392
3968
1593
21217
3283
883
1008
650
723
2436
1808
1050
11441
3220
8972
3719
418
629
1931
1618
5792
1287
1583
7006
1933
2364
24464
20386
3298
2908
3462
14813
8330
40514
9813
5238
987
2145
54839
1603
1797
2218
721
3699
5529
5275
1907
882
1270
1706
1074
2007
786
3825
9540
1412
3121
460
573
522
834
704
711
3394
252
259
0
0
0
7150
817
1099
860
747
1706
5894
2501
705
1126
351
957
368
327
1002
861
516
767
2690
2525
877
32151
4452
3817
2539
559
739
2524
3581
2688
1687
1889
3109
11134
10836
4102
2259
4054
5398
937
10259
3610
2122
6299
3596
2601
4300
24998
4118
1110
14169
7379
2155
1525
1195
1301
1440
1890
1936
1819
91536
15729
3032
5411
5271
7445
1284
3173
1532
3571
1641
1868
747
21023
1138
183
274
69
831
1760
2924
3651
2081
6035
31506
4671
20491
588
4188
5110
2781
6957
3033
3017
2838
4324
4312
11675
14203
2018
253
668
644
302
1043
607
2851
2158
249
629
1689
3705
4145
704
21323
854
9712
1446
13436
861
7810
2334
2432
466
724
888
357
6785
1872
2105
2240
7858
1849
2326
3038
2519
529
951
10813
5369
2705
987
1038
2721
10669
9714
1848
404
1487
803
1038
1533
3764
26713
2389
491
254
183
324
7150
817
1099
0
0
0
228
460
5784
1319
1579
416
481
564
422
622
815
729
926
575
394
3711
844
1556
1711
314
1563
1625
2286
1312
1084
5788
763
4925
2032
6896
975
3234
519
4781
2338
2029
9554
2924
4209
2415
3466
3680
11220
1420
5142
1497
4828
2193
3662
6879
7677
550
534
1034
8924
6606
1368
2056
4144
4911
2786
2740
4016
1788
1724
1437
1083
2699
658
847
1537
1211
517
14085
1197
2418
1054
1288
908
5527
8632
5827
15545
20350
4089
1329
4132
1068
4446
11077
35565
948
2009
2606
2004
25432
5036
2678
7358
3710
1732
1086
917
642
1343
787
2442
550
714
749
1026
2456
2468
1732
1073
1964
443
2132
4401
1220
973
2205
1109
1448
1827
353
1708
9485
862
2106
508
1916
2596
2440
805
6638
3813
807
1595
3035
1512
969
1851
2195
983
1507
771
2743
1015
2509
970
4044
2149
1167
2904
1253
860
747
1706
228
460
5784
0
0
0
317
187
406
140
785
138
139
184
699
2537
575
353
591
2344
476
1025
846
1559
1368
835
1450
3065
998
7637
1033
2111
1050
427
193
827
2258
3394
3369
1861
2174
3936
1430
2507
1404
2032
4555
2262
572
29981
2450
3270
3400
5613
2899
1518
1420
9826
1748
15221
6286
3951
2275
46273
23368
2672
6047
2474
758
8335
2983
1171
26484
2722
1117
1084
5911
1972
275
346
2239
1113
924
1848
1456
26925
1829
684
609
13415
25328
1228
2079
4615
17988
4122
2589
10123
9391
15804
16331
2279
340
11150
1626
1305
7831
369
1057
794
1061
1220
3701
814
16292
941
3527
616
1313
1835
5642
1310
2469
10043
1811
3795
392
3083
1411
1370
1396
1940
1863
3566
1261
707
2627
345
253
1236
3049
4597
6264
5250
2100
3683
690
3783
13758
890
2407
3262
728
8178
1299
1845
2965
992
7120
5894
2501
705
1319
1579
416
317
187
406
0
0
0
571
678
1214
576
217
788
316
638
333
9378
18051
782
309
960
1250
591
413
713
452
4482
676
591
1403
1402
2447
543
631
2308
9237
6932
6790
5327
571
2360
26502
5691
2793
4353
1244
2875
6618
1498
60948
3628
2451
6307
2440
1138
4003
1088
2842
3465
9687
6404
15129
1340
1066
1394
13509
653
5481
711
4627
5546
1792
3438
2113
2090
2129
6417
612
1045
3358
22466
15303
2331
4247
2338
2460
3500
2121
20485
3013
3335
4255
3132
5236
18322
1674
2000
7126
815
8968
1077
356
1208
1235
6397
716
908
417
5433
1652
631
19939
2066
2225
6476
5434
719
819
1733
2329
1808
1320
4542
1410
2224
1043
2771
4503
14581
4647
867
7733
636
800
1547
1502
7351
6329
1565
2453
2426
21065
2223
2208
599
3607
3636
1337
819
580
963
1726
19749
967
570
2502
822
1126
351
957
481
564
422
140
785
138
571
678
1214
0
0
0
123
4814
186
5423
6853
925
3102
11023
1153
5051
895
1124
889
1629
1373
1609
1624
773
7991
10057
930
5221
1188
752
5429
1439
7683
1942
39428
3077
2141
8166
8546
4402
5542
5973
1182
6893
1249
6492
4635
2011
764
8421
814
9459
2626
3635
2890
3096
2830
3390
46250
3755
911
1146
1410
926
1017
4256
3663
4255
14290
1872
1339
505
855
1247
4968
4456
1669
2700
5448
2275
4373
7550
5683
2357
4549
1686
2951
4251
3433
5052
1096
7529
1977
1302
3074
1239
1844
963
1163
311
850
745
4931
833
1586
20530
1989
1900
1727
22182
2669
339
1453
18498
2868
2703
6164
2051
2850
6021
15973
6070
5941
1111
753
1225
4271
4195
2873
2227
3828
1080
974
835
1146
1303
3937
1021
4172
4315
11613
3130
1464
2548
1369
3798
4023
5153
2938
1467
1204
368
253
368
327
1002
622
815
729
139
184
699
576
217
788
123
4814
186
0
0
0
1016
829
2990
2142
339
1445
1421
637
494
1457
2482
475
5754
20866
816
2176
4784
2624
1073
3168
547
2974
3554
6430
973
14948
10462
5354
1593
3204
6444
3195
18068
1700
1092
2564
1212
7994
1998
6368
8981
5560
3861
6958
15690
963
14922
23002
1582
16743
4660
1936
5012
781
2865
1462
1009
4125
1235
1654
285
6490
812
700
473
1033
3583
4337
1719
1800
1899
1666
2242
2054
2183
2375
49250
2498
33131
1913
5135
1001
2048
2556
4497
599
3196
7524
210
429
721
699
796
410
220
690
1164
3041
3660
930
2859
3652
11321
374
1491
775
1190
3894
1203
2129
792
840
1342
773
3597
2119
2945
846
790
656
302
568
563
1637
657
868
2635
1310
1784
1112
1795
2443
1206
1244
761
4053
1382
1049
18234
2292
616
1238
414
713
861
516
767
926
575
394
2537
575
353
316
638
333
5423
6853
925
1016
829
2990
0
0
0
812
1299
2237
1279
1067
421
170
860
272
888
625
274
1086
566
516
461
180
654
1817
3540
2650
1004
8030
1544
1936
6514
978
2355
2526
1036
1373
593
713
3486
4593
7033
2837
883
1561
26111
6024
4536
2520
6934
12653
1059
1275
2290
4610
1761
1552
5050
1209
3018
2485
592
1779
319
1288
2784
672
13634
915
878
6190
1080
2404
1183
844
758
754
1034
8275
4351
3637
5703
1644
6982
627
4140
5109
605
3305
6537
6782
618
2158
4146
6212
3108
7294
1927
814
18566
2684
880
744
1790
868
1543
3520
1423
3601
647
17953
886
596
1691
8741
1016
1086
971
12843
4449
1577
1295
1612
2573
2564
9137
1705
1743
1562
4353
1207
2713
3695
2237
2984
7673
4934
2068
34736
1512
19936
4124
4587
2485
1452
1490
1868
2690
2525
877
3711
844
1556
591
2344
476
9378
18051
782
3102
11023
1153
2142
339
1445
812
1299
2237
0
0
0
692
77
408
548
609
1232
10130
409
4287
3245
1093
828
3941
993
460
3446
1296
4837
3099
4183
8713
5681
1738
8829
1811
8258
5532
350
1752
839
3129
3143
4149
2559
2614
1611
26429
2136
9570
53935
10967
25311
3892
5081
2526
1145
2669
2695
3023
5869
2678
1266
1574
1225
2318
1300
2752
658
670
1240
1911
1013
7575
1815
2591
929
445
547
672
646
1059
602
6868
5298
2177
3163
16500
3149
4372
2778
4789
1873
1469
1816
730
1426
7284
1183
474
14587
2146
1329
1509
1064
2512
14057
864
643
2757
6147
349
5871
647
1515
1141
3665
1509
2401
3907
1126
1264
1686
1846
1856
1960
1757
4149
2014
1388
480
14833
9666
3248
3579
4201
2768
26301
5197
10366
2281
2308
5881
5370
1820
1863
3040
3605
2344
32151
4452
3817
1711
314
1563
1025
846
1559
309
960
1250
5051
895
1124
1421
637
494
1279
1067
421
692
77
408
0
0
0
741
339
940
7073
1803
2100
929
884
588
571
14260
1198
3586
1683
3618
755
3685
10638
12293
1281
3429
1345
9944
4792
476
338
4469
4788
15193
3952
3462
3492
11402
2714
8610
56015
102432
10952
2110
517
1284
7227
787
1143
1498
41575
1558
1177
1494
949
436
2832
3185
3682
630
547
454
9890
4718
10239
802
1055
1463
367
912
850
2463
1435
741
3073
972
2927
3122
3114
1457
4187
1665
1742
3694
4032
1240
2508
3696
1314
672
2524
1944
1060
4415
1342
1832
2222
1731
1751
497
275
3537
3227
2230
831
425
1025
402
4657
1511
1429
4323
13942
513
1664
2767
3344
1374
1630
593
351
2182
880
833
6735
1038
15569
11443
6387
5268
2266
4697
899
1309
1025
28067
1750
1522
608
902
2539
559
739
1625
2286
1312
1368
835
1450
591
413
713
889
1629
1373
1457
2482
475
170
860
272
548
609
1232
741
339
940
0
0
0
2111
2435
500
2815
521
755
332
411
4428
48966
14867
2965
2506
2833
4478
35983
14813
4443
3460
4240
969
327
878
1604
2335
9701
12668
32771
1681
6957
3413
15837
3430
11195
5648
3945
5835
1499
642
1357
2127
1573
11204
930
8838
36826
2129
1309
1830
2830
792
927
1019
2473
8758
908
7007
2796
1860
1016
3330
921
1045
1901
470
22548
2243
3000
2342
1257
5400
3228
814
2597
7783
585
591
2084
979
1255
900
594
1149
1627
781
784
695
1725
1716
1807
1950
866
11571
14431
745
1347
641
793
2721
596
13193
496
14181
1013
5292
210
725
23187
3619
383
690
9292
1765
11076
706
5528
2489
1504
9604
3006
1110
13571
3677
1119
1801
1184
10164
4131
3071
2960
1897
1565
2524
3581
2688
1084
5788
763
3065
998
7637
452
4482
676
1609
1624
773
5754
20866
816
888
625
274
10130
409
4287
7073
1803
2100
2111
2435
500
0
0
0
145
1586
150
785
302
568
9184
2687
20119
3393
3468
804
1898
944
2483
21098
1919
10052
890
862
7193
53369
1382
1713
1985
2785
1204
15270
30723
5167
12973
4453
2216
2470
839
32549
1643
512
584
7024
1682
4526
2735
2680
2732
1375
1214
6924
2768
2072
648
3901
10364
1829
1547
1608
903
2209
1195
607
4648
2233
800
14465
936
1575
2212
1586
500
11277
2313
12997
1557
1030
569
3337
1930
1066
789
3365
1035
2556
598
431
4062
3970
6166
482
663
632
1446
545
1907
577
1059
460
719
1176
958
391
6258
1164
1009
404
397
3003
7522
388
303
1000
1229
13051
12887
4122
1063
4290
4141
4936
1958
2029
2184
2648
1289
4089
8221
2038
2204
2184
1880
1687
1889
3109
4925
2032
6896
1033
2111
1050
591
1403
1402
7991
10057
930
2176
4784
2624
1086
566
516
3245
1093
828
929
884
588
2815
521
755
145
1586
150
0
0
0
823
463
913
1248
3176
1712
2146
2049
11393
6538
1941
4202
5254
2809
2509
590
918
655
5713
4743
3532
2115
21414
2662
2290
13040
12617
1725
10115
1840
614
615
1784
2334
1835
760
3402
10734
1878
2143
5963
15750
1758
3599
14608
846
4879
12363
2694
604
674
1764
4771
896
3069
522
1201
1113
2370
1702
5406
1643
24728
606
850
3358
6201
2220
2316
533
985
460
430
3634
824
365
568
2037
2936
233
4878
11259
536
1670
225
622
1317
651
721
6926
346
1731
1350
610
2744
459
929
936
720
2104
982
538
4664
7364
513
1349
1351
1259
4954
1065
1086
1033
1518
525
610
15766
4167
1159
3005
1145
758
1466
8194
1608
1548
1307
11134
10836
4102
975
3234
519
427
193
827
2447
543
631
5221
1188
752
1073
3168
547
461
180
654
3941
993
460
571
14260
1198
332
411
4428
785
302
568
823
463
913
0
0
0
1291
13766
1510
2155
758
517
1654
1505
1299
2019
5782
1450
1083
9734
1155
11639
1230
10066
7395
4681
14085
12467
11869
9072
3914
2329
2377
584
2524
1936
7228
1643
1844
5683
3011
9471
2317
48766
4297
5893
6548
1506
6886
990
1605
5493
2021
1463
5983
1644
9168
7991
519
11046
3479
6250
831
1427
6150
13510
348
1403
3335
7628
1836
20947
2263
19660
2339
2021
3154
1782
2147
12452
5256
2855
1129
1635
1348
1796
6995
1850
1023
1943
1144
17330
1506
951
2831
1125
2339
1228
3766
1015
997
566
3957
1370
1376
850
6054
5160
4640
1095
4094
1493
1501
2523
1475
6717
1353
2877
1166
4533
39978
5481
11978
1446
3511
3133
7784
1668
2955
2259
4054
5398
4781
2338
2029
2258
3394
3369
2308
9237
6932
5429
1439
7683
2974
3554
6430
1817
3540
2650
3446
1296
4837
3586
1683
3618
48966
14867
2965
9184
2687
20119
1248
3176
1712
1291
13766
1510
0
0
0
1291
1180
680
11977
1544
1639
1632
857
1313
1213
4738
3113
2309
986
5710
2757
10064
4604
5518
3162
1618
4699
4522
1717
2677
1127
8485
5914
31947
5393
3744
4489
6320
3240
2971
7071
6757
6720
1609
3460
2290
1878
3050
2305
1431
1701
2333
41316
1400
4202
3152
4280
2429
3438
4341
46062
8694
77457
6139
1800
1563
2372
14149
4087
2079
10161
5706
830
1038
7589
1317
1950
1505
728
1865
595
680
596
7203
631
3692
769
3587
1466
903
1324
2544
1470
1047
1014
3442
533
732
425
2201
466
2533
13614
2359
1683
2587
1538
481
1729
19450
10283
1799
1102
1365
7096
1985
27611
21013
1855
10768
8087
1714
9039
1270
2651
937
10259
3610
9554
2924
4209
1861
2174
3936
6790
5327
571
1942
39428
3077
973
14948
10462
1004
8030
1544
3099
4183
8713
755
3685
10638
2506
2833
4478
3393
3468
804
2146
2049
11393
2155
758
517
1291
1180
680
0
0
0
1520
901
513
726
1090
6387
13553
3792
3271
3307
69415
3001
19152
5647
2023
17403
4929
2909
4240
7036
53983
248
264
1317
6392
6841
6163
3028
3862
28361
2045
8404
5535
2692
20376
7783
1099
12972
8564
2873
2499
2068
3317
10616
2156
975
5395
2016
1697
3275
6411
6177
2733
3284
587
1911
2094
994
2122
17290
26443
7720
7028
1761
2986
13430
10466
2716
2394
3070
1559
5411
2817
13389
1798
721
3399
2568
918
1235
7536
1999
718
1243
3627
5280
4288
7028
1838
587
7784
1085
1370
19935
1901
1793
3443
4162
4184
5565
1956
4376
1802
5163
3566
2037
1024
1673
15704
8393
4294
3439
3915
2468
5913
7435
2707
2122
6299
3596
2415
3466
3680
1430
2507
1404
2360
26502
5691
2141
8166
8546
5354
1593
3204
1936
6514
978
5681
1738
8829
12293
1281
3429
35983
14813
4443
1898
944
2483
6538
1941
4202
1654
1505
1299
11977
1544
1639
1520
901
513
0
0
0
740
440
1232
29952
4819
5585
7229
2734
22163
15911
1686
1777
7845
3506
13968
1804
1596
6354
687
434
794
3398
1960
5109
2982
9142
4042
5001
3201
6563
17754
2379
4191
3076
1032
2471
1914
1295
13537
1154
4017
4033
2978
1612
7140
4304
53850
6278
3201
8869
2249
9880
2444
1951
69483
14630
78656
3558
1250
1694
5280
5140
16152
12035
1461
2763
1338
5094
958
518
844
2232
1078
1666
714
2820
1296
344
979
1788
5092
1245
827
12828
2383
7613
912
1604
16517
2305
1237
1206
3007
5368
3136
3458
1321
20600
1510
6261
3450
6041
2002
23484
2431
2342
4750
2781
4323
3759
3136
2650
6467
2857
2601
4300
24998
11220
1420
5142
2032
4555
2262
2793
4353
1244
4402
5542
5973
6444
3195
18068
2355
2526
1036
1811
8258
5532
1345
9944
4792
3460
4240
969
21098
1919
10052
5254
2809
2509
2019
5782
1450
1632
857
1313
726
1090
6387
740
440
1232
0
0
0
3845
1376
1781
1149
5950
6395
1358
4128
6444
4958
4394
9547
3470
1265
1443
311
491
1868
11024
8673
2651
5494
3219
3841
2754
3966
3448
38249
1930
14531
9390
2729
5786
29831
1044
4109
4242
5789
6046
3837
2015
2018
12780
50737
6876
5425
4004
11372
1031
4553
1036
4659
4233
2377
4462
2227
2836
8229
1287
972
2187
859
3447
825
2222
510
15384
1607
1404
976
1599
6212
1682
1732
339
3744
1136
2301
6823
1345
911
1513
17701
1375
2049
3432
1988
670
3165
3678
4131
1390
2556
2918
8662
4638
8431
4201
2146
6266
9574
27797
2113
1228
1277
6993
1726
4217
2672
1184
785
4118
1110
14169
1497
4828
2193
572
29981
2450
2875
6618
1498
1182
6893
1249
1700
1092
2564
1373
593
713
350
1752
839
476
338
4469
327
878
1604
890
862
7193
590
918
655
1083
9734
1155
1213
4738
3113
13553
3792
3271
29952
4819
5585
3845
1376
1781
0
0
0
5929
2653
8600
6050
4611
7474
7683
7856
5997
4457
9257
2139
1960
3777
2265
971
727
1783
33486
8127
3215
2861
1402
1667
2501
3382
12770
4851
1083
1794
5414
2960
9492
751
1322
718
142
214
79
6914
1537
1188
1209
1464
1668
935
1124
7554
7765
17796
2161
2507
1326
3594
3047
3146
14707
13114
2751
4087
12345
3721
4542
6477
7827
2843
46240
22186
7022
11561
9041
14077
2886
4060
3015
8581
3257
2378
3819
2595
28830
2764
2093
3848
1955
3070
73989
3130
3116
2324
7110
2591
2903
1508
5134
5726
5947
3685
14974
2695
6365
1941
3173
1039
21597
1177
2881
3115
7379
2155
1525
3662
6879
7677
3270
3400
5613
60948
3628
2451
6492
4635
2011
1212
7994
1998
3486
4593
7033
3129
3143
4149
4788
15193
3952
2335
9701
12668
53369
1382
1713
5713
4743
3532
11639
1230
10066
2309
986
5710
3307
69415
3001
7229
2734
22163
1149
5950
6395
5929
2653
8600
0
0
0
2212
14005
2648
4927
2761
814
1970
6332
22105
13509
2451
12865
2161
3699
15975
3690
2444
4588
6782
12519
8561
1410
1131
7195
1453
2018
16512
7079
2198
4291
41788
24611
2469
80760
10492
5255
11341
4374
2349
17594
27745
7876
120635
3555
2349
3813
15646
8637
3059
654
2417
2303
1037
4481
2544
44657
1457
884
4916
13545
1815
1332
64194
1926
4100
6187
2347
1741
3293
1272
16848
3029
2972
3044
7232
1976
6017
3406
804
1937
6840
3212
3671
1878
5894
2637
2611
839
4020
2348
880
5683
915
642
421
2389
2856
2312
227
65
319
111
9123
31512
5714
1195
1301
1440
550
534
1034
2899
1518
1420
6307
2440
1138
764
8421
814
6368
8981
5560
2837
883
1561
2559
2614
1611
3462
3492
11402
32771
1681
6957
1985
2785
1204
2115
21414
2662
7395
4681
14085
2757
10064
4604
19152
5647
2023
15911
1686
1777
1358
4128
6444
6050
4611
7474
2212
14005
2648
0
0
0
1059
17821
864
12719
4067
1863
3940
4417
3415
1180
1293
8191
2656
4928
4490
6956
24504
6683
1020
611
2450
2356
2615
3088
12789
14180
10151
6687
3481
5685
2878
4185
4170
3280
1249
3678
2883
2789
1502
46489
5988
1548
520
3940
3137
3288
7535
1694
2912
1437
902
1291
2419
8474
2296
13131
2159
4085
9601
3522
7731
6200
4397
3385
4708
3098
1616
2670
2313
5702
24237
2185
32284
6816
5144
1708
4243
2841
4766
3809
2836
18041
2358
1694
6017
3146
3150
3266
6439
5880
2579
5455
2378
2349
33387
31077
1412
5551
6001
6634
1703
1587
1890
1936
1819
8924
6606
1368
9826
1748
15221
4003
1088
2842
9459
2626
3635
3861
6958
15690
26111
6024
4536
26429
2136
9570
2714
8610
56015
3413
15837
3430
15270
30723
5167
2290
13040
12617
12467
11869
9072
5518
3162
1618
17403
4929
2909
7845
3506
13968
4958
4394
9547
7683
7856
5997
4927
2761
814
1059
17821
864
0
0
0
2214
2162
2850
2184
5250
3358
3585
2816
7513
1041
2108
1539
3875
5377
2058
1518
1062
6365
6020
34295
17295
5272
3664
9685
4313
1843
5305
80052
4436
1400
2215
1656
1611
6408
6685
3939
2613
3641
40443
1873
1538
624
2515
11288
2807
9469
4359
1972
5315
9450
2597
3459
1225
41363
15307
2685
2550
5035
4318
4295
5332
3619
1087
6770
13128
3287
3088
6993
42219
2387
12476
1659
2027
6469
1885
12898
2810
2063
15045
5364
1023
1853
1505
3321
1145
5636
2207
4250
2912
3464
3245
1558
29287
29452
36453
7466
1882
3949
1578
91536
15729
3032
2056
4144
4911
6286
3951
2275
3465
9687
6404
2890
3096
2830
963
14922
23002
2520
6934
12653
53935
10967
25311
102432
10952
2110
11195
5648
3945
12973
4453
2216
1725
10115
1840
3914
2329
2377
4699
4522
1717
4240
7036
53983
1804
1596
6354
3470
1265
1443
4457
9257
2139
1970
6332
22105
12719
4067
1863
2214
2162
2850
0
0
0
1762
12458
5623
9145
3938
11957
16053
2597
10358
8956
53572
8544
11823
2758
54358
4895
16527
4536
24301
38030
2532
6386
17555
4633
4766
8635
3558
16874
3034
25264
40127
4047
14720
2155
4563
14927
41335
1842
5172
5102
2847
3545
3105
961
2090
2371
2515
3475
4199
945
3208
202
666
293
2092
27514
2194
2976
591
560
1563
1503
8735
3897
1580
1243
564
1225
1171
1523
1963
959
3549
1333
692
1273
15196
3064
2424
8211
2723
8488
1181
4141
7519
2032
4741
1457
1506
4291
3587
7060
23991
3293
1847
3204
5411
5271
7445
2786
2740
4016
46273
23368
2672
15129
1340
1066
3390
46250
3755
1582
16743
4660
1059
1275
2290
3892
5081
2526
517
1284
7227
5835
1499
642
2470
839
32549
614
615
1784
584
2524
1936
2677
1127
8485
248
264
1317
687
434
794
311
491
1868
1960
3777
2265
13509
2451
12865
3940
4417
3415
2184
5250
3358
1762
12458
5623
0
0
0
2780
6553
7419
18288
5807
5520
5070
3113
4998
2467
1949
2227
12959
1854
13973
995
631
2333
9211
2836
6484
860
25213
1339
20195
13191
3027
2095
3805
1250
7620
1854
1462
2936
4345
5459
5766
1593
942
4477
5133
5314
2257
4444
1314
3542
1109
1632
46260
6259
8028
2510
1943
3064
5120
6931
22524
3257
2364
14398
1212
2051
3774
2156
2303
2437
5055
16089
1822
9978
18488
1575
3098
1691
24697
1775
1856
5123
2215
5252
4367
5586
9700
11109
4645
3565
2438
1285
1372
1509
3679
1065
5938
1284
3173
1532
1788
1724
1437
6047
2474
758
1394
13509
653
911
1146
1410
1936
5012
781
4610
1761
1552
1145
2669
2695
787
1143
1498
1357
2127
1573
1643
512
584
2334
1835
760
7228
1643
1844
5914
31947
5393
6392
6841
6163
3398
1960
5109
11024
8673
2651
971
727
1783
2161
3699
15975
1180
1293
8191
3585
2816
7513
9145
3938
11957
2780
6553
7419
0
0
0
7577
6587
1187
755
1501
751
1776
624
3363
759
173
452
1888
1027
3693
2597
2438
6948
634
579
634
1909
6932
886
2380
2996
1834
1998
2358
888
687
3036
948
1213
19416
9606
1206
5379
1842
9020
1950
2121
2717
6232
2495
2838
4829
6407
6649
3640
9092
5333
4173
16413
10748
5066
8031
2749
1814
1231
2582
17043
2106
12480
5467
2532
4132
54122
5596
33646
3228
7042
67431
4595
4045
1984
6015
15782
6817
39547
2240
19012
8471
1591
1696
1831
29859
3782
2782
2224
3571
1641
1868
1083
2699
658
8335
2983
1171
5481
711
4627
926
1017
4256
2865
1462
1009
5050
1209
3018
3023
5869
2678
41575
1558
1177
11204
930
8838
7024
1682
4526
3402
10734
1878
5683
3011
9471
3744
4489
6320
3028
3862
28361
2982
9142
4042
5494
3219
3841
33486
8127
3215
3690
2444
4588
2656
4928
4490
1041
2108
1539
16053
2597
10358
18288
5807
5520
7577
6587
1187
0
0
0
4366
1719
3605
399
5028
667
1209
3054
857
4899
8637
28222
4953
5588
5623
8029
3083
1291
18385
2896
2443
12110
108576
189211
2716
6303
3803
2709
328
153
5573
2069
12086
3459
2276
4500
3445
3184
2201
50677
2083
7665
23952
2584
7096
3822
1919
624
15738
6590
3884
3431
42071
2098
3278
3835
2044
23308
4308
9896
3143
3071
5682
2675
4927
1496
4818
5622
22815
2035
12504
5101
14642
2477
4670
1976
39819
2855
3506
4148
5990
3304
7875
6547
47138
2310
3491
747
21023
1138
847
1537
1211
26484
2722
1117
5546
1792
3438
3663
4255
14290
4125
1235
1654
2485
592
1779
1266
1574
1225
1494
949
436
36826
2129
1309
2735
2680
2732
2143
5963
15750
2317
48766
4297
3240
2971
7071
2045
8404
5535
5001
3201
6563
2754
3966
3448
2861
1402
1667
6782
12519
8561
6956
24504
6683
3875
5377
2058
8956
53572
8544
5070
3113
4998
755
1501
751
4366
1719
3605
0
0
0
16141
4384
3499
709
920
7673
14456
3966
7278
3185
2667
5540
2116
1673
1611
4188
1321
10328
10582
7452
3661
6232
5960
5916
6159
8723
434
5846
1130
4524
1449
5215
1451
1946
2728
4766
4118
2542
1342
3402
2670
2266
1244
2624
1016
2452
2437
29238
599
22355
1227
1179
7871
1522
1780
10098
4400
13212
4981
872
783
13314
2018
10348
1012
1994
5319
803
9227
1049
8807
1105
4549
5850
3612
1187
1365
969
1227
676
3317
429
3895
914
183
274
69
517
14085
1197
1084
5911
1972
2113
2090
2129
1872
1339
505
285
6490
812
319
1288
2784
2318
1300
2752
2832
3185
3682
1830
2830
792
1375
1214
6924
1758
3599
14608
5893
6548
1506
6757
6720
1609
2692
20376
7783
17754
2379
4191
38249
1930
14531
2501
3382
12770
1410
1131
7195
1020
611
2450
1518
1062
6365
11823
2758
54358
2467
1949
2227
1776
624
3363
399
5028
667
16141
4384
3499
0
0
0
1124
5528
2441
18107
28861
2577
4263
2681
5508
3355
6762
1788
3275
26711
76852
5011
5835
33063
1696
3123
3551
1637
964
221
4643
3662
1234
2480
1183
1260
1011
919
1039
1040
2567
4066
13368
2615
1867
2672
5369
563
1101
7076
27746
5905
2371
3938
3826
583
2280
15138
1903
1351
8521
846
3472
1477
11863
815
10808
1430
1455
1160
755
3842
1491
4688
2977
3573
4709
7107
1135
1636
23390
1041
3221
4138
936
5166
2862
831
1760
2924
2418
1054
1288
275
346
2239
6417
612
1045
855
1247
4968
700
473
1033
672
13634
915
658
670
1240
630
547
454
927
1019
2473
2768
2072
648
846
4879
12363
6886
990
1605
3460
2290
1878
1099
12972
8564
3076
1032
2471
9390
2729
5786
4851
1083
1794
1453
2018
16512
2356
2615
3088
6020
34295
17295
4895
16527
4536
12959
1854
13973
759
173
452
1209
3054
857
709
920
7673
1124
5528
2441
0
0
0
4919
3703
15760
5836
14997
4941
500
2693
3188
2188
2148
7732
3783
3755
2743
5954
1235
6384
1306
1041
1775
2652
1707
4971
22590
1284
3381
1125
1503
7352
1616
1705
6258
469
704
646
2401
1257
1006
2747
582
710
1692
8341
625
1486
2227
3456
3295
616
1299
8264
4719
1689
1567
2079
10816
4063
932
1878
2950
6876
3544
1176
34250
649
3857
1069
2830
2586
4521
2654
21417
6951
4371
2550
4484
1819
3651
2081
6035
908
5527
8632
1113
924
1848
3358
22466
15303
4456
1669
2700
3583
4337
1719
878
6190
1080
1911
1013
7575
9890
4718
10239
8758
908
7007
3901
10364
1829
2694
604
674
5493
2021
1463
3050
2305
1431
2873
2499
2068
1914
1295
13537
29831
1044
4109
5414
2960
9492
7079
2198
4291
12789
14180
10151
5272
3664
9685
24301
38030
2532
995
631
2333
1888
1027
3693
4899
8637
28222
14456
3966
7278
18107
28861
2577
4919
3703
15760
0
0
0
1221
6733
3345
4989
1073
1869
11274
16795
3018
830
965
995
2707
256
1271
3080
7599
6385
1355
1924
3087
3393
1815
1455
2203
4582
1884
8045
2836
1271
4602
1641
1645
25211
2546
1709
2626
2167
1794
1565
745
1244
699
629
2472
2185
2667
5216
862
2005
3166
12012
1893
1493
3350
2822
1728
1847
4534
4235
2622
40281
12954
2007
9638
1747
3017
7425
3836
2829
2963
1946
7636
2198
3658
31506
4671
20491
5827
15545
20350
1456
26925
1829
2331
4247
2338
5448
2275
4373
1800
1899
1666
2404
1183
844
1815
2591
929
802
1055
1463
2796
1860
1016
1547
1608
903
1764
4771
896
5983
1644
9168
1701
2333
41316
3317
10616
2156
1154
4017
4033
4242
5789
6046
751
1322
718
41788
24611
2469
6687
3481
5685
4313
1843
5305
6386
17555
4633
9211
2836
6484
2597
2438
6948
4953
5588
5623
3185
2667
5540
4263
2681
5508
5836
14997
4941
1221
6733
3345
0
0
0
21852
820
1212
1265
997
2018
214
233
6773
851
1105
2499
1390
1555
3468
5477
1497
1188
2811
4861
1270
1339
14056
2252
671
11581
5066
665
2210
2343
4437
660
2539
1959
1674
6300
3611
715
1848
2270
948
3844
2877
1150
3021
2455
2431
962
3680
2885
2357
2104
8412
38283
10267
20753
6372
1343
1531
1046
11440
1447
1248
2631
3642
4436
2882
1442
12065
3545
7541
1856
588
4188
5110
4089
1329
4132
684
609
13415
2460
3500
2121
7550
5683
2357
2242
2054
2183
758
754
1034
445
547
672
367
912
850
3330
921
1045
2209
1195
607
3069
522
1201
7991
519
11046
1400
4202
3152
975
5395
2016
2978
1612
7140
3837
2015
2018
142
214
79
80760
10492
5255
2878
4185
4170
80052
4436
1400
4766
8635
3558
860
25213
1339
634
579
634
8029
3083
1291
2116
1673
1611
3355
6762
1788
500
2693
3188
4989
1073
1869
21852
820
1212
0
0
0
1797
1072
3762
2162
2396
713
2260
1997
1040
4146
3910
8084
2152
1900
2101
5950
6499
974
4827
2090
1331
1740
1605
2416
7864
1800
6451
1480
2139
1020
4129
11365
4156
20769
6539
7235
3795
2545
4297
4493
2917
15938
9550
2607
11033
2106
3016
3478
2201
9082
2640
1692
2535
8382
7827
2179
3117
1375
3460
926
12960
3107
10632
5661
3413
4228
1909
7177
3590
2781
6957
3033
1068
4446
11077
25328
1228
2079
20485
3013
3335
4549
1686
2951
2375
49250
2498
8275
4351
3637
646
1059
602
2463
1435
741
1901
470
22548
4648
2233
800
1113
2370
1702
3479
6250
831
4280
2429
3438
1697
3275
6411
4304
53850
6278
12780
50737
6876
6914
1537
1188
11341
4374
2349
3280
1249
3678
2215
1656
1611
16874
3034
25264
20195
13191
3027
1909
6932
886
18385
2896
2443
4188
1321
10328
3275
26711
76852
2188
2148
7732
11274
16795
3018
1265
997
2018
1797
1072
3762
0
0
0
4811
1519
2550
1131
2623
4591
4619
4901
2633
6182
5330
2825
1169
11974
13486
1804
3189
6991
2021
1634
1530
1328
28168
3867
14396
2756
887
11042
2859
5997
2549
7576
2124
8721
3298
18828
2564
3997
41311
19979
3111
5145
3611
13357
3772
17690
3862
7707
5765
6698
17409
21078
6484
1162
6008
2611
28969
4484
2101
1489
9734
3343
7243
8392
3968
1593
3017
2838
4324
35565
948
2009
4615
17988
4122
4255
3132
5236
4251
3433
5052
33131
1913
5135
5703
1644
6982
6868
5298
2177
3073
972
2927
2243
3000
2342
14465
936
1575
5406
1643
24728
1427
6150
13510
4341
46062
8694
6177
2733
3284
3201
8869
2249
5425
4004
11372
1209
1464
1668
17594
27745
7876
2883
2789
1502
6408
6685
3939
40127
4047
14720
2095
3805
1250
2380
2996
1834
12110
108576
189211
10582
7452
3661
5011
5835
33063
3783
3755
2743
830
965
995
214
233
6773
2162
2396
713
4811
1519
2550
0
0
0
623
873
1205
3917
8464
7751
5490
679
2092
3976
908
1377
1335
5061
3460
1507
496
1602
745
1056
857
9084
3225
1532
1970
409
1554
778
369
327
605
2968
1962
1454
7105
790
943
3593
1741
1588
9046
1751
1744
1453
3482
1383
1827
5969
3553
1734
1764
3095
5427
8386
1686
1889
3309
3353
3078
3254
21217
3283
883
4312
11675
14203
2606
2004
25432
2589
10123
9391
18322
1674
2000
1096
7529
1977
1001
2048
2556
627
4140
5109
3163
16500
3149
3122
3114
1457
1257
5400
3228
2212
1586
500
606
850
3358
348
1403
3335
77457
6139
1800
587
1911
2094
9880
2444
1951
1031
4553
1036
935
1124
7554
120635
3555
2349
46489
5988
1548
2613
3641
40443
2155
4563
14927
7620
1854
1462
1998
2358
888
2716
6303
3803
6232
5960
5916
1696
3123
3551
5954
1235
6384
2707
256
1271
851
1105
2499
2260
1997
1040
1131
2623
4591
623
873
1205
0
0
0
1358
12983
2940
3430
4962
2035
744
1757
2069
3194
1032
1857
1777
1524
17928
10392
1210
10249
27847
7301
3210
11570
1598
6585
5494
9614
14665
4065
3318
3709
1808
7425
15221
16720
1984
1099
932
13053
1937
2144
682
6607
4856
3537
879
1926
4177
5489
1282
14558
6586
2920
1096
1366
9535
4159
1024
1008
650
723
2018
253
668
5036
2678
7358
15804
16331
2279
7126
815
8968
1302
3074
1239
4497
599
3196
605
3305
6537
4372
2778
4789
4187
1665
1742
814
2597
7783
11277
2313
12997
6201
2220
2316
7628
1836
20947
1563
2372
14149
994
2122
17290
69483
14630
78656
4659
4233
2377
7765
17796
2161
3813
15646
8637
520
3940
3137
1873
1538
624
41335
1842
5172
2936
4345
5459
687
3036
948
2709
328
153
6159
8723
434
1637
964
221
1306
1041
1775
3080
7599
6385
1390
1555
3468
4146
3910
8084
4619
4901
2633
3917
8464
7751
1358
12983
2940
0
0
0
