C_ijk
0
0
0
108
352
141
133
50
31
893
790
309
2310
1914
1935
944
210
1667
779
6271
1367
2158
232
1682
1113
5897
135
2302
8535
776
1666
1440
599
529
395
6006
2978
395
513
1632
654
1482
572
1694
2110
1589
1262
2347
833
1496
467
15801
507
1841
1079
1870
1051
4548
1861
1574
1043
522
336
1230
624
663
254
273
182
747
1411
728
2489
700
1106
969
864
535
5312
1313
1232
715
1641
2104
1072
4619
806
3083
1808
2671
751
737
831
713
1165
649
2015
3593
3284
1547
3017
3176
2472
4686
7250
1268
1611
5581
12013
632
706
8991
4374
1312
1891
1435
754
3600
1774
4646
1213
3794
3147
972
2713
1503
2635
3944
1566
4209
1360
4277
2807
1817
1411
2251
674
858
1283
942
5720
2821
2143
1082
1351
37112
4110
1008
13012
4639
11676
4595
3259
3501
5207
1972
719
43922
1164
2000
2197
1975
108
352
141
0
0
0
61
144
269
1331
786
5895
754
1472
1738
9424
390
392
801
1609
2493
709
1022
8945
1104
920
1770
3791
1086
700
860
247
749
332
399
238
2592
243
609
823
2648
337
7177
1293
5236
1141
926
2374
10327
996
1133
614
9200
1507
1809
852
467
377
2056
741
369
674
1356
700
2150
787
403
258
614
4330
990
1756
3821
801
357
625
512
753
1229
1233
606
7507
2262
593
241
1385
327
513
921
2831
569
486
1136
6696
1218
1046
1564
14899
14986
933
2410
17558
5444
3661
4136
4539
2296
3132
3437
803
4612
2271
2750
1890
1642
4748
8789
7938
1114
9764
3052
3617
5701
7805
2279
9824
4897
1332
1117
797
1892
5686
1166
2388
2228
1214
1401
1378
16636
8176
4175
2040
6903
4959
2366
2488
1072
1524
575
5568
6338
5438
5203
1770
2932
1339
1828
1713
11465
1675
1351
12693
133
50
31
61
144
269
0
0
0
1441
208
614
2119
2382
5757
143
136
341
2431
3947
3089
7669
2116
1693
1628
1802
1137
1693
607
7035
2444
193
747
341
1112
189
1343
224
378
1232
1741
1071
352
924
1596
4488
689
1470
8562
1040
738
2497
1899
1353
1817
884
1611
1867
6707
1517
335
1257
1288
335
1174
2076
361
638
300
8445
875
353
1924
987
425
187
1774
2530
1659
1642
985
6542
3106
1723
1190
3066
4365
517
2957
1530
7779
6038
2669
434
444
5385
3572
2992
2026
1129
1014
5382
1827
7438
1063
3323
1138
1368
1131
1593
1226
2570
2318
1974
1502
4110
2760
8403
1606
5713
3900
9601
21217
59251
1654
1721
19391
3184
1506
1783
8738
1535
1704
4297
1155
586
1151
10612
1020
3999
1825
24809
4167
1076
997
1227
3926
19042
1601
686
2257
2378
3658
96225
3801
6062
1574
2987
4380
6196
25376
1820
893
790
309
1331
786
5895
1441
208
614
0
0
0
856
9364
200
907
351
807
847
524
1387
443
753
1216
851
449
341
555
364
9098
4612
546
133
1599
3681
451
5839
5388
565
3559
3320
1491
930
1491
4767
4344
12730
2780
8062
546
2546
5018
1486
2035
1214
1071
3362
2284
6417
11514
1283
3139
1597
863
3743
561
9597
4255
1442
4494
1744
1581
4794
1271
885
799
2012
3809
711
2659
594
6861
1759
509
747
488
3046
1370
610
274
7515
756
1690
5490
1845
442
11389
3011
1628
890
3714
1401
4453
1065
1946
3132
720
2951
6043
3062
761
6034
4577
13898
1658
3553
1216
12932
4134
18822
3975
8184
9156
666
408
2980
103197
1612
1380
3543
2065
4302
1658
6985
7123
4298
1887
7615
2447
2880
783
2492
638
1206
2885
1822
1297
2814
830
1695
1218
5024
2648
3487
1350
13753
569
300
24075
5047
21922
2478
2310
1914
1935
754
1472
1738
2119
2382
5757
856
9364
200
0
0
0
378
5705
1358
2313
327
3012
533
904
396
6893
4602
3667
4288
775
493
4156
2140
1480
1065
1271
664
1328
1611
1244
740
7105
5766
2890
785
10588
1245
1773
23752
5175
1140
11862
3758
2292
2588
11508
1496
3333
4230
4353
1300
1748
3660
16924
1967
729
7541
1576
950
3766
5229
3269
2956
1951
1534
697
2154
1254
2934
1726
1445
6356
7170
1761
4346
1003
3356
1210
3829
1900
667
3171
3321
13179
3099
964
1777
4540
1318
1076
1702
6090
515
1231
5119
761
2228
1299
8324
9682
1280
1306
62436
5754
1728
1667
10335
1951
28233
4090
4211
14179
807
1854
992
219
5685
2633
5100
2029
2541
2091
1349
4384
42702
2937
2198
8622
2141
6609
8393
2282
673
559
442
1452
977
806
6180
3595
4526
4176
1889
1314
7971
12738
1071
425
627
1424
1873
3270
3660
944
210
1667
9424
390
392
143
136
341
907
351
807
378
5705
1358
0
0
0
1371
252
1000
397
616
6065
606
348
207
841
1629
1652
2092
1948
396
265
608
301
1095
314
234
920
1335
550
1004
292
2978
741
1441
1575
2785
4275
4332
1927
649
901
8332
1088
1289
3272
708
3211
3789
824
4719
1031
386
2569
1354
1315
612
1043
4664
1613
1491
908
3042
849
394
878
12753
3592
773
867
948
976
1303
2276
2200
213
2764
608
9741
4021
272
339
556
317
1844
2039
2938
446
4156
928
63250
4047
1542
1317
1043
1344
6917
2390
612
12028
1814
5117
2498
11135
1523
3142
4684
5774
4071
3555
1324
5440
7768
2585
1227
1932
1784
4182
1266
9817
3728
2699
746
1301
2140
3376
19200
2766
1649
4827
8710
3635
1020
25301
8657
735
4155
1353
2389
11471
3147
2031
9609
3969
916
2033
570
4296
989
3009
779
6271
1367
801
1609
2493
2431
3947
3089
847
524
1387
2313
327
3012
1371
252
1000
0
0
0
132
364
225
1108
409
187
1175
3676
18059
811
228
747
2786
1532
2513
6080
787
1354
542
3677
5368
8658
1636
1861
1593
1145
10590
1361
4052
1146
793
1218
1340
4240
25752
9404
843
1955
3949
1498
19630
1171
459
2174
1471
2288
5199
7553
17066
727
4291
1602
3251
2104
2936
1320
11314
2459
1164
18686
5976
5756
885
1900
1105
1398
368
963
755
864
575
316
534
2170
2325
3175
23962
1264
533
1062
3786
1464
2173
1488
668
10809
8798
1137
1875
691
2649
3935
3774
17437
1162
3294
2971
3440
6821
2852
1655
7266
544
2458
644
12742
2887
4845
2927
1788
2010
2494
2191
1934
1566
4992
12176
10965
4429
15191
429
2786
1369
1814
1142
7637
932
453
4396
962
15841
2919
3430
2545
1098
476
4285
6764
9316
3826
4598
2158
232
1682
709
1022
8945
7669
2116
1693
443
753
1216
533
904
396
397
616
6065
132
364
225
0
0
0
1024
749
1296
838
569
686
1853
6297
650
1262
741
650
3074
408
1983
2006
673
1085
759
16215
921
5652
973
1300
1349
2801
14083
2347
1323
2428
10930
1883
6657
2276
2192
3414
2171
2658
715
903
5455
860
12332
2409
1994
2267
854
2262
3081
961
2209
2720
1477
925
10121
995
4843
4303
5420
3919
4098
2532
549
409
3425
483
368
310
2011
402
1002
1649
7553
2081
2775
1095
1048
5497
14692
5294
3994
3602
3247
1507
7604
549
444
8801
8853
4871
2325
10241
1199
12740
12706
23681
5604
4635
2905
1413
1014
1363
3064
4805
1232
3580
17300
2011
18331
3277
4508
1231
11180
2601
1861
6419
1006
3558
1675
865
2031
4913
844
10352
862
600
2244
2454
1101
2989
2130
1146
309
3240
850
11610
4736
1592
1113
5897
135
1104
920
1770
1628
1802
1137
851
449
341
6893
4602
3667
606
348
207
1108
409
187
1024
749
1296
0
0
0
817
4252
2376
481
184
1452
371
338
1515
1616
503
174
286
14504
823
1307
399
1956
502
3814
696
10593
783
881
3231
1729
3754
4554
524
861
1641
1437
950
830
467
1586
662
2499
1412
965
983
1605
565
6994
618
5172
11977
876
189
845
397
1828
18206
912
3496
1615
2289
1377
1481
3468
1239
2414
1141
1566
4152
1159
741
783
1992
3032
5278
2911
1080
691
778
1824
12639
6842
6336
1072
1761
700
32697
18627
15041
4377
15682
651
4053
2818
7333
10801
20961
3122
30947
10554
2193
1229
1821
1882
1247
1572
5649
12031
1298
6778
13836
5608
687
364
1915
1531
3548
2206
17548
4466
4061
996
1783
2648
1231
938
2709
2221
16598
1174
12448
3394
3690
2790
1990
731
2996
2382
5299
2302
8535
776
3791
1086
700
1693
607
7035
555
364
9098
4288
775
493
841
1629
1652
1175
3676
18059
838
569
686
817
4252
2376
0
0
0
1999
497
731
23539
1151
664
729
1530
1519
202
662
682
1881
2421
609
6904
988
5358
1036
1057
8171
4377
8918
2106
3573
5277
1587
15879
2645
3237
3460
860
1015
5600
3152
2607
1944
2273
4832
4251
941
4154
6015
1444
6707
1229
4134
23087
1602
1657
4081
1923
1518
7331
900
879
1318
992
927
1107
1960
693
1806
1248
950
2571
1298
1528
1673
1026
623
10306
3353
975
1959
1056
401
848
15797
795
1535
3091
1781
7249
1817
1652
1969
1904
13266
3515
1112
1754
14665
937
618
315
9684
31342
18595
15803
1447
5169
776
40638
15924
6838
3103
1592
2883
4705
25465
1647
2612
1933
3898
12787
54856
712
1185
2556
4465
3421
10394
4180
1820
2549
859
628
1665
4716
1519
2493
1666
1440
599
860
247
749
2444
193
747
4612
546
133
4156
2140
1480
2092
1948
396
811
228
747
1853
6297
650
481
184
1452
1999
497
731
0
0
0
290
438
285
786
379
340
2631
541
808
1102
811
2802
1931
842
944
1476
6912
875
2177
1146
1835
1397
925
2655
496
3080
1375
704
601
2325
1626
1443
15521
18193
2858
1031
2671
9797
691
441
1056
29987
1448
1324
1500
1850
3580
26443
473
5550
1234
356
1408
1299
1074
2432
712
377
737
2281
877
3014
343
10545
506
4852
569
851
4663
1400
3150
2646
9138
1460
1256
14182
2053
2904
4141
8423
889
1942
4767
1214
5184
3035
1779
4128
5897
1809
1787
1555
11859
6995
1563
15244
5295
1421
5771
9462
3432
7171
867
1794
2087
5654
459
1139
1576
1572
79976
1807
6962
2222
1320
3336
1103
1917
4351
3643
696
19868
1251
4641
314
3959
4556
31257
9149
529
395
6006
332
399
238
341
1112
189
1599
3681
451
1065
1271
664
265
608
301
2786
1532
2513
1262
741
650
371
338
1515
23539
1151
664
290
438
285
0
0
0
115
536
120
711
9537
424
4557
1621
1052
1375
7691
648
2454
1055
1066
723
26269
765
1654
846
1063
1207
2468
2842
9230
512
1013
4648
7867
1770
6497
523
1085
3729
8903
715
1971
925
925
1019
2492
971
10095
26690
4416
1343
2944
552
604
8960
1677
721
1283
5452
4012
611
5661
1168
910
1079
2195
8798
1206
7330
8743
1748
2349
3515
4157
4946
10958
753
1137
2294
2023
5578
2353
1167
4101
1079
610
7581
6233
2343
4482
1708
563
5998
2400
12115
43166
3139
1356
2468
1729
1734
3007
3814
2394
708
1345
1886
2719
3760
897
1737
4143
3763
21822
2493
8568
1372
1532
4401
14182
4509
1788
2177
29697
4006
2815
1956
6651
970
2456
40292
2978
395
513
2592
243
609
1343
224
378
5839
5388
565
1328
1611
1244
1095
314
234
6080
787
1354
3074
408
1983
1616
503
174
729
1530
1519
786
379
340
115
536
120
0
0
0
7315
886
1751
4022
561
342
1145
1217
4426
945
1792
641
674
2970
2908
2363
1794
831
3672
4605
6712
849
741
681
3907
494
857
550
696
207
1034
2245
932
2211
498
449
2600
469
1355
1805
1233
1449
20643
2049
2417
618
1834
1016
720
575
802
670
5752
436
700
20892
2739
1062
1632
24490
610
6595
9374
1884
4271
971
8133
878
1133
1612
1370
2850
3143
3209
761
1085
2792
2917
3818
1887
6496
23461
1370
3161
7814
1001
7994
1327
1110
2524
1574
22773
4733
1941
23954
2098
3215
4598
2421
1052
2424
3947
918
3407
1693
2659
2226
11568
1140
4000
2249
1435
2844
3972
14493
2737
4636
16726
3069
3637
3062
721
1901
1632
654
1482
823
2648
337
1232
1741
1071
3559
3320
1491
740
7105
5766
920
1335
550
542
3677
5368
2006
673
1085
286
14504
823
202
662
682
2631
541
808
711
9537
424
7315
886
1751
0
0
0
1245
837
902
588
4071
980
705
1159
516
2550
817
2978
1126
13036
7594
1318
1075
5234
1776
487
35665
2205
1739
2487
802
2430
3648
1015
1110
1393
1656
4312
7979
748
679
5417
44907
6720
4110
1534
2774
1709
2401
3631
3000
63985
15969
2103
2240
783
2196
992
5758
4876
1036
2005
6853
1137
9593
3507
2062
1133
2042
2648
882
1525
4985
7003
1361
979
2060
1855
1341
11133
1974
915
3065
2146
15007
1934
2716
2268
20976
2659
19136
6550
12922
8565
2047
6100
12287
13139
5560
5872
5451
3470
4346
7193
660
1798
5777
10136
6166
2001
3529
2550
933
2178
8521
12944
2706
3955
1575
2584
5234
1735
4994
5902
3048
3557
572
1694
2110
7177
1293
5236
352
924
1596
930
1491
4767
2890
785
10588
1004
292
2978
8658
1636
1861
759
16215
921
1307
399
1956
1881
2421
609
1102
811
2802
4557
1621
1052
4022
561
342
1245
837
902
0
0
0
550
711
169
560
1742
389
946
1364
550
752
5216
593
10393
2356
1259
4031
2283
1826
37267
466
31349
1876
2389
898
3287
911
1528
5640
1462
1842
1492
1732
5483
1104
1686
1710
8331
1572
3408
542
12047
1545
2451
14606
659
1539
1535
1160
2082
742
1538
3034
1067
778
2971
1337
8529
1009
4393
1946
24030
1064
431
4625
1993
11207
1340
3934
1326
912
1025
1647
1344
1526
1060
1157
6303
6715
579
948
1476
2751
5120
3630
2258
4916
3028
14805
4982
4109
1064
4407
1624
4629
22070
1734
5319
9187
8496
4791
2853
17506
11751
20123
3455
8535
1563
4309
4452
1307
2314
2415
10979
15450
2761
1678
1336
1589
1262
2347
1141
926
2374
4488
689
1470
4344
12730
2780
1245
1773
23752
741
1441
1575
1593
1145
10590
5652
973
1300
502
3814
696
6904
988
5358
1931
842
944
1375
7691
648
1145
1217
4426
588
4071
980
550
711
169
0
0
0
1261
348
297
561
285
2300
3738
854
1394
1716
1043
8395
764
1670
1727
1030
10304
1539
9821
1108
5615
1425
2747
3950
924
4535
598
2593
1365
2625
2184
10472
22908
1404
867
5819
621
1227
2476
3162
3142
1049
1788
362
894
482
2433
882
1582
1730
1477
1644
2741
2401
2379
1284
7799
3384
6496
9042
2173
3468
8017
1367
912
1979
627
431
1937
3340
838
2914
1816
2045
18873
4509
5402
6674
7241
2636
1334
1922
9062
9012
7037
11881
2919
2039
747
1195
2804
2835
1275
1628
3016
10097
9852
4285
6017
28593
1508
2327
2458
2677
2522
3039
3901
4947
2252
3621
3567
2361
6046
1770
833
1496
467
10327
996
1133
8562
1040
738
8062
546
2546
5175
1140
11862
2785
4275
4332
1361
4052
1146
1349
2801
14083
10593
783
881
1036
1057
8171
1476
6912
875
2454
1055
1066
945
1792
641
705
1159
516
560
1742
389
1261
348
297
0
0
0
529
299
230
594
886
309
540
1650
4671
2262
2030
2916
4393
1234
1453
42983
2227
1864
1571
7499
1621
1251
2046
3417
3706
2914
813
14288
5549
1317
2619
4518
3825
3631
1314
1024
10646
2226
2505
4349
1069
3857
912
14490
4937
1648
14733
1733
1386
2299
3926
3467
2243
3313
2194
3234
4407
7357
1284
18709
2923
2111
4520
398
993
836
1334
1214
809
36940
3938
1405
11506
4756
1515
2354
3928
4138
8662
3613
2019
2924
1333
25249
728
4395
834
18854
1901
1169
1446
2936
6513
2869
4433
3550
2407
2106
33219
4261
1640
2209
6853
5040
2090
1319
8821
1753
2928
3316
1046
15801
507
1841
614
9200
1507
2497
1899
1353
5018
1486
2035
3758
2292
2588
1927
649
901
793
1218
1340
2347
1323
2428
3231
1729
3754
4377
8918
2106
2177
1146
1835
723
26269
765
674
2970
2908
2550
817
2978
946
1364
550
561
285
2300
529
299
230
0
0
0
714
9171
717
1027
893
1293
793
1342
809
29295
1150
7643
1630
3885
947
1633
4471
1033
4225
3136
5109
5856
1064
1002
4144
2050
4168
1963
1309
1803
1347
3060
1526
2449
27899
14191
4067
1146
2437
2097
4655
5026
2372
2386
1934
31158
4314
1585
2589
4831
9173
4461
3790
3010
1001
3327
1942
3966
11513
5600
73
691
86
1784
1496
2549
3262
4765
1920
6753
3629
1403
5205
674
956
1993
3588
3159
1022
2378
7841
735
1178
1018
1030
3166
9401
5780
2987
20873
2354
14566
22116
3485
2815
2636
3656
3303
3823
3722
1483
3606
2737
4846
5178
1177
13262
17811
1079
1870
1051
1809
852
467
1817
884
1611
1214
1071
3362
11508
1496
3333
8332
1088
1289
4240
25752
9404
10930
1883
6657
4554
524
861
3573
5277
1587
1397
925
2655
1654
846
1063
2363
1794
831
1126
13036
7594
752
5216
593
3738
854
1394
594
886
309
714
9171
717
0
0
0
271
1181
873
1276
185
137
298
691
783
499
865
534
594
257
2249
4852
422
928
807
690
306
4363
42528
5124
960
1008
3360
537
1824
6023
43268
1839
4916
1814
8348
16834
4072
1262
1488
19550
2698
2965
3242
2920
1865
4613
20258
6354
6579
4746
2945
10993
1833
1129
3251
6789
1968
12379
1176
5159
1420
3048
1826
1906
3038
15735
24425
7883
1810
1309
1058
1275
368
6311
6271
441
5646
10677
404
155
668
1236
4257
2023
4404
2672
28777
4782
2000
5938
1234
10434
1329
27660
1912
17011
6985
5181
2650
7027
2085
4028
7934
1987
1949
4548
1861
1574
377
2056
741
1867
6707
1517
2284
6417
11514
4230
4353
1300
3272
708
3211
843
1955
3949
2276
2192
3414
1641
1437
950
15879
2645
3237
496
3080
1375
1207
2468
2842
3672
4605
6712
1318
1075
5234
10393
2356
1259
1716
1043
8395
540
1650
4671
1027
893
1293
271
1181
873
0
0
0
324
1160
508
2450
392
3246
925
23243
1659
587
8742
5878
1083
499
510
2443
2833
20533
1862
2189
1329
1959
1043
3330
23789
6747
1057
1635
739
3176
4919
671
1295
471
977
2074
1293
3318
3004
2347
6129
1433
3295
11270
9163
1727
20425
7552
1577
1833
2770
3771
18527
12696
1591
738
1883
2627
821
3898
3300
2757
1067
5092
1976
6945
2332
4414
5781
11629
853
734
2949
783
4889
148
594
139
3446
714
7628
4592
3727
2528
1558
1396
1910
1749
4887
5389
3829
12544
3503
31046
5070
2410
8053
8810
3003
8492
1105
406
1043
522
336
369
674
1356
335
1257
1288
1283
3139
1597
1748
3660
16924
3789
824
4719
1498
19630
1171
2171
2658
715
830
467
1586
3460
860
1015
704
601
2325
9230
512
1013
849
741
681
1776
487
35665
4031
2283
1826
764
1670
1727
2262
2030
2916
793
1342
809
1276
185
137
324
1160
508
0
0
0
568
247
1190
742
10967
951
1274
380
416
608
2145
419
1048
375
888
2233
804
11624
2069
4091
11415
813
460
1589
1065
3207
1357
15876
1705
3875
398
3432
3495
4763
2798
5145
1650
2636
6065
6621
4502
1660
3363
2396
4021
722
5067
959
1795
7151
3997
1525
1298
708
605
2093
3221
3601
6935
5920
5059
1046
4115
6682
2708
9195
1743
1879
7593
19754
4892
70596
550
1412
459
680
1355
5127
3532
2009
1726
933
3034
11979
2100
3502
12335
1473
5982
1193
1989
29279
5839
4563
4375
1790
5485
3036
562
1230
624
663
700
2150
787
335
1174
2076
863
3743
561
1967
729
7541
1031
386
2569
459
2174
1471
903
5455
860
662
2499
1412
5600
3152
2607
1626
1443
15521
4648
7867
1770
3907
494
857
2205
1739
2487
37267
466
31349
1030
10304
1539
4393
1234
1453
29295
1150
7643
298
691
783
2450
392
3246
568
247
1190
0
0
0
378
1188
386
183
389
2381
195
236
213
1263
541
436
582
962
812
1866
3275
684
599
305
772
614
819
494
3390
458
1343
1169
698
1026
8918
3080
3913
2310
4939
10293
1400
3293
38325
20631
5864
2083
844
27629
757
5817
21403
6354
17071
1702
2687
3967
2593
3337
10212
2827
14371
3052
2533
13237
758
1245
2456
14505
3277
2574
23790
1416
839
3655
1346
7237
849
386
2752
2405
2493
14143
6545
5947
3857
930
770
633
2009
1643
983
22706
2569
1612
1270
730
28230
2313
4747
1349
254
273
182
403
258
614
361
638
300
9597
4255
1442
1576
950
3766
1354
1315
612
2288
5199
7553
12332
2409
1994
965
983
1605
1944
2273
4832
18193
2858
1031
6497
523
1085
550
696
207
802
2430
3648
1876
2389
898
9821
1108
5615
42983
2227
1864
1630
3885
947
499
865
534
925
23243
1659
742
10967
951
378
1188
386
0
0
0
762
5750
1533
2011
1931
6908
291
213
1380
3125
542
3079
1450
6610
336
3233
565
364
632
893
380
705
1468
2580
390
334
354
1493
2822
8257
27892
1403
5900
2158
990
3104
4087
3477
1117
779
572
5161
11912
1609
2730
918
808
851
3350
4178
13253
10857
24528
3794
1614
5574
14371
626
1793
764
1466
2054
2256
1536
4555
12841
1182
2619
3199
5165
2604
14106
3466
4907
3499
1974
11624
2434
693
7291
1234
2949
1444
1433
1456
2520
9167
1480
17099
7391
935
982
6240
747
1411
728
4330
990
1756
8445
875
353
4494
1744
1581
5229
3269
2956
1043
4664
1613
17066
727
4291
2267
854
2262
565
6994
618
4251
941
4154
2671
9797
691
3729
8903
715
1034
2245
932
1015
1110
1393
3287
911
1528
1425
2747
3950
1571
7499
1621
1633
4471
1033
594
257
2249
587
8742
5878
1274
380
416
183
389
2381
762
5750
1533
0
0
0
180
112
244
2297
726
2057
3347
16527
1051
1294
684
3266
4949
2465
1234
816
788
1421
527
2818
1432
877
6280
571
3176
2383
4567
5310
2570
26353
9557
1772
1698
6254
2931
2560
6323
867
5813
3623
23605
2861
1694
1886
2186
1168
41974
18935
1367
1817
3719
5847
1380
11285
1402
1131
1138
7767
5173
692
486
1037
1254
1329
1690
463
2985
385
1728
2348
14806
3054
1500
2076
998
778
4767
1503
2394
5999
10095
1438
5201
2046
3181
1874
26252
1259
991
3223
2489
700
1106
3821
801
357
1924
987
425
4794
1271
885
1951
1534
697
1491
908
3042
1602
3251
2104
3081
961
2209
5172
11977
876
6015
1444
6707
441
1056
29987
1971
925
925
2211
498
449
1656
4312
7979
5640
1462
1842
924
4535
598
1251
2046
3417
4225
3136
5109
4852
422
928
1083
499
510
608
2145
419
195
236
213
2011
1931
6908
180
112
244
0
0
0
1206
992
645
748
16963
824
677
9438
2879
6702
851
990
26557
1804
352
1518
993
1917
3664
5602
846
49379
1942
4101
6987
3108
3142
1063
33956
1519
3994
991
5197
1199
11018
1184
2065
2830
39831
1645
7384
7214
16298
1980
7133
4421
21683
2383
3070
3012
2305
861
358
428
3059
435
41134
534
4291
8963
291
261
405
150
777
177
4420
8811
10317
4797
1969
1447
495
932
6617
1831
3261
916
13793
15273
6256
3729
3392
4099
2984
923
4045
969
864
535
625
512
753
187
1774
2530
799
2012
3809
2154
1254
2934
849
394
878
2936
1320
11314
2720
1477
925
189
845
397
1229
4134
23087
1448
1324
1500
1019
2492
971
2600
469
1355
748
679
5417
1492
1732
5483
2593
1365
2625
3706
2914
813
5856
1064
1002
807
690
306
2443
2833
20533
1048
375
888
1263
541
436
291
213
1380
2297
726
2057
1206
992
645
0
0
0
2425
1574
657
824
995
5900
137
250
1353
2441
1455
13225
6399
362
500
512
502
308
3632
3485
6681
2487
596
4401
2165
5239
32433
2322
3170
2393
1859
1457
1397
3750
3084
7889
4184
3559
1931
1753
1401
1523
3761
4690
8182
1623
10472
14672
2635
442
3220
8187
1180
1437
2540
3434
610
1993
1724
522
977
2521
521
5936
3586
2136
3338
1641
12963
1001
7082
645
20939
14851
2592
1558
4494
793
2699
597
10200
5247
920
46471
5312
1313
1232
1229
1233
606
1659
1642
985
711
2659
594
1726
1445
6356
12753
3592
773
2459
1164
18686
10121
995
4843
1828
18206
912
1602
1657
4081
1850
3580
26443
10095
26690
4416
1805
1233
1449
44907
6720
4110
1104
1686
1710
2184
10472
22908
14288
5549
1317
4144
2050
4168
4363
42528
5124
1862
2189
1329
2233
804
11624
582
962
812
3125
542
3079
3347
16527
1051
748
16963
824
2425
1574
657
0
0
0
547
143
183
11736
479
441
272
1820
786
889
320
3955
718
386
20782
62616
3321
6399
2925
29582
10705
25530
3784
2491
2228
4577
4739
2309
548
319
7544
6768
5590
11111
898
15685
2259
4267
2231
1235
6790
5095
6054
2687
1674
3720
1830
1502
6386
1315
4526
1010
671
5368
1619
14057
26666
1841
7210
1173
5815
5568
1276
3042
10554
667
250
410
564
1405
6827
5351
1798
1236
614
524
1973
4856
2492
16340
2183
715
1641
2104
7507
2262
593
6542
3106
1723
6861
1759
509
7170
1761
4346
867
948
976
5976
5756
885
4303
5420
3919
3496
1615
2289
1923
1518
7331
473
5550
1234
1343
2944
552
20643
2049
2417
1534
2774
1709
8331
1572
3408
1404
867
5819
2619
4518
3825
1963
1309
1803
960
1008
3360
1959
1043
3330
2069
4091
11415
1866
3275
684
1450
6610
336
1294
684
3266
677
9438
2879
824
995
5900
547
143
183
0
0
0
209
903
1052
505
580
6860
2799
1021
487
537
759
1287
31294
9093
3549
3968
2603
7288
3976
1632
5402
30956
2089
4605
474
222
2522
2258
4939
15872
14215
1419
1650
5577
8844
1250
2694
8281
4171
1973
4245
3220
3498
5493
488
4919
12753
9334
1148
651
932
3062
4235
2061
331
1005
1435
1611
8718
1232
1407
469
495
734
661
1312
2115
1025
2277
12800
4766
1820
1443
1060
1336
6148
10005
2506
1072
4619
806
241
1385
327
1190
3066
4365
747
488
3046
1003
3356
1210
1303
2276
2200
1900
1105
1398
4098
2532
549
1377
1481
3468
900
879
1318
356
1408
1299
604
8960
1677
618
1834
1016
2401
3631
3000
542
12047
1545
621
1227
2476
3631
1314
1024
1347
3060
1526
537
1824
6023
23789
6747
1057
813
460
1589
599
305
772
3233
565
364
4949
2465
1234
6702
851
990
137
250
1353
11736
479
441
209
903
1052
0
0
0
694
466
591
1752
6515
5176
1419
1219
275
2233
2305
2149
5627
1895
1634
8469
2676
4215
1685
1733
2097
1040
418
2693
6367
2828
17949
12966
2206
798
3908
4493
9129
9153
4178
10948
1774
3102
5972
3913
2155
1221
4956
16653
4864
2601
2542
6345
1910
2063
1252
2618
923
1693
3286
2494
1195
4290
1811
1350
738
417
2408
4382
3289
2014
1493
3393
2526
44378
3330
1137
1556
1521
11926
3083
1808
2671
513
921
2831
517
2957
1530
1370
610
274
3829
1900
667
213
2764
608
368
963
755
409
3425
483
1239
2414
1141
992
927
1107
1074
2432
712
721
1283
5452
720
575
802
63985
15969
2103
2451
14606
659
3162
3142
1049
10646
2226
2505
2449
27899
14191
43268
1839
4916
1635
739
3176
1065
3207
1357
614
819
494
632
893
380
816
788
1421
26557
1804
352
2441
1455
13225
272
1820
786
505
580
6860
694
466
591
0
0
0
265
157
307
457
298
624
2207
1365
7024
3037
1508
2392
6045
2069
3976
1492
2820
3049
4677
2305
6463
4854
1421
58708
2740
3138
1172
3482
9287
4558
16868
12277
11597
783
3911
2625
2397
3970
22891
6663
2631
2059
2341
2631
3810
2540
1513
1702
16738
843
4022
3414
663
685
984
872
4629
256
308
4085
3015
5149
757
4014
2115
1632
2209
871
584
3666
13577
1363
751
737
831
569
486
1136
7779
6038
2669
7515
756
1690
3171
3321
13179
9741
4021
272
864
575
316
368
310
2011
1566
4152
1159
1960
693
1806
377
737
2281
4012
611
5661
670
5752
436
2240
783
2196
1539
1535
1160
1788
362
894
4349
1069
3857
4067
1146
2437
1814
8348
16834
4919
671
1295
15876
1705
3875
3390
458
1343
705
1468
2580
527
2818
1432
1518
993
1917
6399
362
500
889
320
3955
2799
1021
487
1752
6515
5176
265
157
307
0
0
0
188
753
251
1861
2080
3853
16315
1247
1600
1047
1692
3786
1631
3139
4599
597
1509
1723
5431
2532
2456
3484
3050
1531
32186
4560
1521
4675
5718
1503
633
888
3769
1031
1723
1552
3149
2919
2183
2797
3315
5135
1944
1517
5694
2838
2517
1188
3368
2958
683
13475
1331
966
1198
11133
570
937
1805
2640
1531
2723
2179
2573
1017
1363
1858
4112
10053
713
1165
649
6696
1218
1046
434
444
5385
5490
1845
442
3099
964
1777
339
556
317
534
2170
2325
402
1002
1649
741
783
1992
1248
950
2571
877
3014
343
1168
910
1079
700
20892
2739
992
5758
4876
2082
742
1538
482
2433
882
912
14490
4937
2097
4655
5026
4072
1262
1488
471
977
2074
398
3432
3495
1169
698
1026
390
334
354
877
6280
571
3664
5602
846
512
502
308
718
386
20782
537
759
1287
1419
1219
275
457
298
624
188
753
251
0
0
0
2142
4314
5340
5546
6728
4590
19086
1390
13664
3445
1584
2018
858
1418
788
1922
2998
3636
682
1212
2358
2524
6693
1885
2227
17833
2269
10041
1655
1283
6749
1928
1375
2766
1960
7156
1475
1323
1582
582
850
10580
3909
1412
2022
1579
36007
5114
4110
10343
1527
6924
758
235
5587
1109
6209
19105
990
1881
615
2719
8242
3298
14651
9072
2015
3593
3284
1564
14899
14986
3572
2992
2026
11389
3011
1628
4540
1318
1076
1844
2039
2938
3175
23962
1264
7553
2081
2775
3032
5278
2911
1298
1528
1673
10545
506
4852
2195
8798
1206
1062
1632
24490
1036
2005
6853
3034
1067
778
1582
1730
1477
1648
14733
1733
2372
2386
1934
19550
2698
2965
1293
3318
3004
4763
2798
5145
8918
3080
3913
1493
2822
8257
3176
2383
4567
49379
1942
4101
3632
3485
6681
62616
3321
6399
31294
9093
3549
2233
2305
2149
2207
1365
7024
1861
2080
3853
2142
4314
5340
0
0
0
2200
1758
2433
931
5449
1544
1099
887
428
2869
5149
2471
2236
3449
2533
1131
1339
11807
9399
3709
4917
5546
4033
1283
1140
1040
843
142698
4706
2536
28956
7198
12153
5747
3548
46877
4671
4879
8926
4823
3792
2587
1870
1637
3866
3217
5235
10858
4128
30945
2766
3038
186543
55743
4111
4113
10831
4363
764
2568
1542
5432
2134
1547
3017
3176
933
2410
17558
1129
1014
5382
890
3714
1401
1702
6090
515
446
4156
928
533
1062
3786
1095
1048
5497
1080
691
778
1026
623
10306
569
851
4663
7330
8743
1748
610
6595
9374
1137
9593
3507
2971
1337
8529
1644
2741
2401
1386
2299
3926
31158
4314
1585
3242
2920
1865
2347
6129
1433
1650
2636
6065
2310
4939
10293
27892
1403
5900
5310
2570
26353
6987
3108
3142
2487
596
4401
2925
29582
10705
3968
2603
7288
5627
1895
1634
3037
1508
2392
16315
1247
1600
5546
6728
4590
2200
1758
2433
0
0
0
911
1480
1774
483
269
272
1139
1713
2604
4426
2567
1392
70770
5628
3535
1209
4670
11222
7053
2041
1069
520
2112
193
11492
2882
1850
4459
3919
8038
3119
49805
13139
6096
2149
3933
1286
3025
4460
7178
1932
1905
7206
13552
5654
3949
4023
2623
3289
2304
43840
702
3462
2066
2122
3192
6986
2248
5777
1967
2472
4686
7250
5444
3661
4136
1827
7438
1063
4453
1065
1946
1231
5119
761
63250
4047
1542
1464
2173
1488
14692
5294
3994
1824
12639
6842
3353
975
1959
1400
3150
2646
2349
3515
4157
1884
4271
971
2062
1133
2042
1009
4393
1946
2379
1284
7799
3467
2243
3313
2589
4831
9173
4613
20258
6354
3295
11270
9163
6621
4502
1660
1400
3293
38325
2158
990
3104
9557
1772
1698
1063
33956
1519
2165
5239
32433
25530
3784
2491
3976
1632
5402
8469
2676
4215
6045
2069
3976
1047
1692
3786
19086
1390
13664
931
5449
1544
911
1480
1774
0
0
0
1490
6029
1217
2941
2238
1960
9301
6390
22326
2058
21804
3719
17477
16757
5846
9800
2137
10786
627
698
2069
4914
4180
3177
14148
10394
3940
68704
2337
11910
2900
13970
3742
5062
2533
896
2840
758
5698
5440
1376
6686
10452
2623
1565
10831
4104
4705
7168
19079
2363
702
1011
948
12084
4692
14726
1268
1611
5581
4539
2296
3132
3323
1138
1368
3132
720
2951
2228
1299
8324
1317
1043
1344
668
10809
8798
3602
3247
1507
6336
1072
1761
1056
401
848
9138
1460
1256
4946
10958
753
8133
878
1133
2648
882
1525
24030
1064
431
3384
6496
9042
2194
3234
4407
4461
3790
3010
6579
4746
2945
1727
20425
7552
3363
2396
4021
20631
5864
2083
4087
3477
1117
6254
2931
2560
3994
991
5197
2322
3170
2393
2228
4577
4739
30956
2089
4605
1685
1733
2097
1492
2820
3049
1631
3139
4599
3445
1584
2018
1099
887
428
483
269
272
1490
6029
1217
0
0
0
3234
15762
1138
3032
1773
3624
6089
1114
1498
3924
16981
42173
960
4169
2148
1802
557
736
18432
4151
1418
5414
11522
7425
11442
11880
9727
3709
4409
3583
1722
2603
5763
5917
1499
900
3361
1540
1712
2051
5966
4215
3101
3934
9371
3435
3252
5309
4727
1309
2037
26300
7510
11093
12013
632
706
3437
803
4612
1131
1593
1226
6043
3062
761
9682
1280
1306
6917
2390
612
1137
1875
691
7604
549
444
700
32697
18627
15797
795
1535
14182
2053
2904
1137
2294
2023
1612
1370
2850
4985
7003
1361
4625
1993
11207
2173
3468
8017
7357
1284
18709
1001
3327
1942
10993
1833
1129
1577
1833
2770
722
5067
959
844
27629
757
779
572
5161
6323
867
5813
1199
11018
1184
1859
1457
1397
2309
548
319
474
222
2522
1040
418
2693
4677
2305
6463
597
1509
1723
858
1418
788
2869
5149
2471
1139
1713
2604
2941
2238
1960
3234
15762
1138
0
0
0
1211
7706
3882
1534
6290
6919
17428
11112
13304
5169
26954
3148
2537
12586
5835
2817
7260
2144
4165
3303
2985
1744
921
871
1445
24251
1313
2615
963
1838
4588
16078
4395
867
503
3796
204
108
128
1244
3886
1826
1579
1826
1145
8801
443
2858
3779
18726
2889
8991
4374
1312
2271
2750
1890
2570
2318
1974
6034
4577
13898
62436
5754
1728
12028
1814
5117
2649
3935
3774
8801
8853
4871
15041
4377
15682
3091
1781
7249
4141
8423
889
5578
2353
1167
3143
3209
761
979
2060
1855
1340
3934
1326
1367
912
1979
2923
2111
4520
3966
11513
5600
3251
6789
1968
3771
18527
12696
1795
7151
3997
5817
21403
6354
11912
1609
2730
3623
23605
2861
2065
2830
39831
3750
3084
7889
7544
6768
5590
2258
4939
15872
6367
2828
17949
4854
1421
58708
5431
2532
2456
1922
2998
3636
2236
3449
2533
4426
2567
1392
9301
6390
22326
3032
1773
3624
1211
7706
3882
0
0
0
976
2212
950
1099
2311
50593
778
991
2597
7922
17142
11753
35285
2802
3325
1007
3411
1979
1732
23533
7828
36906
2656
3498
15870
25823
4234
4595
10014
8748
6237
3862
4134
144674
4405
6263
4500
49392
5648
18527
3830
11014
6937
3847
5285
2720
4468
2740
1891
1435
754
1642
4748
8789
1502
4110
2760
1658
3553
1216
1667
10335
1951
2498
11135
1523
17437
1162
3294
2325
10241
1199
651
4053
2818
1817
1652
1969
1942
4767
1214
4101
1079
610
1085
2792
2917
1341
11133
1974
912
1025
1647
627
431
1937
398
993
836
73
691
86
12379
1176
5159
1591
738
1883
1525
1298
708
17071
1702
2687
918
808
851
1694
1886
2186
1645
7384
7214
4184
3559
1931
11111
898
15685
14215
1419
1650
12966
2206
798
2740
3138
1172
3484
3050
1531
682
1212
2358
1131
1339
11807
70770
5628
3535
2058
21804
3719
6089
1114
1498
1534
6290
6919
976
2212
950
0
0
0
440
792
6394
3161
1416
1334
3860
10297
29469
3130
38518
79956
3689
1275
760
2929
1831
4417
577
5918
765
3644
2685
6942
41276
1590
3537
2223
4882
4535
4692
2821
1195
6638
6504
10746
6549
13777
6253
1325
35410
16064
18555
2012
602
3600
1774
4646
7938
1114
9764
8403
1606
5713
12932
4134
18822
28233
4090
4211
3142
4684
5774
2971
3440
6821
12740
12706
23681
7333
10801
20961
1904
13266
3515
5184
3035
1779
7581
6233
2343
3818
1887
6496
915
3065
2146
1344
1526
1060
3340
838
2914
1334
1214
809
1784
1496
2549
1420
3048
1826
2627
821
3898
605
2093
3221
3967
2593
3337
3350
4178
13253
1168
41974
18935
16298
1980
7133
1753
1401
1523
2259
4267
2231
5577
8844
1250
3908
4493
9129
3482
9287
4558
32186
4560
1521
2524
6693
1885
9399
3709
4917
1209
4670
11222
17477
16757
5846
3924
16981
42173
17428
11112
13304
1099
2311
50593
440
792
6394
0
0
0
58076
13451
5351
15061
33514
11965
11725
2257
3546
1692
2070
1887
6703
19351
1769
1571
1457
17829
1442
2837
57953
13544
5174
7157
6137
3929
4593
22968
8989
3285
7454
5983
9518
2758
6361
10371
4350
4923
2545
16017
1264
15278
1213
3794
3147
3052
3617
5701
3900
9601
21217
3975
8184
9156
14179
807
1854
4071
3555
1324
2852
1655
7266
5604
4635
2905
3122
30947
10554
1112
1754
14665
4128
5897
1809
4482
1708
563
23461
1370
3161
15007
1934
2716
1157
6303
6715
1816
2045
18873
36940
3938
1405
3262
4765
1920
1906
3038
15735
3300
2757
1067
3601
6935
5920
10212
2827
14371
10857
24528
3794
1367
1817
3719
4421
21683
2383
3761
4690
8182
1235
6790
5095
2694
8281
4171
9153
4178
10948
16868
12277
11597
4675
5718
1503
2227
17833
2269
5546
4033
1283
7053
2041
1069
9800
2137
10786
960
4169
2148
5169
26954
3148
778
991
2597
3161
1416
1334
58076
13451
5351
0
0
0
3748
3778
2876
3538
2617
2192
1695
50352
7593
25263
21496
12812
4390
1646
3709
5844
7240
4625
1877
2082
5620
14536
8450
9859
19243
6941
7487
6510
7069
3828
21002
1587
19817
6731
11485
5076
13385
4034
2220
972
2713
1503
7805
2279
9824
59251
1654
1721
666
408
2980
992
219
5685
5440
7768
2585
544
2458
644
1413
1014
1363
2193
1229
1821
937
618
315
1787
1555
11859
5998
2400
12115
7814
1001
7994
2268
20976
2659
579
948
1476
4509
5402
6674
11506
4756
1515
6753
3629
1403
24425
7883
1810
5092
1976
6945
5059
1046
4115
3052
2533
13237
1614
5574
14371
5847
1380
11285
3070
3012
2305
1623
10472
14672
6054
2687
1674
1973
4245
3220
1774
3102
5972
783
3911
2625
633
888
3769
10041
1655
1283
1140
1040
843
520
2112
193
627
698
2069
1802
557
736
2537
12586
5835
7922
17142
11753
3860
10297
29469
15061
33514
11965
3748
3778
2876
0
0
0
1679
12855
10062
4743
28163
26472
4391
2982
13763
1417
6225
1645
2862
20738
29404
910
854
991
11924
26845
1150
593
2374
1460
4646
1500
5838
1844
2157
1667
871
1035
986
3868
4034
3046
2635
3944
1566
4897
1332
1117
19391
3184
1506
103197
1612
1380
2633
5100
2029
1227
1932
1784
12742
2887
4845
3064
4805
1232
1882
1247
1572
9684
31342
18595
6995
1563
15244
43166
3139
1356
1327
1110
2524
19136
6550
12922
2751
5120
3630
7241
2636
1334
2354
3928
4138
5205
674
956
1309
1058
1275
2332
4414
5781
6682
2708
9195
758
1245
2456
626
1793
764
1402
1131
1138
861
358
428
2635
442
3220
3720
1830
1502
3498
5493
488
3913
2155
1221
2397
3970
22891
1031
1723
1552
6749
1928
1375
142698
4706
2536
11492
2882
1850
4914
4180
3177
18432
4151
1418
2817
7260
2144
35285
2802
3325
3130
38518
79956
11725
2257
3546
3538
2617
2192
1679
12855
10062
0
0
0
3521
6013
1568
892
255
569
29097
17972
4453
593
324
532
3341
3336
1307
5699
20819
2346
3851
1050
7235
14105
1619
945
3096
15198
28173
2655
7617
1762
5867
1902
1286
4209
1360
4277
797
1892
5686
1783
8738
1535
3543
2065
4302
2541
2091
1349
4182
1266
9817
2927
1788
2010
3580
17300
2011
5649
12031
1298
15803
1447
5169
5295
1421
5771
2468
1729
1734
1574
22773
4733
8565
2047
6100
2258
4916
3028
1922
9062
9012
8662
3613
2019
1993
3588
3159
368
6311
6271
11629
853
734
1743
1879
7593
14505
3277
2574
1466
2054
2256
7767
5173
692
3059
435
41134
8187
1180
1437
6386
1315
4526
4919
12753
9334
4956
16653
4864
6663
2631
2059
3149
2919
2183
2766
1960
7156
28956
7198
12153
4459
3919
8038
14148
10394
3940
5414
11522
7425
4165
3303
2985
1007
3411
1979
3689
1275
760
1692
2070
1887
1695
50352
7593
4743
28163
26472
3521
6013
1568
0
0
0
6845
1099
1995
2316
552
4846
1487
1317
2446
3964
7152
2629
8826
6670
14208
5506
2284
4177
2061
5702
2779
3162
2923
7416
1703
60073
8112
294
694
537
2807
1817
1411
1166
2388
2228
1704
4297
1155
1658
6985
7123
4384
42702
2937
3728
2699
746
2494
2191
1934
18331
3277
4508
6778
13836
5608
776
40638
15924
9462
3432
7171
3007
3814
2394
1941
23954
2098
12287
13139
5560
14805
4982
4109
7037
11881
2919
2924
1333
25249
1022
2378
7841
441
5646
10677
2949
783
4889
19754
4892
70596
23790
1416
839
1536
4555
12841
486
1037
1254
534
4291
8963
2540
3434
610
1010
671
5368
1148
651
932
2601
2542
6345
2341
2631
3810
2797
3315
5135
1475
1323
1582
5747
3548
46877
3119
49805
13139
68704
2337
11910
11442
11880
9727
1744
921
871
1732
23533
7828
2929
1831
4417
6703
19351
1769
25263
21496
12812
4391
2982
13763
892
255
569
6845
1099
1995
0
0
0
13479
1222
6687
13399
8041
993
4067
2473
2242
19787
1403
2505
2228
5938
9396
2247
1044
2150
13713
3588
25232
2932
3910
5111
701
7040
822
2251
674
858
1214
1401
1378
586
1151
10612
4298
1887
7615
2198
8622
2141
1301
2140
3376
1566
4992
12176
1231
11180
2601
687
364
1915
6838
3103
1592
867
1794
2087
708
1345
1886
3215
4598
2421
5872
5451
3470
1064
4407
1624
2039
747
1195
728
4395
834
735
1178
1018
404
155
668
148
594
139
550
1412
459
3655
1346
7237
1182
2619
3199
1329
1690
463
291
261
405
1993
1724
522
1619
14057
26666
3062
4235
2061
1910
2063
1252
2540
1513
1702
1944
1517
5694
582
850
10580
4671
4879
8926
6096
2149
3933
2900
13970
3742
3709
4409
3583
1445
24251
1313
36906
2656
3498
577
5918
765
1571
1457
17829
4390
1646
3709
1417
6225
1645
29097
17972
4453
2316
552
4846
13479
1222
6687
0
0
0
1011
1035
3654
1979
21986
11024
1848
2626
4998
2302
1772
2304
1726
1350
1289
1778
3745
7422
1300
1352
2612
24061
7366
899
1283
942
5720
16636
8176
4175
1020
3999
1825
2447
2880
783
6609
8393
2282
19200
2766
1649
10965
4429
15191
1861
6419
1006
1531
3548
2206
2883
4705
25465
5654
459
1139
2719
3760
897
1052
2424
3947
4346
7193
660
4629
22070
1734
2804
2835
1275
18854
1901
1169
1030
3166
9401
1236
4257
2023
3446
714
7628
680
1355
5127
849
386
2752
5165
2604
14106
2985
385
1728
150
777
177
977
2521
521
1841
7210
1173
331
1005
1435
2618
923
1693
16738
843
4022
2838
2517
1188
3909
1412
2022
4823
3792
2587
1286
3025
4460
5062
2533
896
1722
2603
5763
2615
963
1838
15870
25823
4234
3644
2685
6942
1442
2837
57953
5844
7240
4625
2862
20738
29404
593
324
532
1487
1317
2446
13399
8041
993
1011
1035
3654
0
0
0
1115
939
2758
1758
4928
2931
2075
349
1274
23792
13615
1876
1584
1393
3384
4959
2097
8154
1464
5665
2278
2821
2143
1082
2040
6903
4959
24809
4167
1076
2492
638
1206
673
559
442
4827
8710
3635
429
2786
1369
3558
1675
865
17548
4466
4061
1647
2612
1933
1576
1572
79976
1737
4143
3763
918
3407
1693
1798
5777
10136
5319
9187
8496
1628
3016
10097
1446
2936
6513
5780
2987
20873
4404
2672
28777
4592
3727
2528
3532
2009
1726
2405
2493
14143
3466
4907
3499
2348
14806
3054
4420
8811
10317
5936
3586
2136
5815
5568
1276
1611
8718
1232
3286
2494
1195
3414
663
685
3368
2958
683
1579
36007
5114
1870
1637
3866
7178
1932
1905
2840
758
5698
5917
1499
900
4588
16078
4395
4595
10014
8748
41276
1590
3537
13544
5174
7157
1877
2082
5620
910
854
991
3341
3336
1307
3964
7152
2629
4067
2473
2242
1979
21986
11024
1115
939
2758
0
0
0
15005
477
904
1925
8110
10596
1576
680
913
2452
1341
3172
321
317
267
3879
3349
4134
1351
37112
4110
2366
2488
1072
997
1227
3926
2885
1822
1297
1452
977
806
1020
25301
8657
1814
1142
7637
2031
4913
844
996
1783
2648
3898
12787
54856
1807
6962
2222
21822
2493
8568
2659
2226
11568
6166
2001
3529
4791
2853
17506
9852
4285
6017
2869
4433
3550
2354
14566
22116
4782
2000
5938
1558
1396
1910
933
3034
11979
6545
5947
3857
1974
11624
2434
1500
2076
998
4797
1969
1447
3338
1641
12963
3042
10554
667
1407
469
495
4290
1811
1350
984
872
4629
13475
1331
966
4110
10343
1527
3217
5235
10858
7206
13552
5654
5440
1376
6686
3361
1540
1712
867
503
3796
6237
3862
4134
2223
4882
4535
6137
3929
4593
14536
8450
9859
11924
26845
1150
5699
20819
2346
8826
6670
14208
19787
1403
2505
1848
2626
4998
1758
4928
2931
15005
477
904
0
0
0
738
1063
886
1725
2540
664
1151
397
3857
1089
3212
1857
2388
12736
5623
1008
13012
4639
1524
575
5568
19042
1601
686
2814
830
1695
6180
3595
4526
735
4155
1353
932
453
4396
10352
862
600
1231
938
2709
712
1185
2556
1320
3336
1103
1372
1532
4401
1140
4000
2249
2550
933
2178
11751
20123
3455
28593
1508
2327
2407
2106
33219
3485
2815
2636
1234
10434
1329
1749
4887
5389
2100
3502
12335
930
770
633
693
7291
1234
778
4767
1503
495
932
6617
1001
7082
645
250
410
564
734
661
1312
738
417
2408
256
308
4085
1198
11133
570
6924
758
235
4128
30945
2766
3949
4023
2623
10452
2623
1565
2051
5966
4215
204
108
128
144674
4405
6263
4692
2821
1195
22968
8989
3285
19243
6941
7487
593
2374
1460
3851
1050
7235
5506
2284
4177
2228
5938
9396
2302
1772
2304
2075
349
1274
1925
8110
10596
738
1063
886
0
0
0
4571
1393
3222
1823
757
5318
5180
1570
1827
4057
11668
8851
11676
4595
3259
6338
5438
5203
2257
2378
3658
1218
5024
2648
4176
1889
1314
2389
11471
3147
962
15841
2919
2244
2454
1101
2221
16598
1174
4465
3421
10394
1917
4351
3643
14182
4509
1788
1435
2844
3972
8521
12944
2706
8535
1563
4309
2458
2677
2522
4261
1640
2209
3656
3303
3823
27660
1912
17011
3829
12544
3503
1473
5982
1193
2009
1643
983
2949
1444
1433
2394
5999
10095
1831
3261
916
20939
14851
2592
1405
6827
5351
2115
1025
2277
4382
3289
2014
3015
5149
757
937
1805
2640
5587
1109
6209
3038
186543
55743
3289
2304
43840
10831
4104
4705
3101
3934
9371
1244
3886
1826
4500
49392
5648
6638
6504
10746
7454
5983
9518
6510
7069
3828
4646
1500
5838
14105
1619
945
2061
5702
2779
2247
1044
2150
1726
1350
1289
23792
13615
1876
1576
680
913
1725
2540
664
4571
1393
3222
0
0
0
3233
39178
4954
2628
3331
2883
2825
1377
2126
3501
5207
1972
1770
2932
1339
96225
3801
6062
3487
1350
13753
7971
12738
1071
2031
9609
3969
3430
2545
1098
2989
2130
1146
12448
3394
3690
4180
1820
2549
696
19868
1251
2177
29697
4006
14493
2737
4636
3955
1575
2584
4452
1307
2314
3039
3901
4947
6853
5040
2090
3722
1483
3606
6985
5181
2650
31046
5070
2410
1989
29279
5839
22706
2569
1612
1456
2520
9167
1438
5201
2046
13793
15273
6256
1558
4494
793
1798
1236
614
12800
4766
1820
1493
3393
2526
4014
2115
1632
1531
2723
2179
19105
990
1881
4111
4113
10831
702
3462
2066
7168
19079
2363
3435
3252
5309
1579
1826
1145
18527
3830
11014
6549
13777
6253
2758
6361
10371
21002
1587
19817
1844
2157
1667
3096
15198
28173
3162
2923
7416
13713
3588
25232
1778
3745
7422
1584
1393
3384
2452
1341
3172
1151
397
3857
1823
757
5318
3233
39178
4954
0
0
0
2069
1017
2117
5425
28437
12256
719
43922
1164
1828
1713
11465
1574
2987
4380
569
300
24075
425
627
1424
916
2033
570
476
4285
6764
309
3240
850
2790
1990
731
859
628
1665
4641
314
3959
2815
1956
6651
16726
3069
3637
5234
1735
4994
2415
10979
15450
2252
3621
3567
1319
8821
1753
2737
4846
5178
7027
2085
4028
8053
8810
3003
4563
4375
1790
1270
730
28230
1480
17099
7391
3181
1874
26252
3729
3392
4099
2699
597
10200
524
1973
4856
1443
1060
1336
44378
3330
1137
2209
871
584
2573
1017
1363
615
2719
8242
4363
764
2568
2122
3192
6986
702
1011
948
4727
1309
2037
8801
443
2858
6937
3847
5285
1325
35410
16064
4350
4923
2545
6731
11485
5076
871
1035
986
2655
7617
1762
1703
60073
8112
2932
3910
5111
1300
1352
2612
4959
2097
8154
321
317
267
1089
3212
1857
5180
1570
1827
2628
3331
2883
2069
1017
2117
0
0
0
7639
2714
4556
2000
2197
1975
1675
1351
12693
6196
25376
1820
5047
21922
2478
1873
3270
3660
4296
989
3009
9316
3826
4598
11610
4736
1592
2996
2382
5299
4716
1519
2493
4556
31257
9149
970
2456
40292
3062
721
1901
5902
3048
3557
2761
1678
1336
2361
6046
1770
2928
3316
1046
1177
13262
17811
7934
1987
1949
8492
1105
406
5485
3036
562
2313
4747
1349
935
982
6240
1259
991
3223
2984
923
4045
5247
920
46471
2492
16340
2183
6148
10005
2506
1556
1521
11926
3666
13577
1363
1858
4112
10053
3298
14651
9072
1542
5432
2134
2248
5777
1967
12084
4692
14726
26300
7510
11093
3779
18726
2889
2720
4468
2740
18555
2012
602
16017
1264
15278
13385
4034
2220
3868
4034
3046
5867
1902
1286
294
694
537
701
7040
822
24061
7366
899
1464
5665
2278
3879
3349
4134
2388
12736
5623
4057
11668
8851
2825
1377
2126
5425
28437
12256
7639
2714
4556
0
0
0
