C_ijk
0
0
0
199
146
387
697
129
199
347
1437
208
56
66
525
143
47
136
221
104
177
509
50
114
240
553
835
385
110
204
204
333
1471
1217
1037
1645
189
127
151
309
595
213
561
379
1170
536
532
1003
321
11873
230
927
370
643
914
359
152
3736
462
1178
1671
677
496
658
794
488
631
1007
893
430
741
771
950
478
2471
14834
603
411
1031
1091
439
2950
2006
399
179
488
877
1818
2235
691
1696
1019
1250
6074
10726
6707
834
6790
415
1488
1368
7852
813
2334
1005
366
1630
1305
1848
1430
1226
681
1508
594
5097
1887
1191
2943
902
1124
441
1466
912
866
1708
4587
1594
2572
1280
6482
3361
5008
996
2185
1140
1877
1208
6350
900
4389
1375
2084
944
1173
1009
1538
2459
1171
977
2675
1764
3240
910
4032
2010
2557
5083
1737
3528
4032
788
652
2621
3282
11304
6025
6525
1961
199
146
387
0
0
0
620
227
150
135
509
445
131
133
178
114
885
157
160
79
186
807
830
537
279
183
80
512
232
851
524
333
405
284
190
343
239
292
414
401
297
265
128
172
230
248
901
1588
1057
867
553
344
317
621
523
716
318
2733
597
787
796
752
1082
2111
930
2353
513
628
1788
194
424
722
995
510
1633
658
16466
896
531
464
473
362
1344
998
677
1470
1193
710
462
2808
801
332
5379
4959
251
537
778
994
798
969
1526
1605
511
676
351
566
855
3070
2379
1695
2629
819
1510
2000
1757
1366
25752
965
1087
406
1724
1230
29578
3222
698
1034
1656
1592
1671
6991
10579
2425
2320
3501
659
6113
1672
1846
4383
840
922
858
1538
2771
1002
2596
3875
3019
1677
2872
15337
3343
5121
1800
868
1960
20709
1689
9958
2386
3155
1347
1466
1336
1723
17512
5129
1796
697
129
199
620
227
150
0
0
0
653
317
684
416
1554
160
164
84
75
52
129
2741
235
236
1902
348
1893
352
588
1250
106
264
991
115
587
527
240
295
99
86
338
228
998
221
518
790
1115
277
506
563
331
3544
1472
132
89
287
1417
205
557
3128
1033
287
1669
862
11533
494
986
4474
1125
3831
601
478
776
866
290
223
544
1110
3174
410
5344
1860
1080
625
430
1136
6704
269
1327
2549
1559
2627
565
771
681
1502
533
877
2869
653
1509
323
884
701
562
10636
358
390
463
5727
814
618
1618
1726
3473
1703
565
14530
1212
1520
2830
6261
1173
2811
1073
1657
1125
1902
886
3583
1826
1250
1677
15719
465
1028
1298
2120
768
11906
1472
6165
4163
1005
4135
7442
3624
1653
1970
1701
1975
2659
2280
10957
1463
1636
7681
2046
1651
4444
5046
1272
1151
1205
4315
6836
1534
2552
7543
347
1437
208
135
509
445
653
317
684
0
0
0
487
182
657
323
476
703
3948
65
265
333
2544
175
33
25
539
192
29
19
409
322
161
1909
113
372
2414
565
650
189
724
232
217
629
1216
1388
1690
523
273
253
331
800
360
250
462
802
8513
384
624
971
391
257
563
630
2254
340
658
327
826
489
502
988
7478
964
2457
843
1524
8227
524
668
520
201
232
320
3556
971
688
1452
750
433
4765
710
1097
305
1064
1886
864
1428
685
4527
900
872
1722
1595
258
822
2327
903
5350
1386
1341
12367
468
3980
11171
893
889
4624
487
1914
5568
7864
3983
1515
2732
2519
5352
1262
1636
1082
1695
2865
12843
892
2523
561
6707
1712
7997
6362
761
1542
2557
1158
2995
3888
2008
4166
1130
917
1712
1110
5476
2066
1234
1962
42698
4904
1032
1897
4535
1226
2866
1121
1402
1341
968
2636
56
66
525
131
133
178
416
1554
160
487
182
657
0
0
0
2
16
7
485
519
72
255
82
148
174
408
3515
425
2940
351
766
517
108
680
6983
824
258
221
190
297
740
319
260
223
353
3102
434
762
559
469
355
1733
767
572
375
1338
826
1215
2495
4411
403
294
9338
243
913
423
2652
285
2687
1002
265
244
1101
8352
5198
615
6136
2189
268
183
1152
703
243
2685
5284
1054
554
2282
3377
1056
2651
2012
684
2927
252
821
1007
772
841
1409
2637
2151
1356
2216
2687
1489
925
667
950
936
1599
1835
848
1169
674
2155
4411
1142
2362
19407
1982
15634
1366
8906
2129
1702
1666
6339
1228
1232
1533
2033
43869
420
6020
1039
2204
1301
2081
2255
652
2274
2240
1332
723
1150
4710
5843
946
1243
1501
3439
4417
1662
1074
5664
1603
8786
550
9103
972
22920
3526
3246
8897
3055
1398
17332
143
47
136
114
885
157
164
84
75
323
476
703
2
16
7
0
0
0
207
1194
3391
88
177
387
1855
217
286
120
438
1422
114
466
263
295
1037
580
587
105
390
2205
717
832
4003
243
327
1402
131
135
311
941
653
1311
1288
897
583
663
288
1124
1893
444
2166
725
975
564
402
517
1419
375
230
1048
426
662
2018
952
459
959
3898
696
770
755
1181
1749
1120
1894
361
1788
1221
1158
3532
2251
2494
12005
388
1803
2160
4339
292
512
276
11593
300
316
1060
1391
2765
492
2031
389
2752
1843
1873
1402
1554
604
722
3114
1287
981
712
723
1737
16992
457
3180
6764
2704
1826
2151
1171
3406
621
1611
704
1352
912
2216
2004
3066
8458
1017
1001
1092
3730
10505
3496
1237
3521
572
3714
1243
872
891
1712
2240
2915
1258
1436
725
2665
6997
3673
1140
1803
1781
1158
62643
2987
3988
221
104
177
160
79
186
52
129
2741
3948
65
265
485
519
72
207
1194
3391
0
0
0
2055
232
852
507
701
172
233
149
680
404
950
172
1175
446
420
2268
264
1890
307
1484
746
414
352
72
688
3221
1516
447
442
504
1859
521
442
898
1139
266
533
5067
353
410
4051
253
2576
646
635
1621
359
805
430
1362
655
8871
3859
5443
583
3788
1023
987
1520
1724
356
1134
5776
460
547
242
416
289
344
275
343
2889
712
573
390
769
2439
9674
841
2749
373
864
1174
5644
914
784
3914
2215
9140
1090
592
1162
5057
2974
4347
3218
2481
2423
1012
2815
1293
1002
2509
7755
1408
985
3794
1787
18521
1040
634
1343
1450
2192
1543
4002
1910
6514
7329
2837
831
3145
1741
982
4194
1466
993
5506
2386
15877
717
1029
3570
2013
1424
2910
12393
1615
6849
3240
4223
5550
6172
2824
2392
3578
9410
509
50
114
807
830
537
235
236
1902
333
2544
175
255
82
148
88
177
387
2055
232
852
0
0
0
775
1257
260
290
141
306
629
54
77
288
481
537
263
159
348
160
156
119
1997
362
364
1100
174
241
296
405
1975
3823
297
443
2212
216
227
789
2666
359
1602
718
814
592
363
1682
414
1356
1997
1694
888
3701
1068
5573
384
2949
384
381
280
2226
1323
1467
374
1848
8512
1587
405
632
592
16547
848
360
659
399
1715
602
1468
3384
1031
1242
1407
3421
368
468
349
890
1571
1896
670
539
1230
798
1305
8744
2920
1900
3698
3351
1039
1745
832
2584
3052
4592
908
1615
2128
9254
521
4380
1732
454
332
1099
741
583
6018
24919
2873
2515
17663
2823
2287
14160
5030
11545
2556
1540
980
1635
1561
1261
1129
1670
1881
834
4648
5251
1080
11330
1196
3573
2361
1600
871
5964
5078
5860
240
553
835
279
183
80
348
1893
352
33
25
539
174
408
3515
1855
217
286
507
701
172
775
1257
260
0
0
0
22
129
63
1069
253
237
63
119
157
124
441
363
180
508
5701
824
1068
1115
260
328
313
1412
226
794
441
226
1673
271
936
3430
319
452
1154
319
5453
7802
343
330
536
601
6824
525
307
920
686
1185
3373
449
401
328
3416
589
647
11949
800
5790
901
174
841
1618
1556
530
902
5828
2760
4159
6211
966
555
550
628
1255
4520
590
1037
1091
522
540
1560
8669
1078
2481
872
923
1538
1578
1302
962
3279
1358
1697
720
2086
559
5139
1186
2072
5155
6196
2913
732
2505
1163
2183
2175
2427
811
4344
1033
4947
1695
1709
1723
2276
3938
1509
1268
722
23320
4681
1045
3263
1385
1415
3194
2723
4141
16262
28903
1725
3657
26103
2709
6670
2989
2374
1736
1755
2030
1397
1884
385
110
204
512
232
851
588
1250
106
192
29
19
425
2940
351
120
438
1422
233
149
680
290
141
306
22
129
63
0
0
0
283
1311
490
118
1322
32
346
232
373
1895
2055
1032
1277
778
2569
530
1298
304
217
288
327
1040
189
687
7518
2054
787
1308
194
129
254
442
335
982
453
1158
1688
476
347
480
431
7377
568
712
543
399
290
1483
949
1644
668
186
459
3879
2723
1189
896
473
3229
250
1699
910
1223
721
797
495
7421
1287
627
346
11739
443
287
672
707
692
1676
1524
1435
912
1230
2748
836
888
3443
5175
2036
415
2059
10912
2845
1250
861
3295
1179
656
2536
3838
683
4133
1597
1282
3684
3539
1405
1628
2918
5305
2202
1655
2478
2096
1076
1322
3654
2127
1245
4310
2036
2134
3824
2314
1659
1565
2224
832
3437
40528
1402
4588
1876
1902
4067
2460
2292
1111
2587
1607
204
333
1471
524
333
405
264
991
115
409
322
161
766
517
108
114
466
263
404
950
172
629
54
77
1069
253
237
283
1311
490
0
0
0
877
793
350
140
2548
680
3649
425
784
961
1181
1206
138
94
827
832
292
883
1175
264
6453
2463
1767
1013
335
636
656
430
803
378
1001
500
323
311
206
661
597
1405
675
686
3089
853
2455
389
1577
617
870
178
363
577
1206
6695
1850
753
11068
763
2205
5484
592
4848
1207
376
1157
1021
3162
536
885
2957
532
2638
964
2147
1076
3388
1282
531
1388
1784
967
3891
2053
824
1900
3636
2483
10316
840
3000
4916
2170
3953
616
677
1124
19235
1214
23247
3317
595
905
5568
842
1687
5922
4718
2643
11969
2299
21544
6207
4194
1087
3731
2796
1296
5307
1096
1674
2427
1638
1754
1011
2740
10318
1972
1632
3506
1155
1437
3373
711
550
3429
2641
4524
1217
1037
1645
284
190
343
587
527
240
1909
113
372
680
6983
824
295
1037
580
1175
446
420
288
481
537
63
119
157
118
1322
32
877
793
350
0
0
0
986
678
491
385
215
2520
384
680
4228
4987
1279
935
750
96
562
1121
444
124
392
1192
467
776
462
260
317
234
278
326
786
1262
901
4945
4622
215
964
266
715
1311
10418
1238
156
239
2545
1711
349
342
445
2459
2376
305
1265
868
1372
576
1175
772
944
615
439
1221
4797
908
3484
911
761
5909
1003
2443
1332
1924
474
828
3243
4704
905
10439
1261
585
3534
1063
2193
908
1023
601
1767
1882
2286
2465
4648
421
9258
3111
1140
5465
13565
5664
1375
7796
682
1515
1814
1282
2523
635
2047
1111
2916
2086
388
1325
3505
1352
2328
2534
2214
2599
1292
3144
1935
4414
2981
2617
9050
1699
1118
1465
6799
1546
7275
904
1377
2201
189
127
151
239
292
414
295
99
86
2414
565
650
258
221
190
587
105
390
2268
264
1890
263
159
348
124
441
363
346
232
373
140
2548
680
986
678
491
0
0
0
891
505
998
369
114
327
552
557
161
375
1555
611
375
1791
498
240
247
1131
1850
2234
459
1899
1117
220
606
556
6984
599
1193
3968
1760
763
936
342
296
423
5268
584
402
346
301
1047
917
308
4514
569
3378
1362
905
1011
319
2618
1741
1791
589
894
1444
454
607
310
275
1164
721
3302
2990
4830
821
1111
4957
4528
827
4172
2439
557
2785
898
618
2481
921
10690
3417
718
880
709
771
1499
528
2493
922
457
1009
1607
28175
20192
28482
7613
1386
624
1138
1412
1338
2409
862
3318
2718
1414
2859
700
5110
3359
1102
2429
11858
1705
2282
2134
2205
4387
864
4654
6778
1557
1966
3581
2803
1368
9652
3882
8263
309
595
213
401
297
265
338
228
998
189
724
232
297
740
319
2205
717
832
307
1484
746
160
156
119
180
508
5701
1895
2055
1032
3649
425
784
385
215
2520
891
505
998
0
0
0
375
343
638
480
590
422
192
620
391
1365
298
1061
2199
676
1349
360
140
109
94
590
668
103
88
593
2908
364
1520
299
565
592
1330
440
1332
360
780
365
5194
639
153
671
4565
599
976
540
778
433
611
1309
4934
3107
674
255
538
317
7807
1091
790
811
3049
633
4065
553
690
1045
1474
3286
1460
2103
790
753
968
1300
1800
689
1400
1265
1705
628
6550
1047
11550
854
811
1361
2320
1097
3357
6475
6150
1129
793
2687
1531
1200
1404
65246
735
2669
978
1028
6257
7528
833
1104
6112
4790
594
2986
3209
30747
2534
861
3758
2175
1755
9402
2341
1531
1039
4077
1761
1450
44528
4415
1330
2265
561
379
1170
128
172
230
221
518
790
217
629
1216
260
223
353
4003
243
327
414
352
72
1997
362
364
824
1068
1115
1277
778
2569
961
1181
1206
384
680
4228
369
114
327
375
343
638
0
0
0
382
768
1708
5452
1744
2114
390
159
580
102
158
387
6434
644
341
873
1222
1543
417
2623
561
755
794
2472
294
781
1219
176
1823
90
863
2383
991
1433
24777
1063
2440
306
467
4021
615
215
760
541
470
315
323
349
929
1427
2004
961
868
1505
1493
797
842
1208
909
2627
1625
253
438
1882
1474
3729
17342
1392
2306
2388
805
504
379
2719
8776
4189
1369
1112
3334
1458
2760
1683
655
457
277
3080
1683
898
1413
1923
799
1320
488
745
1461
4668
1162
1897
2088
3828
1211
4965
10227
3431
1059
2323
2818
4934
846
3702
4659
1027
4062
1525
1390
1487
2790
4400
997
41459
7418
5370
5610
536
532
1003
248
901
1588
1115
277
506
1388
1690
523
3102
434
762
1402
131
135
688
3221
1516
1100
174
241
260
328
313
530
1298
304
138
94
827
4987
1279
935
552
557
161
480
590
422
382
768
1708
0
0
0
380
2048
305
16032
1102
4857
1300
499
2576
209
1590
2072
526
942
617
194
385
1620
90
75
62
1247
1049
1078
527
307
583
1723
5999
1679
394
1064
812
369
590
4200
7020
1484
1409
5390
5594
14177
1220
970
1379
826
1254
2285
974
317
564
1229
767
2881
972
1385
473
3883
1913
832
486
5357
713
972
572
1221
1071
375
1222
1700
880
1736
3778
2870
3574
1234
1870
6648
2908
1233
1582
11659
5354
919
1427
392
390
1483
4414
2490
442
1294
2543
1080
2999
1890
3095
3212
3357
2876
1175
597
1140
593
1322
588
2222
1897
12499
10905
5364
3476
1245
952
2909
2298
7851
1611
2531
4543
321
11873
230
1057
867
553
563
331
3544
273
253
331
559
469
355
311
941
653
447
442
504
296
405
1975
1412
226
794
217
288
327
832
292
883
750
96
562
375
1555
611
192
620
391
5452
1744
2114
380
2048
305
0
0
0
325
1194
869
387
1702
706
121
276
137
338
376
316
456
2229
2659
561
297
429
308
533
172
1579
1681
5525
215
429
3907
575
465
1403
609
361
1112
701
8939
2755
1850
3568
207
5167
2611
629
3677
1293
299
1450
1045
494
477
2998
2696
1380
326
1233
1643
2245
1496
618
4021
955
1923
1568
873
1416
2852
869
7418
1767
4076
15928
1019
3847
1609
6029
6760
2142
9445
2007
4705
1264
1664
6004
1222
2693
12380
2200
1314
611
1754
1889
1160
2068
820
2224
1101
1374
5251
1181
2790
1129
4668
1191
447
924
1211
2984
993
4365
17477
17379
3673
4332
4570
1999
1790
5438
1187
927
370
643
344
317
621
1472
132
89
800
360
250
1733
767
572
1311
1288
897
1859
521
442
3823
297
443
441
226
1673
1040
189
687
1175
264
6453
1121
444
124
375
1791
498
1365
298
1061
390
159
580
16032
1102
4857
325
1194
869
0
0
0
205
171
481
1526
407
22071
5328
897
1277
612
1040
4821
1581
1736
1104
525
3188
360
560
1503
534
823
2010
2850
964
889
1385
63
223
225
153
558
131
441
684
595
115
5234
1611
2757
1233
5641
947
1602
29091
1131
387
1466
5358
1508
4766
440
879
1386
1123
10204
543
1500
1451
4724
2123
1224
3784
11315
2663
1056
7397
373
1478
7346
10598
8685
858
10649
2182
1664
1115
3465
3509
793
4763
3833
3141
6761
2310
1211
3492
2707
16352
2662
2805
4915
950
2750
1839
1200
447
482
5497
817
17338
4019
2405
1229
9085
49174
1705
3370
42573
22981
3794
2152
6149
7272
914
359
152
523
716
318
287
1417
205
462
802
8513
375
1338
826
583
663
288
898
1139
266
2212
216
227
271
936
3430
7518
2054
787
2463
1767
1013
392
1192
467
240
247
1131
2199
676
1349
102
158
387
1300
499
2576
387
1702
706
205
171
481
0
0
0
1553
33452
1233
998
3375
2871
2060
9112
1301
766
588
2606
8024
660
229
1606
260
123
828
18669
581
1487
4541
1267
260
413
527
210
951
1054
356
601
459
1096
793
486
16339
1137
640
1197
327
845
614
630
170
1250
856
775
3766
427
931
954
2239
4876
4252
8646
1185
1100
2670
735
23239
6334
1450
1360
740
5503
3484
64765
3487
294
682
845
2204
1650
3682
423
5899
982
481
2485
1080
13194
33413
1069
1454
1986
2922
1516
10392
3432
4090
1321
3522
2361
2458
1351
4155
33007
5894
2062
1630
1590
1721
6206
4604
737
3474
1336
2803
1208
1704
3736
462
1178
2733
597
787
557
3128
1033
384
624
971
1215
2495
4411
1124
1893
444
533
5067
353
789
2666
359
319
452
1154
1308
194
129
335
636
656
776
462
260
1850
2234
459
360
140
109
6434
644
341
209
1590
2072
121
276
137
1526
407
22071
1553
33452
1233
0
0
0
288
468
1440
642
5097
216
5352
4400
3403
4041
277
875
1593
489
848
144
84
76
460
545
285
1130
657
1494
812
688
2154
2227
4434
390
1566
1205
471
591
195
3554
2869
576
733
4269
61310
6338
538
199
1507
887
4305
754
5363
26909
841
1465
1845
1285
5728
2446
891
2958
4947
818
5805
5262
9112
8133
2039
1441
21556
7411
8626
2241
1004
20316
1318
576
693
1431
7743
2461
1208
1352
1808
3447
1285
2650
1357
932
3035
870
1044
13828
2937
549
856
839
6697
4025
1379
3550
2545
1725
1261
1519
3852
824
3508
1147
2348
7344
1671
677
496
796
752
1082
287
1669
862
391
257
563
403
294
9338
2166
725
975
410
4051
253
1602
718
814
319
5453
7802
254
442
335
430
803
378
317
234
278
1899
1117
220
94
590
668
873
1222
1543
526
942
617
338
376
316
5328
897
1277
998
3375
2871
288
468
1440
0
0
0
102
137
66
568
2176
806
4732
3421
2115
1100
2218
5876
1231
1174
247
464
149
141
293
1774
929
497
572
14800
529
627
1206
1586
1447
3062
150
779
416
266
251
322
4251
5170
715
234
688
1158
1158
827
4155
1281
866
376
565
497
1313
577
460
1849
1962
2012
7191
3729
1498
3808
2791
2509
4416
8187
1848
5282
5931
2300
2513
1742
9374
492
1052
1052
2363
4670
539
562
1106
1243
53034
1084
657
830
2119
7843
1077
1420
2331
7723
1167
1779
3244
722
6863
2303
4887
9397
13897
1077
4595
2468
950
2856
1535
658
794
488
2111
930
2353
11533
494
986
630
2254
340
243
913
423
564
402
517
2576
646
635
592
363
1682
343
330
536
982
453
1158
1001
500
323
326
786
1262
606
556
6984
103
88
593
417
2623
561
194
385
1620
456
2229
2659
612
1040
4821
2060
9112
1301
642
5097
216
102
137
66
0
0
0
671
362
1922
559
1611
12187
1504
572
1057
288
283
599
123
314
52
11877
1949
1764
3137
1092
1669
3457
2350
508
443
941
1163
1409
460
243
10586
186
859
551
641
3202
2485
383
3265
892
10013
562
1682
663
768
3673
506
2322
1276
4887
449
649
1137
2122
896
2404
1788
493
724
687
495
696
6102
1269
14191
1404
1698
976
4269
7137
7742
3788
701
459
906
3160
17861
1573
1105
8210
1186
886
939
771
14644
3729
39778
3079
2841
4328
4677
818
1624
853
968
3764
1483
4271
559
2375
1161
1465
631
1007
893
513
628
1788
4474
1125
3831
658
327
826
2652
285
2687
1419
375
230
1621
359
805
414
1356
1997
601
6824
525
1688
476
347
311
206
661
901
4945
4622
599
1193
3968
2908
364
1520
755
794
2472
90
75
62
561
297
429
1581
1736
1104
766
588
2606
5352
4400
3403
568
2176
806
671
362
1922
0
0
0
1380
784
11712
912
1234
2242
1186
18260
343
504
406
1068
2563
1901
806
828
664
1104
509
4169
1105
3015
890
1059
4849
1529
1095
165
93
186
1320
494
999
2331
668
5422
3842
2856
951
1106
1034
3876
14572
4072
1634
1077
800
483
2547
1680
12019
5335
3451
9268
3939
1195
4364
9505
2289
11474
531
2814
3579
618
557
2388
1523
1074
1435
2687
946
1518
1548
5505
1985
1320
1768
1453
1683
20658
2925
1316
1385
7062
2459
2490
16665
1109
3620
1441
2072
12368
783
1319
2561
1891
3354
2188
2155
430
741
771
194
424
722
601
478
776
489
502
988
1002
265
244
1048
426
662
430
1362
655
1694
888
3701
307
920
686
480
431
7377
597
1405
675
215
964
266
1760
763
936
299
565
592
294
781
1219
1247
1049
1078
308
533
172
525
3188
360
8024
660
229
4041
277
875
4732
3421
2115
559
1611
12187
1380
784
11712
0
0
0
2698
686
1143
1261
10090
354
1692
842
1656
1084
351
895
581
391
227
554
165
187
1034
338
887
3256
980
283
11730
960
2351
7011
337
881
835
7244
10349
1419
1717
157
9158
1097
1068
611
668
1210
2625
1422
524
1180
4978
18947
1265
3797
1530
3160
5130
653
699
7749
473
3963
1195
1760
1079
2136
1991
4608
8798
1573
1233
10514
4529
1631
24969
22791
1079
9418
528
4614
3325
1272
1383
1066
400
1660
1004
2081
1508
2394
49828
1055
12023
4745
983
11551
1075
9046
79296
585
950
478
2471
995
510
1633
866
290
223
7478
964
2457
1101
8352
5198
2018
952
459
8871
3859
5443
1068
5573
384
1185
3373
449
568
712
543
686
3089
853
715
1311
10418
342
296
423
1330
440
1332
176
1823
90
527
307
583
1579
1681
5525
560
1503
534
1606
260
123
1593
489
848
1100
2218
5876
1504
572
1057
912
1234
2242
2698
686
1143
0
0
0
914
656
5061
5709
1128
15881
1658
558
237
4683
747
1172
543
7790
7192
447
846
138
715
6589
6522
3866
1956
7176
2353
181
763
2888
1450
5589
2811
256
343
2052
3182
1811
742
1296
1543
849
1216
2231
2111
7523
7139
868
1457
3062
4291
1615
4555
1348
1836
1800
927
873
7098
1880
1943
3740
1250
2789
2855
4257
6636
2783
15342
6496
2756
2324
1783
3568
3166
5155
2981
1553
14375
1782
2595
2848
2479
1623
1099
8260
8404
6636
2800
4555
2276
4438
1636
3742
2652
14834
603
411
658
16466
896
544
1110
3174
843
1524
8227
615
6136
2189
959
3898
696
583
3788
1023
2949
384
381
401
328
3416
399
290
1483
2455
389
1577
1238
156
239
5268
584
402
360
780
365
863
2383
991
1723
5999
1679
215
429
3907
823
2010
2850
828
18669
581
144
84
76
1231
1174
247
288
283
599
1186
18260
343
1261
10090
354
914
656
5061
0
0
0
7649
1062
1355
13177
1307
5073
459
2265
419
558
1434
714
2398
1637
1398
203
84
481
1709
5455
935
11487
1414
7622
434
232
748
900
2816
1028
1509
1356
12974
2254
1415
5071
996
673
876
2342
1919
370
1441
1755
2599
1197
3641
7123
12891
1284
2582
6084
10075
5943
2541
1235
911
4915
1260
695
2981
1096
1596
1687
4365
3025
1441
1366
4167
1099
18022
15752
1586
4465
2790
2926
3249
803
3377
2784
5244
1352
1002
2620
1148
2864
2479
671
506
2308
1031
1091
439
531
464
473
410
5344
1860
524
668
520
268
183
1152
770
755
1181
987
1520
1724
280
2226
1323
589
647
11949
949
1644
668
617
870
178
2545
1711
349
346
301
1047
5194
639
153
1433
24777
1063
394
1064
812
575
465
1403
964
889
1385
1487
4541
1267
460
545
285
464
149
141
123
314
52
504
406
1068
1692
842
1656
5709
1128
15881
7649
1062
1355
0
0
0
651
1978
1207
2420
5197
3819
919
2614
1110
1675
382
1077
1709
222
516
929
484
340
908
1835
549
1167
372
444
2878
2064
10646
2765
529
980
468
2461
7738
524
1019
452
651
1220
208
1680
3145
2085
2317
1255
3105
1379
2979
9701
2203
1371
3574
1058
1108
1315
3139
2463
2253
1431
475
3187
3727
3598
879
807
911
522
956
687
1319
1315
4535
428
1116
1800
816
8475
1786
2188
3589
67166
1306
1133
3499
1774
6294
8731
3086
2950
2006
399
362
1344
998
1080
625
430
201
232
320
703
243
2685
1749
1120
1894
356
1134
5776
1467
374
1848
800
5790
901
186
459
3879
363
577
1206
342
445
2459
917
308
4514
671
4565
599
2440
306
467
369
590
4200
609
361
1112
63
223
225
260
413
527
1130
657
1494
293
1774
929
11877
1949
1764
2563
1901
806
1084
351
895
1658
558
237
13177
1307
5073
651
1978
1207
0
0
0
818
235
313
574
1566
785
645
651
1413
2454
1412
1572
1827
2102
2074
801
607
1051
2005
1527
1259
326
153
239
614
2403
36685
569
684
4976
2381
2145
4477
2205
1709
668
709
4569
1372
2522
4678
20702
3215
2270
1637
1291
2436
2661
19414
5413
2192
699
3065
2131
2292
2630
1909
349
748
1907
1346
3892
1871
770
25727
1603
3862
3343
1531
1139
1701
2117
1439
9406
889
65733
2291
4309
3327
2162
4315
2071
25881
1194
179
488
877
677
1470
1193
1136
6704
269
3556
971
688
5284
1054
554
361
1788
1221
460
547
242
8512
1587
405
174
841
1618
2723
1189
896
6695
1850
753
2376
305
1265
569
3378
1362
976
540
778
4021
615
215
7020
1484
1409
701
8939
2755
153
558
131
210
951
1054
812
688
2154
497
572
14800
3137
1092
1669
828
664
1104
581
391
227
4683
747
1172
459
2265
419
2420
5197
3819
818
235
313
0
0
0
1449
527
865
578
322
590
739
6548
1000
5323
1690
19554
11697
903
595
541
928
1549
294
1852
158
1132
1238
929
8499
852
1008
677
1453
2070
3244
2266
1613
634
436
758
2829
1643
2935
892
2044
457
12151
9000
928
2004
1543
12272
2813
7851
2444
7302
13659
1435
758
475
483
4093
2422
2406
19280
7238
4944
1279
1707
979
1810
1936
2867
2324
774
837
2896
1007
1474
2500
1249
1722
33287
1260
3022
1818
2235
691
710
462
2808
1327
2549
1559
1452
750
433
2282
3377
1056
1158
3532
2251
416
289
344
632
592
16547
1556
530
902
473
3229
250
11068
763
2205
868
1372
576
905
1011
319
433
611
1309
760
541
470
5390
5594
14177
1850
3568
207
441
684
595
356
601
459
2227
4434
390
529
627
1206
3457
2350
508
509
4169
1105
554
165
187
543
7790
7192
558
1434
714
919
2614
1110
574
1566
785
1449
527
865
0
0
0
4626
1866
723
427
551
483
1105
5109
3868
1131
1082
2184
2865
616
457
603
1541
487
1949
5944
878
5710
4747
1253
9398
3443
1318
1334
606
2215
1331
2491
971
10278
925
1784
1648
4666
3540
2547
755
714
2759
4077
4775
48824
1143
2860
3151
1473
1504
2939
2120
12145
1915
1903
18424
8413
32845
1551
1618
665
966
1389
2344
1538
4475
3791
610
1068
2616
1307
582
3094
13181
14172
2503
14473
1696
1019
1250
801
332
5379
2627
565
771
4765
710
1097
2651
2012
684
2494
12005
388
275
343
2889
848
360
659
5828
2760
4159
1699
910
1223
5484
592
4848
1175
772
944
2618
1741
1791
4934
3107
674
315
323
349
1220
970
1379
5167
2611
629
115
5234
1611
1096
793
486
1566
1205
471
1586
1447
3062
443
941
1163
3015
890
1059
1034
338
887
447
846
138
2398
1637
1398
1675
382
1077
645
651
1413
578
322
590
4626
1866
723
0
0
0
1207
1897
1106
727
7152
6719
965
3456
307
3229
689
788
1028
460
1216
4373
1130
1283
5364
7717
1526
1458
7882
859
2250
3565
1093
581
1127
870
4141
25648
566
936
5162
1041
831
2108
844
1641
3278
849
6219
92148
3402
17876
2259
5401
2300
1116
625
4016
2200
1737
1952
2040
5393
894
1222
836
8220
5877
2950
7904
1160
2867
8474
30417
1193
2021
6350
10497
3412
7089
2036
6074
10726
6707
4959
251
537
681
1502
533
305
1064
1886
2927
252
821
1803
2160
4339
712
573
390
399
1715
602
6211
966
555
721
797
495
1207
376
1157
615
439
1221
589
894
1444
255
538
317
929
1427
2004
826
1254
2285
3677
1293
299
2757
1233
5641
16339
1137
640
591
195
3554
150
779
416
1409
460
243
4849
1529
1095
3256
980
283
715
6589
6522
203
84
481
1709
222
516
2454
1412
1572
739
6548
1000
427
551
483
1207
1897
1106
0
0
0
659
3550
1122
911
5029
1431
57
64
158
1659
917
479
3534
671
1020
1384
945
1406
882
901
5129
234
763
16681
3984
3225
1068
1476
3737
3654
22053
1305
1177
2776
2228
3016
857
955
666
8737
1860
1418
1640
2017
1226
1474
2024
10735
3504
4490
1098
15742
2948
980
1234
3971
5881
7110
2584
2460
1905
3759
1363
1672
5450
1305
1369
1784
1819
4229
2862
971
834
6790
415
778
994
798
877
2869
653
864
1428
685
1007
772
841
292
512
276
769
2439
9674
1468
3384
1031
550
628
1255
7421
1287
627
1021
3162
536
4797
908
3484
454
607
310
7807
1091
790
961
868
1505
974
317
564
1450
1045
494
947
1602
29091
1197
327
845
2869
576
733
266
251
322
10586
186
859
165
93
186
11730
960
2351
3866
1956
7176
1709
5455
935
929
484
340
1827
2102
2074
5323
1690
19554
1105
5109
3868
727
7152
6719
659
3550
1122
0
0
0
1463
2110
1661
662
2890
1138
3705
364
1209
2579
16621
1521
2637
972
699
487
1285
7097
6597
3347
4281
1183
1848
2331
518
1281
817
5395
2903
6527
764
395
12018
6652
1073
4146
1695
683
760
2242
810
741
4694
2325
4472
3474
1071
3356
431
2179
626
6045
3642
4897
1324
827
1288
1359
5800
891
1545
1938
1192
809
401
3143
2057
716
698
1488
1368
7852
969
1526
1605
1509
323
884
4527
900
872
1409
2637
2151
11593
300
316
841
2749
373
1242
1407
3421
4520
590
1037
346
11739
443
885
2957
532
911
761
5909
275
1164
721
811
3049
633
1493
797
842
1229
767
2881
477
2998
2696
1131
387
1466
614
630
170
4269
61310
6338
4251
5170
715
551
641
3202
1320
494
999
7011
337
881
2353
181
763
11487
1414
7622
908
1835
549
801
607
1051
11697
903
595
1131
1082
2184
965
3456
307
911
5029
1431
1463
2110
1661
0
0
0
1412
724
24454
405
17158
4629
1016
1090
3650
3295
463
4189
2303
3026
1079
6102
5166
1561
2570
1989
758
947
1057
1541
905
628
1025
907
1556
928
2385
830
2589
644
583
2073
6693
1682
13342
1200
3549
566
1513
4594
1943
1095
8687
4251
1911
1117
44088
4055
9885
16318
1877
2084
1829
76796
3267
6484
77682
1597
3768
3958
4139
2820
813
2334
1005
511
676
351
701
562
10636
1722
1595
258
1356
2216
2687
1060
1391
2765
864
1174
5644
368
468
349
1091
522
540
287
672
707
2638
964
2147
1003
2443
1332
3302
2990
4830
4065
553
690
1208
909
2627
972
1385
473
1380
326
1233
5358
1508
4766
1250
856
775
538
199
1507
234
688
1158
2485
383
3265
2331
668
5422
835
7244
10349
2888
1450
5589
434
232
748
1167
372
444
2005
1527
1259
541
928
1549
2865
616
457
3229
689
788
57
64
158
662
2890
1138
1412
724
24454
0
0
0
699
4189
847
654
361
1305
5168
1273
1610
2345
1037
2413
563
1382
14760
1779
2320
2091
1127
833
1448
1342
842
1941
3693
1977
11350
814
641
286
4823
4698
10962
4354
843
1749
30492
2156
1983
988
3006
1368
10172
13475
5180
1203
2631
3144
1925
9101
1680
2514
3605
12047
5397
3142
3794
1747
9729
3045
840
1927
795
366
1630
1305
566
855
3070
358
390
463
822
2327
903
1489
925
667
492
2031
389
914
784
3914
890
1571
1896
1560
8669
1078
692
1676
1524
1076
3388
1282
1924
474
828
821
1111
4957
1045
1474
3286
1625
253
438
3883
1913
832
1643
2245
1496
440
879
1386
3766
427
931
887
4305
754
1158
827
4155
892
10013
562
3842
2856
951
1419
1717
157
2811
256
343
900
2816
1028
2878
2064
10646
326
153
239
294
1852
158
603
1541
487
1028
460
1216
1659
917
479
3705
364
1209
405
17158
4629
699
4189
847
0
0
0
1546
1369
15774
3518
9841
3640
1187
5940
21019
2297
3149
2487
2271
7002
3198
1195
1043
2174
575
938
1044
2939
1096
493
6670
1437
15266
6267
2993
2434
5865
2435
6612
374
1312
980
1301
1152
3708
2295
3899
3003
613
1814
3795
1266
3864
1762
7150
3613
658
4434
3569
20672
43834
20478
2169
3970
28274
1417
1848
1430
1226
2379
1695
2629
5727
814
618
5350
1386
1341
950
936
1599
2752
1843
1873
2215
9140
1090
670
539
1230
2481
872
923
1435
912
1230
531
1388
1784
3243
4704
905
4528
827
4172
1460
2103
790
1882
1474
3729
486
5357
713
618
4021
955
1123
10204
543
954
2239
4876
5363
26909
841
1281
866
376
1682
663
768
1106
1034
3876
9158
1097
1068
2052
3182
1811
1509
1356
12974
2765
529
980
614
2403
36685
1132
1238
929
1949
5944
878
4373
1130
1283
3534
671
1020
2579
16621
1521
1016
1090
3650
654
361
1305
1546
1369
15774
0
0
0
1080
1425
836
239
1564
552
182
494
6716
7208
34187
1617
761
3921
2379
10682
933
2347
3354
2532
1413
790
361
3192
1474
11063
5418
566
2344
204
4082
1041
3240
1294
652
533
490
3918
5489
2939
777
4800
2480
1471
1517
2478
29628
3303
1307
2347
1329
955
642
451
7883
4285
773
681
1508
594
819
1510
2000
1618
1726
3473
12367
468
3980
1835
848
1169
1402
1554
604
592
1162
5057
798
1305
8744
1538
1578
1302
2748
836
888
967
3891
2053
10439
1261
585
2439
557
2785
753
968
1300
17342
1392
2306
972
572
1221
1923
1568
873
1500
1451
4724
4252
8646
1185
1465
1845
1285
565
497
1313
3673
506
2322
14572
4072
1634
611
668
1210
742
1296
1543
2254
1415
5071
468
2461
7738
569
684
4976
8499
852
1008
5710
4747
1253
5364
7717
1526
1384
945
1406
2637
972
699
3295
463
4189
5168
1273
1610
3518
9841
3640
1080
1425
836
0
0
0
129
78
321
830
2050
1163
17236
2326
1154
420
2351
497
2183
2309
3979
1957
5197
1279
1197
7961
551
12795
1220
820
537
1172
659
26038
1491
6556
1084
5470
1205
390
246
228
2706
2573
1807
7202
6603
1347
1279
1239
6793
553
382
623
800
857
18216
7542
1208
1152
5097
1887
1191
1757
1366
25752
1703
565
14530
11171
893
889
674
2155
4411
722
3114
1287
2974
4347
3218
2920
1900
3698
962
3279
1358
3443
5175
2036
824
1900
3636
3534
1063
2193
898
618
2481
1800
689
1400
2388
805
504
1071
375
1222
1416
2852
869
2123
1224
3784
1100
2670
735
5728
2446
891
577
460
1849
1276
4887
449
1077
800
483
2625
1422
524
849
1216
2231
996
673
876
524
1019
452
2381
2145
4477
677
1453
2070
9398
3443
1318
1458
7882
859
882
901
5129
487
1285
7097
2303
3026
1079
2345
1037
2413
1187
5940
21019
239
1564
552
129
78
321
0
0
0
1289
1680
2817
1358
1856
1245
758
689
1396
4772
5447
4544
1744
13134
4329
3231
912
757
1956
3864
3771
300
630
514
5753
6613
104988
1987
2818
3596
1007
194
1703
23907
19707
9780
5741
1971
2769
37201
13924
8844
567
1313
5759
4824
837
438
1139
3164
1036
2943
902
1124
965
1087
406
1212
1520
2830
4624
487
1914
1142
2362
19407
981
712
723
2481
2423
1012
3351
1039
1745
1697
720
2086
415
2059
10912
2483
10316
840
908
1023
601
921
10690
3417
1265
1705
628
379
2719
8776
1700
880
1736
7418
1767
4076
11315
2663
1056
23239
6334
1450
2958
4947
818
1962
2012
7191
649
1137
2122
2547
1680
12019
1180
4978
18947
2111
7523
7139
2342
1919
370
651
1220
208
2205
1709
668
3244
2266
1613
1334
606
2215
2250
3565
1093
234
763
16681
6597
3347
4281
6102
5166
1561
563
1382
14760
2297
3149
2487
182
494
6716
830
2050
1163
1289
1680
2817
0
0
0
930
4330
4920
2105
1296
2869
6147
3345
5987
6566
1618
14812
1204
586
1169
1306
977
814
847
645
370
2479
7087
24624
1876
3661
618
1389
1039
1299
1834
12745
1721
3791
2542
1440
2907
1124
11075
1947
10236
3602
283
1133
1047
614
556
1227
441
1466
912
1724
1230
29578
6261
1173
2811
5568
7864
3983
1982
15634
1366
1737
16992
457
2815
1293
1002
832
2584
3052
559
5139
1186
2845
1250
861
3000
4916
2170
1767
1882
2286
718
880
709
6550
1047
11550
4189
1369
1112
3778
2870
3574
15928
1019
3847
7397
373
1478
1360
740
5503
5805
5262
9112
3729
1498
3808
896
2404
1788
5335
3451
9268
1265
3797
1530
868
1457
3062
1441
1755
2599
1680
3145
2085
709
4569
1372
634
436
758
1331
2491
971
581
1127
870
3984
3225
1068
1183
1848
2331
2570
1989
758
1779
2320
2091
2271
7002
3198
7208
34187
1617
17236
2326
1154
1358
1856
1245
930
4330
4920
0
0
0
4516
6742
2068
563
1545
422
2649
2036
1021
1533
22972
6145
2926
3667
1400
3572
4596
5173
554
157
235
4160
3193
2566
10716
8225
6729
2358
1346
416
5082
12683
7607
339
418
1334
3866
7049
2181
1575
3167
4362
2585
1149
1445
866
1708
4587
3222
698
1034
1073
1657
1125
1515
2732
2519
8906
2129
1702
3180
6764
2704
2509
7755
1408
4592
908
1615
2072
5155
6196
3295
1179
656
3953
616
677
2465
4648
421
771
1499
528
854
811
1361
3334
1458
2760
1234
1870
6648
1609
6029
6760
7346
10598
8685
3484
64765
3487
8133
2039
1441
2791
2509
4416
493
724
687
3939
1195
4364
3160
5130
653
4291
1615
4555
1197
3641
7123
2317
1255
3105
2522
4678
20702
2829
1643
2935
10278
925
1784
4141
25648
566
1476
3737
3654
518
1281
817
947
1057
1541
1127
833
1448
1195
1043
2174
761
3921
2379
420
2351
497
758
689
1396
2105
1296
2869
4516
6742
2068
0
0
0
3735
2699
892
1282
913
1489
2366
3084
1395
986
1060
2149
3485
2024
2790
1421
6913
2335
780
2349
1414
628
1299
799
4980
83655
6055
7024
2258
1496
4131
2653
3283
842
553
972
480
756
2260
11320
4025
2500
1594
2572
1280
1656
1592
1671
1902
886
3583
5352
1262
1636
1666
6339
1228
1826
2151
1171
985
3794
1787
2128
9254
521
2913
732
2505
2536
3838
683
1124
19235
1214
9258
3111
1140
2493
922
457
2320
1097
3357
1683
655
457
2908
1233
1582
2142
9445
2007
858
10649
2182
294
682
845
21556
7411
8626
8187
1848
5282
495
696
6102
9505
2289
11474
699
7749
473
1348
1836
1800
12891
1284
2582
1379
2979
9701
3215
2270
1637
892
2044
457
1648
4666
3540
936
5162
1041
22053
1305
1177
5395
2903
6527
905
628
1025
1342
842
1941
575
938
1044
10682
933
2347
2183
2309
3979
4772
5447
4544
6147
3345
5987
563
1545
422
3735
2699
892
0
0
0
284
4160
644
9987
15344
4795
8551
5720
1117
1892
6035
27955
363
1797
869
32155
2686
1899
9938
1935
2714
2303
6358
3500
3960
9965
1131
6783
1876
1025
3179
6299
6150
6256
16491
2511
4481
2003
19979
6482
3361
5008
6991
10579
2425
1826
1250
1677
1082
1695
2865
1232
1533
2033
3406
621
1611
18521
1040
634
4380
1732
454
1163
2183
2175
4133
1597
1282
23247
3317
595
5465
13565
5664
1009
1607
28175
6475
6150
1129
277
3080
1683
11659
5354
919
4705
1264
1664
1664
1115
3465
2204
1650
3682
2241
1004
20316
5931
2300
2513
1269
14191
1404
531
2814
3579
3963
1195
1760
927
873
7098
6084
10075
5943
2203
1371
3574
1291
2436
2661
12151
9000
928
2547
755
714
831
2108
844
2776
2228
3016
764
395
12018
907
1556
928
3693
1977
11350
2939
1096
493
3354
2532
1413
1957
5197
1279
1744
13134
4329
6566
1618
14812
2649
2036
1021
1282
913
1489
284
4160
644
0
0
0
5712
5926
1158
13713
2426
3042
12086
2119
8507
3472
2062
2418
1750
3027
4856
3004
2258
9516
5772
1477
6754
11866
5548
3851
2316
2985
2806
1985
2342
1567
3085
6926
2301
9047
3493
2042
996
2185
1140
2320
3501
659
15719
465
1028
12843
892
2523
43869
420
6020
704
1352
912
1343
1450
2192
332
1099
741
2427
811
4344
3684
3539
1405
905
5568
842
1375
7796
682
20192
28482
7613
793
2687
1531
898
1413
1923
1427
392
390
6004
1222
2693
3509
793
4763
423
5899
982
1318
576
693
1742
9374
492
1698
976
4269
618
557
2388
1079
2136
1991
1880
1943
3740
2541
1235
911
1058
1108
1315
19414
5413
2192
2004
1543
12272
2759
4077
4775
1641
3278
849
857
955
666
6652
1073
4146
2385
830
2589
814
641
286
6670
1437
15266
790
361
3192
1197
7961
551
3231
912
757
1204
586
1169
1533
22972
6145
2366
3084
1395
9987
15344
4795
5712
5926
1158
0
0
0
1678
1036
3050
1358
855
317
6823
2090
2494
356
292
143
640
1170
629
1341
3209
11241
1689
4785
1405
2936
6541
8913
923
1079
1042
3545
294
7653
844
1639
2942
1877
1208
6350
6113
1672
1846
1298
2120
768
561
6707
1712
1039
2204
1301
2216
2004
3066
1543
4002
1910
583
6018
24919
1033
4947
1695
1628
2918
5305
1687
5922
4718
1515
1814
1282
1386
624
1138
1200
1404
65246
799
1320
488
1483
4414
2490
12380
2200
1314
3833
3141
6761
481
2485
1080
1431
7743
2461
1052
1052
2363
7137
7742
3788
1523
1074
1435
4608
8798
1573
1250
2789
2855
4915
1260
695
3139
2463
2253
699
3065
2131
2813
7851
2444
48824
1143
2860
6219
92148
3402
8737
1860
1418
1695
683
760
644
583
2073
4823
4698
10962
6267
2993
2434
1474
11063
5418
12795
1220
820
1956
3864
3771
1306
977
814
2926
3667
1400
986
1060
2149
8551
5720
1117
13713
2426
3042
1678
1036
3050
0
0
0
1566
10647
10183
18999
4901
2289
4457
1178
3262
1663
2022
955
10590
10860
4498
16050
2971
2548
1262
922
1463
3241
4028
4047
5931
1049
8428
3945
17939
1370
900
4389
1375
4383
840
922
11906
1472
6165
7997
6362
761
2081
2255
652
8458
1017
1001
6514
7329
2837
2873
2515
17663
1709
1723
2276
2202
1655
2478
2643
11969
2299
2523
635
2047
1412
1338
2409
735
2669
978
745
1461
4668
442
1294
2543
611
1754
1889
2310
1211
3492
13194
33413
1069
1208
1352
1808
4670
539
562
701
459
906
2687
946
1518
1233
10514
4529
4257
6636
2783
2981
1096
1596
1431
475
3187
2292
2630
1909
7302
13659
1435
3151
1473
1504
17876
2259
5401
1640
2017
1226
2242
810
741
6693
1682
13342
4354
843
1749
5865
2435
6612
566
2344
204
537
1172
659
300
630
514
847
645
370
3572
4596
5173
3485
2024
2790
1892
6035
27955
12086
2119
8507
1358
855
317
1566
10647
10183
0
0
0
4022
9333
4307
126
100
306
3485
563
943
1079
11232
2859
5278
67186
4161
13619
3177
1767
1177
16042
1268
3101
353
489
545
3371
2117
2084
944
1173
858
1538
2771
4163
1005
4135
1542
2557
1158
2274
2240
1332
1092
3730
10505
831
3145
1741
2823
2287
14160
3938
1509
1268
2096
1076
1322
21544
6207
4194
1111
2916
2086
862
3318
2718
1028
6257
7528
1162
1897
2088
1080
2999
1890
1160
2068
820
2707
16352
2662
1454
1986
2922
3447
1285
2650
1106
1243
53034
3160
17861
1573
1548
5505
1985
1631
24969
22791
15342
6496
2756
1687
4365
3025
3727
3598
879
349
748
1907
758
475
483
2939
2120
12145
2300
1116
625
1474
2024
10735
4694
2325
4472
1200
3549
566
30492
2156
1983
374
1312
980
4082
1041
3240
26038
1491
6556
5753
6613
104988
2479
7087
24624
554
157
235
1421
6913
2335
363
1797
869
3472
2062
2418
6823
2090
2494
18999
4901
2289
4022
9333
4307
0
0
0
17684
3127
2209
2859
6040
1293
796
9589
1125
2959
1430
2974
2377
2568
540
3914
753
4757
2738
3233
3879
2477
16624
3162
1009
1538
2459
1002
2596
3875
7442
3624
1653
2995
3888
2008
723
1150
4710
3496
1237
3521
982
4194
1466
5030
11545
2556
722
23320
4681
3654
2127
1245
1087
3731
2796
388
1325
3505
1414
2859
700
833
1104
6112
3828
1211
4965
3095
3212
3357
2224
1101
1374
2805
4915
950
1516
10392
3432
1357
932
3035
1084
657
830
1105
8210
1186
1320
1768
1453
1079
9418
528
2324
1783
3568
1441
1366
4167
807
911
522
1346
3892
1871
4093
2422
2406
1915
1903
18424
4016
2200
1737
3504
4490
1098
3474
1071
3356
1513
4594
1943
988
3006
1368
1301
1152
3708
1294
652
533
1084
5470
1205
1987
2818
3596
1876
3661
618
4160
3193
2566
780
2349
1414
32155
2686
1899
1750
3027
4856
356
292
143
4457
1178
3262
126
100
306
17684
3127
2209
0
0
0
2059
3652
9145
2358
5690
5823
3070
2293
2382
2035
2195
2730
6690
2192
1136
2419
298
387
3105
874
531
1171
977
2675
3019
1677
2872
1970
1701
1975
4166
1130
917
5843
946
1243
572
3714
1243
993
5506
2386
1540
980
1635
1045
3263
1385
4310
2036
2134
1296
5307
1096
1352
2328
2534
5110
3359
1102
4790
594
2986
10227
3431
1059
2876
1175
597
5251
1181
2790
2750
1839
1200
4090
1321
3522
870
1044
13828
2119
7843
1077
886
939
771
1683
20658
2925
4614
3325
1272
3166
5155
2981
1099
18022
15752
956
687
1319
770
25727
1603
19280
7238
4944
8413
32845
1551
1952
2040
5393
15742
2948
980
431
2179
626
1095
8687
4251
10172
13475
5180
2295
3899
3003
490
3918
5489
390
246
228
1007
194
1703
1389
1039
1299
10716
8225
6729
628
1299
799
9938
1935
2714
3004
2258
9516
640
1170
629
1663
2022
955
3485
563
943
2859
6040
1293
2059
3652
9145
0
0
0
21310
1231
2749
6516
6724
7082
2998
4247
1937
202
1274
178
489
1048
9362
6699
1637
12285
1764
3240
910
15337
3343
5121
2659
2280
10957
1712
1110
5476
1501
3439
4417
872
891
1712
15877
717
1029
1561
1261
1129
1415
3194
2723
3824
2314
1659
1674
2427
1638
2214
2599
1292
2429
11858
1705
3209
30747
2534
2323
2818
4934
1140
593
1322
1129
4668
1191
447
482
5497
2361
2458
1351
2937
549
856
1420
2331
7723
14644
3729
39778
1316
1385
7062
1383
1066
400
1553
14375
1782
1586
4465
2790
1315
4535
428
3862
3343
1531
1279
1707
979
1618
665
966
894
1222
836
1234
3971
5881
6045
3642
4897
1911
1117
44088
1203
2631
3144
613
1814
3795
2939
777
4800
2706
2573
1807
23907
19707
9780
1834
12745
1721
2358
1346
416
4980
83655
6055
2303
6358
3500
5772
1477
6754
1341
3209
11241
10590
10860
4498
1079
11232
2859
796
9589
1125
2358
5690
5823
21310
1231
2749
0
0
0
865
2164
958
1083
1738
1648
7860
5804
4030
7539
8137
2066
4380
7322
12732
4032
2010
2557
1800
868
1960
1463
1636
7681
2066
1234
1962
1662
1074
5664
2240
2915
1258
3570
2013
1424
1670
1881
834
4141
16262
28903
1565
2224
832
1754
1011
2740
3144
1935
4414
2282
2134
2205
861
3758
2175
846
3702
4659
588
2222
1897
447
924
1211
817
17338
4019
4155
33007
5894
839
6697
4025
1167
1779
3244
3079
2841
4328
2459
2490
16665
1660
1004
2081
2595
2848
2479
2926
3249
803
1116
1800
816
1139
1701
2117
1810
1936
2867
1389
2344
1538
8220
5877
2950
7110
2584
2460
1324
827
1288
4055
9885
16318
1925
9101
1680
1266
3864
1762
2480
1471
1517
7202
6603
1347
5741
1971
2769
3791
2542
1440
5082
12683
7607
7024
2258
1496
3960
9965
1131
11866
5548
3851
1689
4785
1405
16050
2971
2548
5278
67186
4161
2959
1430
2974
3070
2293
2382
6516
6724
7082
865
2164
958
0
0
0
2124
21245
7005
2563
12806
1731
5603
4111
873
983
2176
2159
5083
1737
3528
20709
1689
9958
2046
1651
4444
42698
4904
1032
1603
8786
550
1436
725
2665
2910
12393
1615
4648
5251
1080
1725
3657
26103
3437
40528
1402
10318
1972
1632
2981
2617
9050
4387
864
4654
1755
9402
2341
1027
4062
1525
12499
10905
5364
2984
993
4365
2405
1229
9085
2062
1630
1590
1379
3550
2545
722
6863
2303
4677
818
1624
1109
3620
1441
1508
2394
49828
1623
1099
8260
3377
2784
5244
8475
1786
2188
1439
9406
889
2324
774
837
4475
3791
610
7904
1160
2867
1905
3759
1363
1359
5800
891
1877
2084
1829
2514
3605
12047
7150
3613
658
2478
29628
3303
1279
1239
6793
37201
13924
8844
2907
1124
11075
339
418
1334
4131
2653
3283
6783
1876
1025
2316
2985
2806
2936
6541
8913
1262
922
1463
13619
3177
1767
2377
2568
540
2035
2195
2730
2998
4247
1937
1083
1738
1648
2124
21245
7005
0
0
0
4884
46096
7967
3244
2014
1870
1666
5144
1989
4032
788
652
2386
3155
1347
5046
1272
1151
1897
4535
1226
9103
972
22920
6997
3673
1140
6849
3240
4223
11330
1196
3573
2709
6670
2989
4588
1876
1902
3506
1155
1437
1699
1118
1465
6778
1557
1966
1531
1039
4077
1390
1487
2790
3476
1245
952
17477
17379
3673
49174
1705
3370
1721
6206
4604
1725
1261
1519
4887
9397
13897
853
968
3764
2072
12368
783
1055
12023
4745
8404
6636
2800
1352
1002
2620
3589
67166
1306
65733
2291
4309
2896
1007
1474
1068
2616
1307
8474
30417
1193
1672
5450
1305
1545
1938
1192
76796
3267
6484
5397
3142
3794
4434
3569
20672
1307
2347
1329
553
382
623
567
1313
5759
1947
10236
3602
3866
7049
2181
842
553
972
3179
6299
6150
1985
2342
1567
923
1079
1042
3241
4028
4047
1177
16042
1268
3914
753
4757
6690
2192
1136
202
1274
178
7860
5804
4030
2563
12806
1731
4884
46096
7967
0
0
0
1121
502
4521
9913
3210
3867
2621
3282
11304
1466
1336
1723
1205
4315
6836
2866
1121
1402
3526
3246
8897
1803
1781
1158
5550
6172
2824
2361
1600
871
2374
1736
1755
4067
2460
2292
3373
711
550
6799
1546
7275
3581
2803
1368
1761
1450
44528
4400
997
41459
2909
2298
7851
4332
4570
1999
42573
22981
3794
737
3474
1336
3852
824
3508
1077
4595
2468
1483
4271
559
1319
2561
1891
983
11551
1075
4555
2276
4438
1148
2864
2479
1133
3499
1774
3327
2162
4315
2500
1249
1722
582
3094
13181
2021
6350
10497
1369
1784
1819
809
401
3143
77682
1597
3768
1747
9729
3045
43834
20478
2169
955
642
451
800
857
18216
4824
837
438
283
1133
1047
1575
3167
4362
480
756
2260
6256
16491
2511
3085
6926
2301
3545
294
7653
5931
1049
8428
3101
353
489
2738
3233
3879
2419
298
387
489
1048
9362
7539
8137
2066
5603
4111
873
3244
2014
1870
1121
502
4521
0
0
0
5977
2734
1282
6025
6525
1961
17512
5129
1796
1534
2552
7543
1341
968
2636
3055
1398
17332
62643
2987
3988
2392
3578
9410
5964
5078
5860
2030
1397
1884
1111
2587
1607
3429
2641
4524
904
1377
2201
9652
3882
8263
4415
1330
2265
7418
5370
5610
1611
2531
4543
1790
5438
1187
2152
6149
7272
2803
1208
1704
1147
2348
7344
950
2856
1535
2375
1161
1465
3354
2188
2155
9046
79296
585
1636
3742
2652
671
506
2308
6294
8731
3086
2071
25881
1194
33287
1260
3022
14172
2503
14473
3412
7089
2036
4229
2862
971
2057
716
698
3958
4139
2820
840
1927
795
3970
28274
1417
7883
4285
773
7542
1208
1152
1139
3164
1036
614
556
1227
2585
1149
1445
11320
4025
2500
4481
2003
19979
9047
3493
2042
844
1639
2942
3945
17939
1370
545
3371
2117
2477
16624
3162
3105
874
531
6699
1637
12285
4380
7322
12732
983
2176
2159
1666
5144
1989
9913
3210
3867
5977
2734
1282
0
0
0
