C_ijk
0
0
0
91
104
436
201
206
230
1460
1186
133
68
187
42
31
295
238
217
121
177
380
190
104
2787
140
578
270
196
298
898
115
168
3812
1507
120
150
1053
194
211
440
627
94
328
182
362
483
1836
241
1089
521
266
1305
431
620
468
291
317
1995
1089
978
727
876
265
1018
470
491
2557
711
1619
462
903
1344
1164
701
3823
639
725
3005
2613
1067
10223
528
3342
524
2845
1173
617
1934
1996
505
574
456
840
1041
1297
1626
477
1090
1087
550
694
1391
1065
727
1744
718
4621
1777
821
1730
696
3714
2841
10492
3032
1264
1281
754
1056
977
6349
1207
2504
774
736
2029
1015
1384
1405
7948
1407
2008
4415
592
3126
1464
1390
1022
1272
2119
1157
1388
4661
2057
6420
1170
1102
25854
483
4195
2008
2962
3209
5629
6124
2998
33627
2465
932
542
500
8894
4965
1266
2222
3547
1359
91
104
436
0
0
0
395
87
77
1089
350
371
4653
851
261
230
322
109
47
436
64
211
260
414
193
78
116
58
1986
139
453
886
1301
195
200
167
215
281
2208
302
750
663
339
2906
107
755
330
374
123
145
2418
160
880
202
706
392
359
2052
1535
589
292
933
450
793
632
647
467
1435
5482
618
135
184
716
498
6375
1030
702
434
968
625
356
256
4662
306
363
714
612
789
3353
2255
1319
2904
532
615
937
1624
3433
870
274
751
2296
978
317
2505
290
780
690
299
2890
4202
501
647
770
1075
839
699
2063
1746
8373
669
1119
7159
1061
966
1028
1497
5029
4051
1945
3333
2198
391
1279
1373
1483
961
1861
17370
2279
1359
1341
1979
1558
821
1222
1995
6852
12405
1615
3418
4690
724
765
10770
3340
1717
2736
4292
1205
6922
3165
1894
1469
2048
733
44426
1515
2696
201
206
230
395
87
77
0
0
0
535
836
523
187
193
1056
565
173
375
189
141
94
227
162
125
469
368
462
282
572
982
672
1511
258
4268
547
779
292
2474
306
604
434
883
146
120
129
1410
702
1078
854
795
606
991
191
335
696
514
169
1335
900
3353
545
1330
4517
780
708
5845
418
694
1390
443
2211
426
485
624
1397
1500
1048
3207
297
1244
980
936
472
1190
1036
371
481
847
1138
943
826
5627
3827
493
820
1515
573
613
2472
3300
2445
2367
4204
1211
4488
1240
485
401
3942
1915
1458
1756
1538
683
5916
1633
3517
3190
1032
3747
1625
1424
499
14454
1640
1181
704
9755
12256
634
770
3488
1070
3269
7222
1809
1322
1933
1804
638
7056
819
7624
1041
12459
1520
2253
2398
7321
14620
1629
2004
770
405
1753
2236
33652
1080
2329
2562
5553
3272
1406
2926
3477
1958
3737
7986
1460
1186
133
1089
350
371
535
836
523
0
0
0
361
779
2372
1456
1047
534
289
185
147
126
98
238
14
59
70
34
35
117
451
195
261
3083
446
71
158
539
181
2698
702
351
2680
217
3179
464
527
338
120
122
337
494
2588
596
451
243
3400
457
2570
307
541
396
1107
264
1062
443
3071
1189
1402
959
798
2049
7205
418
681
578
3299
1104
676
7733
1556
339
770
564
839
957
427
2209
966
2620
2724
1010
357
1649
1311
1529
1039
1120
1232
564
5165
1125
756
664
7415
1071
7153
4566
747
3038
2319
1912
1528
1367
2899
2515
29059
803
665
457
2614
1288
1792
6618
2356
1234
3842
5945
2789
523
2256
1238
707
3581
1877
891
15841
637
2115
2401
14519
4506
1618
1753
1193
2520
4203
17457
1922
2001
44047
1494
11652
1828
21029
1957
1782
5973
5470
814
17543
5319
1120
2670
1323
2255
5283
1417
68
187
42
4653
851
261
187
193
1056
361
779
2372
0
0
0
3
4
6
226
543
89
291
763
159
479
147
341
6839
588
518
373
574
254
260
231
287
2494
654
1283
408
193
181
805
119
425
305
1394
2461
2993
649
3415
420
166
2158
364
803
324
837
230
6138
664
535
2476
4534
430
163
184
2250
134
692
444
1145
1007
880
2850
309
1028
339
822
18022
3856
2103
238
1433
621
612
1623
503
1195
534
966
1333
5651
963
597
321
10837
389
763
2526
986
365
997
3041
4991
899
1795
3597
1382
1510
980
297
2507
766
2330
5019
2942
1207
323
716
2200
2577
935
3789
1345
36558
1376
801
40043
1298
1658
913
1979
10630
573
934
7921
1383
2129
1432
8804
1468
1775
924
2774
7953
3328
1083
2634
708
1040
2507
10004
4126
4894
894
1909
1264
1885
5689
1151
1592
2701
3668
1694
1614
1466
1583
31
295
238
230
322
109
565
173
375
1456
1047
534
3
4
6
0
0
0
195
192
95
221
60
98
301
261
254
160
1399
1798
578
54
240
280
155
306
216
708
280
457
3716
498
205
11203
129
284
381
240
336
485
282
2708
3155
330
704
7217
636
1185
915
366
300
406
352
884
2270
290
526
182
659
466
1558
807
2339
788
319
917
977
639
2554
2684
488
304
1262
5041
460
2249
438
381
665
1895
536
11038
808
1292
1613
1516
443
364
1004
5857
6538
627
667
2859
2138
1877
5581
442
789
2712
418
681
2135
1264
21800
12401
5989
1149
1206
2598
1281
2392
7458
757
3724
1899
1033
1622
12693
1363
4820
2669
1534
1220
918
2691
570
1362
1568
2705
13297
1657
2268
6609
2980
4772
1452
1140
1198
1985
5304
1018
2946
1342
1490
1999
982
32427
3658
7665
1453
1533
1646
21938
3568
809
27373
5631
217
121
177
47
436
64
189
141
94
289
185
147
226
543
89
195
192
95
0
0
0
227
2673
77
221
787
86
2776
127
163
817
635
306
182
245
661
154
189
246
269
373
731
285
463
211
551
363
1480
553
194
467
165
452
271
335
311
984
2605
270
761
620
190
1228
528
2360
884
2378
335
3553
950
374
467
314
1072
795
1143
820
430
615
1267
1178
299
1834
878
1119
2442
1387
936
1961
834
383
386
294
703
2999
1234
1425
276
246
590
473
577
6625
3282
421
662
1287
609
506
3573
920
2316
18607
710
27202
20664
8565
6566
659
1690
2154
5491
2688
2468
2852
6453
2180
5195
1372
2828
2774
792
1604
3321
4429
4643
4619
919
1801
21914
5323
1801
967
984
624
673
3184
1763
2687
3786
3781
40209
6463
1610
7567
1014
1856
2080
9386
3646
1802
6907
3095
2844
2301
3656
823
1033
380
190
104
211
260
414
227
162
125
126
98
238
291
763
159
221
60
98
227
2673
77
0
0
0
963
354
1217
59
3531
5671
43
301
40
302
817
175
2351
7169
350
284
209
157
480
166
7154
581
365
620
193
267
125
428
666
600
387
1124
316
361
765
2117
184
2678
437
637
1471
676
348
2073
181
556
442
319
908
5084
552
339
662
672
461
3908
413
1289
668
2744
940
1117
944
2276
1241
730
4311
969
1093
3374
772
656
1471
539
13617
628
867
2173
2648
599
759
5005
3062
1155
684
1935
702
1587
2148
1663
1199
1429
601
1742
21763
1046
2091
1387
1837
2792
1284
1439
8072
1419
24288
1408
18771
4525
1957
12150
878
1391
2900
16921
9318
553
994
5338
12396
3333
687
1460
2284
9096
1924
19586
5451
2279
15770
10040
800
935
24132
3837
3407
82572
3485
1134
6313
26667
2056
833
2106
7336
2787
140
578
193
78
116
469
368
462
14
59
70
479
147
341
301
261
254
221
787
86
963
354
1217
0
0
0
13
35
75
615
392
330
525
71
153
462
287
364
180
504
455
239
490
377
277
420
648
1003
335
532
3537
11454
864
5737
226
1053
2973
437
305
1778
837
340
431
1053
520
545
2550
910
1267
405
148
2049
11001
882
381
489
619
391
1346
435
1669
395
223
787
861
1902
310
564
219
2721
535
2056
748
853
265
811
995
970
1263
1966
748
986
700
2463
2030
795
912
7375
589
2239
588
2795
1975
1116
396
1401
8701
1002
2482
3709
3089
475
2344
1762
1364
849
3550
1212
831
1631
1057
1147
1975
5195
1974
832
2724
2385
2363
2068
1412
27109
7982
4216
4186
1181
7062
539
3016
5677
14699
11758
619
1059
1704
1019
838
1005
5293
795
4748
1170
4267
2080
964
2491
1932
270
196
298
58
1986
139
282
572
982
34
35
117
6839
588
518
160
1399
1798
2776
127
163
59
3531
5671
13
35
75
0
0
0
809
706
290
289
397
118
1410
388
254
510
125
1243
412
2679
1115
4881
402
1014
138
590
429
674
938
1208
766
1588
2787
228
124
132
820
2379
127
542
498
290
892
713
628
464
746
886
215
638
1836
494
3118
566
436
631
631
412
514
509
1546
4810
527
2132
261
1074
1270
3488
510
576
794
209
1102
2874
2893
831
340
11622
1004
584
3177
1266
542
1309
4287
2562
1903
1123
11725
1983
5000
10358
1941
1624
2260
2013
14567
2905
2808
3438
3900
1173
6464
8123
887
923
37657
1091
941
904
626
954
1084
1266
8460
1417
1914
3092
3929
2819
4776
635
4252
2633
3241
3045
6775
6406
2362
5296
813
725
6256
2970
3864
2302
4860
9067
19165
15953
2639
784
3347
1419
898
115
168
453
886
1301
672
1511
258
451
195
261
373
574
254
578
54
240
817
635
306
43
301
40
615
392
330
809
706
290
0
0
0
1236
914
4525
2796
467
1071
591
615
596
278
1586
195
730
119
301
985
657
2669
193
505
702
269
2118
3249
671
481
2498
473
425
347
430
3810
1062
871
193
1000
3804
1228
259
22095
271
3616
918
290
563
1942
5217
344
549
1368
3784
9261
11567
6656
457
2268
792
4937
1863
2320
569
544
496
2036
588
2679
896
1234
16340
801
1757
641
7477
1787
1174
1278
1443
7388
22216
464
8613
728
913
332
1894
3571
945
7097
1392
6802
926
1714
2549
6544
428
2507
1754
2361
713
6729
3793
679
3554
576
4725
2110
1317
12870
4491
1833
2212
2803
713
2414
1154
2202
1597
2562
1323
4681
3907
1509
2124
7690
10642
3690
2807
9310
5372
4618
4607
1727
898
1229
3174
3812
1507
120
195
200
167
4268
547
779
3083
446
71
260
231
287
280
155
306
182
245
661
302
817
175
525
71
153
289
397
118
1236
914
4525
0
0
0
724
684
461
1602
275
711
691
405
1831
139
571
863
133
95
156
407
2244
285
7322
1026
1247
134
141
94
491
943
2290
2643
1309
970
6811
657
2196
253
2389
367
250
4128
1126
136
1038
761
522
1233
913
1176
1502
1405
2238
1017
1857
2738
416
13982
523
3795
352
1308
374
331
801
2328
2244
3658
1474
1185
466
812
2005
253
876
959
1832
1058
469
1284
1113
2177
19918
4691
1286
1252
2755
549
1620
41287
11317
1482
1716
6892
4608
2435
1072
1445
929
1008
1082
645
1043
11514
758
4418
1952
2165
3120
1344
6269
2300
844
1223
1596
970
1153
2672
1000
2205
1930
5288
5155
4375
3491
942
2337
6436
3980
9711
15682
6356
1188
2743
747
7072
150
1053
194
215
281
2208
292
2474
306
158
539
181
2494
654
1283
216
708
280
154
189
246
2351
7169
350
462
287
364
1410
388
254
2796
467
1071
724
684
461
0
0
0
504
496
178
284
174
2202
477
601
367
359
633
808
2403
1162
800
161
298
132
577
681
908
3828
2727
1045
488
535
1448
179
335
8681
727
991
835
412
222
6726
1569
5800
2256
389
8576
868
361
253
401
557
4097
409
1419
1057
1756
364
429
674
3648
923
16309
731
310
157
471
221
755
1124
700
1578
2470
5077
984
1470
1316
12434
1441
562
308
4065
1352
617
1296
1709
832
8185
698
16309
6466
4411
9547
3497
1553
1330
466
5497
5874
1013
44240
567
62392
865
1340
1295
2562
2655
4111
3448
17966
3264
1165
1308
1276
598
2071
4620
1691
9181
1528
5737
2080
1402
2190
978
1408
855
1428
3124
1986
34562
738
4032
3643
211
440
627
302
750
663
604
434
883
2698
702
351
408
193
181
457
3716
498
269
373
731
284
209
157
180
504
455
510
125
1243
591
615
596
1602
275
711
504
496
178
0
0
0
312
1117
759
313
322
208
5507
3121
306
468
427
498
385
740
3005
1070
1028
209
1175
323
173
525
705
103
655
399
803
2615
1098
2195
909
1300
1888
723
1656
466
844
272
195
409
1566
220
1168
1039
3748
653
359
656
896
1143
1299
1315
527
365
529
554
2258
5512
1345
268
251
416
1624
2439
2734
949
3792
678
9968
378
1166
1431
8585
3367
3652
2839
682
11958
21820
2312
1715
1348
778
4110
527
783
1487
1488
1020
1977
3707
633
1461
2041
8754
7965
823
1243
1995
3294
2587
1115
380
959
3137
2267
717
2024
6402
2614
4764
996
2963
2172
1726
2417
1620
2797
17478
1161
24203
19074
14321
7865
2051
27855
94
328
182
339
2906
107
146
120
129
2680
217
3179
805
119
425
205
11203
129
285
463
211
480
166
7154
239
490
377
412
2679
1115
278
1586
195
691
405
1831
284
174
2202
312
1117
759
0
0
0
217
438
453
287
2435
903
122
525
171
903
46
73
561
1413
1678
815
512
543
362
708
467
505
541
1285
262
560
7795
2257
198
248
14345
1168
890
809
856
1193
3526
382
232
399
2725
616
223
1207
778
11185
521
266
820
391
4554
1074
1624
1852
2427
652
587
802
804
927
699
3304
1429
2824
748
3984
3241
991
1925
11126
695
2880
5938
884
2837
1049
1065
811
1718
1182
1700
1874
1463
3836
1678
8423
828
1281
2826
1904
1507
660
965
1306
1823
7926
2600
2604
9040
2587
1746
5767
2511
986
2818
2197
2533
1478
14247
4254
12341
6412
959
2470
774
3648
1333
2086
10272
1402
4580
5210
12492
362
483
1836
755
330
374
1410
702
1078
464
527
338
305
1394
2461
284
381
240
551
363
1480
581
365
620
277
420
648
4881
402
1014
730
119
301
139
571
863
477
601
367
313
322
208
217
438
453
0
0
0
545
669
3594
638
1042
573
239
564
2165
1896
2904
310
261
468
341
436
703
235
374
198
143
625
9467
236
646
1456
1158
2624
996
426
1345
987
751
3715
1479
4140
3495
1405
1410
1926
1133
955
1882
405
460
850
428
546
379
181
448
294
1828
1277
616
7217
666
3004
1021
1953
1100
882
5170
716
864
592
3331
1022
3662
4639
25399
1709
5548
958
797
1790
2183
771
1523
883
7124
4342
5430
2881
5270
1196
11165
2074
2386
505
967
1488
1464
3661
842
3614
1296
4231
2705
1954
875
1964
2427
4651
3617
2822
2326
3538
1319
2672
6088
976
1874
1444
2628
1115
2794
1491
1446
1417
241
1089
521
123
145
2418
854
795
606
120
122
337
2993
649
3415
336
485
282
553
194
467
193
267
125
1003
335
532
138
590
429
985
657
2669
133
95
156
359
633
808
5507
3121
306
287
2435
903
545
669
3594
0
0
0
688
520
1509
715
439
939
2382
169
252
991
1638
511
474
3541
2833
556
759
453
687
548
934
727
2201
3667
100
579
201
692
3350
297
4441
4245
1648
816
1746
1564
3444
1322
680
2459
292
1860
667
295
6861
883
3929
872
787
839
536
1051
841
1063
2677
1025
1481
677
9194
3703
539
2103
2386
14842
2427
668
839
749
473
1279
2911
3275
2883
10885
866
4001
612
1239
732
1337
1669
1689
2472
2526
3199
1026
9141
506
18249
1217
1329
792
11337
8751
5403
7084
1605
676
5184
3679
1713
1667
1601
4824
4247
1797
1087
1713
2043
3534
798
5260
15418
4457
1835
2227
4732
266
1305
431
160
880
202
991
191
335
494
2588
596
420
166
2158
2708
3155
330
165
452
271
428
666
600
3537
11454
864
674
938
1208
193
505
702
407
2244
285
2403
1162
800
468
427
498
122
525
171
638
1042
573
688
520
1509
0
0
0
600
161
324
927
278
655
4000
319
7559
3899
1491
1118
607
619
594
394
3297
390
336
495
3258
763
3026
1923
1215
1741
544
72
186
1607
676
788
527
756
521
1170
178
4752
877
2703
681
455
642
1770
1518
983
1040
408
654
644
906
241
2202
484
911
1153
17394
2642
1773
877
2624
5927
744
1023
1967
31491
1297
2309
3638
889
9131
19535
713
9807
1747
3000
7903
6289
2202
1487
1716
4011
3559
7207
4388
20812
2544
653
614
987
3093
2334
1092
1913
4433
5409
14902
2400
2739
5358
2991
1963
548
1437
1099
1783
5091
3486
1881
4630
1092
6839
2043
1764
620
468
291
706
392
359
696
514
169
451
243
3400
364
803
324
704
7217
636
335
311
984
387
1124
316
5737
226
1053
766
1588
2787
269
2118
3249
7322
1026
1247
161
298
132
385
740
3005
903
46
73
239
564
2165
715
439
939
600
161
324
0
0
0
1667
725
511
725
664
742
4183
1967
465
966
4034
6041
710
299
681
278
161
296
1105
879
10168
1928
1359
5072
1745
743
291
770
397
1104
1225
426
1428
178
368
7788
1496
2067
1089
4852
559
2459
623
424
1307
1163
1709
786
798
476
818
2598
1625
1492
526
1384
1777
1830
1125
5004
2812
705
1138
1442
962
1614
601
1361
700
2910
423
482
2311
18795
1123
10357
3467
8670
73450
1019
7037
1597
1321
4425
720
4796
3582
3333
2521
3200
1386
5642
2285
14476
2130
14635
1868
1484
1898
497
1270
1032
11513
4557
2045
2610
1982
5047
5856
1653
1587
317
1995
1089
2052
1535
589
1335
900
3353
457
2570
307
837
230
6138
1185
915
366
2605
270
761
361
765
2117
2973
437
305
228
124
132
671
481
2498
134
141
94
577
681
908
1070
1028
209
561
1413
1678
1896
2904
310
2382
169
252
927
278
655
1667
725
511
0
0
0
140
336
526
258
480
5342
928
5201
424
641
842
497
535
771
1776
102
112
202
1218
268
994
3794
2287
932
1150
621
2124
350
3869
1919
2249
1742
1182
199
518
362
2470
2284
3098
4370
1132
1577
199
420
1544
1348
368
8047
3097
4975
1441
341
2891
1710
4180
1565
783
671
795
514
999
1834
1477
819
70408
7764
4363
2581
3166
3344
12353
3265
1080
1399
727
2758
1740
7667
667
3157
953
1430
2289
8471
7877
785
806
4580
962
4704
8472
1362
1749
8491
3469
6198
3862
9427
1642
4396
5025
1560
2847
2048
930
615
1589
26035
978
727
876
292
933
450
545
1330
4517
541
396
1107
664
535
2476
300
406
352
620
190
1228
184
2678
437
1778
837
340
820
2379
127
473
425
347
491
943
2290
3828
2727
1045
1175
323
173
815
512
543
261
468
341
991
1638
511
4000
319
7559
725
664
742
140
336
526
0
0
0
85
1921
94
181
420
396
1014
402
660
1302
1334
9800
286
2096
652
401
48
175
1181
1837
583
6441
895
655
10158
717
2870
2152
9940
5316
317
675
1627
213
1203
1130
1985
2309
1327
279
489
1345
727
2891
909
601
906
264
1357
5626
1652
986
275
1422
1521
258
4256
3173
1801
5230
1186
1795
9618
6787
3119
2475
45438
1656
7364
655
711
1425
985
2061
2627
1880
395
27840
4632
12801
2417
784
615
12457
10778
1160
1119
2254
3194
1614
1210
1414
5716
1736
1574
1458
1356
832
541
928
1017
1989
2239
6376
18622
265
1018
470
793
632
647
780
708
5845
264
1062
443
4534
430
163
884
2270
290
528
2360
884
637
1471
676
431
1053
520
542
498
290
430
3810
1062
2643
1309
970
488
535
1448
525
705
103
362
708
467
436
703
235
474
3541
2833
3899
1491
1118
4183
1967
465
258
480
5342
85
1921
94
0
0
0
650
454
149
862
7100
1263
2006
514
2201
400
11789
205
100
487
215
1471
442
7251
507
1103
1136
27075
1279
947
2356
6949
4727
2058
1126
580
3254
855
296
1454
1014
1403
1573
608
3340
1918
420
780
4233
1174
940
1850
703
1561
393
4228
524
2030
3044
1479
1526
4727
47210
1688
1496
4903
2960
14491
574
1222
1922
1372
696
897
1124
1957
1696
3321
694
834
1714
1113
2174
16478
2188
1175
403
2451
1605
1261
3168
2616
2324
3087
9249
2747
13302
4475
3173
23512
10168
2965
1781
798
2103
2093
19247
1790
491
2557
711
467
1435
5482
418
694
1390
3071
1189
1402
184
2250
134
526
182
659
2378
335
3553
348
2073
181
545
2550
910
892
713
628
871
193
1000
6811
657
2196
179
335
8681
655
399
803
505
541
1285
374
198
143
556
759
453
607
619
594
966
4034
6041
928
5201
424
181
420
396
650
454
149
0
0
0
2667
432
4288
587
1052
562
1038
412
471
1416
729
437
2351
538
657
3593
6833
537
1790
2959
1828
490
503
1943
364
773
4529
194
1134
451
3901
318
337
1724
9774
539
2171
1168
1404
2249
650
5038
393
1307
715
798
658
809
22340
1604
776
1976
7153
4918
1078
1737
876
2484
880
5201
3401
2931
1692
466
31364
849
457
9259
1694
1210
1222
1165
2633
2233
3912
5513
1582
949
3594
8245
3236
2107
16949
1423
3489
20105
5758
2001
2996
5982
3558
22558
4214
11302
2625
2368
4978
7682
6470
1619
462
903
618
135
184
443
2211
426
959
798
2049
692
444
1145
466
1558
807
950
374
467
556
442
319
1267
405
148
464
746
886
3804
1228
259
253
2389
367
727
991
835
2615
1098
2195
262
560
7795
625
9467
236
687
548
934
394
3297
390
710
299
681
641
842
497
1014
402
660
862
7100
1263
2667
432
4288
0
0
0
692
499
369
739
1703
3951
853
512
1033
464
443
533
386
2271
334
102
1077
393
1610
330
380
577
943
3536
1950
2659
644
1586
618
7481
1313
493
1465
436
4983
201
6869
3617
5507
1200
2892
1318
1389
1001
1647
2952
2944
1510
2320
1189
5310
925
6607
2569
3423
2194
870
715
1131
2593
1043
2495
10637
556
2680
1146
5071
17484
10385
3444
771
5835
8586
14091
1327
3279
8347
1251
1140
1364
1029
1310
921
1795
451
1133
1323
5712
110482
2349
2971
12383
4328
3209
1985
879
1344
1164
701
716
498
6375
485
624
1397
7205
418
681
1007
880
2850
2339
788
319
314
1072
795
908
5084
552
2049
11001
882
215
638
1836
22095
271
3616
250
4128
1126
412
222
6726
909
1300
1888
2257
198
248
646
1456
1158
727
2201
3667
336
495
3258
278
161
296
535
771
1776
1302
1334
9800
2006
514
2201
587
1052
562
692
499
369
0
0
0
868
578
10657
5230
740
1791
9041
637
154
3401
1144
282
2481
2331
1343
1689
2441
181
403
1098
1332
619
1003
454
1080
574
761
510
1081
1766
7548
463
2070
4359
9600
2508
1615
1080
954
857
965
2078
12465
992
2047
1129
1415
2553
6477
4809
813
1258
762
878
6977
853
5695
2140
2617
6605
14527
864
26129
12997
2783
2204
10225
1010
1466
2044
5378
4837
1161
1393
7243
3827
1647
3812
3189
2878
688
686
28386
15722
3297
888
4211
16095
1907
1636
2994
3335
6535
3823
639
725
1030
702
434
1500
1048
3207
578
3299
1104
309
1028
339
917
977
639
1143
820
430
339
662
672
381
489
619
494
3118
566
918
290
563
136
1038
761
1569
5800
2256
723
1656
466
14345
1168
890
2624
996
426
100
579
201
763
3026
1923
1105
879
10168
102
112
202
286
2096
652
400
11789
205
1038
412
471
739
1703
3951
868
578
10657
0
0
0
198
409
376
1155
5983
827
929
23007
7040
308
4268
757
456
1235
1151
233
119
653
369
911
318
1792
2017
1623
63
558
721
6756
3940
656
529
685
472
1093
3102
15779
1112
492
1167
1196
784
3159
1037
6462
1656
885
1983
1426
1841
7551
3592
4672
47426
8339
336
1258
2045
2541
1902
3786
11098
3553
1590
2004
1347
1033
8114
1438
6579
639
1687
8244
1952
2864
1094
21690
2715
3060
1569
942
5038
4897
4807
830
2416
1962
10941
6337
29531
710
3005
2613
1067
968
625
356
297
1244
980
676
7733
1556
822
18022
3856
2554
2684
488
615
1267
1178
461
3908
413
391
1346
435
436
631
631
1942
5217
344
522
1233
913
389
8576
868
844
272
195
809
856
1193
1345
987
751
692
3350
297
1215
1741
544
1928
1359
5072
1218
268
994
401
48
175
100
487
215
1416
729
437
853
512
1033
5230
740
1791
198
409
376
0
0
0
2875
1937
10056
2344
2974
5263
1560
1582
8618
1315
3633
3164
485
197
365
6599
6219
319
4462
2119
1435
700
102
679
2113
6060
904
949
9604
698
1417
1940
635
1684
779
3363
916
1297
984
12844
802
1554
983
874
1719
871
5960
1095
2813
9952
2753
815
1016
752
6547
1189
1094
517
9808
858
4383
2636
8108
345
2553
2676
1162
845
2135
4232
2981
4666
2635
2696
1395
1101
2087
1529
4650
1026
5986
2816
555
3746
1371
1082
2558
10223
528
3342
256
4662
306
936
472
1190
339
770
564
2103
238
1433
304
1262
5041
299
1834
878
1289
668
2744
1669
395
223
412
514
509
549
1368
3784
1176
1502
1405
361
253
401
409
1566
220
3526
382
232
3715
1479
4140
4441
4245
1648
72
186
1607
1745
743
291
3794
2287
932
1181
1837
583
1471
442
7251
2351
538
657
464
443
533
9041
637
154
1155
5983
827
2875
1937
10056
0
0
0
174
199
311
10249
1972
418
82
613
1040
690
12774
2326
3443
1593
1214
1331
365
634
2197
1105
2337
716
1030
461
1044
3908
3818
2331
2012
1316
1100
1019
5127
1862
5774
3058
1688
1068
358
1868
690
1108
1106
1422
2994
892
2142
769
4304
2504
3044
2227
3898
1564
1896
1399
3940
1162
1145
1296
3293
4308
17319
2459
15646
980
515
2403
800
7427
4364
7003
1545
975
3079
2842
3060
788
3409
4165
21491
5067
2724
507
524
2845
1173
363
714
612
1036
371
481
839
957
427
621
612
1623
460
2249
438
1119
2442
1387
940
1117
944
787
861
1902
1546
4810
527
9261
11567
6656
2238
1017
1857
557
4097
409
1168
1039
3748
399
2725
616
3495
1405
1410
816
1746
1564
676
788
527
770
397
1104
1150
621
2124
6441
895
655
507
1103
1136
3593
6833
537
386
2271
334
3401
1144
282
929
23007
7040
2344
2974
5263
174
199
311
0
0
0
1085
2501
670
581
101
1832
2092
1010
337
5913
2294
1834
621
778
1648
1776
2449
780
118
164
127
1179
2173
9995
6353
1960
1146
15797
926
2334
1326
4067
1800
1379
403
5961
1435
1117
19303
362
1195
275
428
2272
768
3952
7080
6905
1804
858
1720
2011
1445
1654
1812
367
1183
11546
10330
5509
718
1336
1517
900
1060
1781
3051
5482
1694
2555
2778
2771
10759
1191
3765
5645
11138
1869
4939
7898
2062
617
1934
1996
789
3353
2255
847
1138
943
2209
966
2620
503
1195
534
381
665
1895
936
1961
834
2276
1241
730
310
564
219
2132
261
1074
457
2268
792
2738
416
13982
1419
1057
1756
653
359
656
223
1207
778
1926
1133
955
3444
1322
680
756
521
1170
1225
426
1428
350
3869
1919
10158
717
2870
27075
1279
947
1790
2959
1828
102
1077
393
2481
2331
1343
308
4268
757
1560
1582
8618
10249
1972
418
1085
2501
670
0
0
0
654
2879
984
1510
499
6087
868
1728
607
5427
4038
1662
3506
4110
1116
396
1905
307
1945
529
1432
1361
2504
2152
4039
2818
1912
1553
770
1182
10477
866
4840
783
38826
1426
22137
883
3242
861
3854
1433
1155
1993
1413
2834
2343
2760
2168
2045
4404
962
1638
2670
3888
4937
2528
8311
1457
754
849
678
5335
830
789
1154
1088
2384
1383
5208
2433
2454
819
4285
1589
2391
1728
2066
505
574
456
1319
2904
532
826
5627
3827
2724
1010
357
966
1333
5651
536
11038
808
383
386
294
4311
969
1093
2721
535
2056
1270
3488
510
4937
1863
2320
523
3795
352
364
429
674
896
1143
1299
11185
521
266
1882
405
460
2459
292
1860
178
4752
877
178
368
7788
2249
1742
1182
2152
9940
5316
2356
6949
4727
490
503
1943
1610
330
380
1689
2441
181
456
1235
1151
1315
3633
3164
82
613
1040
581
101
1832
654
2879
984
0
0
0
2273
1695
1827
1115
12774
2357
1529
631
556
5865
977
980
631
1001
1086
1060
1371
847
1329
1294
1313
1334
6491
4462
16724
3326
659
1025
6605
500
3101
3984
1497
2065
1020
808
2957
2836
645
5674
2500
1635
1188
2158
1335
9134
2222
1436
1641
4887
3599
4796
1269
13379
17372
11771
5245
2966
2197
2981
1467
8435
8382
894
5636
1363
14053
1565
2952
2312
3304
14521
9011
1999
2789
840
1041
1297
615
937
1624
493
820
1515
1649
1311
1529
963
597
321
1292
1613
1516
703
2999
1234
3374
772
656
748
853
265
576
794
209
569
544
496
1308
374
331
3648
923
16309
1315
527
365
820
391
4554
850
428
546
667
295
6861
2703
681
455
1496
2067
1089
199
518
362
317
675
1627
2058
1126
580
364
773
4529
577
943
3536
403
1098
1332
233
119
653
485
197
365
690
12774
2326
2092
1010
337
1510
499
6087
2273
1695
1827
0
0
0
857
922
625
666
8924
1588
2541
1172
300
1747
12217
1599
369
752
4623
906
5983
8899
952
2756
2348
424
504
313
3097
5731
1694
10935
3592
979
2584
21145
2946
3352
3571
2158
1432
1040
8597
1387
11259
5938
337
1265
1618
7942
3145
4118
1356
2322
500
5852
3863
1710
6391
9468
14028
5335
2302
1364
2566
2696
1382
926
3263
5509
20779
21029
6401
24791
960
1236
1626
477
1090
3433
870
274
573
613
2472
1039
1120
1232
10837
389
763
443
364
1004
1425
276
246
1471
539
13617
811
995
970
1102
2874
2893
2036
588
2679
801
2328
2244
731
310
157
529
554
2258
1074
1624
1852
379
181
448
883
3929
872
642
1770
1518
4852
559
2459
2470
2284
3098
213
1203
1130
3254
855
296
194
1134
451
1950
2659
644
619
1003
454
369
911
318
6599
6219
319
3443
1593
1214
5913
2294
1834
868
1728
607
1115
12774
2357
857
922
625
0
0
0
720
753
1999
765
924
3075
2138
919
3217
538
1392
917
499
854
696
2058
348
5654
841
1675
2782
1535
1442
3889
1153
841
5375
1558
1919
1471
2222
1893
3794
944
1206
422
4475
3894
1725
3962
910
2701
15339
6482
6478
996
4388
2015
1108
987
2020
6286
2764
3461
2667
3851
2999
1303
1113
11210
2623
2205
1109
3284
813
2066
2225
3431
878
1087
550
694
751
2296
978
3300
2445
2367
564
5165
1125
2526
986
365
5857
6538
627
590
473
577
628
867
2173
1263
1966
748
831
340
11622
896
1234
16340
3658
1474
1185
471
221
755
5512
1345
268
2427
652
587
294
1828
1277
787
839
536
983
1040
408
623
424
1307
4370
1132
1577
1985
2309
1327
1454
1014
1403
3901
318
337
1586
618
7481
1080
574
761
1792
2017
1623
4462
2119
1435
1331
365
634
621
778
1648
5427
4038
1662
1529
631
556
666
8924
1588
720
753
1999
0
0
0
10571
996
1580
1100
1780
1787
2270
6317
2065
2411
902
1494
15116
2899
2390
4330
603
2426
1598
3435
689
551
1746
1185
2525
894
1575
1052
1799
485
2210
1442
1552
2204
638
9067
1562
1337
2378
712
3402
1572
1317
1267
2248
912
939
1442
2789
1639
679
26936
7351
2698
26627
933
3794
3624
4196
11590
2290
3203
7419
12055
4354
7133
1391
1065
727
317
2505
290
4204
1211
4488
756
664
7415
997
3041
4991
667
2859
2138
6625
3282
421
2648
599
759
986
700
2463
1004
584
3177
801
1757
641
466
812
2005
1124
700
1578
251
416
1624
802
804
927
616
7217
666
1051
841
1063
654
644
906
1163
1709
786
199
420
1544
279
489
1345
1573
608
3340
1724
9774
539
1313
493
1465
510
1081
1766
63
558
721
700
102
679
2197
1105
2337
1776
2449
780
3506
4110
1116
5865
977
980
2541
1172
300
765
924
3075
10571
996
1580
0
0
0
9650
771
4208
10091
3004
1575
1038
666
2135
418
4115
862
416
1272
834
4204
2740
19044
1060
14978
1319
18226
852
921
579
1470
1744
2168
560
662
1047
979
1483
991
2256
2629
23914
730
76815
2437
1547
3791
2749
827
1589
978
2495
1470
2897
2243
1058
5380
7835
1919
2604
3003
5165
11409
6233
1809
773
3915
2741
1744
718
4621
780
690
299
1240
485
401
1071
7153
4566
899
1795
3597
1877
5581
442
662
1287
609
5005
3062
1155
2030
795
912
1266
542
1309
7477
1787
1174
253
876
959
2470
5077
984
2439
2734
949
699
3304
1429
3004
1021
1953
2677
1025
1481
241
2202
484
798
476
818
1348
368
8047
727
2891
909
1918
420
780
2171
1168
1404
436
4983
201
7548
463
2070
6756
3940
656
2113
6060
904
716
1030
461
118
164
127
396
1905
307
631
1001
1086
1747
12217
1599
2138
919
3217
1100
1780
1787
9650
771
4208
0
0
0
19773
2012
6140
2858
9794
2114
6196
19196
4546
1348
13917
793
1102
2675
6406
4242
1555
2585
1228
6320
1496
1172
4675
12083
4327
963
792
24760
4396
1570
1700
1839
1702
1495
1176
925
2013
1984
2074
1552
628
5576
1575
1364
354
1068
1586
1531
6532
1290
1516
15860
1965
4070
1739
1976
2033
8407
2816
3044
1777
821
1730
2890
4202
501
3942
1915
1458
747
3038
2319
1382
1510
980
789
2712
418
506
3573
920
684
1935
702
7375
589
2239
4287
2562
1903
1278
1443
7388
1832
1058
469
1470
1316
12434
3792
678
9968
2824
748
3984
1100
882
5170
677
9194
3703
911
1153
17394
2598
1625
1492
3097
4975
1441
601
906
264
4233
1174
940
2249
650
5038
6869
3617
5507
4359
9600
2508
529
685
472
949
9604
698
1044
3908
3818
1179
2173
9995
1945
529
1432
1060
1371
847
369
752
4623
538
1392
917
2270
6317
2065
10091
3004
1575
19773
2012
6140
0
0
0
3004
500
3764
611
3038
880
1105
171
242
21339
8791
4385
43049
495
7149
2041
7345
9547
1258
896
10152
244
884
612
16988
1306
2098
5127
2841
150
4352
6465
52846
374
524
6677
772
1505
3622
33354
2258
2024
10132
16069
1145
5191
2266
9886
2693
1161
2535
2186
387
836
775
614
2102
696
3714
2841
647
770
1075
1756
1538
683
1912
1528
1367
297
2507
766
681
2135
1264
2316
18607
710
1587
2148
1663
588
2795
1975
1123
11725
1983
22216
464
8613
1284
1113
2177
1441
562
308
378
1166
1431
3241
991
1925
716
864
592
539
2103
2386
2642
1773
877
526
1384
1777
341
2891
1710
1357
5626
1652
1850
703
1561
393
1307
715
1200
2892
1318
1615
1080
954
1093
3102
15779
1417
1940
635
2331
2012
1316
6353
1960
1146
1361
2504
2152
1329
1294
1313
906
5983
8899
499
854
696
2411
902
1494
1038
666
2135
2858
9794
2114
3004
500
3764
0
0
0
67
272
187
3319
10496
2908
10980
896
5416
397
5482
1716
1535
6227
5723
566
1487
3684
4464
7919
893
6791
3424
826
1081
4315
993
6528
2778
6419
890
628
639
981
8142
169
2272
29915
2354
4238
3045
6069
53673
3447
3256
6107
304
2583
1622
1432
4386
1691
3208
2833
10492
3032
1264
839
699
2063
5916
1633
3517
2899
2515
29059
2330
5019
2942
21800
12401
5989
27202
20664
8565
1199
1429
601
1116
396
1401
5000
10358
1941
728
913
332
19918
4691
1286
4065
1352
617
8585
3367
3652
11126
695
2880
3331
1022
3662
14842
2427
668
2624
5927
744
1830
1125
5004
4180
1565
783
986
275
1422
393
4228
524
798
658
809
1389
1001
1647
857
965
2078
1112
492
1167
1684
779
3363
1100
1019
5127
15797
926
2334
4039
2818
1912
1334
6491
4462
952
2756
2348
2058
348
5654
15116
2899
2390
418
4115
862
6196
19196
4546
611
3038
880
67
272
187
0
0
0
3149
1801
927
19895
2613
8381
908
2445
907
4384
2680
8209
1252
7641
1078
1030
472
24852
837
1433
4675
621
1459
226
2813
5330
18142
580
577
764
1089
960
1151
5701
14918
2632
7690
9721
1881
1858
1599
1563
2443
2039
7696
304
856
879
5549
4066
1596
1281
754
1056
1746
8373
669
3190
1032
3747
803
665
457
1207
323
716
1149
1206
2598
6566
659
1690
1742
21763
1046
8701
1002
2482
1624
2260
2013
1894
3571
945
1252
2755
549
1296
1709
832
2839
682
11958
5938
884
2837
4639
25399
1709
839
749
473
1023
1967
31491
2812
705
1138
671
795
514
1521
258
4256
2030
3044
1479
22340
1604
776
2952
2944
1510
12465
992
2047
1196
784
3159
916
1297
984
1862
5774
3058
1326
4067
1800
1553
770
1182
16724
3326
659
424
504
313
841
1675
2782
4330
603
2426
416
1272
834
1348
13917
793
1105
171
242
3319
10496
2908
3149
1801
927
0
0
0
1220
1856
5482
1331
4522
733
3310
4923
1139
1460
18619
3739
226
837
841
5281
3446
4428
3526
511
3666
24310
19976
1327
2849
467
513
3438
12699
1988
6734
1332
3162
3126
2157
1987
16241
2329
4192
4179
9326
1802
2084
4974
1920
5009
4638
3827
977
6349
1207
1119
7159
1061
1625
1424
499
2614
1288
1792
2200
2577
935
1281
2392
7458
2154
5491
2688
2091
1387
1837
3709
3089
475
14567
2905
2808
7097
1392
6802
1620
41287
11317
8185
698
16309
21820
2312
1715
1049
1065
811
5548
958
797
1279
2911
3275
1297
2309
3638
1442
962
1614
999
1834
1477
3173
1801
5230
1526
4727
47210
1976
7153
4918
2320
1189
5310
1129
1415
2553
1037
6462
1656
12844
802
1554
1688
1068
358
1379
403
5961
10477
866
4840
1025
6605
500
3097
5731
1694
1535
1442
3889
1598
3435
689
4204
2740
19044
1102
2675
6406
21339
8791
4385
10980
896
5416
19895
2613
8381
1220
1856
5482
0
0
0
4995
4722
24924
679
324
1375
4277
2845
968
5123
2680
1766
1562
9940
4643
2075
7396
5103
221
307
599
10764
7650
1824
5833
30644
3870
4264
1599
1429
19717
2156
969
623
2772
652
20001
7666
8397
3147
3275
3873
5079
2795
2764
2504
774
736
966
1028
1497
14454
1640
1181
6618
2356
1234
3789
1345
36558
757
3724
1899
2468
2852
6453
2792
1284
1439
2344
1762
1364
3438
3900
1173
926
1714
2549
1482
1716
6892
6466
4411
9547
1348
778
4110
1718
1182
1700
1790
2183
771
2883
10885
866
889
9131
19535
601
1361
700
819
70408
7764
1186
1795
9618
1688
1496
4903
1078
1737
876
925
6607
2569
6477
4809
813
885
1983
1426
983
874
1719
1868
690
1108
1435
1117
19303
783
38826
1426
3101
3984
1497
10935
3592
979
1153
841
5375
551
1746
1185
1060
14978
1319
4242
1555
2585
43049
495
7149
397
5482
1716
908
2445
907
1331
4522
733
4995
4722
24924
0
0
0
37874
6665
3183
5151
1883
3538
592
1957
798
1093
428
1248
1505
4640
2823
12504
1843
4211
2336
4562
2307
980
376
354
4003
3229
3250
4379
6104
1827
1036
7605
3734
342
344
604
560
1678
413
3002
635
2822
2029
1015
1384
5029
4051
1945
704
9755
12256
3842
5945
2789
1376
801
40043
1033
1622
12693
2180
5195
1372
8072
1419
24288
849
3550
1212
6464
8123
887
6544
428
2507
4608
2435
1072
3497
1553
1330
527
783
1487
1874
1463
3836
1523
883
7124
4001
612
1239
713
9807
1747
2910
423
482
4363
2581
3166
6787
3119
2475
2960
14491
574
2484
880
5201
3423
2194
870
1258
762
878
1841
7551
3592
871
5960
1095
1106
1422
2994
362
1195
275
22137
883
3242
2065
1020
808
2584
21145
2946
1558
1919
1471
2525
894
1575
18226
852
921
1228
6320
1496
2041
7345
9547
1535
6227
5723
4384
2680
8209
3310
4923
1139
679
324
1375
37874
6665
3183
0
0
0
3642
1297
225
8403
874
1648
1482
1332
2495
10863
3845
2042
559
624
277
3501
2288
1950
2017
52272
7298
1934
1857
11594
3228
3636
2681
8838
761
1183
2864
2358
1127
19688
2440
4134
2522
14861
28596
1405
7948
1407
3333
2198
391
634
770
3488
523
2256
1238
1298
1658
913
1363
4820
2669
2828
2774
792
1408
18771
4525
831
1631
1057
923
37657
1091
1754
2361
713
1445
929
1008
466
5497
5874
1488
1020
1977
1678
8423
828
4342
5430
2881
732
1337
1669
3000
7903
6289
2311
18795
1123
3344
12353
3265
45438
1656
7364
1222
1922
1372
3401
2931
1692
715
1131
2593
6977
853
5695
4672
47426
8339
2813
9952
2753
892
2142
769
428
2272
768
861
3854
1433
2957
2836
645
3352
3571
2158
2222
1893
3794
1052
1799
485
579
1470
1744
1172
4675
12083
1258
896
10152
566
1487
3684
1252
7641
1078
1460
18619
3739
4277
2845
968
5151
1883
3538
3642
1297
225
0
0
0
36368
8442
8100
15305
744
1325
3117
7429
1739
31309
395
776
15387
3523
1924
2224
8917
15401
1637
6815
1402
3522
12668
9406
2272
943
20058
2169
1736
3571
18865
5743
4849
2978
1346
9937
2008
4415
592
1279
1373
1483
1070
3269
7222
707
3581
1877
1979
10630
573
1534
1220
918
1604
3321
4429
1957
12150
878
1147
1975
5195
941
904
626
6729
3793
679
1082
645
1043
1013
44240
567
3707
633
1461
1281
2826
1904
5270
1196
11165
1689
2472
2526
2202
1487
1716
10357
3467
8670
1080
1399
727
655
711
1425
696
897
1124
466
31364
849
1043
2495
10637
2140
2617
6605
336
1258
2045
815
1016
752
4304
2504
3044
3952
7080
6905
1155
1993
1413
5674
2500
1635
1432
1040
8597
944
1206
422
2210
1442
1552
2168
560
662
4327
963
792
244
884
612
4464
7919
893
1030
472
24852
226
837
841
5123
2680
1766
592
1957
798
8403
874
1648
36368
8442
8100
0
0
0
6752
4786
2891
192
250
1522
1731
3644
6172
233
496
354
4407
1061
11542
3813
1136
2479
2092
4279
10667
6039
861
11512
683
1374
6000
1523
417
320
1534
687
1563
3126
1464
1390
961
1861
17370
1809
1322
1933
891
15841
637
934
7921
1383
2691
570
1362
4643
4619
919
1391
2900
16921
1974
832
2724
954
1084
1266
3554
576
4725
11514
758
4418
62392
865
1340
2041
8754
7965
1507
660
965
2074
2386
505
3199
1026
9141
4011
3559
7207
73450
1019
7037
2758
1740
7667
985
2061
2627
1957
1696
3321
457
9259
1694
556
2680
1146
14527
864
26129
2541
1902
3786
6547
1189
1094
2227
3898
1564
1804
858
1720
2834
2343
2760
1188
2158
1335
1387
11259
5938
4475
3894
1725
2204
638
9067
1047
979
1483
24760
4396
1570
16988
1306
2098
6791
3424
826
837
1433
4675
5281
3446
4428
1562
9940
4643
1093
428
1248
1482
1332
2495
15305
744
1325
6752
4786
2891
0
0
0
1954
2577
1240
1052
4076
4755
2729
17781
2112
2636
558
2293
3734
2355
2504
3093
7343
1756
943
1888
2153
2839
1287
2126
2009
1226
910
5480
4082
2924
1022
1272
2119
2279
1359
1341
1804
638
7056
2115
2401
14519
2129
1432
8804
1568
2705
13297
1801
21914
5323
9318
553
994
2385
2363
2068
8460
1417
1914
2110
1317
12870
1952
2165
3120
1295
2562
2655
823
1243
1995
1306
1823
7926
967
1488
1464
506
18249
1217
4388
20812
2544
1597
1321
4425
667
3157
953
1880
395
27840
694
834
1714
1210
1222
1165
5071
17484
10385
12997
2783
2204
11098
3553
1590
517
9808
858
1896
1399
3940
2011
1445
1654
2168
2045
4404
9134
2222
1436
337
1265
1618
3962
910
2701
1562
1337
2378
991
2256
2629
1700
1839
1702
5127
2841
150
1081
4315
993
621
1459
226
3526
511
3666
2075
7396
5103
1505
4640
2823
10863
3845
2042
3117
7429
1739
192
250
1522
1954
2577
1240
0
0
0
8013
2137
1080
766
158
109
1120
4717
847
13403
2975
1605
1563
2024
2198
9480
9015
5635
1201
3808
872
804
665
1484
2742
2578
12163
1157
1388
4661
1979
1558
821
819
7624
1041
4506
1618
1753
1468
1775
924
1657
2268
6609
1801
967
984
5338
12396
3333
1412
27109
7982
3092
3929
2819
4491
1833
2212
1344
6269
2300
4111
3448
17966
3294
2587
1115
2600
2604
9040
3661
842
3614
1329
792
11337
653
614
987
720
4796
3582
1430
2289
8471
4632
12801
2417
1113
2174
16478
2633
2233
3912
3444
771
5835
10225
1010
1466
2004
1347
1033
4383
2636
8108
1162
1145
1296
1812
367
1183
962
1638
2670
1641
4887
3599
7942
3145
4118
15339
6482
6478
712
3402
1572
23914
730
76815
1495
1176
925
4352
6465
52846
6528
2778
6419
2813
5330
18142
24310
19976
1327
221
307
599
12504
1843
4211
559
624
277
31309
395
776
1731
3644
6172
1052
4076
4755
8013
2137
1080
0
0
0
5193
4822
1597
3445
5727
1146
3779
3164
3782
7274
7166
2359
587
385
1266
12278
28926
7899
11592
2184
10554
5217
794
13397
2057
6420
1170
1222
1995
6852
12459
1520
2253
1193
2520
4203
2774
7953
3328
2980
4772
1452
624
673
3184
687
1460
2284
4216
4186
1181
4776
635
4252
2803
713
2414
844
1223
1596
3264
1165
1308
380
959
3137
2587
1746
5767
1296
4231
2705
8751
5403
7084
3093
2334
1092
3333
2521
3200
7877
785
806
784
615
12457
2188
1175
403
5513
1582
949
8586
14091
1327
2044
5378
4837
8114
1438
6579
345
2553
2676
3293
4308
17319
11546
10330
5509
3888
4937
2528
4796
1269
13379
1356
2322
500
996
4388
2015
1317
1267
2248
2437
1547
3791
2013
1984
2074
374
524
6677
890
628
639
580
577
764
2849
467
513
10764
7650
1824
2336
4562
2307
3501
2288
1950
15387
3523
1924
233
496
354
2729
17781
2112
766
158
109
5193
4822
1597
0
0
0
1046
3436
1876
4801
106062
14394
13399
510
1594
2755
28044
9534
12282
681
755
1099
791
822
10581
10067
3205
1102
25854
483
12405
1615
3418
2398
7321
14620
17457
1922
2001
1083
2634
708
1140
1198
1985
1763
2687
3786
9096
1924
19586
7062
539
3016
2633
3241
3045
1154
2202
1597
970
1153
2672
1276
598
2071
2267
717
2024
2511
986
2818
1954
875
1964
1605
676
5184
1913
4433
5409
1386
5642
2285
4580
962
4704
10778
1160
1119
2451
1605
1261
3594
8245
3236
3279
8347
1251
1161
1393
7243
639
1687
8244
1162
845
2135
2459
15646
980
718
1336
1517
8311
1457
754
17372
11771
5245
5852
3863
1710
1108
987
2020
912
939
1442
2749
827
1589
1552
628
5576
772
1505
3622
981
8142
169
1089
960
1151
3438
12699
1988
5833
30644
3870
980
376
354
2017
52272
7298
2224
8917
15401
4407
1061
11542
2636
558
2293
1120
4717
847
3445
5727
1146
1046
3436
1876
0
0
0
13911
2381
13424
4702
5173
3080
2307
9914
134601
178
139
3811
3101
527
2736
1780
4012
735
4195
2008
2962
4690
724
765
1629
2004
770
44047
1494
11652
1040
2507
10004
5304
1018
2946
3781
40209
6463
5451
2279
15770
5677
14699
11758
6775
6406
2362
2562
1323
4681
1000
2205
1930
4620
1691
9181
6402
2614
4764
2197
2533
1478
2427
4651
3617
3679
1713
1667
14902
2400
2739
14476
2130
14635
8472
1362
1749
2254
3194
1614
3168
2616
2324
2107
16949
1423
1140
1364
1029
3827
1647
3812
1952
2864
1094
4232
2981
4666
515
2403
800
900
1060
1781
849
678
5335
2966
2197
2981
6391
9468
14028
6286
2764
3461
2789
1639
679
978
2495
1470
1575
1364
354
33354
2258
2024
2272
29915
2354
5701
14918
2632
6734
1332
3162
4264
1599
1429
4003
3229
3250
1934
1857
11594
1637
6815
1402
3813
1136
2479
3734
2355
2504
13403
2975
1605
3779
3164
3782
4801
106062
14394
13911
2381
13424
0
0
0
10496
874
3313
564
962
2428
93600
5053
12575
4900
15745
2021
41053
2183
4205
3209
5629
6124
10770
3340
1717
405
1753
2236
1828
21029
1957
4126
4894
894
1342
1490
1999
1610
7567
1014
10040
800
935
619
1059
1704
5296
813
725
3907
1509
2124
5288
5155
4375
1528
5737
2080
996
2963
2172
14247
4254
12341
2822
2326
3538
1601
4824
4247
5358
2991
1963
1868
1484
1898
8491
3469
6198
1210
1414
5716
3087
9249
2747
3489
20105
5758
1310
921
1795
3189
2878
688
21690
2715
3060
2635
2696
1395
7427
4364
7003
3051
5482
1694
830
789
1154
1467
8435
8382
5335
2302
1364
2667
3851
2999
26936
7351
2698
2897
2243
1058
1068
1586
1531
10132
16069
1145
4238
3045
6069
7690
9721
1881
3126
2157
1987
19717
2156
969
4379
6104
1827
3228
3636
2681
3522
12668
9406
2092
4279
10667
3093
7343
1756
1563
2024
2198
7274
7166
2359
13399
510
1594
4702
5173
3080
10496
874
3313
0
0
0
799
18252
3660
2372
5753
3647
2833
2496
17077
1036
1208
1085
2998
33627
2465
2736
4292
1205
33652
1080
2329
1782
5973
5470
1909
1264
1885
982
32427
3658
1856
2080
9386
24132
3837
3407
1019
838
1005
6256
2970
3864
7690
10642
3690
3491
942
2337
1402
2190
978
1726
2417
1620
6412
959
2470
1319
2672
6088
1797
1087
1713
548
1437
1099
497
1270
1032
3862
9427
1642
1736
1574
1458
13302
4475
3173
2001
2996
5982
451
1133
1323
686
28386
15722
1569
942
5038
1101
2087
1529
1545
975
3079
2555
2778
2771
1088
2384
1383
894
5636
1363
2566
2696
1382
1303
1113
11210
26627
933
3794
5380
7835
1919
6532
1290
1516
5191
2266
9886
53673
3447
3256
1858
1599
1563
16241
2329
4192
623
2772
652
1036
7605
3734
8838
761
1183
2272
943
20058
6039
861
11512
943
1888
2153
9480
9015
5635
587
385
1266
2755
28044
9534
2307
9914
134601
564
962
2428
799
18252
3660
0
0
0
1710
16885
9142
12800
6194
4776
12707
12642
2613
932
542
500
6922
3165
1894
2562
5553
3272
814
17543
5319
5689
1151
1592
7665
1453
1533
3646
1802
6907
82572
3485
1134
5293
795
4748
2302
4860
9067
2807
9310
5372
6436
3980
9711
1408
855
1428
2797
17478
1161
774
3648
1333
976
1874
1444
2043
3534
798
1783
5091
3486
11513
4557
2045
4396
5025
1560
1356
832
541
23512
10168
2965
3558
22558
4214
5712
110482
2349
3297
888
4211
4897
4807
830
4650
1026
5986
2842
3060
788
10759
1191
3765
5208
2433
2454
14053
1565
2952
926
3263
5509
2623
2205
1109
3624
4196
11590
2604
3003
5165
15860
1965
4070
2693
1161
2535
6107
304
2583
2443
2039
7696
4179
9326
1802
20001
7666
8397
342
344
604
2864
2358
1127
2169
1736
3571
683
1374
6000
2839
1287
2126
1201
3808
872
12278
28926
7899
12282
681
755
178
139
3811
93600
5053
12575
2372
5753
3647
1710
16885
9142
0
0
0
1047
5541
809
7256
5291
1510
8894
4965
1266
1469
2048
733
1406
2926
3477
1120
2670
1323
2701
3668
1694
1646
21938
3568
3095
2844
2301
6313
26667
2056
1170
4267
2080
19165
15953
2639
4618
4607
1727
15682
6356
1188
3124
1986
34562
24203
19074
14321
2086
10272
1402
2628
1115
2794
5260
15418
4457
1881
4630
1092
2610
1982
5047
2847
2048
930
928
1017
1989
1781
798
2103
11302
2625
2368
2971
12383
4328
16095
1907
1636
2416
1962
10941
2816
555
3746
3409
4165
21491
5645
11138
1869
819
4285
1589
2312
3304
14521
20779
21029
6401
3284
813
2066
2290
3203
7419
11409
6233
1809
1739
1976
2033
2186
387
836
1622
1432
4386
304
856
879
2084
4974
1920
3147
3275
3873
560
1678
413
19688
2440
4134
18865
5743
4849
1523
417
320
2009
1226
910
804
665
1484
11592
2184
10554
1099
791
822
3101
527
2736
4900
15745
2021
2833
2496
17077
12800
6194
4776
1047
5541
809
0
0
0
8592
1771
715
2222
3547
1359
44426
1515
2696
1958
3737
7986
2255
5283
1417
1614
1466
1583
809
27373
5631
3656
823
1033
833
2106
7336
964
2491
1932
784
3347
1419
898
1229
3174
2743
747
7072
738
4032
3643
7865
2051
27855
4580
5210
12492
1491
1446
1417
1835
2227
4732
6839
2043
1764
5856
1653
1587
615
1589
26035
2239
6376
18622
2093
19247
1790
4978
7682
6470
3209
1985
879
2994
3335
6535
6337
29531
710
1371
1082
2558
5067
2724
507
4939
7898
2062
2391
1728
2066
9011
1999
2789
24791
960
1236
2225
3431
878
12055
4354
7133
773
3915
2741
8407
2816
3044
775
614
2102
1691
3208
2833
5549
4066
1596
5009
4638
3827
5079
2795
2764
3002
635
2822
2522
14861
28596
2978
1346
9937
1534
687
1563
5480
4082
2924
2742
2578
12163
5217
794
13397
10581
10067
3205
1780
4012
735
41053
2183
4205
1036
1208
1085
12707
12642
2613
7256
5291
1510
8592
1771
715
0
0
0
