C_ijk
0
0
0
156
486
211
224
56
322
382
132
172
30
13
320
119
621
76
56
100
287
323
95
99
340
286
1024
512
293
10078
965
1732
198
959
919
237
333
113
250
6250
635
666
117
271
243
361
438
776
1090
2062
1197
414
1200
559
409
365
363
7878
3167
3387
1072
658
507
4638
433
464
3822
246
210
1301
1634
2421
824
619
861
5372
1426
673
809
626
1686
2867
9284
587
1287
670
467
777
730
1250
2133
1454
1569
906
1449
325
6388
456
347
801
2630
968
1471
3653
5303
1147
2327
2453
3734
1311
1128
452
923
1163
2396
20962
12223
1065
15112
417
697
1741
791
1685
6810
2550
912
4940
7372
3084
1734
460
8448
713
6161
1980
793
5420
3166
5936
1708
2871
1434
7529
1081
1507
1017
1504
901
978
3277
7260
2611
12300
848
1228
1389
2887
829
1452
534
845
3768
4094
2718
1337
787
1667
156
486
211
0
0
0
443
95
494
625
155
247
306
227
239
130
303
350
65
161
90
4187
130
226
240
1742
97
676
212
531
1751
341
2247
414
285
10301
350
731
540
1435
877
306
341
328
90
1035
3265
557
1217
253
365
1027
1307
161
226
358
409
310
414
354
1227
406
16877
686
1517
2241
2788
624
428
756
370
189
304
217
553
2075
789
339
975
1212
418
222
348
587
1027
996
316
1153
241
298
2561
824
567
937
1729
6333
1218
2191
329
1042
2844
249
837
14341
1434
3865
1331
2084
729
1989
1435
710
2259
6101
6020
679
3123
1541
4809
1282
372
1336
1007
1945
10210
2526
3993
1532
579
3310
1847
3715
3026
3901
8899
8864
9347
7738
3007
1591
6021
1870
3525
3274
13500
3174
1950
2371
6838
1731
1708
2407
5284
3757
1338
44890
1730
821
728
3119
3478
3998
2973
1614
2278
10969
2755
6671
224
56
322
443
95
494
0
0
0
485
319
323
278
207
202
199
503
247
87
133
67
641
645
717
208
628
771
904
415
212
86
197
397
389
1995
694
363
159
478
224
847
1378
672
110
69
5279
675
561
3082
782
443
289
863
384
550
309
2840
1509
752
447
577
599
1979
672
560
759
274
253
634
1379
420
318
2260
2555
698
922
738
3625
567
607
1343
346
456
161
908
568
2503
984
659
1877
1776
847
839
5128
5124
1805
1332
612
3161
769
915
1572
772
6027
1535
561
747
2210
3592
5376
1990
1314
9909
4164
2310
843
22242
38698
4125
1611
8452
1753
5288
1544
1080
1913
15279
573
1251
12877
2908
5012
9745
1473
3577
2259
4223
920
7332
21015
1020
24497
2547
1361
980
2305
1693
2351
1192
1044
3337
890
4584
1443
2034
3495
1602
1874
2677
2328
891
1367
2425
2549
6421
2443
79982
2270
382
132
172
625
155
247
485
319
323
0
0
0
265
162
1852
215
134
676
1263
318
180
147
119
59
394
56
36
50
22
1203
1076
219
257
261
186
1772
600
348
630
691
274
6699
1057
395
232
877
1985
7584
715
368
2049
174
726
331
239
194
1453
201
215
565
1005
573
3704
347
1132
2755
849
493
1780
398
400
254
273
1948
456
760
3612
387
243
1514
308
18935
553
629
2209
490
813
839
325
603
216
685
320
934
648
1005
1828
6054
602
12258
1453
3251
461
2348
1021
704
1479
436
2114
1541
1103
4284
5801
918
1250
1334
1066
7462
15204
954
729
5458
783
3474
921
1064
4084
588
1374
5900
1525
1463
3352
4999
2116
3278
11264
3401
1473
1448
10642
1137
1258
2032
13117
2601
14209
1071
1540
3165
1438
13431
1540
698
3954
2042
1460
2952
1804
3276
2591
4543
1076
1573
3452
1407
8113
6742
30
13
320
306
227
239
278
207
202
265
162
1852
0
0
0
3
3
2
941
117
149
222
202
919
411
393
545
173
1292
120
303
479
5369
1446
271
178
346
326
243
198
1449
189
1007
202
656
840
158
771
361
1677
148
351
361
387
619
277
233
825
4293
688
255
290
215
235
799
9238
1082
235
399
1088
692
332
6903
448
3877
1000
655
2643
277
3213
202
627
929
595
4138
604
494
350
466
2338
756
926
603
819
638
1298
838
358
3058
614
1185
2518
1222
1228
624
1082
2443
985
1636
1909
575
794
2783
988
2909
755
1162
6209
839
477
5422
1783
1403
3040
443
654
3142
970
855
712
919
646
7600
3803
2492
2763
5922
3257
864
2548
6233
1105
797
6932
2311
14114
3954
1809
663
2499
1363
2099
934
1387
2208
2359
3998
1150
6066
2045
8738
1604
4458
1964
1316
11817
1995
23305
119
621
76
130
303
350
199
503
247
215
134
676
3
3
2
0
0
0
163
1799
90
2448
207
106
281
294
591
1608
262
156
67
115
516
438
267
670
207
703
2246
539
322
468
5742
331
528
184
2053
346
361
412
584
441
761
419
779
598
338
590
1556
445
894
911
248
180
2002
2450
478
204
771
405
556
367
7338
230
986
1420
1971
142
688
551
380
4009
7077
489
1168
483
1364
2283
2364
330
1408
1865
1712
358
2288
1334
648
1715
1474
2898
1002
594
617
3331
1098
871
7792
1039
4001
8502
696
593
1804
1210
3884
2653
2723
1904
1834
1294
1049
1919
7595
12520
500
14201
418
603
4280
1204
439
618
448
683
10240
1574
7042
16401
4382
605
547
7261
2501
1056
1470
1410
485
2525
1292
8652
2051
4783
2168
3962
1309
5972
6537
5828
43795
3181
4633
1785
2616
1519
27893
10524
5253
10480
56
100
287
65
161
90
87
133
67
1263
318
180
941
117
149
163
1799
90
0
0
0
218
395
245
2434
180
638
466
3935
292
930
663
2232
1556
232
1120
406
393
179
1285
397
5668
188
574
288
1931
1047
532
464
903
146
249
249
312
304
280
84
609
969
240
937
872
5621
1053
640
1491
1029
1382
705
846
944
283
755
649
1235
744
2480
1033
1426
445
362
2918
793
588
447
530
1157
487
520
392
7873
653
382
1014
5694
5598
5469
17926
566
457
492
521
4713
3446
3730
968
960
3101
2780
665
4312
1219
1092
15596
1409
679
1366
3290
817
1611
685
624
2769
6512
794
1038
6207
747
6639
1762
2054
1190
2321
4394
695
4490
2972
1682
6813
27389
1196
1450
2024
14523
1897
24944
2806
786
1211
1040
7471
1992
1561
2725
4703
9987
8390
19982
2668
2458
18417
32583
3757
1033
3326
1499
2599
479
323
95
99
4187
130
226
641
645
717
147
119
59
222
202
919
2448
207
106
218
395
245
0
0
0
4987
409
206
171
1002
726
69
68
106
271
459
1780
678
313
908
522
771
98
4016
1428
208
375
715
396
790
479
713
680
573
267
270
412
3032
513
284
270
363
239
855
384
16850
392
1739
631
766
508
640
1234
1174
2277
12806
2685
940
1065
499
544
505
357
641
2823
307
361
414
1164
587
1028
1475
665
1097
434
850
1382
347
1909
238
1081
2963
972
731
849
1518
499
499
983
993
4201
3870
2347
805
1995
1330
2220
484
2649
838
8259
1106
1074
1273
1519
690
1688
6752
797
1590
580
3082
16612
1157
987
7230
1407
513
1058
1575
1114
3190
2827
60935
1743
1433
2722
3271
1474
37385
718
1900
1296
5761
18448
1960
2231
2737
35782
1063
17859
4399
6546
1419
4886
8802
1064
4534
1518
340
286
1024
240
1742
97
208
628
771
394
56
36
411
393
545
281
294
591
2434
180
638
4987
409
206
0
0
0
26
25
52
260
1621
936
358
70
97
712
964
907
2418
199
525
796
895
582
473
366
313
69
225
1041
412
673
433
1236
2863
345
1099
302
284
543
257
1085
15982
11826
287
311
17366
1081
207
644
1032
241
2059
1549
889
5276
795
1387
1736
245
1104
445
1881
258
1266
9130
1221
773
1242
770
871
1208
289
549
1722
740
8001
3669
1829
7514
1026
3406
307
385
2759
1023
390
2398
1639
418
16022
2058
1038
2047
1475
3810
9553
1270
2983
1008
2810
1146
959
1444
5869
17487
1151
683
3337
1882
2136
32291
1425
2259
1880
15514
1931
10928
1453
3455
561
2205
1554
724
17738
805
1242
1309
1170
2069
567
3732
665
3477
1227
4639
3379
1414
2944
576
7434
1314
2857
3619
1673
951
2154
512
293
10078
676
212
531
904
415
212
50
22
1203
173
1292
120
1608
262
156
466
3935
292
171
1002
726
26
25
52
0
0
0
239
971
287
218
686
173
8682
1083
988
223
370
339
3545
387
237
640
1722
480
299
1416
1108
501
1969
1151
842
4451
549
1104
224
169
598
9829
321
376
1361
1101
307
818
1702
332
1291
346
888
9708
921
850
2368
246
639
321
436
2142
3040
376
2438
430
437
420
1884
3455
672
533
7696
284
759
12166
772
5096
1500
877
2602
951
1402
2950
2084
758
765
500
680
516
1170
1273
1517
1491
5869
2791
2800
10831
509
5211
1153
2090
632
1137
1274
1209
1502
2196
1087
5119
1986
12413
1093
682
3623
2047
2514
1612
4107
2493
2104
1911
2930
3198
2812
30280
3912
814
5768
2713
7042
2071
11266
1612
2854
1062
1123
14566
29392
1534
2087
2256
13942
2849
1636
2556
2593
2119
965
1732
198
1751
341
2247
86
197
397
1076
219
257
303
479
5369
67
115
516
930
663
2232
69
68
106
260
1621
936
239
971
287
0
0
0
279
261
586
268
344
611
332
1503
959
2953
1957
1012
651
185
117
587
1735
897
875
3727
346
306
593
369
490
653
569
331
1253
355
438
241
821
369
1065
2669
542
1404
6196
521
393
3785
402
305
155
4546
381
1059
840
15008
3453
694
3388
641
1210
2017
287
2111
623
979
3671
918
728
787
1136
404
525
1173
511
695
12388
281
329
625
1316
1757
1582
17039
1493
2287
3423
1194
1337
529
1477
2158
1000
865
2572
1364
489
897
2374
8182
2348
1774
4477
3842
2596
2696
1052
7160
1292
1834
582
2874
5766
8116
1903
1858
1320
824
936
1759
3908
2861
2410
1416
1704
2009
2008
851
3253
38638
3611
47254
2709
1800
5899
3096
3825
1039
8704
3754
1988
959
919
237
414
285
10301
389
1995
694
261
186
1772
1446
271
178
438
267
670
1556
232
1120
271
459
1780
358
70
97
218
686
173
279
261
586
0
0
0
11457
1102
640
226
610
226
317
1006
7859
459
473
341
335
860
88
3041
501
231
1640
795
6071
1210
221
1102
424
1012
2184
1014
941
5257
489
7394
889
618
1136
3511
3502
421
2160
700
891
238
861
541
2828
1697
803
970
1612
480
767
542
374
546
2840
1802
1014
1548
783
687
1118
924
279
1721
602
540
4559
251
875
540
1003
432
412
1084
3032
7270
1160
1730
616
979
1614
994
346
663
21776
2837
1656
1378
3031
1996
2036
1530
2968
2061
1517
9000
2837
1871
16578
2304
7130
2880
12604
1456
820
7573
668
3451
15306
2690
7208
3396
1669
5543
752
1868
1073
1558
2021
13482
3179
3353
1876
6991
2267
8911
27223
895
7641
8039
2004
1828
333
113
250
350
731
540
363
159
478
600
348
630
346
326
243
207
703
2246
406
393
179
678
313
908
712
964
907
8682
1083
988
268
344
611
11457
1102
640
0
0
0
238
5517
8096
486
1733
212
3846
677
471
1119
1530
1427
576
883
401
826
143
1026
794
891
1273
635
288
261
367
185
650
902
274
631
828
11254
1530
381
221
3946
1169
565
1339
1390
1205
569
269
562
3580
4290
868
1402
842
1685
550
417
536
1685
2096
1266
1470
1116
787
693
467
343
1060
13814
795
1011
2603
550
1337
5822
2621
2101
2221
2416
1609
1212
4171
629
1006
2480
2414
811
1017
1020
5186
6402
648
722
1328
10614
6187
1406
3417
2397
1329
822
7548
3276
2984
15165
990
2918
1254
1372
14516
16579
2924
24692
3032
2493
3664
3666
7317
17378
2212
2342
4104
1636
6842
2721
1467
9409
15953
5051
3453
5341
2688
11510
7521
6250
635
666
1435
877
306
224
847
1378
691
274
6699
198
1449
189
539
322
468
1285
397
5668
522
771
98
2418
199
525
223
370
339
332
1503
959
226
610
226
238
5517
8096
0
0
0
11676
5881
441
526
508
600
1559
226
824
896
214
430
2461
1573
7178
470
222
4207
1756
168
144
250
223
85
1161
4706
845
754
1178
477
1495
6937
1604
704
900
8073
3547
417
904
338
2600
417
9690
666
9088
372
3314
919
1340
1588
8116
904
5456
9838
1402
858
212
1277
982
789
1950
729
531
934
5790
1679
891
260
8339
4021
4220
4442
2380
4362
934
1235
1505
1167
1288
5712
10264
671
487
1832
649
3754
4036
16596
1906
724
1032
1780
978
2639
4017
3084
1389
9379
896
11111
3919
2796
2623
3028
1520
2372
1464
3142
63388
2154
13248
863
3539
5732
4941
1161
5030
16239
17667
2326
14446
1784
2110
2129
5275
1668
117
271
243
341
328
90
672
110
69
1057
395
232
1007
202
656
5742
331
528
188
574
288
4016
1428
208
796
895
582
3545
387
237
2953
1957
1012
317
1006
7859
486
1733
212
11676
5881
441
0
0
0
775
336
590
4280
1822
715
1796
120
913
326
80
734
1783
2656
3256
899
4639
2142
825
803
14061
570
862
517
591
1075
705
921
161
344
777
10743
1351
573
596
1182
273
443
3151
562
513
1342
458
1108
989
885
2411
1216
1866
829
1168
3005
2249
2368
601
6131
588
11288
595
440
453
1249
3053
1336
1635
4189
2014
3910
5333
1699
2780
2761
934
1072
18381
3989
4732
513
801
12138
766
1426
587
5438
1381
752
3275
1223
1708
1875
6587
4766
2568
3195
11902
2284
2024
1406
5475
2196
2667
13999
20050
700
716
4090
1721
1654
5564
5330
1269
900
13421
11980
70503
3862
2536
4655
6625
2560
4848
781
13915
361
438
776
1035
3265
557
5279
675
561
877
1985
7584
840
158
771
184
2053
346
1931
1047
532
375
715
396
473
366
313
640
1722
480
651
185
117
459
473
341
3846
677
471
526
508
600
775
336
590
0
0
0
642
590
4436
3044
10724
2174
443
1388
640
547
3872
3313
1011
748
726
525
730
479
436
248
45
9110
1233
722
944
901
4984
2007
1763
829
6035
2043
1977
1763
457
4008
519
12814
1245
2843
1822
52160
1026
12759
16832
4794
1822
2443
436
212
703
1999
2119
488
2679
754
834
19163
2543
4489
1687
795
1215
855
3610
1645
2179
1214
5207
1790
565
1221
614
1267
1719
752
1682
258
1105
13807
1173
1596
821
1908
6574
1132
443
5525
1276
2222
3748
20959
3945
2529
965
6609
4151
1166
2565
1787
709
1846
2294
2169
1363
1018
32981
760
2177
1714
3183
2837
3646
2194
7502
873
2574
4540
3174
7590
1090
2062
1197
1217
253
365
3082
782
443
715
368
2049
361
1677
148
361
412
584
464
903
146
790
479
713
69
225
1041
299
1416
1108
587
1735
897
335
860
88
1119
1530
1427
1559
226
824
4280
1822
715
642
590
4436
0
0
0
4369
489
211
322
2502
187
341
203
1712
309
380
1830
1056
13845
2011
529
641
632
2086
386
2085
1783
774
850
880
1391
255
460
915
851
305
1628
14490
442
649
530
561
339
1334
543
593
976
25131
280
1427
1343
1454
801
2114
1014
777
304
726
200
239
992
1293
3343
6018
8688
1751
2401
1276
8109
2257
813
744
2264
1300
7493
1484
5252
1173
2963
516
2045
1294
2677
4760
2212
940
2646
725
1184
2303
6969
1660
937
2329
808
1499
2467
1306
977
2668
8901
5096
12141
6679
1281
3294
1882
22874
1471
6632
1276
1127
1230
2624
4962
1882
3304
2902
3379
1827
1223
3454
414
1200
559
1027
1307
161
289
863
384
174
726
331
351
361
387
441
761
419
249
249
312
680
573
267
412
673
433
501
1969
1151
875
3727
346
3041
501
231
576
883
401
896
214
430
1796
120
913
3044
10724
2174
4369
489
211
0
0
0
155
336
143
550
533
2423
1251
1172
1727
3864
1294
1245
621
684
23239
493
307
686
273
1516
1208
883
485
3253
9091
1260
1942
169
377
1161
571
149
1148
2701
264
1784
300
298
436
1644
751
863
2432
809
1643
800
990
3959
2045
1212
2780
546
286
757
1282
2284
1724
1381
1123
12273
632
4020
2940
6183
15738
2464
12508
892
1543
2059
2897
1012
726
822
1423
1788
3164
7816
1239
5146
1113
1189
3938
2232
2135
2198
4304
1880
34754
962
3146
4792
1017
1308
8521
5151
5638
1597
7211
1026
890
4620
2270
4849
1170
9454
2408
4200
13386
1957
3635
1014
16692
4521
409
365
363
226
358
409
550
309
2840
239
194
1453
619
277
233
779
598
338
304
280
84
270
412
3032
1236
2863
345
842
4451
549
306
593
369
1640
795
6071
826
143
1026
2461
1573
7178
326
80
734
443
1388
640
322
2502
187
155
336
143
0
0
0
627
16534
607
1817
1954
2616
1822
442
2137
1171
952
2521
285
436
539
84
185
437
724
992
3701
1235
3206
9378
515
251
333
1441
1106
154
713
572
1855
2877
1755
211
379
1883
2802
1159
761
624
361
1185
1081
2053
1095
3061
838
1098
504
2615
963
2032
1825
4063
1670
11211
5649
2266
5447
7859
1207
475
874
402
2361
2246
1110
734
1625
9475
824
3695
1455
9678
3526
6956
2518
1681
671
7444
3225
2163
1334
1287
2575
1649
10666
738
1239
2576
3082
2584
1193
2730
2335
2768
3099
23319
657
2187
2064
6948
11953
1609
682
1980
2374
20202
3608
7878
3167
3387
310
414
354
1509
752
447
201
215
565
825
4293
688
590
1556
445
609
969
240
513
284
270
1099
302
284
1104
224
169
490
653
569
1210
221
1102
794
891
1273
470
222
4207
1783
2656
3256
547
3872
3313
341
203
1712
550
533
2423
627
16534
607
0
0
0
270
513
501
959
203
451
634
3698
2194
820
1783
931
1030
5297
1803
167
627
194
562
1239
536
2669
1275
504
1316
1040
802
178
591
901
1258
634
1903
241
521
236
1319
287
1378
2997
4196
1400
202
125
194
994
831
1878
1191
1742
595
7168
1259
1781
592
1067
1089
899
955
493
3836
1328
4034
2239
12304
2212
1385
1713
3261
1291
4346
1987
1105
1479
725
1892
1223
1466
1698
1220
2035
1304
12746
1124
1592
2265
1070
3156
6103
1321
14439
64390
1269
1750
936
832
2095
3701
1308
2115
4831
2055
12859
7467
2997
3127
2326
464
1072
658
507
1227
406
16877
577
599
1979
1005
573
3704
255
290
215
894
911
248
937
872
5621
363
239
855
543
257
1085
598
9829
321
331
1253
355
424
1012
2184
635
288
261
1756
168
144
899
4639
2142
1011
748
726
309
380
1830
1251
1172
1727
1817
1954
2616
270
513
501
0
0
0
115
63
3921
438
3651
536
1769
2336
857
2466
2010
5185
331
374
294
122
78
317
3682
4822
2018
1189
1214
1748
2995
1744
12551
25631
453
5732
1341
405
396
1205
657
626
1008
1727
989
328
1018
2916
1262
365
5338
1163
2592
4780
1971
1144
475
809
2437
974
622
1534
961
1302
1548
2072
1992
1305
4720
8114
6209
2383
2670
1860
2671
1835
1084
2099
2441
1436
14447
1491
9804
3149
4296
3333
1778
356
777
1305
2123
7698
3758
1298
10851
6883
1706
4169
1750
3929
623
1079
4646
6394
4549
4311
2131
1214
1188
2876
1969
4638
433
464
686
1517
2241
672
560
759
347
1132
2755
235
799
9238
180
2002
2450
1053
640
1491
384
16850
392
15982
11826
287
376
1361
1101
438
241
821
1014
941
5257
367
185
650
250
223
85
825
803
14061
525
730
479
1056
13845
2011
3864
1294
1245
1822
442
2137
959
203
451
115
63
3921
0
0
0
791
183
533
2524
2139
288
838
757
1303
1684
2180
514
216
186
204
808
10362
3868
5162
742
2846
617
2846
1998
785
1044
7070
871
4336
753
219
198
804
1138
1343
3773
1314
1250
4990
4278
646
485
653
3272
1360
2759
3742
890
258
1819
3390
1405
1234
975
1756
1031
1281
4924
1194
650
2196
2336
16307
668
17468
14661
2075
564
7186
1547
2158
473
1012
6789
1672
1249
1626
2530
729
1116
5173
693
961
613
2950
5016
7009
2415
2839
1144
6222
2331
911
1640
5991
1639
1148
1940
787
2134
1214
12703
3822
246
210
2788
624
428
274
253
634
849
493
1780
1082
235
399
478
204
771
1029
1382
705
1739
631
766
311
17366
1081
307
818
1702
369
1065
2669
489
7394
889
902
274
631
1161
4706
845
570
862
517
436
248
45
529
641
632
621
684
23239
1171
952
2521
634
3698
2194
438
3651
536
791
183
533
0
0
0
1877
681
1034
1037
1203
1033
595
5937
673
436
962
885
980
751
7198
1850
1057
727
1059
4288
1152
1045
1752
892
4102
823
1175
474
1360
380
432
1462
858
5637
24086
2372
1122
2405
1368
8146
830
2020
1436
625
400
633
636
1868
5693
2001
2578
775
6045
4867
1290
17555
3205
1320
2098
5331
4762
1076
6621
868
942
11863
939
2742
504
27611
2332
2388
1934
2352
1357
2836
1602
778
2841
2410
4902
3771
1670
23122
1971
2622
12549
1976
13160
3362
20418
3450
931
1117
1345
3479
3210
795
16882
1301
1634
2421
756
370
189
1379
420
318
398
400
254
1088
692
332
405
556
367
846
944
283
508
640
1234
207
644
1032
332
1291
346
542
1404
6196
618
1136
3511
828
11254
1530
754
1178
477
591
1075
705
9110
1233
722
2086
386
2085
493
307
686
285
436
539
820
1783
931
1769
2336
857
2524
2139
288
1877
681
1034
0
0
0
534
8457
1092
1802
482
468
635
3345
1849
480
1917
477
455
723
928
1194
328
144
6530
623
1965
2142
3385
443
1005
2106
1039
1126
8913
509
1413
7219
8355
2221
1816
436
2488
7173
835
707
28297
1890
4935
3296
1422
4271
2541
2580
4397
1063
1097
1959
1551
1933
2370
1510
1171
1036
28192
13225
16269
3300
990
2736
622
4503
2862
1536
4915
2434
1146
863
14476
1399
33850
2630
1794
671
855
2323
1066
4512
4561
368
3339
1677
2695
6124
14051
3073
7924
4812
2827
2651
3155
1754
824
619
861
304
217
553
2260
2555
698
273
1948
456
6903
448
3877
7338
230
986
755
649
1235
1174
2277
12806
241
2059
1549
888
9708
921
521
393
3785
3502
421
2160
381
221
3946
1495
6937
1604
921
161
344
944
901
4984
1783
774
850
273
1516
1208
84
185
437
1030
5297
1803
2466
2010
5185
838
757
1303
1037
1203
1033
534
8457
1092
0
0
0
1127
1003
5259
1255
462
9317
675
416
1211
604
1270
1961
1538
659
880
350
332
380
4375
744
1078
1012
847
1232
371
668
1006
872
2645
3073
713
770
4493
5088
616
5745
1541
1889
3282
1124
1166
1823
3927
1282
1758
5780
721
1829
10360
7715
1276
329
2160
764
2832
799
653
1450
1268
9161
664
4881
1962
7117
1295
1754
2087
981
9352
1838
3053
36014
2692
2429
1622
1736
2423
1301
18024
2169
1743
3550
3093
5949
1735
2584
7822
4264
1147
2290
2400
1412
4360
5372
1426
673
2075
789
339
922
738
3625
760
3612
387
1000
655
2643
1420
1971
142
744
2480
1033
2685
940
1065
889
5276
795
850
2368
246
402
305
155
700
891
238
1169
565
1339
704
900
8073
777
10743
1351
2007
1763
829
880
1391
255
883
485
3253
724
992
3701
167
627
194
331
374
294
1684
2180
514
595
5937
673
1802
482
468
1127
1003
5259
0
0
0
1225
778
229
619
1489
622
4567
1447
2159
2636
403
735
1617
1193
3081
145
946
219
2972
1251
833
1448
2489
3580
4350
138
347
803
1023
1478
338
3019
893
441
3495
546
969
1325
2943
370
5105
371
2216
32565
2927
3205
14884
3249
3366
3576
1933
6698
40824
5032
1158
634
655
3841
977
3017
2673
943
466
1152
2163
3650
6875
2363
543
7734
41781
2637
3205
17924
694
2367
1222
2725
8905
12978
2603
5839
4562
53592
3281
45705
1533
2438
1805
1838
809
626
1686
975
1212
418
567
607
1343
243
1514
308
277
3213
202
688
551
380
1426
445
362
499
544
505
1387
1736
245
639
321
436
4546
381
1059
861
541
2828
1390
1205
569
3547
417
904
573
596
1182
6035
2043
1977
460
915
851
9091
1260
1942
1235
3206
9378
562
1239
536
122
78
317
216
186
204
436
962
885
635
3345
1849
1255
462
9317
1225
778
229
0
0
0
731
734
1541
5008
26031
1839
10664
8162
1775
1012
1939
3003
677
348
3152
1171
601
851
2420
13113
1823
1859
455
289
1132
788
1493
6551
2207
249
1164
1426
2313
1900
600
682
755
540
1189
1230
2604
3066
22547
1543
1024
2057
5206
1145
2432
2014
2401
7390
2543
1850
1135
1850
842
8165
911
968
963
7498
4094
658
522
1236
11384
1105
1133
1816
7780
2020
526
3202
51942
1566
3318
780
3735
4726
1979
6852
1085
4091
851
7549
4910
2867
9284
587
222
348
587
346
456
161
18935
553
629
627
929
595
4009
7077
489
2918
793
588
357
641
2823
1104
445
1881
2142
3040
376
840
15008
3453
1697
803
970
269
562
3580
338
2600
417
273
443
3151
1763
457
4008
305
1628
14490
169
377
1161
515
251
333
2669
1275
504
3682
4822
2018
808
10362
3868
980
751
7198
480
1917
477
675
416
1211
619
1489
622
731
734
1541
0
0
0
377
187
84
2970
2973
511
379
394
221
1743
1152
1439
7226
1147
4276
1841
1112
427
1741
758
2122
509
442
4785
617
1648
3071
53772
14469
1103
15258
1135
9284
2222
1166
1610
928
5786
525
911
6314
3999
1493
405
1853
648
787
602
2121
4068
2245
2289
594
3372
3581
2401
2748
3531
676
5228
11572
2304
1834
5111
14921
2591
5480
1110
572
896
2261
2205
907
4985
2242
2684
2304
3777
9265
13459
20355
13186
5233
1905
1287
670
467
1027
996
316
908
568
2503
2209
490
813
4138
604
494
1168
483
1364
447
530
1157
307
361
414
258
1266
9130
2438
430
437
694
3388
641
1612
480
767
4290
868
1402
9690
666
9088
562
513
1342
519
12814
1245
442
649
530
571
149
1148
1441
1106
154
1316
1040
802
1189
1214
1748
5162
742
2846
1850
1057
727
455
723
928
604
1270
1961
4567
1447
2159
5008
26031
1839
377
187
84
0
0
0
602
885
395
504
581
176
1056
1985
962
4694
24121
825
1399
1438
1796
2101
565
627
870
270
76
2259
1803
1462
2088
961
2594
3320
1502
1066
1090
1150
11368
6041
1271
5425
8441
831
16295
1001
912
1688
2099
7514
2988
8681
5086
4692
2526
11011
1523
5301
1194
3539
574
4244
1746
3636
19200
2771
1721
1738
30529
2537
2663
622
1212
11704
566
985
8749
2317
3640
4579
7526
1888
2656
1784
9304
3291
2290
777
730
1250
1153
241
298
984
659
1877
839
325
603
350
466
2338
2283
2364
330
487
520
392
1164
587
1028
1221
773
1242
420
1884
3455
1210
2017
287
542
374
546
842
1685
550
372
3314
919
458
1108
989
2843
1822
52160
561
339
1334
2701
264
1784
713
572
1855
178
591
901
2995
1744
12551
617
2846
1998
1059
4288
1152
1194
328
144
1538
659
880
2636
403
735
10664
8162
1775
2970
2973
511
602
885
395
0
0
0
629
1161
1224
562
441
4310
1621
895
1773
1018
1719
1884
1555
1163
1811
896
1513
436
3910
2598
3265
2106
2412
1117
2151
3176
4501
1502
1065
712
3213
1717
1958
8223
1664
5244
1950
2248
5315
2871
11802
4767
2449
2638
1135
5591
1976
3048
1531
1567
1941
816
8926
2007
4379
2175
1154
3105
1841
2826
1602
5862
1166
1437
3696
1660
1943
6448
2504
1213
41382
5325
3437
654
951
2383
724
13042
2133
1454
1569
2561
824
567
1776
847
839
216
685
320
756
926
603
1408
1865
1712
7873
653
382
1475
665
1097
770
871
1208
672
533
7696
2111
623
979
2840
1802
1014
417
536
1685
1340
1588
8116
885
2411
1216
1026
12759
16832
543
593
976
300
298
436
2877
1755
211
1258
634
1903
25631
453
5732
785
1044
7070
1045
1752
892
6530
623
1965
350
332
380
1617
1193
3081
1012
1939
3003
379
394
221
504
581
176
629
1161
1224
0
0
0
2774
1262
1411
15779
2059
1300
1751
898
1555
11022
804
1704
500
981
380
1119
1311
5100
5152
1472
2475
2444
2985
3302
3020
825
1421
768
894
988
1768
1573
1364
768
2367
602
553
684
966
9976
27138
2737
2597
609
1952
4209
1022
1673
1654
714
1735
6547
2068
18701
3625
2935
974
3992
1294
3246
4625
66111
2827
1288
1075
789
2255
3299
8511
2601
1628
1215
5293
2400
6570
906
1449
325
937
1729
6333
5128
5124
1805
934
648
1005
819
638
1298
358
2288
1334
1014
5694
5598
434
850
1382
289
549
1722
284
759
12166
3671
918
728
1548
783
687
2096
1266
1470
904
5456
9838
1866
829
1168
4794
1822
2443
25131
280
1427
1644
751
863
379
1883
2802
241
521
236
1341
405
396
871
4336
753
4102
823
1175
2142
3385
443
4375
744
1078
145
946
219
677
348
3152
1743
1152
1439
1056
1985
962
562
441
4310
2774
1262
1411
0
0
0
1789
8127
1763
11579
565
1906
176
1287
4181
1164
1034
921
2159
349
661
517
1312
5513
1746
4723
2171
1179
479
634
31150
1513
1428
1777
2457
1253
35054
36387
991
1162
2184
1525
417
1664
1319
12573
4635
13874
2231
5195
21639
4550
5415
3071
7429
1325
2894
1432
7792
11510
3315
5137
1602
1103
3031
1627
820
3696
3046
2170
846
4380
19560
2456
655
2137
3129
1015
6388
456
347
1218
2191
329
1332
612
3161
1828
6054
602
838
358
3058
648
1715
1474
5469
17926
566
347
1909
238
740
8001
3669
772
5096
1500
787
1136
404
1118
924
279
1116
787
693
1402
858
212
3005
2249
2368
436
212
703
1343
1454
801
2432
809
1643
1159
761
624
1319
287
1378
1205
657
626
219
198
804
474
1360
380
1005
2106
1039
1012
847
1232
2972
1251
833
1171
601
851
7226
1147
4276
4694
24121
825
1621
895
1773
15779
2059
1300
1789
8127
1763
0
0
0
769
10750
658
1149
530
887
7092
3003
2458
1348
952
1377
435
454
293
394
337
1093
3728
1969
2007
3527
914
4828
498
1399
1147
40028
4690
1605
5445
1634
6210
1045
1033
1345
2321
1389
804
3924
1341
2407
1653
1349
5405
1967
589
2059
9371
1980
1064
3084
5928
1043
3650
6079
9190
2939
3980
1830
1013
622
1059
1513
26489
541
1531
1522
1230
801
2630
968
1042
2844
249
769
915
1572
12258
1453
3251
614
1185
2518
2898
1002
594
457
492
521
1081
2963
972
1829
7514
1026
877
2602
951
525
1173
511
1721
602
540
467
343
1060
1277
982
789
601
6131
588
1999
2119
488
2114
1014
777
800
990
3959
361
1185
1081
2997
4196
1400
1008
1727
989
1138
1343
3773
432
1462
858
1126
8913
509
371
668
1006
1448
2489
3580
2420
13113
1823
1841
1112
427
1399
1438
1796
1018
1719
1884
1751
898
1555
11579
565
1906
769
10750
658
0
0
0
1178
8020
2521
4096
1183
1525
4784
6102
605
3311
1544
1301
2825
1113
3192
5257
26382
1352
818
2184
392
1672
2251
615
979
27693
488
2321
481
286
4068
3138
1473
38216
3653
1188
22393
1239
904
3561
4651
5148
1761
1881
6407
1859
972
2623
1184
5249
5195
1505
3489
30251
3930
1385
2867
1876
16408
1013
3653
2133
852
10111
2841
1386
1471
3653
5303
837
14341
1434
772
6027
1535
461
2348
1021
1222
1228
624
617
3331
1098
4713
3446
3730
731
849
1518
3406
307
385
1402
2950
2084
695
12388
281
4559
251
875
13814
795
1011
1950
729
531
11288
595
440
2679
754
834
304
726
200
2045
1212
2780
2053
1095
3061
202
125
194
328
1018
2916
1314
1250
4990
5637
24086
2372
1413
7219
8355
872
2645
3073
4350
138
347
1859
455
289
1741
758
2122
2101
565
627
1555
1163
1811
11022
804
1704
176
1287
4181
1149
530
887
1178
8020
2521
0
0
0
1619
2406
1538
259
310
1567
2350
1817
6910
5924
2182
1913
1003
290
771
3126
1204
1131
2925
3793
791
7471
8261
3889
2335
2852
11499
2648
540
1290
16048
3604
4536
943
9485
2771
1769
1563
1705
1820
3508
2850
5704
1728
2689
925
2324
4637
1716
842
1754
2296
16504
24675
2195
1237
20284
1174
3316
7556
9411
1374
1534
1147
2327
2453
3865
1331
2084
561
747
2210
704
1479
436
1082
2443
985
871
7792
1039
968
960
3101
499
499
983
2759
1023
390
758
765
500
329
625
1316
540
1003
432
2603
550
1337
934
5790
1679
453
1249
3053
19163
2543
4489
239
992
1293
546
286
757
838
1098
504
994
831
1878
1262
365
5338
4278
646
485
1122
2405
1368
2221
1816
436
713
770
4493
803
1023
1478
1132
788
1493
509
442
4785
870
270
76
896
1513
436
500
981
380
1164
1034
921
7092
3003
2458
4096
1183
1525
1619
2406
1538
0
0
0
9050
3139
2361
12174
1141
979
3140
2113
10455
35936
6672
2369
386
993
398
2695
2563
5272
1040
1226
873
2218
3427
1368
4126
43009
2488
5470
2923
1005
4317
30545
3483
8824
2535
2547
2826
1155
13447
3613
7119
1943
12446
4519
974
880
1877
1383
2438
860
1369
4837
1549
5505
2614
14137
29657
3467
1115
6338
3734
1311
1128
729
1989
1435
3592
5376
1990
2114
1541
1103
1636
1909
575
4001
8502
696
2780
665
4312
993
4201
3870
2398
1639
418
680
516
1170
1757
1582
17039
412
1084
3032
5822
2621
2101
891
260
8339
1336
1635
4189
1687
795
1215
3343
6018
8688
1282
2284
1724
2615
963
2032
1191
1742
595
1163
2592
4780
653
3272
1360
8146
830
2020
2488
7173
835
5088
616
5745
338
3019
893
6551
2207
249
617
1648
3071
2259
1803
1462
3910
2598
3265
1119
1311
5100
2159
349
661
1348
952
1377
4784
6102
605
259
310
1567
9050
3139
2361
0
0
0
1501
953
3022
632
1932
4476
291
272
270
661
1726
1301
2674
1181
1375
34128
782
1705
2732
1018
2114
387
485
205
5423
2421
5341
709
1118
394
1728
1011
2812
1170
416
168
2165
1851
906
4645
2243
3744
4782
4283
2748
20380
3757
8173
1279
1143
1206
1573
4517
2803
1965
1765
1261
452
923
1163
710
2259
6101
1314
9909
4164
4284
5801
918
794
2783
988
593
1804
1210
1219
1092
15596
2347
805
1995
16022
2058
1038
1273
1517
1491
1493
2287
3423
7270
1160
1730
2221
2416
1609
4021
4220
4442
2014
3910
5333
855
3610
1645
1751
2401
1276
1381
1123
12273
1825
4063
1670
7168
1259
1781
1971
1144
475
2759
3742
890
1436
625
400
707
28297
1890
1541
1889
3282
441
3495
546
1164
1426
2313
53772
14469
1103
2088
961
2594
2106
2412
1117
5152
1472
2475
517
1312
5513
435
454
293
3311
1544
1301
2350
1817
6910
12174
1141
979
1501
953
3022
0
0
0
141
194
205
1065
6123
401
16029
13836
1898
1708
2580
980
943
4046
2341
1683
1072
577
1663
1237
2420
1579
1239
5429
6687
8723
1270
1015
3726
95002
1563
3415
4404
780
258
222
1824
2297
4987
5616
2085
2255
1454
1940
2934
950
3602
6805
2810
2414
1450
9239
27591
4956
2396
20962
12223
6020
679
3123
2310
843
22242
1250
1334
1066
2909
755
1162
3884
2653
2723
1409
679
1366
1330
2220
484
2047
1475
3810
5869
2791
2800
1194
1337
529
616
979
1614
1212
4171
629
2380
4362
934
1699
2780
2761
2179
1214
5207
8109
2257
813
632
4020
2940
11211
5649
2266
592
1067
1089
809
2437
974
258
1819
3390
633
636
1868
4935
3296
1422
1124
1166
1823
969
1325
2943
1900
600
682
15258
1135
9284
3320
1502
1066
2151
3176
4501
2444
2985
3302
1746
4723
2171
394
337
1093
2825
1113
3192
5924
2182
1913
3140
2113
10455
632
1932
4476
141
194
205
0
0
0
1413
6032
28225
2002
3831
5638
631
1366
557
1532
1822
1806
9487
16890
2804
659
1607
834
1058
811
1149
812
7685
1131
1285
5440
4349
1005
425
943
1387
2660
450
1432
5031
2254
1292
1966
9889
3482
4260
2783
465
284
1209
1425
3366
1544
1658
2189
1203
1065
15112
417
1541
4809
1282
38698
4125
1611
7462
15204
954
6209
839
477
1904
1834
1294
3290
817
1611
2649
838
8259
9553
1270
2983
10831
509
5211
1477
2158
1000
994
346
663
1006
2480
2414
1235
1505
1167
934
1072
18381
1790
565
1221
744
2264
1300
6183
15738
2464
5447
7859
1207
899
955
493
622
1534
961
1405
1234
975
5693
2001
2578
4271
2541
2580
3927
1282
1758
370
5105
371
755
540
1189
2222
1166
1610
1090
1150
11368
1502
1065
712
3020
825
1421
1179
479
634
3728
1969
2007
5257
26382
1352
1003
290
771
35936
6672
2369
291
272
270
1065
6123
401
1413
6032
28225
0
0
0
15118
20872
1570
1069
1729
8304
8197
9562
7895
2513
8770
4218
506
285
501
1717
1494
5168
936
10323
7264
4976
8601
5435
1481
985
352
1548
630
2184
765
17181
2128
2212
1634
1805
3760
3334
1138
15194
4637
4481
3099
585
2388
3293
1073
2522
697
1741
791
372
1336
1007
8452
1753
5288
729
5458
783
5422
1783
1403
1049
1919
7595
685
624
2769
1106
1074
1273
1008
2810
1146
1153
2090
632
865
2572
1364
21776
2837
1656
811
1017
1020
1288
5712
10264
3989
4732
513
614
1267
1719
7493
1484
5252
12508
892
1543
475
874
402
3836
1328
4034
1302
1548
2072
1756
1031
1281
775
6045
4867
4397
1063
1097
5780
721
1829
2216
32565
2927
1230
2604
3066
928
5786
525
6041
1271
5425
3213
1717
1958
768
894
988
31150
1513
1428
3527
914
4828
818
2184
392
3126
1204
1131
386
993
398
661
1726
1301
16029
13836
1898
2002
3831
5638
15118
20872
1570
0
0
0
2235
8902
5743
433
2206
629
2878
450
669
25221
3040
13776
30439
3567
17713
2464
8389
4473
770
581
664
12554
4863
3936
4464
7849
2659
4086
771
581
7262
965
3689
2696
817
2582
2765
23263
3042
48231
14173
10585
1478
2813
1969
1685
6810
2550
1945
10210
2526
1544
1080
1913
3474
921
1064
3040
443
654
12520
500
14201
6512
794
1038
1519
690
1688
959
1444
5869
1137
1274
1209
489
897
2374
1378
3031
1996
5186
6402
648
671
487
1832
801
12138
766
752
1682
258
1173
2963
516
2059
2897
1012
2361
2246
1110
2239
12304
2212
1992
1305
4720
4924
1194
650
1290
17555
3205
1959
1551
1933
10360
7715
1276
3205
14884
3249
22547
1543
1024
911
6314
3999
8441
831
16295
8223
1664
5244
1768
1573
1364
1777
2457
1253
498
1399
1147
1672
2251
615
2925
3793
791
2695
2563
5272
2674
1181
1375
1708
2580
980
631
1366
557
1069
1729
8304
2235
8902
5743
0
0
0
1027
9512
1033
3394
4886
3027
2050
1557
919
1187
1912
6195
1773
859
676
2474
14198
3084
2650
1138
983
462
1862
945
4531
3669
9882
30561
9618
11874
5969
2846
3491
2726
372
1121
522
1211
1658
5884
1593
6668
912
4940
7372
3993
1532
579
15279
573
1251
4084
588
1374
3142
970
855
418
603
4280
6207
747
6639
6752
797
1590
17487
1151
683
1502
2196
1087
8182
2348
1774
2036
1530
2968
722
1328
10614
649
3754
4036
1426
587
5438
1105
13807
1173
2045
1294
2677
726
822
1423
734
1625
9475
1385
1713
3261
8114
6209
2383
2196
2336
16307
1320
2098
5331
2370
1510
1171
329
2160
764
3366
3576
1933
2057
5206
1145
1493
405
1853
1001
912
1688
1950
2248
5315
768
2367
602
35054
36387
991
40028
4690
1605
979
27693
488
7471
8261
3889
1040
1226
873
34128
782
1705
943
4046
2341
1532
1822
1806
8197
9562
7895
433
2206
629
1027
9512
1033
0
0
0
309
900
1340
3164
1814
2386
13756
2763
2714
2452
5948
4081
4181
642
670
3284
3650
3597
2682
7394
3926
8199
4632
1806
11804
7218
3221
12601
3313
2659
5831
3085
9496
7929
2765
3785
1454
4428
2089
3084
1734
460
3310
1847
3715
12877
2908
5012
5900
1525
1463
712
919
646
1204
439
618
1762
2054
1190
580
3082
16612
3337
1882
2136
5119
1986
12413
4477
3842
2596
2061
1517
9000
6187
1406
3417
16596
1906
724
1381
752
3275
1596
821
1908
4760
2212
940
1788
3164
7816
824
3695
1455
1291
4346
1987
2670
1860
2671
668
17468
14661
4762
1076
6621
1036
28192
13225
2832
799
653
6698
40824
5032
2432
2014
2401
648
787
602
2099
7514
2988
2871
11802
4767
553
684
966
1162
2184
1525
5445
1634
6210
2321
481
286
2335
2852
11499
2218
3427
1368
2732
1018
2114
1683
1072
577
9487
16890
2804
2513
8770
4218
2878
450
669
3394
4886
3027
309
900
1340
0
0
0
1701
5788
3102
1495
520
1314
8658
1385
26563
989
2421
2816
2420
3429
2755
937
15815
12549
3538
3606
960
4877
11799
6970
3337
2313
1797
4616
4193
6785
1536
2415
58379
3602
2869
2351
8448
713
6161
3026
3901
8899
9745
1473
3577
3352
4999
2116
7600
3803
2492
448
683
10240
2321
4394
695
1157
987
7230
32291
1425
2259
1093
682
3623
2696
1052
7160
2837
1871
16578
2397
1329
822
1032
1780
978
1223
1708
1875
6574
1132
443
2646
725
1184
1239
5146
1113
9678
3526
6956
1105
1479
725
1835
1084
2099
2075
564
7186
868
942
11863
16269
3300
990
1450
1268
9161
1158
634
655
7390
2543
1850
2121
4068
2245
8681
5086
4692
2449
2638
1135
9976
27138
2737
417
1664
1319
1045
1033
1345
4068
3138
1473
2648
540
1290
4126
43009
2488
387
485
205
1663
1237
2420
659
1607
834
506
285
501
25221
3040
13776
2050
1557
919
3164
1814
2386
1701
5788
3102
0
0
0
1023
10993
2502
131
867
588
35299
6063
4425
211
194
514
6273
8077
4771
8608
3030
2950
1878
2476
2372
2361
22026
24360
2459
2688
1397
1276
1441
487
447
1277
848
1980
793
5420
8864
9347
7738
2259
4223
920
3278
11264
3401
2763
5922
3257
1574
7042
16401
4490
2972
1682
1407
513
1058
1880
15514
1931
2047
2514
1612
1292
1834
582
2304
7130
2880
7548
3276
2984
2639
4017
3084
6587
4766
2568
5525
1276
2222
2303
6969
1660
1189
3938
2232
2518
1681
671
1892
1223
1466
2441
1436
14447
1547
2158
473
939
2742
504
2736
622
4503
664
4881
1962
3841
977
3017
1135
1850
842
2289
594
3372
2526
11011
1523
5591
1976
3048
2597
609
1952
12573
4635
13874
2321
1389
804
38216
3653
1188
16048
3604
4536
5470
2923
1005
5423
2421
5341
1579
1239
5429
1058
811
1149
1717
1494
5168
30439
3567
17713
1187
1912
6195
13756
2763
2714
1495
520
1314
1023
10993
2502
0
0
0
5418
1421
7625
21846
3490
1706
1800
2315
948
2322
17835
707
1442
1926
3632
4368
1988
8678
2789
5633
3899
1146
1559
1280
1516
7720
5706
5648
2878
7590
3166
5936
1708
3007
1591
6021
7332
21015
1020
1473
1448
10642
864
2548
6233
4382
605
547
6813
27389
1196
1575
1114
3190
10928
1453
3455
4107
2493
2104
2874
5766
8116
12604
1456
820
15165
990
2918
1389
9379
896
3195
11902
2284
3748
20959
3945
937
2329
808
2135
2198
4304
7444
3225
2163
1698
1220
2035
1491
9804
3149
1012
6789
1672
27611
2332
2388
2862
1536
4915
7117
1295
1754
2673
943
466
8165
911
968
3581
2401
2748
5301
1194
3539
1531
1567
1941
4209
1022
1673
2231
5195
21639
3924
1341
2407
22393
1239
904
943
9485
2771
4317
30545
3483
709
1118
394
6687
8723
1270
812
7685
1131
936
10323
7264
2464
8389
4473
1773
859
676
2452
5948
4081
8658
1385
26563
131
867
588
5418
1421
7625
0
0
0
23899
869
2481
97
103
242
717
517
1850
4356
5579
2181
4492
13672
2350
3108
5356
3101
875
4862
18108
757
274
1126
1119
1240
4212
2871
1434
7529
1870
3525
3274
24497
2547
1361
1137
1258
2032
1105
797
6932
7261
2501
1056
1450
2024
14523
2827
60935
1743
561
2205
1554
1911
2930
3198
1903
1858
1320
7573
668
3451
1254
1372
14516
11111
3919
2796
2024
1406
5475
2529
965
6609
1499
2467
1306
1880
34754
962
1334
1287
2575
1304
12746
1124
4296
3333
1778
1249
1626
2530
1934
2352
1357
2434
1146
863
2087
981
9352
1152
2163
3650
963
7498
4094
3531
676
5228
574
4244
1746
816
8926
2007
1654
714
1735
4550
5415
3071
1653
1349
5405
3561
4651
5148
1769
1563
1705
8824
2535
2547
1728
1011
2812
1015
3726
95002
1285
5440
4349
4976
8601
5435
770
581
664
2474
14198
3084
4181
642
670
989
2421
2816
35299
6063
4425
21846
3490
1706
23899
869
2481
0
0
0
5208
6151
4420
11052
3188
2495
665
1639
651
3300
3043
8708
12700
368
520
6050
25761
7354
5751
4340
2121
4028
5347
14186
1081
1507
1017
13500
3174
1950
980
2305
1693
13117
2601
14209
2311
14114
3954
1470
1410
485
1897
24944
2806
1433
2722
3271
724
17738
805
2812
30280
3912
824
936
1759
15306
2690
7208
16579
2924
24692
2623
3028
1520
2196
2667
13999
4151
1166
2565
977
2668
8901
3146
4792
1017
1649
10666
738
1592
2265
1070
356
777
1305
729
1116
5173
2836
1602
778
14476
1399
33850
1838
3053
36014
6875
2363
543
658
522
1236
11572
2304
1834
3636
19200
2771
4379
2175
1154
6547
2068
18701
7429
1325
2894
1967
589
2059
1761
1881
6407
1820
3508
2850
2826
1155
13447
1170
416
168
1563
3415
4404
1005
425
943
1481
985
352
12554
4863
3936
2650
1138
983
3284
3650
3597
2420
3429
2755
211
194
514
1800
2315
948
97
103
242
5208
6151
4420
0
0
0
1758
21310
1619
20217
7188
2046
1772
3023
1185
3444
3882
1590
16497
1736
1309
1755
6177
384
6244
736
7596
1504
901
978
2371
6838
1731
2351
1192
1044
1071
1540
3165
1809
663
2499
2525
1292
8652
786
1211
1040
1474
37385
718
1242
1309
1170
814
5768
2713
3908
2861
2410
3396
1669
5543
3032
2493
3664
2372
1464
3142
20050
700
716
1787
709
1846
5096
12141
6679
1308
8521
5151
1239
2576
3082
3156
6103
1321
2123
7698
3758
693
961
613
2841
2410
4902
2630
1794
671
2692
2429
1622
7734
41781
2637
11384
1105
1133
5111
14921
2591
1721
1738
30529
3105
1841
2826
3625
2935
974
1432
7792
11510
9371
1980
1064
1859
972
2623
5704
1728
2689
3613
7119
1943
2165
1851
906
780
258
222
1387
2660
450
1548
630
2184
4464
7849
2659
462
1862
945
2682
7394
3926
937
15815
12549
6273
8077
4771
2322
17835
707
717
517
1850
11052
3188
2495
1758
21310
1619
0
0
0
2192
7432
5299
1549
6315
3812
2149
13159
1402
184
486
178
6575
857
944
6490
20103
6203
3277
7260
2611
1708
2407
5284
3337
890
4584
1438
13431
1540
1363
2099
934
2051
4783
2168
7471
1992
1561
1900
1296
5761
2069
567
3732
7042
2071
11266
1416
1704
2009
752
1868
1073
3666
7317
17378
63388
2154
13248
4090
1721
1654
2294
2169
1363
1281
3294
1882
5638
1597
7211
2584
1193
2730
14439
64390
1269
1298
10851
6883
2950
5016
7009
3771
1670
23122
855
2323
1066
1736
2423
1301
3205
17924
694
1816
7780
2020
5480
1110
572
2537
2663
622
1602
5862
1166
3992
1294
3246
3315
5137
1602
3084
5928
1043
1184
5249
5195
925
2324
4637
12446
4519
974
4645
2243
3744
1824
2297
4987
1432
5031
2254
765
17181
2128
4086
771
581
4531
3669
9882
8199
4632
1806
3538
3606
960
8608
3030
2950
1442
1926
3632
4356
5579
2181
665
1639
651
20217
7188
2046
2192
7432
5299
0
0
0
1109
4775
1233
5108
14906
1486
9914
8631
6239
21930
3727
4443
2906
2251
2866
12300
848
1228
3757
1338
44890
1443
2034
3495
698
3954
2042
1387
2208
2359
3962
1309
5972
2725
4703
9987
18448
1960
2231
665
3477
1227
1612
2854
1062
2008
851
3253
1558
2021
13482
2212
2342
4104
863
3539
5732
5564
5330
1269
1018
32981
760
22874
1471
6632
1026
890
4620
2335
2768
3099
1750
936
832
1706
4169
1750
2415
2839
1144
1971
2622
12549
4512
4561
368
18024
2169
1743
2367
1222
2725
526
3202
51942
896
2261
2205
1212
11704
566
1437
3696
1660
4625
66111
2827
1103
3031
1627
3650
6079
9190
1505
3489
30251
1716
842
1754
880
1877
1383
4782
4283
2748
5616
2085
2255
1292
1966
9889
2212
1634
1805
7262
965
3689
30561
9618
11874
11804
7218
3221
4877
11799
6970
1878
2476
2372
4368
1988
8678
4492
13672
2350
3300
3043
8708
1772
3023
1185
1549
6315
3812
1109
4775
1233
0
0
0
1055
973
4062
2379
2933
2413
5919
3708
2343
3135
1307
4618
1389
2887
829
1730
821
728
1602
1874
2677
1460
2952
1804
3998
1150
6066
6537
5828
43795
8390
19982
2668
2737
35782
1063
4639
3379
1414
1123
14566
29392
38638
3611
47254
3179
3353
1876
1636
6842
2721
4941
1161
5030
900
13421
11980
2177
1714
3183
1276
1127
1230
2270
4849
1170
23319
657
2187
2095
3701
1308
3929
623
1079
6222
2331
911
1976
13160
3362
3339
1677
2695
3550
3093
5949
8905
12978
2603
1566
3318
780
907
4985
2242
985
8749
2317
1943
6448
2504
1288
1075
789
820
3696
3046
2939
3980
1830
3930
1385
2867
2296
16504
24675
2438
860
1369
20380
3757
8173
1454
1940
2934
3482
4260
2783
3760
3334
1138
2696
817
2582
5969
2846
3491
12601
3313
2659
3337
2313
1797
2361
22026
24360
2789
5633
3899
3108
5356
3101
12700
368
520
3444
3882
1590
2149
13159
1402
5108
14906
1486
1055
973
4062
0
0
0
28763
1851
2489
4550
1388
25138
2164
4579
41818
1452
534
845
3119
3478
3998
2328
891
1367
3276
2591
4543
2045
8738
1604
3181
4633
1785
2458
18417
32583
17859
4399
6546
2944
576
7434
1534
2087
2256
2709
1800
5899
6991
2267
8911
1467
9409
15953
16239
17667
2326
70503
3862
2536
2837
3646
2194
2624
4962
1882
9454
2408
4200
2064
6948
11953
2115
4831
2055
4646
6394
4549
1640
5991
1639
20418
3450
931
6124
14051
3073
1735
2584
7822
5839
4562
53592
3735
4726
1979
2684
2304
3777
3640
4579
7526
1213
41382
5325
2255
3299
8511
2170
846
4380
1013
622
1059
1876
16408
1013
2195
1237
20284
4837
1549
5505
1279
1143
1206
950
3602
6805
465
284
1209
15194
4637
4481
2765
23263
3042
2726
372
1121
5831
3085
9496
4616
4193
6785
2459
2688
1397
1146
1559
1280
875
4862
18108
6050
25761
7354
16497
1736
1309
184
486
178
9914
8631
6239
2379
2933
2413
28763
1851
2489
0
0
0
1863
1183
409
5983
2284
6072
3768
4094
2718
2973
1614
2278
2425
2549
6421
1076
1573
3452
4458
1964
1316
2616
1519
27893
3757
1033
3326
1419
4886
8802
1314
2857
3619
13942
2849
1636
3096
3825
1039
27223
895
7641
5051
3453
5341
14446
1784
2110
4655
6625
2560
7502
873
2574
3304
2902
3379
13386
1957
3635
1609
682
1980
12859
7467
2997
4311
2131
1214
1148
1940
787
1117
1345
3479
7924
4812
2827
4264
1147
2290
3281
45705
1533
6852
1085
4091
9265
13459
20355
1888
2656
1784
3437
654
951
2601
1628
1215
19560
2456
655
1513
26489
541
3653
2133
852
1174
3316
7556
2614
14137
29657
1573
4517
2803
2810
2414
1450
1425
3366
1544
3099
585
2388
48231
14173
10585
522
1211
1658
7929
2765
3785
1536
2415
58379
1276
1441
487
1516
7720
5706
757
274
1126
5751
4340
2121
1755
6177
384
6575
857
944
21930
3727
4443
5919
3708
2343
4550
1388
25138
1863
1183
409
0
0
0
3211
3994
4718
1337
787
1667
10969
2755
6671
2443
79982
2270
1407
8113
6742
11817
1995
23305
10524
5253
10480
1499
2599
479
1064
4534
1518
1673
951
2154
2556
2593
2119
8704
3754
1988
8039
2004
1828
2688
11510
7521
2129
5275
1668
4848
781
13915
4540
3174
7590
1827
1223
3454
1014
16692
4521
2374
20202
3608
3127
2326
464
1188
2876
1969
2134
1214
12703
3210
795
16882
2651
3155
1754
2400
1412
4360
2438
1805
1838
851
7549
4910
13186
5233
1905
9304
3291
2290
2383
724
13042
5293
2400
6570
2137
3129
1015
1531
1522
1230
10111
2841
1386
9411
1374
1534
3467
1115
6338
1965
1765
1261
9239
27591
4956
1658
2189
1203
3293
1073
2522
1478
2813
1969
5884
1593
6668
1454
4428
2089
3602
2869
2351
447
1277
848
5648
2878
7590
1119
1240
4212
4028
5347
14186
6244
736
7596
6490
20103
6203
2906
2251
2866
3135
1307
4618
2164
4579
41818
5983
2284
6072
3211
3994
4718
0
0
0
