C_ijk
0
0
0
462
263
392
575
980
1658
408
269
330
120
61
102
22
104
38
205
105
107
722
100
75
1737
1194
533
571
1780
75
116
452
435
225
437
732
69
639
397
5853
182
160
1008
305
363
520
400
237
1107
373
255
237
285
579
535
186
806
742
788
500
595
864
488
1272
1417
3030
762
2270
391
1322
3050
11603
1037
331
2880
5401
943
1191
966
711
2219
1377
5614
3287
1101
828
3814
685
1924
1065
722
435
3592
4378
363
866
1501
836
385
429
537
13430
758
1363
564
11223
1044
562
602
807
4689
2348
25527
2852
1955
1623
1670
1128
4488
8057
1520
1242
1909
6673
2309
6391
5375
2152
928
2634
2622
9463
836
630
1977
17020
610
3690
7563
6922
11139
2349
6621
1172
3091
6206
850
3436
7749
7520
3799
799
1930
3478
8476
2686
1681
1701
2870
1872
4408
890
3103
2207
1647
11167
3754
804
462
263
392
0
0
0
369
1082
254
113
1219
61
224
167
470
1461
378
492
98
107
343
550
1793
163
407
229
409
3133
538
315
414
845
215
295
369
649
1011
440
207
233
312
1147
136
81
779
147
408
754
599
1284
452
99
1047
566
2284
1061
274
535
995
683
591
825
331
1561
396
812
5096
4080
499
1749
442
269
611
3405
2064
1111
707
571
3729
460
1375
950
805
704
1089
569
601
307
808
442
442
3467
1010
13595
2952
1352
2084
510
822
1721
657
3895
510
345
1698
747
1821
1103
1873
808
2009
1062
2880
4860
4542
1007
4499
1760
2108
5403
1479
3757
1179
4206
3906
2083
4506
1100
16497
1611
605
21284
1989
1029
3628
1361
2507
5177
2844
3068
1506
431
9860
1232
1225
2184
2026
551
1417
3975
1398
3119
1547
837
642
2398
7623
5053
1077
1774
22304
2692
4448
2330
4749
13100
1329
1658
575
980
1658
369
1082
254
0
0
0
553
266
235
325
443
144
1635
333
212
89
233
158
363
1454
334
534
1215
339
375
308
1162
375
1123
198
867
1005
165
279
511
249
220
572
353
160
214
157
310
460
4633
267
891
314
645
8098
408
2147
279
234
2103
1764
1158
4424
442
11490
5095
881
1550
252
1048
2779
248
7139
339
637
476
175
888
1633
628
498
439
791
1689
169
640
1650
850
443
314
2035
1211
271
662
451
538
5811
1495
194
909
984
729
5509
1345
3802
409
2064
1074
4855
1837
7145
1067
2605
2880
857
1406
568
4914
32843
1126
15007
525
14826
2291
1791
2395
5447
1878
995
1177
508
794
1432
2407
1286
471
781
6080
612
1506
8600
2646
840
534
1256
1965
4344
4885
3226
1410
10001
3732
1565
1290
1034
30633
3317
2664
770
1374
776
820
17453
5676
940
3768
3972
3330
6093
10235
408
269
330
113
1219
61
553
266
235
0
0
0
109
655
86
765
443
419
101
240
294
694
3092
255
95
41
53
62
20
21
1555
822
616
195
101
301
2776
365
828
188
2209
200
796
369
381
495
577
339
729
244
717
261
1209
1605
749
778
2363
427
175
259
469
204
307
1083
746
198
3240
3102
5689
303
859
476
1850
4409
9612
1906
2223
388
363
1082
367
9545
329
457
587
557
1205
671
1795
393
562
1113
1079
281
1567
3749
1964
367
1773
787
2347
737
584
3815
1422
1778
1337
2533
2162
804
967
5773
940
731
54528
1553
4776
2663
881
1090
3762
1404
1509
1941
4058
1896
985
2910
2990
1421
8030
1231
3807
1464
1468
1595
10380
3079
960
2353
2250
1129
1336
4912
1145
1033
7366
2322
1148
12500
970
1995
1090
721
2451
14363
3883
1045
3715
3162
5572
1708
2423
1667
16257
5588
13112
3710
120
61
102
224
167
470
325
443
144
109
655
86
0
0
0
8
2
11
77
133
224
46
359
158
441
8030
140
588
429
260
206
96
200
730
501
4377
152
328
363
4030
4539
291
251
1548
372
1693
397
1668
157
4034
803
337
1508
337
811
872
739
825
402
641
479
963
450
1052
1891
928
754
125
1026
2523
189
409
2024
342
1018
1846
2613
1354
507
367
449
546
1319
408
520
1034
2662
6405
2231
2829
2719
19766
440
817
1176
1696
1959
537
733
1101
3878
3041
725
2636
23859
6568
8201
2074
4051
1825
16248
6156
5640
936
2157
4661
1070
1058
2748
7355
2468
8513
901
2006
2132
3427
2010
356
1053
26923
14449
915
3292
1339
1494
9484
1205
14761
13338
2241
464
5965
647
5497
2007
6814
627
2922
1922
8690
2306
1206
1746
12657
17174
2184
1120
2179
23127
1129
2951
2638
13143
4188
3359
32762
1115
2842
22
104
38
1461
378
492
1635
333
212
765
443
419
8
2
11
0
0
0
641
644
95
673
916
112
282
2028
849
8325
1053
156
769
135
210
337
657
550
282
318
253
252
450
459
735
310
449
486
103
447
700
11481
870
1635
2805
171
387
1026
480
890
5700
1239
557
526
1109
160
224
630
414
368
301
590
725
467
876
604
2926
1092
6459
761
1482
748
650
462
275
646
6527
835
2775
814
1111
497
1314
325
2849
438
667
1100
6453
1163
792
1282
1079
1457
1325
823
3277
593
542
1872
999
3181
1628
1594
920
1205
1135
1020
4430
2529
1330
868
583
1897
24762
994
1802
1167
514
3376
1988
1869
779
3585
1714
31381
3256
4100
27360
2283
2850
1159
18196
18083
1539
43379
4127
633
1500
2286
539
3713
2385
3050
5074
11038
3391
931
12407
9026
10941
29643
1439
1938
8518
4207
28802
1451
1948
2928
205
105
107
98
107
343
89
233
158
101
240
294
77
133
224
641
644
95
0
0
0
351
245
4727
846
199
150
289
117
127
382
278
899
601
2292
459
580
414
420
3062
314
755
102
173
355
377
673
397
2296
651
918
227
412
2303
360
586
550
2034
853
495
662
546
368
645
2480
808
642
274
516
899
663
343
426
370
1196
531
1175
547
818
1455
10800
500
698
287
1749
1202
2027
222
391
293
1165
341
687
2137
1595
1622
1325
862
1539
11435
391
15395
741
887
487
374
2167
1083
2331
855
1303
3073
1604
2803
3219
3587
60628
1169
2181
6604
995
1493
2045
3234
1740
2541
581
5144
1882
5324
1039
2665
1689
3396
793
1562
1803
1073
3150
524
2260
6487
1395
956
11420
916
8251
3500
1598
3257
2592
1526
17943
1309
5958
25717
7512
528
4414
3785
8187
1178
5158
1497
2380
20853
4091
1379
722
100
75
550
1793
163
363
1454
334
694
3092
255
46
359
158
673
916
112
351
245
4727
0
0
0
77
3439
591
152
1486
366
534
33
663
2069
80
194
1008
912
445
409
142
501
219
1267
1396
242
122
185
3373
439
187
936
955
623
862
1203
13466
1001
223
994
323
1348
446
333
247
1099
2887
4805
719
625
2796
829
2517
410
832
1124
4386
397
299
477
9725
687
5349
623
1694
816
3106
220
1778
439
1207
3063
435
569
463
269
4252
1381
1584
670
4382
1867
2672
341
1957
622
737
989
2062
962
1094
4297
1024
1338
460
665
474
15982
923
952
3155
2880
1073
10610
1719
1284
1395
1171
1144
6555
3443
380
6847
3778
1751
6369
883
2256
578
993
1883
2593
1371
7289
2026
5053
3314
977
3979
882
1169
2225
2410
20218
1078
3040
24863
6813
1971
3688
1163
3087
3345
2914
14885
7010
5364
1863
1737
1194
533
407
229
409
534
1215
339
95
41
53
441
8030
140
282
2028
849
846
199
150
77
3439
591
0
0
0
289
97
13
2246
3019
121
118
98
149
5867
1015
345
1128
1575
95
2367
369
191
4049
190
624
430
359
387
267
286
264
832
871
1965
334
213
334
1016
180
1776
889
179
460
1394
533
324
1111
814
341
1993
1482
1825
921
171
577
633
428
7417
906
4495
587
775
1415
1580
818
2644
772
551
1167
836
415
843
728
4898
1307
640
591
1016
478
1081
1823
467
1134
2379
2376
1307
3392
4451
2314
64700
3058
2060
888
10847
593
632
1732
6118
2953
905
889
1870
7302
2201
7238
7054
3354
1247
2201
1176
3470
3838
6081
4171
4121
5609
1353
5844
1814
2921
1127
2136
1399
5140
3109
2109
1086
968
962
805
5905
1857
12794
1304
1006
2270
2765
2610
1730
12479
8807
3437
2780
11230
4725
571
1780
75
3133
538
315
375
308
1162
62
20
21
588
429
260
8325
1053
156
289
117
127
152
1486
366
289
97
13
0
0
0
235
142
390
166
73
197
712
13990
4870
467
1436
321
777
1028
1231
1509
624
274
1361
106
125
1231
576
365
479
1482
1690
355
585
220
249
6381
382
1441
398
237
5056
889
711
111
770
1646
964
539
787
458
136
764
673
5149
1094
1287
1244
280
973
942
409
295
313
474
449
3098
589
797
1127
2250
1111
965
818
542
2455
1162
1160
989
1765
661
799
560
8913
1170
1054
2920
1387
2617
1461
942
5151
585
2584
3165
3172
1015
26941
609
1647
1676
3980
7883
1101
3298
2061
1180
673
626
1354
1199
1175
926
2437
3627
1816
3393
2518
12673
891
731
891
5662
2135
3854
2963
1502
2160
3891
1988
21748
1346
4914
1176
1065
608
6506
66845
2642
1441
2735
690
1631
116
452
435
414
845
215
375
1123
198
1555
822
616
206
96
200
769
135
210
382
278
899
534
33
663
2246
3019
121
235
142
390
0
0
0
560
510
276
1560
786
782
522
680
1205
547
121
3085
97
203
130
386
514
1065
667
920
2409
865
460
7802
1605
303
426
3928
229
818
92
228
4610
589
474
131
9251
528
471
2468
1256
312
1008
738
1934
574
540
1692
1825
364
605
1491
412
827
825
1370
557
1526
2248
584
1080
1245
1688
1880
477
890
2419
299
983
1492
871
462
685
576
11154
2274
456
4660
766
20121
1288
3603
717
680
329
439
1318
5446
3519
923
1029
1084
1766
3974
1786
2490
5326
2166
2079
1951
954
1012
1585
881
2039
4132
594
6391
1305
1523
29897
686
1592
2194
916
2698
1271
2365
3459
13185
1343
3236
7265
16632
2887
1978
1403
21795
989
1109
1305
11150
11036
1277
4612
225
437
732
295
369
649
867
1005
165
195
101
301
730
501
4377
337
657
550
601
2292
459
2069
80
194
118
98
149
166
73
197
560
510
276
0
0
0
628
5520
642
315
199
187
353
234
2220
856
369
723
455
191
235
682
8595
1899
1655
7458
521
471
1694
163
552
1918
1720
1581
2735
355
9921
4724
2084
343
2289
759
412
490
1414
421
234
627
10705
665
1199
1638
754
943
2206
646
995
870
654
289
5227
4595
888
810
488
512
1263
521
1788
3930
815
810
858
338
727
5914
1506
694
971
636
794
1306
1656
1736
1293
19328
28311
1233
5285
877
2092
1098
15617
1386
2205
2213
2654
3650
909
6933
2134
3360
9302
993
2512
4998
11464
2365
3407
27283
1120
2612
4157
2549
990
1998
927
1404
2735
1354
404
47142
31609
3674
1867
1891
3743
1830
2596
2231
987
1382
3314
2064
5444
10999
1059
821
69
639
397
1011
440
207
279
511
249
2776
365
828
152
328
363
282
318
253
580
414
420
1008
912
445
5867
1015
345
712
13990
4870
1560
786
782
628
5520
642
0
0
0
1255
375
880
330
130
326
214
186
371
7514
1124
1826
2399
481
327
1152
1379
881
17656
226
1693
756
2060
698
772
1099
429
3876
1389
249
1754
689
794
417
497
551
1353
1335
937
528
683
1634
628
1449
1084
11724
6097
906
548
16160
1258
199
537
412
1786
1440
1629
628
678
1953
738
873
5543
710
802
2258
2233
1885
7758
808
1290
1020
5259
1941
2103
1537
1825
26764
724
1770
21453
1730
8596
8989
1750
943
4007
2301
1808
3327
4572
3469
1911
553
1160
4204
998
2332
12408
2493
3411
1646
10941
50416
792
3096
3760
2604
6576
3556
1054
1169
858
3761
6617
1219
43767
3292
1886
1014
2029
1156
1245
1204
23742
2238
1431
1950
5435
5853
182
160
233
312
1147
220
572
353
188
2209
200
4030
4539
291
252
450
459
3062
314
755
409
142
501
1128
1575
95
467
1436
321
522
680
1205
315
199
187
1255
375
880
0
0
0
748
479
367
491
3492
152
407
438
271
521
1941
790
652
9362
620
673
679
647
233
171
136
398
163
151
1219
372
2921
3761
811
3996
2408
2323
923
545
500
390
321
454
212
490
761
1397
1133
710
1859
1595
398
1299
4149
621
604
236
407
1242
769
339
914
1646
928
1544
7483
1899
2805
1418
1786
1204
1608
825
24619
355
1705
3626
563
1454
1105
1198
575
1440
2434
25354
925
1373
1011
750
4986
1214
1087
27515
1300
1339
12917
1566
667
1879
1342
1530
4740
2893
3217
2676
2201
3233
2660
8679
10603
4409
584
5933
42946
994
2093
13836
1904
5676
2303
1087
6195
1986
1513
46537
6512
1207
1660
5662
4901
1917
1008
305
363
136
81
779
160
214
157
796
369
381
251
1548
372
735
310
449
102
173
355
219
1267
1396
2367
369
191
777
1028
1231
547
121
3085
353
234
2220
330
130
326
748
479
367
0
0
0
727
307
1180
6659
3141
799
248
204
207
137
276
92
1767
2916
652
729
2055
2128
2088
411
1253
328
1784
929
359
799
611
143
691
707
8670
1112
1171
1237
7406
418
450
231
249
10614
1011
10264
761
2445
2213
229
655
802
2027
984
3181
686
827
4861
1615
1822
270
1665
2209
1102
492
1779
231
6998
908
3137
7211
5664
1302
1892
2370
968
41855
1441
9358
1696
2627
647
2155
910
8428
687
1921
3367
4392
5534
1457
3584
5048
4647
1898
720
1551
7128
3486
1628
1637
1297
13163
3298
1348
8908
3048
935
3260
698
26797
1556
18604
1481
1221
47499
5563
512
801
1069
4496
6848
9989
1175
3324
72601
4027
520
400
237
147
408
754
310
460
4633
495
577
339
1693
397
1668
486
103
447
377
673
397
242
122
185
4049
190
624
1509
624
274
97
203
130
856
369
723
214
186
371
491
3492
152
727
307
1180
0
0
0
5192
493
387
1008
402
1057
3447
415
1355
1051
4912
1141
942
789
234
200
287
2197
678
54
309
566
6183
1655
651
14850
915
686
993
653
2828
7155
468
2895
1094
1165
796
11536
3710
1682
655
1194
1443
1363
828
578
2004
2553
168
201
972
437
1511
855
2081
9114
3796
1702
1236
792
766
1836
4575
2473
1192
570
9199
1831
332
1726
2113
891
795
1201
1890
1262
1633
1016
3959
2577
1205
1561
1825
728
2714
32418
456
63330
660
1240
12253
38143
7005
5303
3903
2225
4839
1226
4540
1621
1156
451
2477
2977
1445
1537
2435
4788
1950
5601
2160
1943
1689
5900
14214
3084
4207
6857
1178
2175
1107
373
255
599
1284
452
267
891
314
729
244
717
157
4034
803
700
11481
870
2296
651
918
3373
439
187
430
359
387
1361
106
125
386
514
1065
455
191
235
7514
1124
1826
407
438
271
6659
3141
799
5192
493
387
0
0
0
3245
1994
551
1124
526
579
236
210
419
722
363
548
213
920
5048
1116
21843
2139
1108
346
582
3019
2177
12156
794
1361
449
475
726
932
7151
433
588
268
1968
1421
511
602
1181
3710
328
2573
703
359
551
4671
7032
2385
1288
2894
2288
551
786
528
340
7449
595
727
3785
572
5462
3404
2407
1449
5166
1608
2071
13716
1302
4115
1055
2662
843
3131
3123
3881
1656
832
2103
1583
5561
8931
692
5166
3399
1552
1940
7447
1937
2631
1219
2748
2866
945
4043
2544
950
4072
2564
2481
11799
928
5806
2968
1336
577
1070
3215
1691
1442
815
1762
31987
2359
1018
1031
7319
237
285
579
99
1047
566
645
8098
408
261
1209
1605
337
1508
337
1635
2805
171
227
412
2303
936
955
623
267
286
264
1231
576
365
667
920
2409
682
8595
1899
2399
481
327
521
1941
790
248
204
207
1008
402
1057
3245
1994
551
0
0
0
948
461
1751
1567
807
1736
519
1416
460
345
2008
303
1045
6458
2759
2029
927
622
491
1294
515
3812
1170
582
13898
1634
1240
97
171
475
8149
1493
344
904
340
1754
2185
615
520
5077
17846
2027
1080
577
4713
1315
9807
685
15439
960
1830
637
300
670
1464
1327
3479
3074
1272
5371
2816
1307
505
7876
8439
5137
1044
2004
10246
2034
552
2082
1799
1876
369
36931
1314
994
6564
14802
2582
2806
1801
2198
2499
2326
10213
1491
1806
522
1267
971
8006
1503
4988
1689
1193
4073
2946
1626
1576
6457
1225
830
6119
1721
4283
5055
2339
2656
4909
729
2472
14403
535
186
806
2284
1061
274
2147
279
234
749
778
2363
811
872
739
387
1026
480
360
586
550
862
1203
13466
832
871
1965
479
1482
1690
865
460
7802
1655
7458
521
1152
1379
881
652
9362
620
137
276
92
3447
415
1355
1124
526
579
948
461
1751
0
0
0
1556
864
1322
724
1008
3441
1645
786
4544
2196
2051
700
238
1467
1179
300
360
117
971
1033
2092
1516
2063
2238
716
220
620
597
825
560
1080
692
6343
267
362
1142
10019
28185
847
592
2196
675
224
484
395
1799
1487
1017
523
6969
3765
5508
13110
1937
3316
1100
17247
2053
8734
2447
1705
1071
1999
726
1198
1423
3170
647
2617
2467
503
459
1922
809
2072
32312
4061
4410
4066
1415
3061
13047
2831
7921
2041
3379
367
33782
7069
2079
1765
7135
9646
4381
1350
2156
2300
1331
1593
1257
14858
857
3687
1537
6575
4374
3780
47670
5493
2686
3225
742
788
500
535
995
683
2103
1764
1158
427
175
259
825
402
641
890
5700
1239
2034
853
495
1001
223
994
334
213
334
355
585
220
1605
303
426
471
1694
163
17656
226
1693
673
679
647
1767
2916
652
1051
4912
1141
236
210
419
1567
807
1736
1556
864
1322
0
0
0
402
394
426
2248
268
2653
1504
2748
9086
563
5832
399
1196
1990
30816
783
121
298
187
2177
575
998
1945
710
291
1821
1109
389
459
296
1322
443
2941
537
218
403
1212
3862
912
960
1273
2512
88
280
1979
888
928
3136
3606
2380
888
1435
1314
928
437
1416
571
1294
476
629
970
1181
789
1602
1449
1533
2056
1771
802
3693
1631
1847
630
709
5662
1895
6244
10142
2505
1582
4577
5879
17915
33446
1444
1569
2873
492
1229
1158
2685
2096
19915
3480
8001
1078
1777
4950
932
11808
17864
14524
2928
2163
1853
2934
2019
2242
595
864
488
591
825
331
4424
442
11490
469
204
307
479
963
450
557
526
1109
662
546
368
323
1348
446
1016
180
1776
249
6381
382
3928
229
818
552
1918
1720
756
2060
698
233
171
136
729
2055
2128
942
789
234
722
363
548
519
1416
460
724
1008
3441
402
394
426
0
0
0
586
109
671
996
2427
2021
1871
1361
810
680
428
1981
515
807
221
158
166
82
510
3144
1959
6045
1313
3511
887
1090
408
1635
10272
14301
276
4281
156
16912
812
462
1441
1067
1922
389
316
11435
1507
918
831
727
1146
328
962
590
1191
456
1172
4704
956
4832
952
9121
6337
2501
1621
2280
894
1904
8055
1241
2463
1346
2045
2165
819
3173
667
4281
3487
794
1836
7366
1886
7929
9788
1571
791
1186
22787
1624
9570
2652
1784
14505
4603
1008
1587
5201
2417
4411
7384
3587
4935
4102
6533
25394
6515
4095
5301
1272
1417
3030
1561
396
812
5095
881
1550
1083
746
198
1052
1891
928
160
224
630
645
2480
808
333
247
1099
889
179
460
1441
398
237
92
228
4610
1581
2735
355
772
1099
429
398
163
151
2088
411
1253
200
287
2197
213
920
5048
345
2008
303
1645
786
4544
2248
268
2653
586
109
671
0
0
0
528
223
418
269
967
651
1472
1240
3262
12617
384
1194
259
46
181
1083
4403
3104
619
804
1243
2263
773
5106
20776
5424
524
626
1741
373
3862
434
489
1138
1594
10141
350
988
3362
4850
434
3492
687
14832
751
1113
745
643
1105
638
1486
1063
1952
3163
4033
2168
1460
3769
3528
2512
1691
12519
1532
2283
2223
4158
1742
1782
660
1531
2669
5076
1308
1865
2236
2551
6960
1461
1320
1873
837
1271
978
5447
4669
5220
3545
2783
5475
1148
1946
2569
6123
18840
2729
11300
8594
1017
1975
2865
13800
5267
762
2270
391
5096
4080
499
252
1048
2779
3240
3102
5689
754
125
1026
414
368
301
642
274
516
2887
4805
719
1394
533
324
5056
889
711
589
474
131
9921
4724
2084
3876
1389
249
1219
372
2921
328
1784
929
678
54
309
1116
21843
2139
1045
6458
2759
2196
2051
700
1504
2748
9086
996
2427
2021
528
223
418
0
0
0
531
4285
1207
1376
1130
1401
500
492
549
239
1476
339
5591
1182
1311
1122
1101
1566
1166
741
3913
938
1119
523
7741
672
2411
159
113
229
1060
3014
2208
1494
790
1086
8443
1869
616
1926
2092
1497
1560
13984
2465
585
2534
20912
826
912
3263
6535
1025
1741
1115
1000
594
1486
12700
978
2999
974
4451
1101
2466
1921
1865
6759
1229
1079
1064
1989
1643
16463
5331
1573
781
2459
2615
5701
4898
1500
4514
6233
3591
3654
4134
2044
1539
5036
1263
2036
5138
2765
1259
1658
2023
3399
8592
1322
3050
11603
1749
442
269
248
7139
339
303
859
476
2523
189
409
590
725
467
899
663
343
625
2796
829
1111
814
341
111
770
1646
9251
528
471
343
2289
759
1754
689
794
3761
811
3996
359
799
611
566
6183
1655
1108
346
582
2029
927
622
238
1467
1179
563
5832
399
1871
1361
810
269
967
651
531
4285
1207
0
0
0
1288
15155
755
434
474
395
31434
1288
3440
181
1118
901
1079
816
529
225
186
239
399
966
2656
991
1263
1458
1283
5188
940
565
3226
2112
1015
1201
4387
2151
621
307
2612
2607
2924
1266
1511
6131
8321
3549
1609
4471
2737
7617
929
10915
31540
507
4163
3157
2157
6894
1249
1548
1858
2241
1599
8790
543
5013
845
2740
4211
5734
1889
5550
8036
13144
4298
3389
2683
8334
1509
1625
7543
409
495
3792
2506
967
12156
839
4986
3842
15298
5421
1266
3885
974
1945
20880
3133
1037
331
2880
611
3405
2064
637
476
175
1850
4409
9612
2024
342
1018
876
604
2926
426
370
1196
2517
410
832
1993
1482
1825
964
539
787
2468
1256
312
412
490
1414
417
497
551
2408
2323
923
143
691
707
651
14850
915
3019
2177
12156
491
1294
515
300
360
117
1196
1990
30816
680
428
1981
1472
1240
3262
1376
1130
1401
1288
15155
755
0
0
0
714
1258
18583
1276
672
605
209
752
276
797
917
1013
1900
4568
4688
1077
264
247
930
2570
1355
1637
2228
3403
524
403
253
917
1578
2815
8689
679
715
1743
706
3444
2273
2076
1765
1707
3118
4811
1394
5181
3524
688
1298
638
1555
3990
689
364
1899
4028
1343
876
1062
2934
3766
2192
499
3043
1684
492
6627
2671
31332
1121
687
543
1384
1627
1852
2443
2403
4048
1131
1983
1721
6432
8920
11893
1936
36658
2967
2601
4669
14326
25762
1653
2781
2445
3231
5401
943
1191
1111
707
571
888
1633
628
1906
2223
388
1846
2613
1354
1092
6459
761
531
1175
547
1124
4386
397
921
171
577
458
136
764
1008
738
1934
421
234
627
1353
1335
937
545
500
390
8670
1112
1171
686
993
653
794
1361
449
3812
1170
582
971
1033
2092
783
121
298
515
807
221
12617
384
1194
500
492
549
434
474
395
714
1258
18583
0
0
0
4787
270
1205
1334
977
1773
1461
999
429
541
1092
1024
837
855
2335
779
255
125
1330
2625
1892
1169
13686
2326
146
246
130
6132
1893
845
582
2220
810
2574
3108
562
3817
1077
3458
540
2043
505
10306
588
2759
2395
5663
3155
20714
1622
2954
1056
3174
6483
3412
589
671
2834
2141
4423
1287
675
895
6634
5663
3818
5068
741
1154
19126
1369
1161
1209
3173
2434
1508
1774
1811
1903
4775
1002
2998
1704
1715
3018
2772
4378
4270
3390
1404
966
711
2219
3729
460
1375
498
439
791
363
1082
367
507
367
449
1482
748
650
818
1455
10800
299
477
9725
633
428
7417
673
5149
1094
574
540
1692
10705
665
1199
528
683
1634
321
454
212
1237
7406
418
2828
7155
468
475
726
932
13898
1634
1240
1516
2063
2238
187
2177
575
158
166
82
259
46
181
239
1476
339
31434
1288
3440
1276
672
605
4787
270
1205
0
0
0
2900
4253
2759
40621
2549
1852
1939
17783
2891
1337
1761
1673
743
1131
611
2238
395
719
820
908
4060
424
580
990
463
2284
1688
418
879
244
2024
10323
774
776
12886
372
6653
417
532
4658
12639
12063
814
1366
1904
3019
1286
1345
3787
1025
1089
1204
3203
3716
2849
992
1276
458
4778
5737
2129
1623
1376
9878
684
985
3938
1306
2306
1302
13230
32525
16283
1419
4231
4306
1280
3091
6279
5451
1211
1275
869
4255
4745
1584
1425
1377
5614
3287
950
805
704
1689
169
640
9545
329
457
546
1319
408
462
275
646
500
698
287
687
5349
623
906
4495
587
1287
1244
280
1825
364
605
1638
754
943
628
1449
1084
490
761
1397
450
231
249
2895
1094
1165
7151
433
588
97
171
475
716
220
620
998
1945
710
510
3144
1959
1083
4403
3104
5591
1182
1311
181
1118
901
209
752
276
1334
977
1773
2900
4253
2759
0
0
0
111
312
118
2407
795
2080
130
234
162
1428
633
1474
521
396
6910
966
7605
2098
1663
730
409
469
744
783
2632
6050
921
9482
2236
4561
14409
3156
1408
1028
795
990
1287
1638
3203
4020
8904
1431
1970
10779
583
2847
504
1158
1794
3568
2276
1927
3792
31052
1112
3285
3609
2083
993
2116
2944
57152
28994
1665
2676
3363
1974
1405
2100
2728
2666
5553
646
943
798
1004
3475
1065
1319
5632
4296
914
1883
3272
1101
828
3814
1089
569
601
1650
850
443
587
557
1205
520
1034
2662
6527
835
2775
1749
1202
2027
1694
816
3106
775
1415
1580
973
942
409
1491
412
827
2206
646
995
11724
6097
906
1133
710
1859
10614
1011
10264
796
11536
3710
268
1968
1421
8149
1493
344
597
825
560
291
1821
1109
6045
1313
3511
619
804
1243
1122
1101
1566
1079
816
529
797
917
1013
1461
999
429
40621
2549
1852
111
312
118
0
0
0
780
888
438
463
141
279
9919
960
550
2347
2145
4154
2279
10802
1653
4678
1154
3691
123
81
170
1999
16928
5200
20218
3357
19040
2010
3788
1994
6129
3014
1379
1104
688
2678
1165
3505
15095
6009
1959
3624
3139
3022
1562
8281
639
2925
30592
19061
2702
1394
2080
33499
1301
1137
1809
10015
11108
4776
2040
4774
16022
436
946
7190
951
5576
1334
13924
3994
13879
973
5031
2438
5742
4030
4004
6224
3160
1457
685
1924
1065
307
808
442
314
2035
1211
671
1795
393
6405
2231
2829
814
1111
497
222
391
293
220
1778
439
818
2644
772
295
313
474
825
1370
557
870
654
289
548
16160
1258
1595
398
1299
761
2445
2213
1682
655
1194
511
602
1181
904
340
1754
1080
692
6343
389
459
296
887
1090
408
2263
773
5106
1166
741
3913
225
186
239
1900
4568
4688
541
1092
1024
1939
17783
2891
2407
795
2080
780
888
438
0
0
0
652
7051
1166
1073
299
337
1928
16001
2383
3304
3426
4923
6931
5720
868
4268
1987
6285
1730
1250
2821
9705
1356
5935
2000
870
5604
1082
1880
1697
738
16033
1097
8391
3918
5656
1372
7261
3294
1131
1698
2341
3119
4579
2999
1641
3841
1442
10507
1477
3656
3324
1400
1543
1406
2862
5137
5216
1729
1984
1759
15764
791
2045
11951
12428
3535
2249
1074
4902
2804
3137
1524
1126
3466
1426
47370
18681
722
435
3592
442
3467
1010
271
662
451
562
1113
1079
2719
19766
440
1314
325
2849
1165
341
687
1207
3063
435
551
1167
836
449
3098
589
1526
2248
584
5227
4595
888
199
537
412
4149
621
604
229
655
802
1443
1363
828
3710
328
2573
2185
615
520
267
362
1142
1322
443
2941
1635
10272
14301
20776
5424
524
938
1119
523
399
966
2656
1077
264
247
837
855
2335
1337
1761
1673
130
234
162
463
141
279
652
7051
1166
0
0
0
1611
875
980
978
903
918
911
1402
822
3077
1250
1132
3616
321
524
1178
3391
30497
3247
3561
11000
1916
11998
3314
5811
2533
15325
1832
1443
358
3669
6540
4507
3040
1527
3726
2472
1057
1208
1516
18876
2127
1622
828
1441
2530
2140
1724
1754
1347
1616
1072
7311
3202
7357
11502
17288
2157
22185
21739
1747
2265
2676
1081
1153
450
4023
1224
26061
2220
3938
6422
3509
5912
19229
4378
363
866
13595
2952
1352
538
5811
1495
281
1567
3749
817
1176
1696
438
667
1100
2137
1595
1622
569
463
269
415
843
728
797
1127
2250
1080
1245
1688
810
488
512
1786
1440
1629
236
407
1242
2027
984
3181
578
2004
2553
703
359
551
5077
17846
2027
10019
28185
847
537
218
403
276
4281
156
626
1741
373
7741
672
2411
991
1263
1458
930
2570
1355
779
255
125
743
1131
611
1428
633
1474
9919
960
550
1073
299
337
1611
875
980
0
0
0
663
635
672
2885
12413
2690
522
131
224
1614
952
10142
587
805
459
3604
1470
8195
1488
979
6837
1778
8767
1293
3926
6642
1084
3075
1306
1453
1357
3391
2477
5176
2333
6965
633
11519
2208
6775
2260
1882
6072
969
1461
9163
5332
7007
3529
5393
1133
1848
2931
2984
1431
5952
5828
1656
768
11114
2754
6240
4886
4135
3693
899
2967
1463
343
549
1197
1007
1501
836
385
2084
510
822
194
909
984
1964
367
1773
1959
537
733
6453
1163
792
1325
862
1539
4252
1381
1584
4898
1307
640
1111
965
818
1880
477
890
1263
521
1788
628
678
1953
769
339
914
686
827
4861
168
201
972
4671
7032
2385
1080
577
4713
592
2196
675
1212
3862
912
16912
812
462
3862
434
489
159
113
229
1283
5188
940
1637
2228
3403
1330
2625
1892
2238
395
719
521
396
6910
2347
2145
4154
1928
16001
2383
978
903
918
663
635
672
0
0
0
877
730
789
5809
415
20758
2130
3110
16618
891
1297
8652
1126
728
442
790
304
705
562
3535
14451
1390
10294
4929
5771
864
5346
12964
16150
4498
2202
2188
8024
1641
839
1034
3629
6193
2034
885
1068
768
1596
2364
17781
18532
1447
1665
1046
1104
3182
14359
7247
3490
18273
3292
2460
2815
2418
7843
3451
1370
1001
825
1200
3762
25606
1320
3992
429
537
13430
1721
657
3895
729
5509
1345
787
2347
737
1101
3878
3041
1282
1079
1457
11435
391
15395
670
4382
1867
591
1016
478
542
2455
1162
2419
299
983
3930
815
810
738
873
5543
1646
928
1544
1615
1822
270
437
1511
855
1288
2894
2288
1315
9807
685
224
484
395
960
1273
2512
1441
1067
1922
1138
1594
10141
1060
3014
2208
565
3226
2112
524
403
253
1169
13686
2326
820
908
4060
966
7605
2098
2279
10802
1653
3304
3426
4923
911
1402
822
2885
12413
2690
877
730
789
0
0
0
1638
3805
4930
1070
986
747
12543
1755
2744
7432
904
1488
1498
2906
1619
4235
1426
2543
2091
3686
8357
1245
23081
1532
9565
486
256
1759
473
599
2780
2487
2639
2164
1009
1083
1686
2538
3319
4712
746
5638
1845
2272
3175
1083
1010
17476
28318
1400
2437
2471
10590
2373
4701
1685
1112
910
4666
2148
14287
1474
2986
2833
44815
11437
758
1363
564
510
345
1698
3802
409
2064
584
3815
1422
725
2636
23859
1325
823
3277
741
887
487
2672
341
1957
1081
1823
467
1160
989
1765
1492
871
462
858
338
727
710
802
2258
7483
1899
2805
1665
2209
1102
2081
9114
3796
551
786
528
15439
960
1830
1799
1487
1017
88
280
1979
389
316
11435
350
988
3362
1494
790
1086
1015
1201
4387
917
1578
2815
146
246
130
424
580
990
1663
730
409
4678
1154
3691
6931
5720
868
3077
1250
1132
522
131
224
5809
415
20758
1638
3805
4930
0
0
0
2395
1735
6241
208
207
812
1600
1043
2397
1822
9066
2411
1476
3744
375
1455
4237
4517
1893
1218
5747
1229
1995
1987
5407
1645
1745
574
6659
666
2043
1978
3379
1386
4008
7682
2034
1210
2189
1064
1349
585
5431
2270
1061
2478
855
1600
2306
3932
1017
3806
3421
2987
2960
25634
3212
1351
1281
1156
902
1094
650
11223
1044
562
747
1821
1103
1074
4855
1837
1778
1337
2533
6568
8201
2074
593
542
1872
374
2167
1083
622
737
989
1134
2379
2376
661
799
560
685
576
11154
5914
1506
694
2233
1885
7758
1418
1786
1204
492
1779
231
1702
1236
792
340
7449
595
637
300
670
523
6969
3765
888
928
3136
1507
918
831
4850
434
3492
8443
1869
616
2151
621
307
8689
679
715
6132
1893
845
463
2284
1688
469
744
783
123
81
170
4268
1987
6285
3616
321
524
1614
952
10142
2130
3110
16618
1070
986
747
2395
1735
6241
0
0
0
1570
2065
10486
14146
1255
3371
8411
2442
2730
2025
2203
389
503
2534
2187
59181
2316
4705
1800
805
8646
704
2424
1189
5850
2914
14542
9638
831
11859
2233
3420
3822
940
1111
5464
44950
3354
2467
8964
9560
837
2962
2692
1702
1881
2326
1236
1709
3069
378
7786
7537
8174
1124
8251
3396
40826
2416
2409
602
807
4689
1873
808
2009
7145
1067
2605
2162
804
967
4051
1825
16248
999
3181
1628
2331
855
1303
2062
962
1094
1307
3392
4451
8913
1170
1054
2274
456
4660
971
636
794
808
1290
1020
1608
825
24619
6998
908
3137
766
1836
4575
727
3785
572
1464
1327
3479
5508
13110
1937
3606
2380
888
727
1146
328
687
14832
751
1926
2092
1497
2612
2607
2924
1743
706
3444
582
2220
810
418
879
244
2632
6050
921
1999
16928
5200
1730
1250
2821
1178
3391
30497
587
805
459
891
1297
8652
12543
1755
2744
208
207
812
1570
2065
10486
0
0
0
1220
773
9575
6541
745
1005
330
827
206
3616
1583
9470
1813
921
3122
1476
4643
1666
5319
3653
2618
576
985
340
7301
36420
5352
1801
565
399
38908
6795
1669
361
329
1242
3642
2760
2392
3168
4548
2815
32106
5428
5535
4221
1477
11180
684
6318
980
1429
1172
729
835
908
746
2348
25527
2852
1062
2880
4860
2880
857
1406
5773
940
731
6156
5640
936
1594
920
1205
3073
1604
2803
4297
1024
1338
2314
64700
3058
2920
1387
2617
766
20121
1288
1306
1656
1736
5259
1941
2103
355
1705
3626
7211
5664
1302
2473
1192
570
5462
3404
2407
3074
1272
5371
3316
1100
17247
1435
1314
928
962
590
1191
1113
745
643
1560
13984
2465
1266
1511
6131
2273
2076
1765
2574
3108
562
2024
10323
774
9482
2236
4561
20218
3357
19040
9705
1356
5935
3247
3561
11000
3604
1470
8195
1126
728
442
7432
904
1488
1600
1043
2397
14146
1255
3371
1220
773
9575
0
0
0
729
220
129
1004
2324
5242
6135
1914
2516
425
548
534
1403
11749
1697
6835
11585
1588
742
636
7355
2325
1678
19830
1043
1135
1158
32449
1082
12056
1686
2243
599
460
148
1517
7056
1717
2270
41881
1866
5254
1900
2790
6216
1669
864
2291
4427
347
505
4498
8398
7598
1955
1623
1670
4542
1007
4499
568
4914
32843
54528
1553
4776
2157
4661
1070
1135
1020
4430
3219
3587
60628
460
665
474
2060
888
10847
1461
942
5151
3603
717
680
1293
19328
28311
1537
1825
26764
563
1454
1105
1892
2370
968
9199
1831
332
1449
5166
1608
2816
1307
505
2053
8734
2447
437
1416
571
456
1172
4704
1105
638
1486
585
2534
20912
8321
3549
1609
1707
3118
4811
3817
1077
3458
776
12886
372
14409
3156
1408
2010
3788
1994
2000
870
5604
1916
11998
3314
1488
979
6837
790
304
705
1498
2906
1619
1822
9066
2411
8411
2442
2730
6541
745
1005
729
220
129
0
0
0
10778
14281
2837
2215
9342
4140
246
1172
2860
17962
4170
9046
3247
30485
1528
995
2667
1149
24024
3528
4021
3189
1097
813
55605
49815
12299
2131
1949
16902
1650
871
462
3134
21316
798
1788
4603
8233
5972
2169
2294
5035
990
392
1192
776
2357
4299
1726
732
1128
4488
8057
1760
2108
5403
1126
15007
525
2663
881
1090
1058
2748
7355
2529
1330
868
1169
2181
6604
15982
923
952
593
632
1732
585
2584
3165
329
439
1318
1233
5285
877
724
1770
21453
1198
575
1440
41855
1441
9358
1726
2113
891
2071
13716
1302
7876
8439
5137
1705
1071
1999
1294
476
629
956
4832
952
1063
1952
3163
826
912
3263
4471
2737
7617
1394
5181
3524
540
2043
505
6653
417
532
1028
795
990
6129
3014
1379
1082
1880
1697
5811
2533
15325
1778
8767
1293
562
3535
14451
4235
1426
2543
1476
3744
375
2025
2203
389
330
827
206
1004
2324
5242
10778
14281
2837
0
0
0
2115
2562
1647
951
17680
1635
5949
22614
3635
3532
40776
1464
1241
514
1198
17841
2923
1918
821
745
1558
8331
1867
2707
459
1009
11564
38281
1074
1774
2737
2053
1654
3546
10972
3718
1401
4052
66422
2250
2057
15466
626
1676
1683
602
893
33565
1520
1242
1909
1479
3757
1179
14826
2291
1791
3762
1404
1509
2468
8513
901
583
1897
24762
995
1493
2045
3155
2880
1073
6118
2953
905
3172
1015
26941
5446
3519
923
2092
1098
15617
1730
8596
8989
2434
25354
925
1696
2627
647
795
1201
1890
4115
1055
2662
1044
2004
10246
726
1198
1423
970
1181
789
9121
6337
2501
4033
2168
1460
6535
1025
1741
929
10915
31540
688
1298
638
10306
588
2759
4658
12639
12063
1287
1638
3203
1104
688
2678
738
16033
1097
1832
1443
358
3926
6642
1084
1390
10294
4929
2091
3686
8357
1455
4237
4517
503
2534
2187
3616
1583
9470
6135
1914
2516
2215
9342
4140
2115
2562
1647
0
0
0
2191
10709
9490
1976
10147
298
1225
3395
5481
816
2646
15402
3207
1812
4964
4392
4024
2125
631
167
1047
1093
3777
27822
2585
18501
2224
1828
1057
1528
1974
630
4419
831
346
1202
3245
3496
3332
39433
6346
2642
43339
3008
18300
6673
2309
6391
4206
3906
2083
2395
5447
1878
1941
4058
1896
2006
2132
3427
994
1802
1167
3234
1740
2541
10610
1719
1284
889
1870
7302
609
1647
1676
1029
1084
1766
1386
2205
2213
1750
943
4007
1373
1011
750
2155
910
8428
1262
1633
1016
843
3131
3123
2034
552
2082
3170
647
2617
1602
1449
1533
1621
2280
894
3769
3528
2512
1115
1000
594
507
4163
3157
1555
3990
689
2395
5663
3155
814
1366
1904
4020
8904
1431
1165
3505
15095
8391
3918
5656
3669
6540
4507
3075
1306
1453
5771
864
5346
1245
23081
1532
1893
1218
5747
59181
2316
4705
1813
921
3122
425
548
534
246
1172
2860
951
17680
1635
2191
10709
9490
0
0
0
7148
18935
805
2359
1285
962
1777
831
4907
339
1890
3674
1040
7059
2389
4771
6151
1680
3914
1610
8085
317
404
7829
2531
4495
14112
3282
1646
2531
1157
2624
1329
601
510
390
2896
1638
2353
14503
6028
5400
5375
2152
928
4506
1100
16497
995
1177
508
985
2910
2990
2010
356
1053
514
3376
1988
581
5144
1882
1395
1171
1144
2201
7238
7054
3980
7883
1101
3974
1786
2490
2654
3650
909
2301
1808
3327
4986
1214
1087
687
1921
3367
3959
2577
1205
3881
1656
832
1799
1876
369
2467
503
459
2056
1771
802
1904
8055
1241
1691
12519
1532
1486
12700
978
2157
6894
1249
364
1899
4028
20714
1622
2954
3019
1286
1345
1970
10779
583
6009
1959
3624
1372
7261
3294
3040
1527
3726
1357
3391
2477
12964
16150
4498
9565
486
256
1229
1995
1987
1800
805
8646
1476
4643
1666
1403
11749
1697
17962
4170
9046
5949
22614
3635
1976
10147
298
7148
18935
805
0
0
0
1728
3553
657
3101
3283
6885
1819
2940
1008
1247
2423
2212
1369
449
4835
1825
1656
4980
2434
7410
2336
11043
1190
2670
6432
1968
1945
2286
1096
688
2237
1549
2177
56361
3495
1066
50142
2973
4794
2634
2622
9463
1611
605
21284
794
1432
2407
1421
8030
1231
26923
14449
915
1869
779
3585
5324
1039
2665
6555
3443
380
3354
1247
2201
3298
2061
1180
5326
2166
2079
6933
2134
3360
4572
3469
1911
27515
1300
1339
4392
5534
1457
1561
1825
728
2103
1583
5561
36931
1314
994
1922
809
2072
3693
1631
1847
2463
1346
2045
2283
2223
4158
2999
974
4451
1548
1858
2241
1343
876
1062
1056
3174
6483
3787
1025
1089
2847
504
1158
3139
3022
1562
1131
1698
2341
2472
1057
1208
5176
2333
6965
2202
2188
8024
1759
473
599
5407
1645
1745
704
2424
1189
5319
3653
2618
6835
11585
1588
3247
30485
1528
3532
40776
1464
1225
3395
5481
2359
1285
962
1728
3553
657
0
0
0
3697
1434
911
2377
2430
2811
2147
2064
4480
2311
10744
3212
23367
4715
9827
2511
2144
2211
3631
1960
3552
1646
4096
2457
3486
2418
5630
20717
3479
2702
14966
2779
3792
6590
7628
22555
836
630
1977
1989
1029
3628
1286
471
781
3807
1464
1468
3292
1339
1494
1714
31381
3256
1689
3396
793
6847
3778
1751
1176
3470
3838
673
626
1354
1951
954
1012
9302
993
2512
553
1160
4204
12917
1566
667
3584
5048
4647
2714
32418
456
8931
692
5166
6564
14802
2582
32312
4061
4410
630
709
5662
2165
819
3173
1742
1782
660
1101
2466
1921
1599
8790
543
2934
3766
2192
3412
589
671
1204
3203
3716
1794
3568
2276
8281
639
2925
3119
4579
2999
1516
18876
2127
633
11519
2208
1641
839
1034
2780
2487
2639
574
6659
666
5850
2914
14542
576
985
340
742
636
7355
995
2667
1149
1241
514
1198
816
2646
15402
1777
831
4907
3101
3283
6885
3697
1434
911
0
0
0
1000
1848
8371
533
311
451
5460
3653
6275
1506
616
313
5576
420
5552
5966
7570
1675
54581
19528
2027
5416
2565
7583
2608
1460
1612
814
1295
1310
1211
5288
2001
17020
610
3690
1361
2507
5177
6080
612
1506
1595
10380
3079
9484
1205
14761
4100
27360
2283
1562
1803
1073
6369
883
2256
6081
4171
4121
1199
1175
926
1585
881
2039
4998
11464
2365
998
2332
12408
1879
1342
1530
1898
720
1551
63330
660
1240
3399
1552
1940
2806
1801
2198
4066
1415
3061
1895
6244
10142
667
4281
3487
1531
2669
5076
1865
6759
1229
5013
845
2740
499
3043
1684
2834
2141
4423
2849
992
1276
1927
3792
31052
30592
19061
2702
1641
3841
1442
1622
828
1441
6775
2260
1882
3629
6193
2034
2164
1009
1083
2043
1978
3379
9638
831
11859
7301
36420
5352
2325
1678
19830
24024
3528
4021
17841
2923
1918
3207
1812
4964
339
1890
3674
1819
2940
1008
2377
2430
2811
1000
1848
8371
0
0
0
1174
2732
931
3551
16317
2893
5118
1717
3609
2116
1281
745
73254
5295
50973
3621
3547
9517
1830
2359
5463
2122
1551
1139
2553
7839
11146
4089
3907
45926
7563
6922
11139
2844
3068
1506
8600
2646
840
960
2353
2250
13338
2241
464
2850
1159
18196
3150
524
2260
578
993
1883
5609
1353
5844
2437
3627
1816
4132
594
6391
3407
27283
1120
2493
3411
1646
4740
2893
3217
7128
3486
1628
12253
38143
7005
7447
1937
2631
2499
2326
10213
13047
2831
7921
2505
1582
4577
794
1836
7366
1308
1865
2236
1079
1064
1989
4211
5734
1889
492
6627
2671
1287
675
895
458
4778
5737
1112
3285
3609
1394
2080
33499
10507
1477
3656
2530
2140
1724
6072
969
1461
885
1068
768
1686
2538
3319
1386
4008
7682
2233
3420
3822
1801
565
399
1043
1135
1158
3189
1097
813
821
745
1558
4392
4024
2125
1040
7059
2389
1247
2423
2212
2147
2064
4480
533
311
451
1174
2732
931
0
0
0
8069
5518
3029
223
101
119
11720
6197
1156
78301
2664
2593
5892
24870
2674
3695
4730
7598
3493
2868
1875
1320
441
3693
3953
5663
9105
2349
6621
1172
431
9860
1232
534
1256
1965
1129
1336
4912
5965
647
5497
18083
1539
43379
6487
1395
956
2593
1371
7289
1814
2921
1127
3393
2518
12673
1305
1523
29897
2612
4157
2549
10941
50416
792
2676
2201
3233
1637
1297
13163
5303
3903
2225
1219
2748
2866
1491
1806
522
2041
3379
367
5879
17915
33446
1886
7929
9788
2551
6960
1461
1643
16463
5331
5550
8036
13144
31332
1121
687
6634
5663
3818
2129
1623
1376
2083
993
2116
1301
1137
1809
3324
1400
1543
1754
1347
1616
9163
5332
7007
1596
2364
17781
4712
746
5638
2034
1210
2189
940
1111
5464
38908
6795
1669
32449
1082
12056
55605
49815
12299
8331
1867
2707
631
167
1047
4771
6151
1680
1369
449
4835
2311
10744
3212
5460
3653
6275
3551
16317
2893
8069
5518
3029
0
0
0
3465
3257
2295
2795
2244
24935
2144
3810
2633
2489
2811
6713
3174
957
565
5436
5932
13081
8681
1272
2517
5354
4261
4739
3091
6206
850
1225
2184
2026
4344
4885
3226
1145
1033
7366
2007
6814
627
4127
633
1500
11420
916
8251
2026
5053
3314
2136
1399
5140
891
731
891
686
1592
2194
990
1998
927
3096
3760
2604
2660
8679
10603
3298
1348
8908
4839
1226
4540
945
4043
2544
1267
971
8006
33782
7069
2079
1444
1569
2873
1571
791
1186
1320
1873
837
1573
781
2459
4298
3389
2683
543
1384
1627
5068
741
1154
9878
684
985
2944
57152
28994
10015
11108
4776
1406
2862
5137
1072
7311
3202
3529
5393
1133
18532
1447
1665
1845
2272
3175
1064
1349
585
44950
3354
2467
361
329
1242
1686
2243
599
2131
1949
16902
459
1009
11564
1093
3777
27822
3914
1610
8085
1825
1656
4980
23367
4715
9827
1506
616
313
5118
1717
3609
223
101
119
3465
3257
2295
0
0
0
2063
43651
1697
12222
7635
5496
5372
3846
2356
4106
8165
10596
2917
1297
1470
2541
652
500
2656
527
2880
3436
7749
7520
551
1417
3975
1410
10001
3732
2322
1148
12500
2922
1922
8690
2286
539
3713
3500
1598
3257
977
3979
882
3109
2109
1086
5662
2135
3854
916
2698
1271
1404
2735
1354
6576
3556
1054
4409
584
5933
3048
935
3260
1621
1156
451
950
4072
2564
1503
4988
1689
1765
7135
9646
492
1229
1158
22787
1624
9570
1271
978
5447
2615
5701
4898
8334
1509
1625
1852
2443
2403
19126
1369
1161
3938
1306
2306
1665
2676
3363
2040
4774
16022
5216
1729
1984
7357
11502
17288
1848
2931
2984
1046
1104
3182
1083
1010
17476
5431
2270
1061
8964
9560
837
3642
2760
2392
460
148
1517
1650
871
462
38281
1074
1774
2585
18501
2224
317
404
7829
2434
7410
2336
2511
2144
2211
5576
420
5552
2116
1281
745
11720
6197
1156
2795
2244
24935
2063
43651
1697
0
0
0
11135
3340
1727
2095
4514
7010
5534
2853
1623
4621
1106
1048
442
835
481
2476
5223
1763
3799
799
1930
1398
3119
1547
1565
1290
1034
970
1995
1090
2306
1206
1746
2385
3050
5074
2592
1526
17943
1169
2225
2410
968
962
805
2963
1502
2160
2365
3459
13185
404
47142
31609
1169
858
3761
42946
994
2093
698
26797
1556
2477
2977
1445
2481
11799
928
1193
4073
2946
4381
1350
2156
2685
2096
19915
2652
1784
14505
4669
5220
3545
1500
4514
6233
7543
409
495
4048
1131
1983
1209
3173
2434
1302
13230
32525
1974
1405
2100
436
946
7190
1759
15764
791
2157
22185
21739
1431
5952
5828
14359
7247
3490
28318
1400
2437
2478
855
1600
2962
2692
1702
3168
4548
2815
7056
1717
2270
3134
21316
798
2737
2053
1654
1828
1057
1528
2531
4495
14112
11043
1190
2670
3631
1960
3552
5966
7570
1675
73254
5295
50973
78301
2664
2593
2144
3810
2633
12222
7635
5496
11135
3340
1727
0
0
0
9877
1246
1132
1971
1463
2246
3407
2761
4648
12676
3354
55912
8919
2994
6660
3478
8476
2686
837
642
2398
30633
3317
2664
721
2451
14363
12657
17174
2184
11038
3391
931
1309
5958
25717
20218
1078
3040
5905
1857
12794
3891
1988
21748
1343
3236
7265
3674
1867
1891
6617
1219
43767
13836
1904
5676
18604
1481
1221
1537
2435
4788
5806
2968
1336
1626
1576
6457
2300
1331
1593
3480
8001
1078
4603
1008
1587
2783
5475
1148
3591
3654
4134
3792
2506
967
1721
6432
8920
1508
1774
1811
16283
1419
4231
2728
2666
5553
951
5576
1334
2045
11951
12428
1747
2265
2676
1656
768
11114
18273
3292
2460
2471
10590
2373
2306
3932
1017
1881
2326
1236
32106
5428
5535
41881
1866
5254
1788
4603
8233
3546
10972
3718
1974
630
4419
3282
1646
2531
6432
1968
1945
1646
4096
2457
54581
19528
2027
3621
3547
9517
5892
24870
2674
2489
2811
6713
5372
3846
2356
2095
4514
7010
9877
1246
1132
0
0
0
2444
3649
1339
17788
2626
25515
1960
13036
6775
963
24717
8221
1681
1701
2870
7623
5053
1077
770
1374
776
3883
1045
3715
1120
2179
23127
12407
9026
10941
7512
528
4414
24863
6813
1971
1304
1006
2270
1346
4914
1176
16632
2887
1978
3743
1830
2596
3292
1886
1014
2303
1087
6195
47499
5563
512
1950
5601
2160
577
1070
3215
1225
830
6119
1257
14858
857
1777
4950
932
5201
2417
4411
1946
2569
6123
2044
1539
5036
12156
839
4986
11893
1936
36658
1903
4775
1002
4306
1280
3091
646
943
798
13924
3994
13879
3535
2249
1074
1081
1153
450
2754
6240
4886
2815
2418
7843
4701
1685
1112
3806
3421
2987
1709
3069
378
4221
1477
11180
1900
2790
6216
5972
2169
2294
1401
4052
66422
831
346
1202
1157
2624
1329
2286
1096
688
3486
2418
5630
5416
2565
7583
1830
2359
5463
3695
4730
7598
3174
957
565
4106
8165
10596
5534
2853
1623
1971
1463
2246
2444
3649
1339
0
0
0
2943
5296
2026
1590
1491
1400
6038
7779
1816
1872
4408
890
1774
22304
2692
820
17453
5676
3162
5572
1708
1129
2951
2638
29643
1439
1938
3785
8187
1178
3688
1163
3087
2765
2610
1730
1065
608
6506
1403
21795
989
2231
987
1382
2029
1156
1245
1986
1513
46537
801
1069
4496
1943
1689
5900
1691
1442
815
1721
4283
5055
3687
1537
6575
11808
17864
14524
7384
3587
4935
18840
2729
11300
1263
2036
5138
3842
15298
5421
2967
2601
4669
2998
1704
1715
6279
5451
1211
1004
3475
1065
973
5031
2438
4902
2804
3137
4023
1224
26061
4135
3693
899
3451
1370
1001
910
4666
2148
2960
25634
3212
7786
7537
8174
684
6318
980
1669
864
2291
5035
990
392
2250
2057
15466
3245
3496
3332
601
510
390
2237
1549
2177
20717
3479
2702
2608
1460
1612
2122
1551
1139
3493
2868
1875
5436
5932
13081
2917
1297
1470
4621
1106
1048
3407
2761
4648
17788
2626
25515
2943
5296
2026
0
0
0
2300
933
1550
2516
16030
7229
3103
2207
1647
4448
2330
4749
940
3768
3972
2423
1667
16257
13143
4188
3359
8518
4207
28802
5158
1497
2380
3345
2914
14885
12479
8807
3437
66845
2642
1441
1109
1305
11150
3314
2064
5444
1204
23742
2238
6512
1207
1660
6848
9989
1175
14214
3084
4207
1762
31987
2359
2339
2656
4909
4374
3780
47670
2928
2163
1853
4102
6533
25394
8594
1017
1975
2765
1259
1658
1266
3885
974
14326
25762
1653
3018
2772
4378
1275
869
4255
1319
5632
4296
5742
4030
4004
1524
1126
3466
2220
3938
6422
2967
1463
343
825
1200
3762
14287
1474
2986
1351
1281
1156
1124
8251
3396
1429
1172
729
4427
347
505
1192
776
2357
626
1676
1683
39433
6346
2642
2896
1638
2353
56361
3495
1066
14966
2779
3792
814
1295
1310
2553
7839
11146
1320
441
3693
8681
1272
2517
2541
652
500
442
835
481
12676
3354
55912
1960
13036
6775
1590
1491
1400
2300
933
1550
0
0
0
3348
1282
9856
11167
3754
804
13100
1329
1658
3330
6093
10235
5588
13112
3710
32762
1115
2842
1451
1948
2928
20853
4091
1379
7010
5364
1863
2780
11230
4725
2735
690
1631
11036
1277
4612
10999
1059
821
1431
1950
5435
5662
4901
1917
3324
72601
4027
6857
1178
2175
1018
1031
7319
729
2472
14403
5493
2686
3225
2934
2019
2242
6515
4095
5301
2865
13800
5267
2023
3399
8592
1945
20880
3133
2781
2445
3231
4270
3390
1404
4745
1584
1425
914
1883
3272
6224
3160
1457
1426
47370
18681
3509
5912
19229
549
1197
1007
25606
1320
3992
2833
44815
11437
902
1094
650
40826
2416
2409
835
908
746
4498
8398
7598
4299
1726
732
602
893
33565
43339
3008
18300
14503
6028
5400
50142
2973
4794
6590
7628
22555
1211
5288
2001
4089
3907
45926
3953
5663
9105
5354
4261
4739
2656
527
2880
2476
5223
1763
8919
2994
6660
963
24717
8221
6038
7779
1816
2516
16030
7229
3348
1282
9856
0
0
0
