C_ijk
0
0
0
1999
109
504
324
65
78
914
105
547
24
46
71
18
64
545
1870
214
440
124
136
71
163
1228
3040
607
1634
118
864
266
102
568
232
578
383
596
896
574
4445
2410
314
1851
297
249
183
614
632
132
372
1036
727
284
703
535
1974
1556
556
394
265
2815
801
2430
329
382
832
1439
1247
631
782
180
793
873
328
871
1195
677
916
375
1079
4581
300
380
1006
360
1978
1307
648
986
512
6210
747
1167
282
2131
890
589
14699
1223
1163
2681
1843
680
1166
324
1064
854
5390
2219
18668
775
2031
5623
2315
2100
2479
1146
1575
657
928
4569
1228
811
2551
3185
16287
669
2425
757
843
746
1165
633
28125
7755
14187
1001
1166
1178
1213
705
916
3110
800
2769
818
1911
1005
3101
3431
6572
7087
1051
2417
1257
941
2281
3940
3980
3725
1923
997
11330
4062
1686
2984
3267
1999
109
504
0
0
0
522
71
300
130
277
422
130
244
1841
298
235
459
27
57
321
138
663
147
322
1944
908
94
205
527
330
916
485
152
236
338
2129
989
327
1084
992
3219
269
417
167
752
1180
416
865
367
301
304
181
233
1681
209
359
590
517
134
888
401
759
920
435
746
353
2112
679
1485
1428
523
1274
2224
692
698
1192
736
3404
346
6990
918
564
708
385
2621
616
4043
908
2308
1260
923
516
1754
3636
789
2516
1286
344
1530
658
188
1004
1022
4333
1398
1054
578
2914
564
19344
3687
2991
13468
3315
1171
1574
2553
4212
13569
1198
2012
2259
1262
981
10065
865
643
1243
1561
959
13888
6849
5318
5699
623
2260
1786
1568
2278
1071
15247
2048
1166
1474
1383
703
7500
2729
3001
1662
910
12656
24999
811
2648
6128
3816
3042
2222
1461
1275
5450
1082
1676
12218
26029
4995
324
65
78
522
71
300
0
0
0
375
370
2501
82
6443
142
128
166
281
86
235
121
223
2478
517
220
1543
396
256
212
788
925
615
324
1296
413
2371
103
312
885
149
673
651
165
107
138
352
5170
746
20315
668
445
187
192
120
123
121
108
578
5471
1324
2033
3419
4184
3729
2750
7566
1406
1582
347
321
1723
177
1623
257
9071
504
466
1040
2813
1500
3315
798
4517
1078
1349
348
1984
793
19822
1739
357
1024
1307
783
1339
3307
243
447
13076
5298
1429
760
5499
2948
2347
298
2022
1701
563
10993
1267
1354
1815
1427
2849
2318
1044
2154
662
1888
2372
6388
789
475
1074
3847
445
5578
4319
3446
802
570
2179
2260
1438
25097
1825
1308
2687
1903
1572
1793
1321
19774
2128
1459
2511
3256
6097
9624
1867
1749
931
2133
1058
5015
842
1566
3465
1583
5552
1350
4786
6099
4655
1829
1707
29559
914
105
547
130
277
422
375
370
2501
0
0
0
221
270
952
7462
359
141
807
656
716
772
180
241
61
146
60
186
112
357
948
115
328
42
225
255
271
2129
418
3130
288
907
538
577
734
1174
667
342
250
979
437
980
322
3366
2138
3701
603
356
372
430
2553
697
798
3583
1888
1585
1487
1590
379
380
274
262
889
394
1011
314
425
380
688
5243
596
1239
742
193
6585
598
456
2372
982
2382
6122
728
740
501
1018
598
1229
998
464
4376
452
760
237
559
377
1166
4548
4461
2629
1592
687
1540
1362
982
1552
642
6253
2279
1466
600
967
1286
8638
12516
1579
1266
1115
1766
1459
876
8028
2295
1627
2754
11589
2651
2075
2579
736
974
31803
2846
1931
1875
3822
3489
2013
2371
5236
1790
1229
2333
1090
634
1491
2249
2794
13149
9788
2218
4211
939
6804
2242
1159
1208
1783
14906
24
46
71
130
244
1841
82
6443
142
221
270
952
0
0
0
4
1
4
136
138
203
99
150
86
456
99
300
272
397
113
88
88
453
2344
1075
264
219
354
213
662
1924
3580
514
244
388
205
810
579
964
4585
724
2836
227
331
446
13889
566
3502
588
672
581
628
604
251
858
402
306
277
908
448
2202
1283
319
993
436
761
10889
499
387
305
2290
471
1256
891
971
811
2959
368
1628
495
1486
742
12496
560
553
554
1189
1197
483
1785
487
1469
2963
2745
2869
2707
320
1383
1933
1411
4303
996
808
679
2250
597
3345
982
606
492
1914
3081
2572
12471
495
1578
2144
1619
5251
1927
424
2520
844
1441
1260
3924
3371
1366
890
3335
675
4381
1600
3308
2936
1303
14511
1344
3338
3632
881
1198
53963
2388
670
9670
2159
992
75679
1826
954
849
12477
1097
1600
5683
1632
2113
18
64
545
298
235
459
128
166
281
7462
359
141
4
1
4
0
0
0
113
2606
591
454
490
287
188
533
136
339
79
248
100
109
673
986
117
276
575
498
3576
990
163
381
122
606
613
438
354
376
585
653
902
746
3840
348
235
1509
817
322
290
1336
666
847
562
1918
790
188
3321
709
466
428
842
947
345
700
818
2060
618
2645
434
564
645
317
1176
3391
1645
17715
650
430
1275
4334
425
345
1663
1208
617
878
230
733
2420
528
560
639
2375
3240
6368
6525
1016
2175
794
1364
2262
426
563
2787
2221
754
13011
1452
12689
363
445
2948
595
3073
1327
1811
2054
639
4175
5425
1183
3136
581
1652
1671
1888
18590
4135
1442
1588
2582
3630
464
2088
717
4364
4166
596
1130
626
3041
8191
4124
4419
3478
6189
10139
1720
50535
1529
15995
4409
1564
11392
27098
8378
3787
3333
1870
214
440
27
57
321
86
235
121
807
656
716
136
138
203
113
2606
591
0
0
0
193
984
2407
96
168
101
445
267
487
394
187
249
503
685
465
1392
151
173
503
2370
192
1080
282
300
523
515
506
7647
257
283
143
309
140
108
2502
315
2506
347
637
881
213
1708
373
683
686
889
784
638
325
399
867
2425
4748
312
2086
3599
1179
1814
2815
2112
853
1506
720
2087
2268
822
596
421
746
706
1828
1178
473
750
1680
887
1012
410
868
304
690
788
710
9992
1109
620
1010
1412
1374
1285
2439
447
4370
2077
1908
1785
3306
372
7699
1491
35349
1174
1417
3130
2592
4256
6598
5529
5248
10388
2790
1229
3226
1890
2956
1354
6574
1920
2735
4467
3936
1946
1035
2559
2086
3132
1540
881
2276
1528
2978
5915
9297
2063
2243
1351
20034
1118
12646
1982
2197
942
2073
954
2738
43024
4482
124
136
71
138
663
147
223
2478
517
772
180
241
99
150
86
454
490
287
193
984
2407
0
0
0
542
241
224
1102
338
268
165
300
495
820
7359
190
383
650
1041
260
682
376
4895
874
317
300
339
842
924
529
444
2961
7083
20359
215
411
534
332
9064
428
1642
685
184
309
584
287
1002
1051
2189
414
1985
228
5875
15578
5270
212
946
1591
2697
516
1117
573
1087
786
597
1683
310
571
1206
943
1209
231
1039
792
437
237
458
1791
305
1032
1990
1693
934
553
586
2540
437
3846
1036
6843
954
12211
704
1051
959
17697
1234
737
873
2587
4032
26963
672
1579
4585
4054
1604
950
1273
1402
1871
533
2223
1600
805
2949
1518
1984
443
1002
1472
4078
890
1201
1023
3664
4582
522
1775
11464
1497
6268
3085
2441
2480
28524
1395
2155
2065
8487
3993
988
1925
881
8159
1662
1283
3361
163
1228
3040
322
1944
908
220
1543
396
61
146
60
456
99
300
188
533
136
96
168
101
542
241
224
0
0
0
44
24
186
516
373
357
76
228
162
455
687
3014
1006
714
519
1004
394
1219
491
650
973
560
202
1294
410
246
504
829
1964
543
244
256
148
4038
452
1052
1212
1755
376
560
595
602
551
226
619
2027
1540
625
380
1561
296
872
662
1279
329
436
536
3521
821
811
303
854
691
3429
1159
1896
2603
1923
316
503
2608
5323
1029
891
11417
1943
890
234
14827
5678
801
597
2092
537
832
8311
4895
745
1858
2050
833
10064
3950
1122
926
817
1317
34626
8341
23969
778
2379
1249
1482
3983
2197
960
774
2722
2267
1045
3128
1894
24351
2096
2632
1443
723
977
2008
1948
4431
2404
3016
3769
1438
21103
1129
1775
6365
1096
2791
1101
4744
1910
6350
3508
2297
3234
1886
1596
607
1634
118
94
205
527
256
212
788
186
112
357
272
397
113
339
79
248
445
267
487
1102
338
268
44
24
186
0
0
0
366
190
232
147
168
49
2489
558
330
262
473
460
275
191
390
1351
589
363
124
316
74
585
1359
301
532
1863
537
286
236
241
502
1906
301
496
1204
338
1156
2233
4241
406
1051
553
1729
17093
258
326
610
287
321
442
4000
1164
725
564
2734
647
4220
4191
1109
1773
788
2087
686
291
1757
10221
6154
835
10535
1397
614
2090
2837
717
2401
812
547
2991
3738
1504
5674
2216
732
1213
941
2937
838
602
1220
911
1440
1448
3901
1806
2024
1993
909
2846
2148
1560
704
1213
509
1272
971
9502
5900
9664
540
1694
9504
4169
2696
6048
1737
4241
728
5201
1508
2351
2012
4621
1532
737
2472
1128
1942
1110
11441
1092
1228
3239
17977
1561
1404
1824
2018
2872
864
266
102
330
916
485
925
615
324
948
115
328
88
88
453
100
109
673
394
187
249
165
300
495
516
373
357
366
190
232
0
0
0
757
947
2184
156
205
1286
396
95
1213
750
351
636
173
158
108
544
1070
382
1957
198
441
472
561
8624
1481
605
639
829
252
1120
222
399
302
1056
363
432
345
1020
390
958
2621
5129
2993
1134
367
229
2907
179
4371
524
727
928
502
1266
560
3039
1384
829
1224
28680
223
225
669
438
589
170
1780
524
942
1333
4338
838
1000
1553
1154
612
2297
1641
1771
1324
1574
13650
5817
589
3250
997
6431
1645
2934
1419
1675
1089
6551
1177
1295
7473
1509
1016
9617
11403
5148
2474
1134
2073
23198
539
1346
636
1915
1128
1437
1085
2753
971
894
2339
1194
7357
4125
996
7527
19444
2911
29827
4291
5995
2600
1790
1461
2489
23526
935
1646
2191
1919
568
232
578
152
236
338
1296
413
2371
42
225
255
2344
1075
264
986
117
276
503
685
465
820
7359
190
76
228
162
147
168
49
757
947
2184
0
0
0
452
1582
1651
2442
822
327
797
533
541
1033
1125
5239
73
111
105
829
586
7452
374
3074
2159
1263
485
495
555
419
333
271
631
426
566
495
450
364
1447
605
827
9254
548
209
230
2232
408
666
342
282
589
444
2950
304
1414
132
2307
265
343
378
2430
551
2425
598
4454
43449
904
888
1155
2323
4324
490
11099
238
2039
676
708
1705
2022
4903
608
942
1508
4586
3062
2017
7544
7205
635
2785
2074
1532
528
1472
1719
1302
1133
7873
1272
6395
1375
1291
713
14005
2732
1185
1871
2225
619
7718
784
779
43885
1322
3948
3786
2274
836
1042
939
4163
16346
1276
1073
2682
1342
1460
13250
2576
4881
5341
957
1582
2213
19011
3132
383
596
896
2129
989
327
103
312
885
271
2129
418
219
354
213
575
498
3576
1392
151
173
383
650
1041
455
687
3014
2489
558
330
156
205
1286
452
1582
1651
0
0
0
491
231
273
314
2501
160
422
2262
185
750
26024
2016
786
846
548
273
420
488
378
2751
2101
254
637
649
688
1166
1905
265
1068
4982
470
1279
358
291
645
1355
3275
27703
870
702
987
1891
173
613
8084
1736
2047
1666
913
649
1232
541
4352
1095
703
4618
1072
2886
321
1536
268
477
405
1328
1336
3470
858
663
8222
334
4204
2482
738
2207
964
832
2207
1292
1210
2756
4403
1941
1932
6037
808
1654
1094
2540
14327
1405
13394
1608
1623
1283
1530
2759
785
4598
1208
2471
4466
1264
5364
1778
1893
1340
1732
6196
1456
3624
4105
1140
2965
4277
2357
26906
1167
12094
3251
982
2263
3045
1531
3170
1146
18458
3774
2662
9275
574
4445
2410
1084
992
3219
149
673
651
3130
288
907
662
1924
3580
990
163
381
503
2370
192
260
682
376
1006
714
519
262
473
460
396
95
1213
2442
822
327
491
231
273
0
0
0
501
6897
278
206
124
187
395
260
187
1962
254
598
19376
449
4198
590
1599
1520
197
5172
129
164
270
722
1628
431
290
224
514
456
360
667
457
417
598
363
320
230
422
293
14011
1258
1915
1796
9407
556
646
5594
775
523
1451
949
800
5769
967
432
864
499
1646
2836
617
476
7364
1376
740
11306
652
1160
275
6085
1722
2117
1395
1638
1350
1972
652
2447
2308
799
1398
1327
32454
3495
2011
6453
2541
1893
4772
4165
877
434
1408
1942
2609
680
7371
731
7338
3542
1784
725
4917
12941
1002
3954
18113
1072
6168
1923
844
2621
3768
3341
2878
1629
4620
984
3412
13411
3541
13292
8004
4505
2577
1026
314
1851
297
269
417
167
165
107
138
538
577
734
514
244
388
122
606
613
1080
282
300
4895
874
317
1004
394
1219
275
191
390
750
351
636
797
533
541
314
2501
160
501
6897
278
0
0
0
2705
1042
547
635
1186
346
426
96
97
287
1560
54
234
1955
382
1050
2306
1483
1646
935
2247
812
435
1133
684
1069
400
647
245
165
1248
6090
607
631
1672
6003
303
370
5621
4781
843
385
12364
2513
791
1187
3242
517
637
706
1651
634
2566
850
6755
4760
2897
932
7344
763
399
734
3028
5286
25028
1136
1306
7607
7371
4532
826
5252
2189
2764
3378
1229
1194
10166
1022
820
934
1887
717
2431
3059
633
1781
1855
2760
1471
463
1805
904
2888
17744
8180
11867
510
729
5972
14417
17298
4049
4170
1937
3397
534
13565
3759
1403
887
15098
663
1309
1789
12818
6389
1447
9631
1771
5340
6490
1000
249
183
614
752
1180
416
352
5170
746
1174
667
342
205
810
579
438
354
376
523
515
506
300
339
842
491
650
973
1351
589
363
173
158
108
1033
1125
5239
422
2262
185
206
124
187
2705
1042
547
0
0
0
1260
333
268
940
576
4942
1392
1512
4285
1165
3765
253
878
947
790
207
986
7038
504
82
328
14538
1607
2568
422
890
670
2396
3610
742
1320
222
1700
1564
499
285
1032
1599
15408
2211
1217
529
470
4313
1817
594
5516
734
372
592
443
665
12472
773
825
1162
881
14325
879
1087
925
541
3622
1071
2453
4131
1838
838
843
1290
1752
1687
2447
1110
1461
301
1409
11898
999
2993
4068
1217
1257
4942
1361
4941
1552
1900
986
1156
1104
2817
4644
2466
8991
14571
2613
883
557
1142
992
2380
2534
8842
6566
2972
2349
2158
3759
1487
25101
550
493
959
1585
2218
894
1770
2464
1541
632
132
372
865
367
301
20315
668
445
250
979
437
964
4585
724
585
653
902
7647
257
283
924
529
444
560
202
1294
124
316
74
544
1070
382
73
111
105
750
26024
2016
395
260
187
635
1186
346
1260
333
268
0
0
0
434
272
8592
334
411
1222
807
302
273
312
320
388
534
613
388
8237
6891
573
3529
307
559
687
809
863
4837
303
2310
959
1246
6359
360
824
14783
508
13347
2637
267
358
1541
451
2129
564
820
505
355
1341
4534
936
1472
3465
653
196
860
2565
720
1983
1728
13615
4335
646
3602
880
445
10234
1050
915
3554
2391
2931
1218
1297
739
564
2479
5285
1084
7096
2951
4752
3831
2418
10175
916
3447
620
49609
1513
5076
2369
1831
2454
29243
733
875
1980
954
2921
1803
1359
7563
1949
4597
700
1038
4480
4571
4130
789
17733
2874
3767
1385
17973
8602
9046
2735
7246
1036
727
284
304
181
233
187
192
120
980
322
3366
2836
227
331
746
3840
348
143
309
140
2961
7083
20359
410
246
504
585
1359
301
1957
198
441
829
586
7452
786
846
548
1962
254
598
426
96
97
940
576
4942
434
272
8592
0
0
0
418
317
246
869
710
701
3718
12226
427
706
707
3570
1028
2999
994
255
776
285
412
251
361
1960
1405
532
1148
902
2818
2366
186
239
3524
249
1814
199
4183
2648
2528
503
975
6109
1113
3449
13047
1131
569
1029
655
606
1945
2833
2136
596
332
289
3154
926
1059
3336
1422
778
1080
7080
1718
3960
3984
1284
737
5383
738
3767
1490
1271
519
2542
1036
3067
5146
939
1463
9843
2180
15197
9872
2642
2575
3999
7704
2190
1227
3903
2302
1859
1205
969
2873
1380
1575
1313
3576
2671
1748
1498
11018
1079
1523
12500
1927
3153
4367
1200
1181
1443
1805
16495
703
535
1974
1681
209
359
123
121
108
2138
3701
603
446
13889
566
235
1509
817
108
2502
315
215
411
534
829
1964
543
532
1863
537
472
561
8624
374
3074
2159
273
420
488
19376
449
4198
287
1560
54
1392
1512
4285
334
411
1222
418
317
246
0
0
0
379
378
654
699
879
1008
927
534
816
488
2257
995
2165
2334
1394
428
80
396
2790
1819
778
463
1144
3161
152
229
207
370
433
977
3140
3925
934
364
227
213
626
7669
15788
783
1587
2091
482
281
1490
17874
1572
5636
1075
3284
3828
778
706
2449
518
3469
7932
606
2444
1991
4621
1201
1944
907
3195
943
999
17835
949
1637
1377
401
3687
1616
909
11168
2172
2256
1967
854
10954
29508
2579
7014
1824
1077
796
1487
686
654
4826
9172
4143
2833
23596
1511
6409
2855
2732
11959
696
459
1648
7713
1472
5299
1206
1251
2531
1565
26465
1556
556
394
590
517
134
578
5471
1324
356
372
430
3502
588
672
322
290
1336
2506
347
637
332
9064
428
244
256
148
286
236
241
1481
605
639
1263
485
495
378
2751
2101
590
1599
1520
234
1955
382
1165
3765
253
807
302
273
869
710
701
379
378
654
0
0
0
180
728
5555
469
1238
408
741
610
697
867
2163
824
1031
1434
4180
66
176
86
453
547
504
731
2772
2270
511
584
2657
906
185
421
1267
2756
745
193
3674
269
473
7076
766
16161
319
1068
345
95
294
667
1058
1380
591
2903
12839
1573
2294
2152
20939
670
1440
1795
1773
2456
2040
2557
4094
2230
3870
1159
5275
1559
2360
3133
1451
28308
1209
716
5991
3194
2682
16366
890
21159
7727
2199
2944
8084
665
478
14019
1353
593
7721
3969
4707
4325
995
3293
1944
1755
2614
732
1062
5159
5056
2771
1903
3070
19493
874
4749
265
2815
801
888
401
759
2033
3419
4184
2553
697
798
581
628
604
666
847
562
881
213
1708
1642
685
184
4038
452
1052
502
1906
301
829
252
1120
555
419
333
254
637
649
197
5172
129
1050
2306
1483
878
947
790
312
320
388
3718
12226
427
699
879
1008
180
728
5555
0
0
0
417
75
107
468
312
733
398
1505
607
773
754
1174
487
331
183
287
90
260
2417
425
1325
8135
4866
2732
819
1585
1843
971
666
1504
193
138
1619
1723
679
1270
758
29633
1026
275
635
410
4675
833
1775
426
907
855
1951
32845
3067
1869
937
1611
846
723
5310
1538
2946
6271
2674
2421
41405
1277
22318
14931
1589
2496
1710
729
936
507
3382
3482
3697
3405
3478
913
3539
4461
732
905
698
2389
1388
6107
7427
10185
2621
2714
3194
4751
585
5860
1875
5885
4172
1590
975
1072
1865
1664
23024
50584
715
2430
329
382
920
435
746
3729
2750
7566
3583
1888
1585
251
858
402
1918
790
188
373
683
686
309
584
287
1212
1755
376
496
1204
338
222
399
302
271
631
426
688
1166
1905
164
270
722
1646
935
2247
207
986
7038
534
613
388
706
707
3570
927
534
816
469
1238
408
417
75
107
0
0
0
360
264
442
1409
623
608
425
1133
2511
933
737
951
284
56
300
270
1939
1425
1013
653
2009
16563
2824
944
1181
12895
1221
307
1350
7185
330
445
396
3956
878
1498
468
597
376
6562
11748
697
853
825
633
1784
1952
855
487
2409
554
612
1454
427
2339
9094
1407
4858
1118
6188
1359
1035
16846
38988
1633
1980
14681
10146
1670
8401
3534
10690
1142
6646
557
3039
1133
1659
1147
1116
1045
4243
5162
1422
3352
3305
1180
2396
6086
1491
10223
4274
909
10357
2256
1974
1380
408
935
13191
1348
2014
832
1439
1247
353
2112
679
1406
1582
347
1487
1590
379
306
277
908
3321
709
466
889
784
638
1002
1051
2189
560
595
602
1156
2233
4241
1056
363
432
566
495
450
265
1068
4982
1628
431
290
812
435
1133
504
82
328
8237
6891
573
1028
2999
994
488
2257
995
741
610
697
468
312
733
360
264
442
0
0
0
1884
2382
1951
1016
456
11886
1824
695
1447
1661
671
415
2127
2309
19244
8181
4794
2348
445
1278
11954
973
2568
5463
858
2040
1059
268
2744
103
765
1157
403
1298
1868
2379
644
26477
1060
1926
26138
2134
19030
1286
633
2084
723
2328
661
14032
771
3512
2385
2953
809
930
1392
549
858
1473
1572
2389
2129
1303
1017
826
5522
1573
2572
7622
12411
1616
1742
10789
3599
2125
2087
1748
677
502
4780
7872
856
2393
9782
21721
1027
2658
960
3586
3254
1767
1341
981
11074
494
1935
2363
8612
631
782
180
1485
1428
523
321
1723
177
380
274
262
448
2202
1283
428
842
947
325
399
867
414
1985
228
551
226
619
406
1051
553
345
1020
390
364
1447
605
470
1279
358
224
514
456
684
1069
400
14538
1607
2568
3529
307
559
255
776
285
2165
2334
1394
867
2163
824
398
1505
607
1409
623
608
1884
2382
1951
0
0
0
1740
512
814
925
1062
475
1085
544
2697
446
762
686
481
367
3016
308
484
339
626
728
371
891
403
1156
1871
11165
2984
857
2702
3511
3254
3071
629
682
350
193
4719
5579
885
8443
1691
1192
1492
1491
29146
2506
2904
905
733
978
11829
3430
1750
1707
2415
4424
798
985
4324
38921
2597
6125
2259
2337
1943
2582
1999
22322
2277
2105
1309
1591
2923
4517
6772
3648
1641
1056
1339
8371
496
2197
6862
2508
3128
1233
670
3183
1602
3271
6769
1869
4706
5979
1098
6702
793
873
328
1274
2224
692
1623
257
9071
889
394
1011
319
993
436
345
700
818
2425
4748
312
5875
15578
5270
2027
1540
625
1729
17093
258
958
2621
5129
827
9254
548
291
645
1355
360
667
457
647
245
165
422
890
670
687
809
863
412
251
361
428
80
396
1031
1434
4180
773
754
1174
425
1133
2511
1016
456
11886
1740
512
814
0
0
0
955
6069
1267
25229
2342
2628
1359
732
175
750
900
1362
6180
589
581
10756
410
395
25443
5623
2983
1856
482
22147
262
4473
130
2258
1297
1695
1660
4205
615
8169
3436
1809
2364
1078
12024
1067
932
2885
18105
23443
3654
746
2295
11478
1836
1908
700
7807
622
1251
5098
659
434
13622
7231
1502
1583
772
896
9705
2760
8940
1514
8954
505
7191
2903
3954
4686
8667
829
9455
2803
952
6043
1371
6350
2984
1382
966
5228
2322
926
3777
1436
1166
2921
2198
7620
871
1195
677
698
1192
736
504
466
1040
314
425
380
761
10889
499
2060
618
2645
2086
3599
1179
212
946
1591
380
1561
296
326
610
287
2993
1134
367
209
230
2232
3275
27703
870
417
598
363
1248
6090
607
2396
3610
742
4837
303
2310
1960
1405
532
2790
1819
778
66
176
86
487
331
183
933
737
951
1824
695
1447
925
1062
475
955
6069
1267
0
0
0
303
522
539
3409
710
1276
1423
2606
2212
315
6341
726
303
809
1152
475
1289
108
1083
1187
1648
2616
1375
1174
196
228
250
1350
491
1684
557
840
1520
3242
3575
4141
3623
385
1223
484
931
626
3493
2204
2455
1035
2698
13582
1138
1529
9935
4797
1868
2511
506
740
1653
3778
11977
2876
12670
1150
3521
2553
3238
3708
971
492
5028
8716
1202
3137
4295
716
5410
2243
2010
7103
1702
1276
1111
1345
8119
2154
16464
1130
2288
698
2099
1507
916
375
1079
3404
346
6990
2813
1500
3315
688
5243
596
387
305
2290
434
564
645
1814
2815
2112
2697
516
1117
872
662
1279
321
442
4000
229
2907
179
408
666
342
702
987
1891
320
230
422
631
1672
6003
1320
222
1700
959
1246
6359
1148
902
2818
463
1144
3161
453
547
504
287
90
260
284
56
300
1661
671
415
1085
544
2697
25229
2342
2628
303
522
539
0
0
0
1061
8218
4783
6398
1733
444
801
782
1392
926
1868
3069
139
1866
383
559
1190
11605
573
2024
956
118
2255
297
1352
687
2852
4642
981
429
1551
1407
917
14665
887
867
301
434
650
2054
2914
1610
2155
1245
1093
2279
3421
2124
700
1994
2350
1714
1091
1637
2105
3565
1830
1692
927
2878
1216
9512
48921
617
4332
4887
1279
831
516
428
77851
6465
12862
4980
1377
17024
3207
2858
2551
1773
2998
10728
9338
1321
864
561
1422
4581
300
380
918
564
708
798
4517
1078
1239
742
193
471
1256
891
317
1176
3391
853
1506
720
573
1087
786
329
436
536
1164
725
564
4371
524
727
282
589
444
173
613
8084
293
14011
1258
303
370
5621
1564
499
285
360
824
14783
2366
186
239
152
229
207
731
2772
2270
2417
425
1325
270
1939
1425
2127
2309
19244
446
762
686
1359
732
175
3409
710
1276
1061
8218
4783
0
0
0
866
141
128
21089
1167
2223
129
156
439
1908
5309
1326
958
984
934
803
1678
1091
1004
7149
9509
1441
357
210
1879
1569
9544
1155
1164
2549
760
1026
8164
17130
2423
3406
444
3449
5885
1297
6900
2398
752
2110
2050
1411
1523
3923
1474
2099
47764
56631
4222
11384
14454
1487
11393
3233
688
2690
911
953
1350
1477
1840
4646
1615
1622
703
1186
1523
2067
2153
664
2828
4891
24774
2779
3720
2180
5427
5145
3214
2486
1006
360
1978
385
2621
616
1349
348
1984
6585
598
456
971
811
2959
1645
17715
650
2087
2268
822
597
1683
310
3521
821
811
2734
647
4220
928
502
1266
2950
304
1414
1736
2047
1666
1915
1796
9407
4781
843
385
1032
1599
15408
508
13347
2637
3524
249
1814
370
433
977
511
584
2657
8135
4866
2732
1013
653
2009
8181
4794
2348
481
367
3016
750
900
1362
1423
2606
2212
6398
1733
444
866
141
128
0
0
0
7620
1476
719
351
115
600
978
1258
6946
14395
778
4376
655
4245
553
1835
5674
413
542
153
133
2241
2604
31092
1951
4936
14980
15046
6852
3420
2274
434
1437
1320
1146
414
1780
2934
1692
12801
2622
17577
1314
3505
2317
3434
2365
785
9284
2423
2039
2050
815
1887
1703
18021
1393
4984
2258
3710
1716
2774
3247
2304
1940
3944
7839
11175
2314
965
1252
7101
12086
20794
7981
941
10808
6540
1207
10445
26988
1307
648
986
4043
908
2308
793
19822
1739
2372
982
2382
368
1628
495
430
1275
4334
596
421
746
571
1206
943
303
854
691
4191
1109
1773
560
3039
1384
132
2307
265
913
649
1232
556
646
5594
12364
2513
791
2211
1217
529
267
358
1541
199
4183
2648
3140
3925
934
906
185
421
819
1585
1843
16563
2824
944
445
1278
11954
308
484
339
6180
589
581
315
6341
726
801
782
1392
21089
1167
2223
7620
1476
719
0
0
0
706
3458
704
840
1279
3725
881
780
1624
733
1465
1129
391
2623
958
888
2228
131
1589
1178
2832
2648
1082
8258
2659
12223
4413
1181
1120
2818
3597
1635
10329
1619
652
1507
4327
1583
11314
4904
2753
2318
2255
948
5188
1897
566
3976
1276
2383
2132
2521
5565
13313
2917
1190
3466
2296
3103
3140
1665
2105
467
441
2647
1004
1953
1140
1724
1723
26320
6044
2258
1515
10525
1980
610
1073
512
6210
747
1260
923
516
357
1024
1307
6122
728
740
1486
742
12496
425
345
1663
706
1828
1178
1209
231
1039
3429
1159
1896
788
2087
686
829
1224
28680
343
378
2430
541
4352
1095
775
523
1451
1187
3242
517
470
4313
1817
451
2129
564
2528
503
975
364
227
213
1267
2756
745
971
666
1504
1181
12895
1221
973
2568
5463
626
728
371
10756
410
395
303
809
1152
926
1868
3069
129
156
439
351
115
600
706
3458
704
0
0
0
4957
1785
1190
359
2799
1463
10888
1962
761
2962
567
1127
9836
2922
8907
1447
2195
6588
12529
6727
29380
682
2018
1464
1195
1401
13205
361
1618
4193
1048
888
1710
2672
9467
682
366
792
825
1725
4092
9942
2156
10075
1708
1862
4984
2883
550
826
3236
1788
5049
1656
1751
2376
2486
2285
1376
1083
4767
2385
944
1383
14875
1295
9022
4981
7786
5281
2942
7874
2581
2536
1080
1167
282
2131
1754
3636
789
783
1339
3307
501
1018
598
560
553
554
1208
617
878
473
750
1680
792
437
237
2603
1923
316
291
1757
10221
223
225
669
551
2425
598
703
4618
1072
949
800
5769
637
706
1651
594
5516
734
820
505
355
6109
1113
3449
626
7669
15788
193
3674
269
193
138
1619
307
1350
7185
858
2040
1059
891
403
1156
25443
5623
2983
475
1289
108
139
1866
383
1908
5309
1326
978
1258
6946
840
1279
3725
4957
1785
1190
0
0
0
3662
1677
757
680
3745
2428
547
748
188
2525
3486
3924
316
4218
746
2230
554
3643
1096
2502
1711
521
560
7764
8245
1118
1485
11994
2346
1875
2800
9482
6708
795
17264
3410
746
569
724
4193
1068
1538
798
1545
1011
1401
1153
531
1088
440
2544
1936
8941
906
1157
2480
1916
616
7037
1317
18660
1213
1631
1582
4155
786
1432
669
2537
20182
1684
1301
890
589
14699
2516
1286
344
243
447
13076
1229
998
464
1189
1197
483
230
733
2420
887
1012
410
458
1791
305
503
2608
5323
6154
835
10535
438
589
170
4454
43449
904
2886
321
1536
967
432
864
634
2566
850
372
592
443
1341
4534
936
13047
1131
569
783
1587
2091
473
7076
766
1723
679
1270
330
445
396
268
2744
103
1871
11165
2984
1856
482
22147
1083
1187
1648
559
1190
11605
958
984
934
14395
778
4376
881
780
1624
359
2799
1463
3662
1677
757
0
0
0
1480
357
1019
4788
2602
310
750
1015
2294
473
1740
12547
423
447
4935
2740
1322
961
1163
2687
1516
5765
1175
1521
840
1316
1909
1189
2667
3451
1518
762
693
14772
7576
3783
558
8193
3545
2289
2784
4368
2200
37662
4125
738
13192
1620
4148
2646
8942
608
3844
793
1065
4708
2070
797
1077
816
1851
1219
1711
918
832
779
2686
2210
2341
1223
1163
2681
1530
658
188
5298
1429
760
4376
452
760
1785
487
1469
528
560
639
868
304
690
1032
1990
1693
1029
891
11417
1397
614
2090
1780
524
942
888
1155
2323
268
477
405
499
1646
2836
6755
4760
2897
665
12472
773
1472
3465
653
1029
655
606
482
281
1490
16161
319
1068
758
29633
1026
3956
878
1498
765
1157
403
857
2702
3511
262
4473
130
2616
1375
1174
573
2024
956
803
1678
1091
655
4245
553
733
1465
1129
10888
1962
761
680
3745
2428
1480
357
1019
0
0
0
2774
1743
6755
1147
949
5416
23315
16764
1979
2868
2301
1269
2540
3401
713
1736
1475
5713
1484
1126
892
3324
3288
767
622
1039
961
639
763
504
6784
4880
4057
14307
1963
846
1056
24505
2763
1230
5182
5061
1990
1573
2661
1368
23026
705
1916
2053
1643
784
6439
7691
1168
49766
3300
3665
1143
1227
3059
1268
13281
16747
5923
6044
1843
680
1166
1004
1022
4333
5499
2948
2347
237
559
377
2963
2745
2869
2375
3240
6368
788
710
9992
934
553
586
1943
890
234
2837
717
2401
1333
4338
838
4324
490
11099
1328
1336
3470
617
476
7364
932
7344
763
825
1162
881
196
860
2565
1945
2833
2136
17874
1572
5636
345
95
294
275
635
410
468
597
376
1298
1868
2379
3254
3071
629
2258
1297
1695
196
228
250
118
2255
297
1004
7149
9509
1835
5674
413
391
2623
958
2962
567
1127
547
748
188
4788
2602
310
2774
1743
6755
0
0
0
7001
2826
7585
2230
1148
867
3927
1416
657
4472
2952
1996
982
1366
235
2962
4295
7265
14007
1574
2993
3808
1849
5828
3663
1197
725
795
1016
2100
1558
2371
12122
4301
2979
3549
3920
2713
4260
3419
756
1862
8063
3227
2316
4335
14042
2227
3516
7368
24133
3538
4437
1313
34824
13561
486
6204
36190
1865
4553
1133
1862
324
1064
854
1398
1054
578
298
2022
1701
1166
4548
4461
2707
320
1383
6525
1016
2175
1109
620
1010
2540
437
3846
14827
5678
801
812
547
2991
1000
1553
1154
238
2039
676
858
663
8222
1376
740
11306
399
734
3028
14325
879
1087
720
1983
1728
596
332
289
1075
3284
3828
667
1058
1380
4675
833
1775
6562
11748
697
644
26477
1060
682
350
193
1660
4205
615
1350
491
1684
1352
687
2852
1441
357
210
542
153
133
888
2228
131
9836
2922
8907
2525
3486
3924
750
1015
2294
1147
949
5416
7001
2826
7585
0
0
0
737
4816
1465
4887
629
1987
13363
18341
785
2417
5801
1502
3201
2634
876
4069
1019
1150
21025
896
1197
498
6928
694
2411
3052
1309
5960
4699
2397
16285
6076
2117
5021
1094
2589
4278
882
2936
2296
3206
1623
1555
1712
7434
2815
3282
616
26388
1178
3393
7061
2198
2196
4997
2114
7560
2067
969
3045
5390
2219
18668
2914
564
19344
563
10993
1267
2629
1592
687
1933
1411
4303
794
1364
2262
1412
1374
1285
1036
6843
954
597
2092
537
3738
1504
5674
612
2297
1641
708
1705
2022
334
4204
2482
652
1160
275
5286
25028
1136
925
541
3622
13615
4335
646
3154
926
1059
778
706
2449
591
2903
12839
426
907
855
853
825
633
1926
26138
2134
4719
5579
885
8169
3436
1809
557
840
1520
4642
981
429
1879
1569
9544
2241
2604
31092
1589
1178
2832
1447
2195
6588
316
4218
746
473
1740
12547
23315
16764
1979
2230
1148
867
737
4816
1465
0
0
0
842
1253
2527
1045
2772
1374
313
499
3610
2861
2499
7913
2034
1230
2892
2614
4134
38099
1422
5096
2510
867
322
309
4360
819
1696
747
274
558
3863
4956
9044
363
958
416
1138
1993
1312
1964
2091
2753
6907
1846
2081
9855
4947
9023
4415
1054
2088
2930
467
397
1099
577
557
775
2031
5623
3687
2991
13468
1354
1815
1427
1540
1362
982
996
808
679
426
563
2787
2439
447
4370
12211
704
1051
832
8311
4895
2216
732
1213
1771
1324
1574
4903
608
942
738
2207
964
6085
1722
2117
1306
7607
7371
1071
2453
4131
3602
880
445
3336
1422
778
518
3469
7932
1573
2294
2152
1951
32845
3067
1784
1952
855
19030
1286
633
8443
1691
1192
2364
1078
12024
3242
3575
4141
1551
1407
917
1155
1164
2549
1951
4936
14980
2648
1082
8258
12529
6727
29380
2230
554
3643
423
447
4935
2868
2301
1269
3927
1416
657
4887
629
1987
842
1253
2527
0
0
0
2704
94
174
708
1166
1482
9947
23316
5386
403
889
1010
1592
2094
4609
1455
3982
2558
13524
1903
1123
2026
9907
1029
3147
2134
2178
3109
22224
1417
3535
1032
6027
354
1439
223
3509
1754
1925
3887
4191
3691
2360
2080
2924
1344
508
542
1179
605
485
25592
1303
1474
2315
2100
2479
3315
1171
1574
2849
2318
1044
1552
642
6253
2250
597
3345
2221
754
13011
2077
1908
1785
959
17697
1234
745
1858
2050
941
2937
838
13650
5817
589
1508
4586
3062
832
2207
1292
1395
1638
1350
4532
826
5252
1838
838
843
10234
1050
915
1080
7080
1718
606
2444
1991
20939
670
1440
1869
937
1611
487
2409
554
2084
723
2328
1492
1491
29146
1067
932
2885
3623
385
1223
14665
887
867
760
1026
8164
15046
6852
3420
2659
12223
4413
682
2018
1464
1096
2502
1711
2740
1322
961
2540
3401
713
4472
2952
1996
13363
18341
785
1045
2772
1374
2704
94
174
0
0
0
3069
1287
7716
6683
1502
16123
2330
7141
765
3611
46101
9161
5491
73191
21236
908
469
793
1747
534
2803
418
1872
474
4610
1426
28553
1918
522
1031
556
1354
489
5165
6711
9884
3362
12726
3237
2148
3693
2296
2053
675
658
4285
660
1905
1469
873
3100
1146
1575
657
2553
4212
13569
2154
662
1888
2279
1466
600
982
606
492
1452
12689
363
3306
372
7699
737
873
2587
833
10064
3950
602
1220
911
3250
997
6431
2017
7544
7205
1210
2756
4403
1972
652
2447
2189
2764
3378
1290
1752
1687
3554
2391
2931
3960
3984
1284
4621
1201
1944
1795
1773
2456
846
723
5310
612
1454
427
661
14032
771
2506
2904
905
18105
23443
3654
484
931
626
301
434
650
17130
2423
3406
2274
434
1437
1181
1120
2818
1195
1401
13205
521
560
7764
1163
2687
1516
1736
1475
5713
982
1366
235
2417
5801
1502
313
499
3610
708
1166
1482
3069
1287
7716
0
0
0
29391
2507
1820
3421
1979
2806
3480
3295
4440
1838
2498
3575
267
491
321
13458
2449
683
505
379
4415
4215
1113
3667
2290
458
418
8102
1053
1377
8523
5178
10157
888
4442
5332
1749
1330
4488
2072
619
3153
414
1834
2083
6119
448
1287
928
4569
1228
1198
2012
2259
2372
6388
789
967
1286
8638
1914
3081
2572
445
2948
595
1491
35349
1174
4032
26963
672
1122
926
817
1440
1448
3901
1645
2934
1419
635
2785
2074
1941
1932
6037
2308
799
1398
1229
1194
10166
2447
1110
1461
1218
1297
739
737
5383
738
907
3195
943
2040
2557
4094
1538
2946
6271
2339
9094
1407
3512
2385
2953
733
978
11829
746
2295
11478
3493
2204
2455
2054
2914
1610
444
3449
5885
1320
1146
414
3597
1635
10329
361
1618
4193
8245
1118
1485
5765
1175
1521
1484
1126
892
2962
4295
7265
3201
2634
876
2861
2499
7913
9947
23316
5386
6683
1502
16123
29391
2507
1820
0
0
0
2237
6440
3627
477
3588
489
1805
4640
6118
3114
4990
21500
2740
1749
1462
2779
4958
4556
435
1889
91
1833
7122
8001
1529
20457
3664
3625
1018
27246
3235
6508
6370
844
372
2251
28828
2000
2803
34816
3948
1694
885
6726
5295
811
2551
3185
1262
981
10065
475
1074
3847
12516
1579
1266
12471
495
1578
3073
1327
1811
1417
3130
2592
1579
4585
4054
1317
34626
8341
1806
2024
1993
1675
1089
6551
1532
528
1472
808
1654
1094
1327
32454
3495
1022
820
934
301
1409
11898
564
2479
5285
3767
1490
1271
999
17835
949
2230
3870
1159
2674
2421
41405
4858
1118
6188
809
930
1392
3430
1750
1707
1836
1908
700
1035
2698
13582
2155
1245
1093
1297
6900
2398
1780
2934
1692
1619
652
1507
1048
888
1710
11994
2346
1875
840
1316
1909
3324
3288
767
14007
1574
2993
4069
1019
1150
2034
1230
2892
403
889
1010
2330
7141
765
3421
1979
2806
2237
6440
3627
0
0
0
1525
1888
916
2180
4491
3516
7098
891
514
429
1328
712
3225
6594
1738
3124
1644
1547
33624
517
1350
792
579
926
4300
4448
4033
2928
2276
2473
4262
3407
5248
907
681
8286
1346
659
724
4163
2574
6449
16287
669
2425
865
643
1243
445
5578
4319
1115
1766
1459
2144
1619
5251
2054
639
4175
4256
6598
5529
1604
950
1273
23969
778
2379
909
2846
2148
1177
1295
7473
1719
1302
1133
2540
14327
1405
2011
6453
2541
1887
717
2431
999
2993
4068
1084
7096
2951
519
2542
1036
1637
1377
401
5275
1559
2360
1277
22318
14931
1359
1035
16846
549
858
1473
2415
4424
798
7807
622
1251
1138
1529
9935
2279
3421
2124
752
2110
2050
12801
2622
17577
4327
1583
11314
2672
9467
682
2800
9482
6708
1189
2667
3451
622
1039
961
3808
1849
5828
21025
896
1197
2614
4134
38099
1592
2094
4609
3611
46101
9161
3480
3295
4440
477
3588
489
1525
1888
916
0
0
0
260
578
2471
884
878
5542
5195
1353
1237
95893
5194
1645
385
287
432
9086
24618
11912
2615
7239
5613
3858
1742
13410
2502
1675
1993
2340
13808
1091
14120
4474
5422
8173
2412
3508
7563
10673
5032
757
843
746
1561
959
13888
3446
802
570
876
8028
2295
1927
424
2520
5425
1183
3136
5248
10388
2790
1402
1871
533
1249
1482
3983
1560
704
1213
1509
1016
9617
7873
1272
6395
13394
1608
1623
1893
4772
4165
3059
633
1781
1217
1257
4942
4752
3831
2418
3067
5146
939
3687
1616
909
3133
1451
28308
1589
2496
1710
38988
1633
1980
1572
2389
2129
985
4324
38921
5098
659
434
4797
1868
2511
700
1994
2350
1411
1523
3923
1314
3505
2317
4904
2753
2318
366
792
825
795
17264
3410
1518
762
693
639
763
504
3663
1197
725
498
6928
694
1422
5096
2510
1455
3982
2558
5491
73191
21236
1838
2498
3575
1805
4640
6118
2180
4491
3516
260
578
2471
0
0
0
2935
3123
3915
4408
6246
7585
1916
2152
4060
784
2243
804
1831
4138
2407
1998
1694
5275
2613
1872
5595
2704
3275
20591
15892
4606
5001
1717
2292
2345
1345
2073
45919
8339
2483
6095
1165
633
28125
6849
5318
5699
2179
2260
1438
1627
2754
11589
844
1441
1260
581
1652
1671
1229
3226
1890
2223
1600
805
2197
960
774
509
1272
971
11403
5148
2474
1375
1291
713
1283
1530
2759
877
434
1408
1855
2760
1471
1361
4941
1552
10175
916
3447
1463
9843
2180
11168
2172
2256
1209
716
5991
729
936
507
14681
10146
1670
1303
1017
826
2597
6125
2259
13622
7231
1502
506
740
1653
1714
1091
1637
1474
2099
47764
3434
2365
785
2255
948
5188
1725
4092
9942
746
569
724
14772
7576
3783
6784
4880
4057
795
1016
2100
2411
3052
1309
867
322
309
13524
1903
1123
908
469
793
267
491
321
3114
4990
21500
7098
891
514
884
878
5542
2935
3123
3915
0
0
0
8381
10977
1038
173
250
1981
5716
9766
2401
337
108
1280
860
2053
1647
3990
12138
2548
3536
5902
2788
9413
1945
2485
1255
10370
11489
556
733
518
905
4945
1035
7755
14187
1001
623
2260
1786
25097
1825
1308
2651
2075
2579
3924
3371
1366
1888
18590
4135
2956
1354
6574
2949
1518
1984
2722
2267
1045
9502
5900
9664
1134
2073
23198
14005
2732
1185
785
4598
1208
1942
2609
680
463
1805
904
1900
986
1156
620
49609
1513
15197
9872
2642
1967
854
10954
3194
2682
16366
3382
3482
3697
8401
3534
10690
5522
1573
2572
2337
1943
2582
1583
772
896
3778
11977
2876
2105
3565
1830
56631
4222
11384
9284
2423
2039
1897
566
3976
2156
10075
1708
4193
1068
1538
558
8193
3545
14307
1963
846
1558
2371
12122
5960
4699
2397
4360
819
1696
2026
9907
1029
1747
534
2803
13458
2449
683
2740
1749
1462
429
1328
712
5195
1353
1237
4408
6246
7585
8381
10977
1038
0
0
0
4843
1584
1908
3878
1409
1124
2882
1961
26898
459
3313
6742
2684
1815
4630
3625
2231
1699
4619
2866
7535
2004
1439
1734
5115
3016
3957
4842
11047
6333
1166
1178
1213
1568
2278
1071
2687
1903
1572
736
974
31803
890
3335
675
1442
1588
2582
1920
2735
4467
443
1002
1472
3128
1894
24351
540
1694
9504
539
1346
636
1871
2225
619
2471
4466
1264
7371
731
7338
2888
17744
8180
1104
2817
4644
5076
2369
1831
2575
3999
7704
29508
2579
7014
890
21159
7727
3405
3478
913
1142
6646
557
7622
12411
1616
1999
22322
2277
9705
2760
8940
12670
1150
3521
1692
927
2878
14454
1487
11393
2050
815
1887
1276
2383
2132
1862
4984
2883
798
1545
1011
2289
2784
4368
1056
24505
2763
4301
2979
3549
16285
6076
2117
747
274
558
3147
2134
2178
418
1872
474
505
379
4415
2779
4958
4556
3225
6594
1738
95893
5194
1645
1916
2152
4060
173
250
1981
4843
1584
1908
0
0
0
3625
1649
5938
73
326
823
1171
3553
1352
2477
4649
6107
989
2521
1919
7728
15084
1181
2103
1168
1178
799
601
452
1283
26843
1455
705
916
3110
15247
2048
1166
1793
1321
19774
2846
1931
1875
4381
1600
3308
3630
464
2088
3936
1946
1035
4078
890
1201
2096
2632
1443
4169
2696
6048
1915
1128
1437
7718
784
779
5364
1778
1893
3542
1784
725
11867
510
729
2466
8991
14571
2454
29243
733
2190
1227
3903
1824
1077
796
2199
2944
8084
3539
4461
732
3039
1133
1659
1742
10789
3599
2105
1309
1591
1514
8954
505
2553
3238
3708
1216
9512
48921
3233
688
2690
1703
18021
1393
2521
5565
13313
550
826
3236
1401
1153
531
2200
37662
4125
1230
5182
5061
3920
2713
4260
5021
1094
2589
3863
4956
9044
3109
22224
1417
4610
1426
28553
4215
1113
3667
435
1889
91
3124
1644
1547
385
287
432
784
2243
804
5716
9766
2401
3878
1409
1124
3625
1649
5938
0
0
0
4396
3139
5639
2110
3022
5400
514
2245
1797
5271
5823
1334
363
1112
602
7008
8801
7146
46275
5278
4635
1858
3254
3718
800
2769
818
1474
1383
703
2128
1459
2511
3822
3489
2013
2936
1303
14511
717
4364
4166
2559
2086
3132
1023
3664
4582
723
977
2008
1737
4241
728
1085
2753
971
43885
1322
3948
1340
1732
6196
4917
12941
1002
5972
14417
17298
2613
883
557
875
1980
954
2302
1859
1205
1487
686
654
665
478
14019
905
698
2389
1147
1116
1045
2125
2087
1748
2923
4517
6772
7191
2903
3954
971
492
5028
617
4332
4887
911
953
1350
4984
2258
3710
2917
1190
3466
1788
5049
1656
1088
440
2544
738
13192
1620
1990
1573
2661
3419
756
1862
4278
882
2936
363
958
416
3535
1032
6027
1918
522
1031
2290
458
418
1833
7122
8001
33624
517
1350
9086
24618
11912
1831
4138
2407
337
108
1280
2882
1961
26898
73
326
823
4396
3139
5639
0
0
0
1418
946
29937
24868
3217
10368
2242
4524
1819
9000
14789
25427
502
1234
1163
437
1482
6253
482
1769
1857
1911
1005
3101
7500
2729
3001
3256
6097
9624
2371
5236
1790
1344
3338
3632
596
1130
626
1540
881
2276
522
1775
11464
1948
4431
2404
5201
1508
2351
894
2339
1194
3786
2274
836
1456
3624
4105
3954
18113
1072
4049
4170
1937
1142
992
2380
2921
1803
1359
969
2873
1380
4826
9172
4143
1353
593
7721
1388
6107
7427
4243
5162
1422
677
502
4780
3648
1641
1056
4686
8667
829
8716
1202
3137
1279
831
516
1477
1840
4646
1716
2774
3247
2296
3103
3140
1751
2376
2486
1936
8941
906
4148
2646
8942
1368
23026
705
8063
3227
2316
2296
3206
1623
1138
1993
1312
354
1439
223
556
1354
489
8102
1053
1377
1529
20457
3664
792
579
926
2615
7239
5613
1998
1694
5275
860
2053
1647
459
3313
6742
1171
3553
1352
2110
3022
5400
1418
946
29937
0
0
0
7242
4636
4934
1594
2221
1271
3354
3623
15409
91
624
369
3675
332
902
19592
3266
5225
3431
6572
7087
1662
910
12656
1867
1749
931
1229
2333
1090
881
1198
53963
3041
8191
4124
1528
2978
5915
1497
6268
3085
3016
3769
1438
2012
4621
1532
7357
4125
996
1042
939
4163
1140
2965
4277
6168
1923
844
3397
534
13565
2534
8842
6566
7563
1949
4597
1575
1313
3576
2833
23596
1511
3969
4707
4325
10185
2621
2714
3352
3305
1180
7872
856
2393
1339
8371
496
9455
2803
952
4295
716
5410
428
77851
6465
1615
1622
703
2304
1940
3944
1665
2105
467
2285
1376
1083
1157
2480
1916
608
3844
793
1916
2053
1643
4335
14042
2227
1555
1712
7434
1964
2091
2753
3509
1754
1925
5165
6711
9884
8523
5178
10157
3625
1018
27246
4300
4448
4033
3858
1742
13410
2613
1872
5595
3990
12138
2548
2684
1815
4630
2477
4649
6107
514
2245
1797
24868
3217
10368
7242
4636
4934
0
0
0
704
1461
3569
1355
1816
1518
2297
3361
8771
5772
4595
3700
1831
1749
4752
1051
2417
1257
24999
811
2648
2133
1058
5015
634
1491
2249
2388
670
9670
4419
3478
6189
9297
2063
2243
2441
2480
28524
21103
1129
1775
737
2472
1128
7527
19444
2911
16346
1276
1073
2357
26906
1167
2621
3768
3341
3759
1403
887
2972
2349
2158
700
1038
4480
2671
1748
1498
6409
2855
2732
995
3293
1944
3194
4751
585
2396
6086
1491
9782
21721
1027
2197
6862
2508
6043
1371
6350
2243
2010
7103
12862
4980
1377
1186
1523
2067
7839
11175
2314
441
2647
1004
4767
2385
944
616
7037
1317
1065
4708
2070
784
6439
7691
3516
7368
24133
2815
3282
616
6907
1846
2081
3887
4191
3691
3362
12726
3237
888
4442
5332
3235
6508
6370
2928
2276
2473
2502
1675
1993
2704
3275
20591
3536
5902
2788
3625
2231
1699
989
2521
1919
5271
5823
1334
2242
4524
1819
1594
2221
1271
704
1461
3569
0
0
0
31836
1128
3013
2000
2227
4755
2488
10176
1868
12174
1144
2243
941
2281
3940
6128
3816
3042
842
1566
3465
2794
13149
9788
2159
992
75679
10139
1720
50535
1351
20034
1118
1395
2155
2065
6365
1096
2791
1942
1110
11441
29827
4291
5995
2682
1342
1460
12094
3251
982
2878
1629
4620
15098
663
1309
3759
1487
25101
4571
4130
789
11018
1079
1523
11959
696
459
1755
2614
732
5860
1875
5885
10223
4274
909
2658
960
3586
3128
1233
670
2984
1382
966
1702
1276
1111
17024
3207
2858
2153
664
2828
965
1252
7101
1953
1140
1724
1383
14875
1295
18660
1213
1631
797
1077
816
1168
49766
3300
3538
4437
1313
26388
1178
3393
9855
4947
9023
2360
2080
2924
2148
3693
2296
1749
1330
4488
844
372
2251
4262
3407
5248
2340
13808
1091
15892
4606
5001
9413
1945
2485
4619
2866
7535
7728
15084
1181
363
1112
602
9000
14789
25427
3354
3623
15409
1355
1816
1518
31836
1128
3013
0
0
0
4416
15786
2327
4139
10226
13830
2458
3673
6894
3980
3725
1923
2222
1461
1275
1583
5552
1350
2218
4211
939
1826
954
849
1529
15995
4409
12646
1982
2197
8487
3993
988
1101
4744
1910
1092
1228
3239
2600
1790
1461
13250
2576
4881
2263
3045
1531
984
3412
13411
1789
12818
6389
550
493
959
17733
2874
3767
12500
1927
3153
1648
7713
1472
1062
5159
5056
4172
1590
975
10357
2256
1974
3254
1767
1341
3183
1602
3271
5228
2322
926
1345
8119
2154
2551
1773
2998
4891
24774
2779
12086
20794
7981
1723
26320
6044
9022
4981
7786
1582
4155
786
1851
1219
1711
3665
1143
1227
34824
13561
486
7061
2198
2196
4415
1054
2088
1344
508
542
2053
675
658
2072
619
3153
28828
2000
2803
907
681
8286
14120
4474
5422
1717
2292
2345
1255
10370
11489
2004
1439
1734
2103
1168
1178
7008
8801
7146
502
1234
1163
91
624
369
2297
3361
8771
2000
2227
4755
4416
15786
2327
0
0
0
887
3210
299
6626
1723
2318
997
11330
4062
5450
1082
1676
4786
6099
4655
6804
2242
1159
12477
1097
1600
1564
11392
27098
942
2073
954
1925
881
8159
6350
3508
2297
17977
1561
1404
2489
23526
935
5341
957
1582
3170
1146
18458
3541
13292
8004
1447
9631
1771
1585
2218
894
1385
17973
8602
4367
1200
1181
5299
1206
1251
2771
1903
3070
1072
1865
1664
1380
408
935
981
11074
494
6769
1869
4706
3777
1436
1166
16464
1130
2288
10728
9338
1321
3720
2180
5427
941
10808
6540
2258
1515
10525
5281
2942
7874
1432
669
2537
918
832
779
3059
1268
13281
6204
36190
1865
4997
2114
7560
2930
467
397
1179
605
485
4285
660
1905
414
1834
2083
34816
3948
1694
1346
659
724
8173
2412
3508
1345
2073
45919
556
733
518
5115
3016
3957
799
601
452
46275
5278
4635
437
1482
6253
3675
332
902
5772
4595
3700
2488
10176
1868
4139
10226
13830
887
3210
299
0
0
0
3332
3968
4144
1686
2984
3267
12218
26029
4995
1829
1707
29559
1208
1783
14906
5683
1632
2113
8378
3787
3333
2738
43024
4482
1662
1283
3361
3234
1886
1596
1824
2018
2872
1646
2191
1919
2213
19011
3132
3774
2662
9275
4505
2577
1026
5340
6490
1000
1770
2464
1541
9046
2735
7246
1443
1805
16495
2531
1565
26465
19493
874
4749
23024
50584
715
13191
1348
2014
1935
2363
8612
5979
1098
6702
2921
2198
7620
698
2099
1507
864
561
1422
5145
3214
2486
1207
10445
26988
1980
610
1073
2581
2536
1080
20182
1684
1301
2686
2210
2341
16747
5923
6044
4553
1133
1862
2067
969
3045
1099
577
557
25592
1303
1474
1469
873
3100
6119
448
1287
885
6726
5295
4163
2574
6449
7563
10673
5032
8339
2483
6095
905
4945
1035
4842
11047
6333
1283
26843
1455
1858
3254
3718
482
1769
1857
19592
3266
5225
1831
1749
4752
12174
1144
2243
2458
3673
6894
6626
1723
2318
3332
3968
4144
0
0
0
