C_ijk
0
0
0
171
389
350
205
171
434
150
3685
286
38
20
14
78
29
42
1943
195
208
271
489
71
1111
137
910
132
379
432
248
736
144
363
774
509
129
102
192
582
236
399
125
582
489
1334
346
417
226
13551
979
4740
10155
434
281
505
404
3515
2996
1464
393
602
20532
424
376
377
457
2440
296
995
1250
854
381
4938
2345
397
636
273
581
666
1401
310
497
415
634
1245
459
1493
472
1588
653
3481
1244
1460
317
15586
4396
543
1365
307
1239
3370
13836
299
6525
389
1440
994
1897
867
2998
1624
878
15504
2596
874
3614
4754
727
10269
2242
1956
4935
1857
803
10621
1319
767
1696
1487
398
722
419
2274
1486
1338
1064
1171
4449
1061
2355
14270
4885
2863
1459
1633
2098
1320
945
3415
2806
3488
3067
3199
802
2782
1435
2590
4646
46882
814
7910
1046
1224
2783
4425
1655
2446
171
389
350
0
0
0
359
754
356
372
197
72
1385
111
123
305
182
157
152
24
137
173
282
1157
290
1935
165
92
292
93
456
490
830
1000
668
302
249
337
572
664
2664
199
3193
240
879
330
412
531
294
170
688
912
455
409
294
5630
981
1096
290
1154
5753
908
1385
3746
590
298
1824
554
1636
1933
2306
795
7809
312
310
497
444
1088
912
481
1665
408
759
893
373
542
1008
1145
4447
917
1101
548
2237
493
7430
739
1443
359
1411
687
555
2842
410
892
555
848
537
302
5693
790
987
4037
1368
2807
1287
2648
473
1422
1279
1416
510
1017
769
2022
4468
1081
1551
1756
1262
3056
2248
960
2372
1271
11459
1040
13833
2821
5373
3934
1784
2938
6023
610
5060
2188
2117
1295
6310
2300
1486
832
2974
1327
1133
11399
4364
1301
2721
1680
7256
7174
9442
21114
1465
4559
1169
3737
205
171
434
359
754
356
0
0
0
381
419
228
287
198
121
547
201
221
347
51
127
2714
129
800
250
356
498
247
128
488
1615
148
251
1285
183
11240
552
120
84
286
366
1252
112
525
89
3437
346
3508
382
2017
897
264
680
471
453
328
250
742
708
532
945
772
661
2584
6212
953
275
3783
1838
4161
838
361
485
1003
260
2340
498
628
539
699
4058
275
646
347
4672
1807
408
796
1013
3732
490
209
388
754
4636
12538
469
1789
434
1255
404
454
969
1378
2760
5706
9890
574
1527
1201
1438
1083
16438
1573
2107
2013
1771
866
3119
763
1921
1012
2956
1921
1493
1878
617
4604
1415
1049
4532
892
22157
1727
2551
2895
2635
28689
6792
2040
15756
3729
1136
3614
2204
2962
1029
8748
1057
2870
2764
549
1025
3487
3055
1543
1080
692
1891
11167
1014
21223
27216
1979
1993
1915
2535
1962
150
3685
286
372
197
72
381
419
228
0
0
0
278
545
375
306
567
169
205
454
182
186
131
100
59
42
284
74
889
26
261
356
630
642
307
601
1260
700
294
1017
323
230
577
1054
440
569
334
1063
288
279
247
309
2428
2057
371
2111
541
217
206
322
167
832
238
266
1071
338
795
2340
453
486
608
515
3063
604
334
708
799
3653
434
711
313
499
744
850
1107
517
430
360
271
348
1382
1293
457
937
535
731
726
808
681
994
377
1062
881
319
253
13574
753
354
2505
806
2295
1936
1683
673
851
1424
756
686
757
1962
1265
2003
2685
851
1756
2573
4661
1021
1045
3877
1224
7033
4285
1296
1568
3509
2183
852
1939
1791
4536
2416
2512
1405
9607
1923
2778
1551
19842
453
68648
6433
3813
4836
2146
4911
5814
821
3218
1512
2463
1544
4234
1363
7391
3807
2977
5890
38
20
14
1385
111
123
287
198
121
278
545
375
0
0
0
12
1
2
524
175
129
50
124
53
576
368
323
1536
152
357
276
1020
179
1324
273
239
148
183
132
823
197
1332
151
1031
505
545
206
484
481
403
1049
341
766
689
615
6418
363
2002
1160
1799
807
560
1619
714
7242
2934
658
632
1272
229
1533
899
664
882
280
1685
2272
3820
2760
1972
773
489
1138
800
792
638
1442
671
1438
708
704
994
976
650
848
718
224
697
1032
1538
503
658
2423
1253
1968
622
1197
2853
1016
17702
18041
706
9220
909
1343
3755
9841
677
1573
1002
6397
1260
820
576
22479
1018
9850
3249
2019
1668
547
822
1275
4588
1208
1447
2080
19659
2013
2700
4737
2748
8713
26943
1295
654
5160
3590
765
2608
948
19053
12308
4600
7148
20627
13673
3589
26468
2999
1713
11393
778
989
1511
7113
1328
11263
78
29
42
305
182
157
547
201
221
306
567
169
12
1
2
0
0
0
385
6104
813
83
148
55
477
209
957
546
4224
303
442
66
86
177
1867
318
326
635
178
198
313
318
201
6271
533
454
1464
218
565
1002
1410
461
425
644
2013
1124
2005
230
1407
1172
902
421
3061
291
329
781
320
1746
751
662
917
414
1314
906
548
628
351
252
1277
3386
310
457
585
1123
487
455
1463
749
900
1522
4022
5036
834
2878
1888
4220
938
651
674
2389
2351
791
725
1183
755
844
348
1132
681
1646
1071
960
4114
1445
978
1477
2379
491
9753
503
1136
1255
2053
5377
4977
1479
1510
1207
456
21596
5650
1367
4024
1131
1780
3417
7218
5041
1159
1889
1399
914
14040
3148
14438
3567
14943
1220
1783
1507
6076
23256
16877
5247
891
1255
7125
3986
4367
10422
4424
4406
30033
5368
1117
2102
1984
2220
1943
195
208
152
24
137
347
51
127
205
454
182
524
175
129
385
6104
813
0
0
0
6757
276
134
3092
346
256
684
1550
323
194
1928
1453
339
5669
958
1525
240
625
161
3354
344
561
233
118
634
818
443
959
218
3193
768
438
390
155
355
328
375
3681
720
1303
1484
425
650
446
608
297
3367
6096
2252
1480
2502
418
1281
455
2080
1293
1715
658
394
666
7912
1202
185
921
610
468
658
327
5127
3617
1555
1005
807
583
1019
2565
370
1054
3147
640
3512
1136
606
426
311
669
1417
2887
3612
18824
1452
2500
2120
581
3628
1200
1112
1254
2305
858
1662
2694
1118
1596
940
2063
52083
1041
1193
6391
3992
8643
2475
1812
7016
3116
2652
1785
875
2117
781
570
2003
2268
1899
1577
1748
24741
4961
3439
3712
2205
3350
1741
1112
2869
1084
1637
5064
1690
14788
1460
950
1715
1694
1514
1367
271
489
71
173
282
1157
2714
129
800
186
131
100
50
124
53
83
148
55
6757
276
134
0
0
0
2304
271
204
617
155
254
463
99
105
1334
473
620
475
704
199
329
330
154
2062
328
2097
3849
2883
647
434
869
409
1035
272
534
323
360
456
2015
410
2456
412
620
538
276
420
304
922
2961
300
1370
1403
2419
553
791
3804
1006
444
391
1377
326
1076
1192
2848
868
1030
1939
1001
492
3282
3497
648
6852
16902
1535
464
1254
261
736
1410
862
3106
1385
1447
557
762
859
906
2527
768
1906
1722
21746
869
698
12624
916
1667
1314
4178
501
2502
2449
4894
3955
2135
6419
13341
522
1324
5300
2187
731
2504
1696
399
2740
621
2414
24838
759
780
3228
1648
5268
5252
1748
7343
8214
9214
2487
27975
6654
1834
4094
974
4092
1335
2532
3629
3441
1535
2953
5940
55745
2596
1309
2811
3217
1111
137
910
290
1935
165
250
356
498
59
42
284
576
368
323
477
209
957
3092
346
256
2304
271
204
0
0
0
66
41
137
892
3922
1474
573
532
445
2328
859
867
1250
697
321
269
1452
2107
3046
746
1182
2101
148
438
634
1005
741
2028
1986
615
175
2220
454
7017
1185
1952
447
380
509
206
3802
2941
142
9821
263
2291
1650
2545
446
320
1195
8365
575
4297
4305
461
996
951
414
533
862
1244
1003
672
889
388
992
1153
2831
1666
1229
325
1113
1649
951
807
4016
380
668
4644
601
3123
956
3480
768
1112
1727
1387
1155
619
718
10001
7816
3436
1706
606
2804
2336
4820
10632
430
2502
6514
2758
13003
3555
1048
1897
2276
2012
4421
2294
3124
2327
6451
735
42467
4763
2240
2301
1095
1444
1158
17451
2474
869
7882
1355
3029
3181
3351
19491
74549
1912
3090
1198
4511
934
1202
5225
2505
132
379
432
92
292
93
247
128
488
74
889
26
1536
152
357
546
4224
303
684
1550
323
617
155
254
66
41
137
0
0
0
538
447
113
189
30
608
734
1066
318
759
267
875
825
298
1572
2772
487
514
677
227
536
231
429
1175
299
2870
5197
217
539
618
1991
3181
1326
2725
460
1858
1538
1495
923
7716
527
818
789
1476
668
380
175
495
370
1843
799
786
545
418
828
965
1279
680
501
611
988
1497
753
237
1409
441
2834
1337
1887
1852
723
6552
766
679
588
1720
506
4072
1082
653
3236
3170
1411
1136
1972
1022
581
1564
3503
852
13385
5423
505
7333
1679
11387
791
8269
1409
8729
9821
1658
1416
22676
705
11648
1156
2308
3913
7096
1181
1698
2589
1831
1410
5936
1236
1292
712
3520
5478
809
2740
2291
864
9660
1326
24057
1256
1721
5652
2374
18665
4024
1112
6353
1869
2031
248
736
144
456
490
830
1615
148
251
261
356
630
276
1020
179
442
66
86
194
1928
1453
463
99
105
892
3922
1474
538
447
113
0
0
0
287
766
625
1008
809
560
443
2404
1049
469
633
2008
208
740
225
301
1185
478
645
458
978
711
517
6331
1393
1740
323
220
248
875
325
106
1957
304
1049
293
5074
303
1058
1735
6146
1635
448
1980
540
191
1713
1568
11588
1535
885
1861
20044
2555
709
17964
616
591
708
848
10686
529
388
657
5331
306
1639
5736
1418
548
752
1417
700
1200
835
1738
5579
411
640
633
950
1292
458
6456
29627
1007
2734
6220
4023
7876
811
4234
435
3114
1787
2029
10424
1454
3560
17495
1786
2112
535
778
1135
997
3979
416
3549
6123
1962
1235
1577
1839
2729
7807
2163
4406
2307
6400
4588
2903
4020
52474
3862
1172
1402
1747
2360
1894
9447
969
7641
9208
2803
363
774
509
1000
668
302
1285
183
11240
642
307
601
1324
273
239
177
1867
318
339
5669
958
1334
473
620
573
532
445
189
30
608
287
766
625
0
0
0
1505
787
1660
567
2280
886
7350
496
503
1635
368
7210
114
299
97
405
330
228
1254
228
451
324
1163
828
301
340
836
1214
244
516
296
7806
980
1316
2736
292
822
744
273
225
223
267
4133
13623
340
1775
659
1670
562
273
2620
160
1113
372
1238
394
1116
697
755
1266
6397
12496
508
2093
1933
1219
674
734
546
598
1595
6918
1239
4754
2290
1007
44313
12940
9936
1511
1275
311
4556
683
5928
9042
1614
10601
2578
3766
18980
7918
14195
3198
1535
1866
1940
1208
10065
1707
25371
6876
33845
1542
2578
9386
2499
48511
2040
4828
1125
6071
601
1666
2297
1074
1953
1171
1820
913
3109
10070
1889
4535
2945
1992
12868
3820
8505
892
18085
1417
129
102
192
249
337
572
552
120
84
1260
700
294
148
183
132
326
635
178
1525
240
625
475
704
199
2328
859
867
734
1066
318
1008
809
560
1505
787
1660
0
0
0
720
1555
394
636
2258
565
1376
745
294
1899
678
7679
336
11451
814
580
274
356
960
472
2600
1340
1823
10655
436
11485
496
443
1285
158
4239
3053
493
1452
519
253
1270
1282
1097
3564
3113
8078
2554
3149
1548
431
624
1998
4759
592
8795
731
4454
963
901
2072
839
201
390
406
1163
2307
622
7147
663
12651
307
636
1162
5278
9457
35828
3752
7357
601
7520
358
1032
1732
501
583
3937
1077
1817
630
7866
562
505
559
948
1847
36925
528
2382
1791
1093
647
2752
2243
3949
2385
2072
2253
2127
5611
1453
1108
2075
4562
2545
5246
2400
638
4320
1425
6966
10611
6035
5763
2360
7156
4829
10114
1399
11987
28066
50999
2119
741
582
236
399
664
2664
199
286
366
1252
1017
323
230
823
197
1332
198
313
318
161
3354
344
329
330
154
1250
697
321
759
267
875
443
2404
1049
567
2280
886
720
1555
394
0
0
0
548
394
378
1147
3034
333
542
311
614
1833
390
513
1492
1776
1679
501
95
8103
365
220
119
596
201
3020
686
877
1044
677
1903
630
3238
878
935
269
737
276
571
294
1443
1146
15797
1954
11697
544
810
1257
2646
931
3521
1056
2243
327
472
4362
167
759
567
7239
7011
3960
3069
592
252
12090
952
1698
693
678
1369
382
916
958
28276
2030
1683
863
580
866
16080
3369
8823
2200
1445
7950
2417
1676
2029
891
1678
2006
807
2641
664
10482
2918
891
30846
806
5758
18110
7029
6082
839
1182
1284
10952
1784
2253
2834
3651
2232
1688
1173
3701
6515
4449
9585
3476
1682
2989
1335
1067
6015
4663
2132
1499
125
582
489
3193
240
879
112
525
89
577
1054
440
151
1031
505
201
6271
533
561
233
118
2062
328
2097
269
1452
2107
825
298
1572
469
633
2008
7350
496
503
636
2258
565
548
394
378
0
0
0
388
13167
1570
462
3335
2061
719
532
310
669
306
1245
797
2068
4684
2334
1159
440
6461
1907
315
366
521
527
5412
511
364
236
5958
151
6342
3306
2437
737
4060
3600
231
838
340
262
164
1873
456
2203
9651
3001
349
477
3795
692
1895
1313
541
3930
726
1545
2186
2941
740
15665
462
11541
4003
1885
7542
2678
28579
5604
3309
15447
1527
14741
1403
1875
12329
667
1238
1666
42910
1827
5989
887
942
1526
3336
1963
1982
4724
2500
2207
33523
1557
1996
17729
2594
3307
3896
21559
3686
1570
1164
1149
10073
1559
2877
1283
3001
1038
3360
1643
9083
1516
6940
2334
4639
45177
3694
1196
2334
4100
1087
1649
932
1334
346
417
330
412
531
3437
346
3508
569
334
1063
545
206
484
454
1464
218
634
818
443
3849
2883
647
3046
746
1182
2772
487
514
208
740
225
1635
368
7210
1376
745
294
1147
3034
333
388
13167
1570
0
0
0
746
1699
403
3626
1320
401
354
766
1925
529
1298
6633
277
247
1754
533
1980
379
102
365
183
598
1409
560
1294
910
1331
3469
412
1418
3553
745
390
2432
4824
2172
9015
652
1538
6052
5651
9656
510
585
4560
679
2256
758
415
885
644
652
598
358
1378
517
727
1506
818
4553
5356
2575
6880
485
5056
1862
511
1002
7258
1805
971
1020
1742
2897
1672
622
3671
622
2558
3403
2524
1937
5768
1488
2276
1119
504
8582
2963
1606
4391
1004
2142
1108
1060
1207
622
1331
833
648
1523
1031
1213
4530
804
939
1607
4877
11312
2563
2124
1338
2476
846
3347
3034
4534
3648
11980
916
226
13551
979
294
170
688
382
2017
897
288
279
247
481
403
1049
565
1002
1410
959
218
3193
434
869
409
2101
148
438
677
227
536
301
1185
478
114
299
97
1899
678
7679
542
311
614
462
3335
2061
746
1699
403
0
0
0
973
754
16911
812
2911
671
116
271
368
434
1240
634
982
331
493
580
3430
3496
722
660
298
2925
859
1366
756
327
226
347
368
483
623
600
491
331
2892
457
444
346
1031
2901
698
1690
568
490
752
3784
1225
524
2976
4540
6540
1090
1284
330
14085
937
4368
1199
479
9868
1997
797
673
945
1007
1188
536
335
809
756
1077
2062
5265
753
1041
2413
2719
3509
1145
1797
4414
1031
16369
964
10457
2914
31449
3117
1495
2082
1765
4904
7036
10839
1577
1565
6125
873
1475
2194
19145
1405
1838
5003
8684
1849
5029
2372
5083
1713
3715
4743
1854
2940
2497
607
12901
4740
10155
434
912
455
409
264
680
471
309
2428
2057
341
766
689
461
425
644
768
438
390
1035
272
534
634
1005
741
231
429
1175
645
458
978
405
330
228
336
11451
814
1833
390
513
719
532
310
3626
1320
401
973
754
16911
0
0
0
908
465
270
3990
522
1744
8803
548
894
840
1474
19386
916
1907
1855
288
2245
725
392
317
501
738
545
448
525
576
1935
349
456
253
259
210
1352
645
290
302
86
91
243
3664
8536
600
1172
1000
1877
456
1215
3766
2772
966
4146
285
1027
804
2056
665
1937
14532
2654
2309
2726
1338
26645
2307
1986
8654
2347
3062
860
2779
2334
4075
1156
844
1312
2615
4929
663
1237
2882
3290
11857
3563
2655
2551
8923
4419
2703
1172
15656
9834
2658
1384
10582
2920
1408
2216
6086
1798
20563
1831
10918
18188
1403
1847
4774
1529
2269
2946
4601
883
1652
814
23592
281
505
404
294
5630
981
453
328
250
371
2111
541
615
6418
363
2013
1124
2005
155
355
328
323
360
456
2028
1986
615
299
2870
5197
711
517
6331
1254
228
451
580
274
356
1492
1776
1679
669
306
1245
354
766
1925
812
2911
671
908
465
270
0
0
0
3808
1076
753
761
951
835
655
2400
4518
2571
642
1747
462
231
521
77
206
725
489
1515
1280
2237
655
2882
250
339
744
782
6034
1030
978
2346
9099
453
2997
464
448
1411
355
1724
1165
1448
1524
474
1204
3661
2921
1134
1431
751
2031
1034
904
1494
22058
3682
1284
14339
735
7687
4927
2035
1522
1437
818
1196
2304
5815
4740
4508
780
2006
1280
1196
725
2881
2455
3243
1354
2620
1418
4061
5918
895
2003
11221
7812
3720
6790
1977
976
4322
1971
44422
1831
1402
899
40255
2386
1932
2128
4759
6331
1334
10304
1586
6951
3228
19612
830
1113
3515
2996
1464
1096
290
1154
742
708
532
217
206
322
2002
1160
1799
230
1407
1172
375
3681
720
2015
410
2456
175
2220
454
217
539
618
1393
1740
323
324
1163
828
960
472
2600
501
95
8103
797
2068
4684
529
1298
6633
116
271
368
3990
522
1744
3808
1076
753
0
0
0
350
292
485
180
1557
156
2789
1207
1122
433
1630
293
1640
1636
1875
77
81
196
444
2290
790
1904
3950
418
650
515
601
5205
3697
727
2156
10330
3762
134
1589
529
922
1344
683
699
10306
1378
684
1085
751
3160
1667
3486
690
3105
868
817
20153
520
1880
685
2718
811
802
857
2510
1424
5547
1901
3634
3269
1446
3125
2344
32334
1410
1861
5731
4113
1656
3064
1854
3109
1068
4595
2201
1781
2587
1694
3641
1364
2204
2504
880
1274
3444
24305
32169
1430
1327
1309
1783
3644
1061
54909
916
10512
639
3496
6458
4912
7339
6596
393
602
20532
5753
908
1385
945
772
661
167
832
238
807
560
1619
902
421
3061
1303
1484
425
412
620
538
7017
1185
1952
1991
3181
1326
220
248
875
301
340
836
1340
1823
10655
365
220
119
2334
1159
440
277
247
1754
434
1240
634
8803
548
894
761
951
835
350
292
485
0
0
0
227
127
199
744
2364
1654
496
239
497
2570
8683
1228
231
1990
480
79
115
2075
1187
966
789
1865
761
1008
6094
2633
1236
1744
1590
317
547
173
202
6094
1049
472
7865
5672
606
696
1767
216
927
809
11657
553
705
612
838
29602
637
1917
1499
12654
440
4387
1364
9973
3123
5399
2181
1731
3351
1896
1301
2671
2227
1589
1736
2636
2112
7552
5026
13631
2007
604
2669
1660
2406
3163
701
1170
1319
1468
5746
2038
6815
7269
901
2212
2635
10731
2168
1657
5152
1667
13532
4389
14716
1358
1067
2178
1135
17842
1853
424
376
377
3746
590
298
2584
6212
953
266
1071
338
714
7242
2934
291
329
781
650
446
608
276
420
304
447
380
509
2725
460
1858
325
106
1957
1214
244
516
436
11485
496
596
201
3020
6461
1907
315
533
1980
379
982
331
493
840
1474
19386
655
2400
4518
180
1557
156
227
127
199
0
0
0
448
3396
605
477
969
38577
2133
1520
1924
729
330
937
491
209
410
6848
794
1229
3207
792
3103
717
1826
2434
3137
292
4881
711
295
1536
1202
709
311
1652
600
1815
439
722
986
2901
7656
5987
1543
714
1493
1160
538
361
402
574
14545
637
912
1206
1122
1092
2678
1183
667
1354
3562
2639
3374
1288
7130
1172
403
477
1682
3092
20502
1764
1096
6629
814
1583
2308
1433
3042
2220
1759
1106
5349
712
1592
10237
1786
6360
1066
23003
1724
4327
14046
3731
945
889
9983
1568
663
1064
20867
2356
457
2440
296
1824
554
1636
275
3783
1838
795
2340
453
658
632
1272
320
1746
751
297
3367
6096
922
2961
300
206
3802
2941
1538
1495
923
304
1049
293
296
7806
980
443
1285
158
686
877
1044
366
521
527
102
365
183
580
3430
3496
916
1907
1855
2571
642
1747
2789
1207
1122
744
2364
1654
448
3396
605
0
0
0
628
828
1956
697
1382
595
604
1388
13091
355
1497
2434
2187
6442
2401
811
760
1347
1109
3564
1900
2716
572
2828
597
1904
5476
206
525
140
1680
901
1422
702
913
13062
1444
3584
779
1144
3266
510
1116
859
1127
2171
2220
4937
4835
2928
452
1888
719
4091
1836
1406
858
14665
1086
5681
9759
904
3246
736
1092
2532
374
2228
7322
987
2754
1573
11870
580
1587
1543
10147
3591
1229
8401
1544
1485
1624
10635
3112
5574
3617
1175
4097
13791
2303
6572
7259
7131
15798
1637
3203
1825
2900
995
1250
854
1933
2306
795
4161
838
361
486
608
515
229
1533
899
662
917
414
2252
1480
2502
1370
1403
2419
142
9821
263
7716
527
818
5074
303
1058
1316
2736
292
4239
3053
493
677
1903
630
5412
511
364
598
1409
560
722
660
298
288
2245
725
462
231
521
433
1630
293
496
239
497
477
969
38577
628
828
1956
0
0
0
5997
481
411
1264
651
4871
1894
892
1396
4584
994
1666
7531
1933
870
206
106
412
2242
1469
324
1867
512
652
1689
985
1062
1202
544
1092
492
1438
587
2531
561
1795
3723
3740
795
2888
22337
1940
4603
3577
2962
1176
6382
674
18964
734
7943
1370
3714
12391
2297
658
2369
6908
4233
1616
2715
5298
2134
5959
8456
1458
1930
5877
622
5133
2003
516
2825
1222
10242
1816
18437
28847
2285
3250
2532
1541
4430
3106
2029
12884
744
1744
7211
10005
4007
13582
1677
3110
3562
1140
381
4938
2345
7809
312
310
485
1003
260
3063
604
334
664
882
280
1314
906
548
418
1281
455
553
791
3804
2291
1650
2545
789
1476
668
1735
6146
1635
822
744
273
1452
519
253
3238
878
935
236
5958
151
1294
910
1331
2925
859
1366
392
317
501
77
206
725
1640
1636
1875
2570
8683
1228
2133
1520
1924
697
1382
595
5997
481
411
0
0
0
1538
673
6196
10834
990
1361
1434
316
571
848
943
7439
1773
1819
887
262
1542
1070
1072
844
1015
8577
642
2109
870
631
181
2618
1522
1567
1083
1420
1797
12079
21759
22926
14168
4635
3707
776
1516
1623
1039
4912
15293
832
1163
2086
1142
1343
1361
595
812
557
657
543
717
2933
26951
5803
2447
2263
1121
15520
8462
4136
2341
3275
643
711
3433
1211
885
1855
2884
4752
2405
1919
1779
3438
4428
3109
1729
28666
1917
20605
27281
7379
2329
886
4194
2953
8980
397
636
273
497
444
1088
2340
498
628
708
799
3653
1685
2272
3820
628
351
252
2080
1293
1715
1006
444
391
446
320
1195
380
175
495
448
1980
540
225
223
267
1270
1282
1097
269
737
276
6342
3306
2437
3469
412
1418
756
327
226
738
545
448
489
1515
1280
77
81
196
231
1990
480
729
330
937
604
1388
13091
1264
651
4871
1538
673
6196
0
0
0
180
592
1621
2617
2846
15627
2584
1165
4824
567
509
335
2136
1261
2566
244
130
381
1334
2949
1337
766
1866
2037
398
146
127
376
3021
975
371
293
6267
5030
936
974
3924
1467
619
5554
1058
446
15674
5365
1844
1681
3783
9222
3707
1746
1140
4126
2261
4761
2721
1537
1180
3534
1438
1939
3325
2096
2640
8810
37208
1024
2080
631
1967
4348
9350
3211
3312
2910
18904
16990
1631
864
2596
1328
4647
3724
926
1377
563
2567
1185
8509
2556
1084
581
666
1401
912
481
1665
539
699
4058
434
711
313
2760
1972
773
1277
3386
310
658
394
666
1377
326
1076
8365
575
4297
370
1843
799
191
1713
1568
4133
13623
340
3564
3113
8078
571
294
1443
737
4060
3600
3553
745
390
347
368
483
525
576
1935
2237
655
2882
444
2290
790
79
115
2075
491
209
410
355
1497
2434
1894
892
1396
10834
990
1361
180
592
1621
0
0
0
1147
12240
951
24136
1444
801
1859
576
990
6333
15574
2075
829
374
159
5498
943
291
803
1139
724
603
10196
348
390
1074
1187
2112
1125
1160
1104
915
1782
2016
2795
204
760
759
942
3357
1739
2991
18198
2186
3556
1636
1770
2589
10283
4086
4153
4858
613
8054
1055
1880
2832
1631
754
2530
8658
6257
6100
8024
1368
829
1634
2346
2548
3393
1334
3535
1890
643
1873
39109
2323
2043
2813
2536
1384
2229
8093
2151
2020
4625
1912
310
497
415
408
759
893
275
646
347
499
744
850
489
1138
800
457
585
1123
7912
1202
185
1192
2848
868
4305
461
996
786
545
418
11588
1535
885
1775
659
1670
2554
3149
1548
1146
15797
1954
231
838
340
2432
4824
2172
623
600
491
349
456
253
250
339
744
1904
3950
418
1187
966
789
6848
794
1229
2187
6442
2401
4584
994
1666
1434
316
571
2617
2846
15627
1147
12240
951
0
0
0
100
171
114
783
346
1916
643
683
112
1814
29081
2635
6851
1923
807
532
1003
541
747
2749
3235
436
155
421
2671
2079
1337
4904
1619
1656
675
4358
4070
6114
2866
2177
856
597
2326
2666
2035
1783
386
1912
1110
3324
982
1377
2557
2202
1955
1207
15640
3254
13258
2796
5108
1444
1564
3213
1215
1700
2439
2236
1555
5769
1688
1510
8485
1036
8136
1544
1442
2394
2041
858
45594
25555
24838
2702
15177
1787
5534
5730
634
1245
459
373
542
1008
4672
1807
408
1107
517
430
792
638
1442
487
455
1463
921
610
468
1030
1939
1001
951
414
533
828
965
1279
1861
20044
2555
562
273
2620
431
624
1998
11697
544
810
262
164
1873
9015
652
1538
331
2892
457
259
210
1352
782
6034
1030
650
515
601
1865
761
1008
3207
792
3103
811
760
1347
7531
1933
870
848
943
7439
2584
1165
4824
24136
1444
801
100
171
114
0
0
0
1025
456
948
136
157
286
779
679
1602
2086
2757
1635
359
12108
4160
1298
1257
1172
290
253
54
2908
387
793
3905
3677
1395
9437
1749
5154
3693
2926
9740
1825
1748
827
767
1168
1246
1015
583
414
1791
907
3213
17671
4325
1437
4274
2452
2879
86800
3184
4958
4298
6983
1776
4194
9151
4580
3739
16981
2658
2090
625
5611
1989
1752
14908
1214
5365
2731
4562
19687
2559
5257
6673
23989
6229
1898
16917
1493
472
1588
1145
4447
917
796
1013
3732
360
271
348
671
1438
708
749
900
1522
658
327
5127
492
3282
3497
862
1244
1003
680
501
611
709
17964
616
160
1113
372
4759
592
8795
1257
2646
931
456
2203
9651
6052
5651
9656
444
346
1031
645
290
302
978
2346
9099
5205
3697
727
6094
2633
1236
717
1826
2434
1109
3564
1900
206
106
412
1773
1819
887
567
509
335
1859
576
990
783
346
1916
1025
456
948
0
0
0
1389
756
11088
14695
3410
372
661
1058
3442
4363
6664
3107
684
1823
960
182
785
388
2227
15730
1681
1869
781
5621
1631
1268
7452
1008
7372
1435
20188
1003
2069
1543
2672
2866
1254
2952
1359
6104
1106
3202
4408
812
2940
18120
874
19336
4321
6112
4698
2046
1701
9352
3037
2161
5707
1732
1224
17388
605
2817
8911
2279
2947
1757
6449
2261
2833
20647
1966
1878
2545
1183
4464
2278
7900
1583
653
3481
1244
1101
548
2237
490
209
388
1382
1293
457
704
994
976
4022
5036
834
3617
1555
1005
648
6852
16902
672
889
388
988
1497
753
591
708
848
1238
394
1116
731
4454
963
3521
1056
2243
3001
349
477
510
585
4560
2901
698
1690
86
91
243
453
2997
464
2156
10330
3762
1744
1590
317
3137
292
4881
2716
572
2828
2242
1469
324
262
1542
1070
2136
1261
2566
6333
15574
2075
643
683
112
136
157
286
1389
756
11088
0
0
0
4529
2792
1991
3984
754
1035
681
1704
1074
1608
2144
2442
1093
501
1534
3556
588
7027
8308
3339
6239
6255
1280
1285
1282
901
13972
537
722
845
974
2724
1763
1242
2144
1611
5556
390
1286
1818
7434
4824
3832
5453
1105
21017
1793
2534
2706
1658
831
3214
1019
3011
6694
1678
2165
711
1295
870
2260
4357
3069
2276
2121
10390
1842
2956
3536
3959
11354
2481
8914
2646
1615
1460
317
15586
493
7430
739
754
4636
12538
937
535
731
650
848
718
2878
1888
4220
807
583
1019
1535
464
1254
992
1153
2831
237
1409
441
10686
529
388
697
755
1266
901
2072
839
327
472
4362
3795
692
1895
679
2256
758
568
490
752
3664
8536
600
448
1411
355
134
1589
529
547
173
202
711
295
1536
597
1904
5476
1867
512
652
1072
844
1015
244
130
381
829
374
159
1814
29081
2635
779
679
1602
14695
3410
372
4529
2792
1991
0
0
0
1571
821
741
2113
3614
8763
79
679
83
4409
2132
2246
1037
934
505
1375
1629
993
3059
2971
653
251
323
466
13144
847
917
7973
3057
5600
1787
1061
2210
4618
2426
29875
889
1050
26429
2939
1103
1886
2896
3704
930
2810
6465
2385
355
492
1301
11472
16323
3702
17507
2443
2986
8448
7818
1865
1125
2595
13776
7523
6939
3919
2659
5370
1207
1148
1950
2763
4396
543
1365
1443
359
1411
469
1789
434
726
808
681
224
697
1032
938
651
674
2565
370
1054
261
736
1410
1666
1229
325
2834
1337
1887
657
5331
306
6397
12496
508
201
390
406
167
759
567
1313
541
3930
415
885
644
3784
1225
524
1172
1000
1877
1724
1165
1448
922
1344
683
6094
1049
472
1202
709
311
206
525
140
1689
985
1062
8577
642
2109
1334
2949
1337
5498
943
291
6851
1923
807
2086
2757
1635
661
1058
3442
3984
754
1035
1571
821
741
0
0
0
714
2123
766
1396
2819
863
1726
2531
905
1747
819
790
869
1502
829
515
1278
2798
852
831
12784
967
1160
2688
4600
4320
895
5621
3905
3114
1322
2683
5922
6128
2736
699
1650
728
2386
1601
2099
785
3349
45070
18414
6690
3242
3041
588
720
2947
24903
2698
3997
3649
1744
5003
2392
3025
2107
6445
786
6305
475
4874
2046
73525
3553
6124
307
1239
3370
687
555
2842
1255
404
454
994
377
1062
1538
503
658
2389
2351
791
3147
640
3512
862
3106
1385
1113
1649
951
1852
723
6552
1639
5736
1418
2093
1933
1219
1163
2307
622
7239
7011
3960
726
1545
2186
652
598
358
2976
4540
6540
456
1215
3766
1524
474
1204
699
10306
1378
7865
5672
606
1652
600
1815
1680
901
1422
1202
544
1092
870
631
181
766
1866
2037
803
1139
724
532
1003
541
359
12108
4160
4363
6664
3107
681
1704
1074
2113
3614
8763
714
2123
766
0
0
0
1193
1608
6106
4405
14464
2129
4714
3037
865
5947
1857
11828
1733
3869
17599
4128
2448
5093
787
11613
958
900
1517
1372
508
1598
418
344
189
1276
2660
10049
943
10357
4428
459
3169
5442
14660
1933
936
689
4637
3192
1750
1398
1264
1483
1555
1391
5153
13226
7736
17669
2234
5807
6154
1176
3844
3721
1169
1224
2948
29513
1482
4330
13836
299
6525
410
892
555
969
1378
2760
881
319
253
2423
1253
1968
725
1183
755
1136
606
426
1447
557
762
807
4016
380
766
679
588
548
752
1417
674
734
546
7147
663
12651
3069
592
252
2941
740
15665
1378
517
727
1090
1284
330
2772
966
4146
3661
2921
1134
684
1085
751
696
1767
216
439
722
986
702
913
13062
492
1438
587
2618
1522
1567
398
146
127
603
10196
348
747
2749
3235
1298
1257
1172
684
1823
960
1608
2144
2442
79
679
83
1396
2819
863
1193
1608
6106
0
0
0
3372
2601
2467
640
809
470
642
920
2327
3115
5800
2454
3141
3529
321
1245
42081
8592
983
5508
1152
11128
2268
5838
2187
5714
1110
976
804
968
10713
9231
4194
1958
569
1370
2755
7569
581
18571
2088
1263
1387
4188
1312
1775
2877
25582
3670
16584
2723
1877
6268
5437
1927
2965
7721
1568
1797
3873
569
7779
1234
389
1440
994
848
537
302
5706
9890
574
13574
753
354
622
1197
2853
844
348
1132
311
669
1417
859
906
2527
668
4644
601
1720
506
4072
700
1200
835
598
1595
6918
307
636
1162
12090
952
1698
462
11541
4003
1506
818
4553
14085
937
4368
285
1027
804
1431
751
2031
3160
1667
3486
927
809
11657
2901
7656
5987
1444
3584
779
2531
561
1795
1083
1420
1797
376
3021
975
390
1074
1187
436
155
421
290
253
54
182
785
388
1093
501
1534
4409
2132
2246
1726
2531
905
4405
14464
2129
3372
2601
2467
0
0
0
10605
5070
1724
3464
1955
1650
2260
15572
1030
1487
1211
4664
813
2178
2649
4972
1647
5364
509
1969
1906
2254
4448
687
1113
1644
3840
1697
6109
17888
2497
23321
2786
5988
1874
2439
4062
962
1502
3907
4475
1416
379
2074
2394
1641
851
863
297
1533
4641
1051
1380
4859
1453
12132
1618
4470
2088
5241
1897
867
2998
5693
790
987
1527
1201
1438
2505
806
2295
1016
17702
18041
681
1646
1071
2887
3612
18824
768
1906
1722
3123
956
3480
1082
653
3236
1738
5579
411
1239
4754
2290
5278
9457
35828
693
678
1369
1885
7542
2678
5356
2575
6880
1199
479
9868
2056
665
1937
1034
904
1494
690
3105
868
553
705
612
1543
714
1493
1144
3266
510
3723
3740
795
12079
21759
22926
371
293
6267
2112
1125
1160
2671
2079
1337
2908
387
793
2227
15730
1681
3556
588
7027
1037
934
505
1747
819
790
4714
3037
865
640
809
470
10605
5070
1724
0
0
0
23625
1099
946
731
12271
3395
435
99
268
2757
2941
2056
15712
1188
990
6726
3049
3728
16325
25292
1441
135
170
192
4973
2092
966
509
1329
431
1952
6276
7187
349
578
592
2024
4779
1052
8404
2126
1138
1771
1547
2415
3339
3209
5430
7828
1202
2381
6356
5156
2183
626
26632
877
1624
878
15504
4037
1368
2807
1083
16438
1573
1936
1683
673
706
9220
909
960
4114
1445
1452
2500
2120
21746
869
698
768
1112
1727
3170
1411
1136
640
633
950
1007
44313
12940
3752
7357
601
382
916
958
28579
5604
3309
485
5056
1862
1997
797
673
14532
2654
2309
22058
3682
1284
817
20153
520
838
29602
637
1160
538
361
1116
859
1127
2888
22337
1940
14168
4635
3707
5030
936
974
1104
915
1782
4904
1619
1656
3905
3677
1395
1869
781
5621
8308
3339
6239
1375
1629
993
869
1502
829
5947
1857
11828
642
920
2327
3464
1955
1650
23625
1099
946
0
0
0
61
1084
899
7534
1178
1861
7511
3432
10958
1078
686
362
3485
3564
3331
10587
1421
5242
572
826
825
13846
1062
3403
1031
2700
1114
43258
2818
13285
1384
347
1247
184
5405
320
7920
4162
1321
46719
2099
5511
5679
2236
7169
1280
1222
1699
385
4145
2224
1854
1928
1305
2596
874
3614
1287
2648
473
2107
2013
1771
851
1424
756
1343
3755
9841
978
1477
2379
581
3628
1200
12624
916
1667
1387
1155
619
1972
1022
581
1292
458
6456
9936
1511
1275
7520
358
1032
28276
2030
1683
15447
1527
14741
511
1002
7258
945
1007
1188
2726
1338
26645
14339
735
7687
1880
685
2718
1917
1499
12654
402
574
14545
2171
2220
4937
4603
3577
2962
776
1516
1623
3924
1467
619
2016
2795
204
675
4358
4070
9437
1749
5154
1631
1268
7452
6255
1280
1285
3059
2971
653
515
1278
2798
1733
3869
17599
3115
5800
2454
2260
15572
1030
731
12271
3395
61
1084
899
0
0
0
690
2868
4221
11844
4478
1460
336
438
3839
7861
9066
4767
2164
2543
2036
335
2189
629
4921
2817
2051
3904
3781
1331
4112
2989
2195
578
1459
22769
522
2409
15937
774
1450
14452
1462
10474
1082
1215
2595
3221
10770
1573
1003
816
2532
369
1354
2855
1230
4754
727
10269
1422
1279
1416
866
3119
763
686
757
1962
677
1573
1002
491
9753
503
1112
1254
2305
1314
4178
501
718
10001
7816
1564
3503
852
29627
1007
2734
311
4556
683
1732
501
583
863
580
866
1403
1875
12329
1805
971
1020
536
335
809
2307
1986
8654
4927
2035
1522
811
802
857
440
4387
1364
637
912
1206
4835
2928
452
1176
6382
674
1039
4912
15293
5554
1058
446
760
759
942
6114
2866
2177
3693
2926
9740
1008
7372
1435
1282
901
13972
251
323
466
852
831
12784
4128
2448
5093
3141
3529
321
1487
1211
4664
435
99
268
7534
1178
1861
690
2868
4221
0
0
0
4482
5096
2260
6612
3459
2759
2182
3962
4282
1966
20602
10796
453
1435
441
13713
1667
2085
397
511
1426
4239
3298
3918
433
730
551
3537
559
5422
1756
4522
2462
35845
2067
5604
10261
1779
2606
26226
1476
982
15573
2442
2428
338
1491
845
2242
1956
4935
510
1017
769
1921
1012
2956
1265
2003
2685
6397
1260
820
1136
1255
2053
858
1662
2694
2502
2449
4894
3436
1706
606
13385
5423
505
6220
4023
7876
5928
9042
1614
3937
1077
1817
16080
3369
8823
667
1238
1666
1742
2897
1672
756
1077
2062
2347
3062
860
1437
818
1196
2510
1424
5547
9973
3123
5399
1122
1092
2678
1888
719
4091
18964
734
7943
832
1163
2086
15674
5365
1844
3357
1739
2991
856
597
2326
1825
1748
827
20188
1003
2069
537
722
845
13144
847
917
967
1160
2688
787
11613
958
1245
42081
8592
813
2178
2649
2757
2941
2056
7511
3432
10958
11844
4478
1460
4482
5096
2260
0
0
0
2556
8020
40906
914
1658
886
9458
600
2374
2910
17995
1421
4998
1230
2858
23459
5427
4936
114
369
1726
1157
5096
7194
7515
6874
2383
5554
3533
1413
1069
8353
702
1304
1138
616
7162
3634
3277
5636
3049
6538
68908
5360
3111
1857
803
10621
2022
4468
1081
1921
1493
1878
851
1756
2573
576
22479
1018
5377
4977
1479
1118
1596
940
3955
2135
6419
2804
2336
4820
7333
1679
11387
811
4234
435
10601
2578
3766
630
7866
562
2200
1445
7950
42910
1827
5989
622
3671
622
5265
753
1041
2779
2334
4075
2304
5815
4740
1901
3634
3269
2181
1731
3351
1183
667
1354
1836
1406
858
1370
3714
12391
1142
1343
1361
1681
3783
9222
18198
2186
3556
2666
2035
1783
767
1168
1246
1543
2672
2866
974
2724
1763
7973
3057
5600
4600
4320
895
900
1517
1372
983
5508
1152
4972
1647
5364
15712
1188
990
1078
686
362
336
438
3839
6612
3459
2759
2556
8020
40906
0
0
0
2439
2327
2376
2127
4466
4023
6081
570
654
2169
242
1982
27522
1788
11407
2497
25857
2457
2016
728
637
2897
731
532
12525
4640
4387
5319
4376
15674
2328
5707
7100
411
1889
3659
781
4299
16860
1580
4961
2964
1319
767
1696
1551
1756
1262
617
4604
1415
4661
1021
1045
9850
3249
2019
1510
1207
456
2063
52083
1041
13341
522
1324
10632
430
2502
791
8269
1409
3114
1787
2029
18980
7918
14195
505
559
948
2417
1676
2029
887
942
1526
2558
3403
2524
2413
2719
3509
1156
844
1312
4508
780
2006
1446
3125
2344
1896
1301
2671
3562
2639
3374
14665
1086
5681
2297
658
2369
595
812
557
3707
1746
1140
1636
1770
2589
386
1912
1110
1015
583
414
1254
2952
1359
1242
2144
1611
1787
1061
2210
5621
3905
3114
508
1598
418
11128
2268
5838
509
1969
1906
6726
3049
3728
3485
3564
3331
7861
9066
4767
2182
3962
4282
914
1658
886
2439
2327
2376
0
0
0
704
202
434
4363
699
5545
5701
1932
4788
7925
17438
9045
192
377
613
4204
2737
3278
8708
2281
2750
1108
3190
5293
1824
4052
2945
44275
781
1080
18924
1725
9992
884
1797
3617
29042
8439
2709
1487
398
722
3056
2248
960
1049
4532
892
3877
1224
7033
1668
547
822
21596
5650
1367
1193
6391
3992
5300
2187
731
6514
2758
13003
8729
9821
1658
10424
1454
3560
3198
1535
1866
1847
36925
528
891
1678
2006
3336
1963
1982
1937
5768
1488
1145
1797
4414
2615
4929
663
1280
1196
725
32334
1410
1861
2227
1589
1736
1288
7130
1172
9759
904
3246
6908
4233
1616
657
543
717
4126
2261
4761
10283
4086
4153
3324
982
1377
1791
907
3213
6104
1106
3202
5556
390
1286
4618
2426
29875
1322
2683
5922
344
189
1276
2187
5714
1110
2254
4448
687
16325
25292
1441
10587
1421
5242
2164
2543
2036
1966
20602
10796
9458
600
2374
2127
4466
4023
704
202
434
0
0
0
5073
48286
23818
965
789
685
3393
2196
3666
2260
2066
1656
2459
23820
3904
8457
1673
1877
1186
3997
8948
10939
2206
2117
1764
1417
1278
2011
3968
3732
1534
14578
14241
8908
9918
9534
419
2274
1486
2372
1271
11459
22157
1727
2551
4285
1296
1568
1275
4588
1208
4024
1131
1780
8643
2475
1812
2504
1696
399
3555
1048
1897
1416
22676
705
17495
1786
2112
1940
1208
10065
2382
1791
1093
807
2641
664
4724
2500
2207
2276
1119
504
1031
16369
964
1237
2882
3290
2881
2455
3243
5731
4113
1656
2636
2112
7552
403
477
1682
736
1092
2532
2715
5298
2134
2933
26951
5803
2721
1537
1180
4858
613
8054
2557
2202
1955
17671
4325
1437
4408
812
2940
1818
7434
4824
889
1050
26429
6128
2736
699
2660
10049
943
976
804
968
1113
1644
3840
135
170
192
572
826
825
335
2189
629
453
1435
441
2910
17995
1421
6081
570
654
4363
699
5545
5073
48286
23818
0
0
0
3122
2069
5898
586
323
268
8747
1571
4056
3314
3075
74
3447
500
643
2529
2451
14749
2131
1970
1705
3015
7474
1465
1217
5789
3871
1921
6017
555
1500
585
1158
1338
1064
1171
1040
13833
2821
2895
2635
28689
3509
2183
852
1447
2080
19659
3417
7218
5041
7016
3116
2652
2740
621
2414
2276
2012
4421
11648
1156
2308
535
778
1135
1707
25371
6876
647
2752
2243
10482
2918
891
33523
1557
1996
8582
2963
1606
10457
2914
31449
11857
3563
2655
1354
2620
1418
3064
1854
3109
5026
13631
2007
3092
20502
1764
374
2228
7322
5959
8456
1458
2447
2263
1121
3534
1438
1939
1055
1880
2832
1207
15640
3254
4274
2452
2879
18120
874
19336
3832
5453
1105
2939
1103
1886
1650
728
2386
10357
4428
459
10713
9231
4194
1697
6109
17888
4973
2092
966
13846
1062
3403
4921
2817
2051
13713
1667
2085
4998
1230
2858
2169
242
1982
5701
1932
4788
965
789
685
3122
2069
5898
0
0
0
1522
63532
4247
581
2635
3468
7473
5444
2179
671
1101
564
2327
2473
9446
3315
4369
9177
3544
15885
6984
445
2275
597
5740
3146
2331
3504
2312
12562
4449
1061
2355
5373
3934
1784
6792
2040
15756
1939
1791
4536
2013
2700
4737
1159
1889
1399
1785
875
2117
24838
759
780
2294
3124
2327
3913
7096
1181
997
3979
416
33845
1542
2578
3949
2385
2072
30846
806
5758
17729
2594
3307
4391
1004
2142
3117
1495
2082
2551
8923
4419
4061
5918
895
1068
4595
2201
604
2669
1660
1096
6629
814
987
2754
1573
1930
5877
622
15520
8462
4136
3325
2096
2640
1631
754
2530
13258
2796
5108
86800
3184
4958
4321
6112
4698
21017
1793
2534
2896
3704
930
1601
2099
785
3169
5442
14660
1958
569
1370
2497
23321
2786
509
1329
431
1031
2700
1114
3904
3781
1331
397
511
1426
23459
5427
4936
27522
1788
11407
7925
17438
9045
3393
2196
3666
586
323
268
1522
63532
4247
0
0
0
19300
1051
3658
190
130
257
711
12308
33083
3944
1708
2005
7889
60342
1330
14998
11437
2935
576
21669
3239
732
300
1231
664
6450
3765
14270
4885
2863
2938
6023
610
3729
1136
3614
2416
2512
1405
2748
8713
26943
914
14040
3148
781
570
2003
3228
1648
5268
6451
735
42467
1698
2589
1831
3549
6123
1962
9386
2499
48511
2253
2127
5611
18110
7029
6082
3896
21559
3686
1108
1060
1207
1765
4904
7036
2703
1172
15656
2003
11221
7812
1781
2587
1694
2406
3163
701
1583
2308
1433
11870
580
1587
5133
2003
516
2341
3275
643
8810
37208
1024
8658
6257
6100
1444
1564
3213
4298
6983
1776
2046
1701
9352
2706
1658
831
2810
6465
2385
3349
45070
18414
1933
936
689
2755
7569
581
5988
1874
2439
1952
6276
7187
43258
2818
13285
4112
2989
2195
4239
3298
3918
114
369
1726
2497
25857
2457
192
377
613
2260
2066
1656
8747
1571
4056
581
2635
3468
19300
1051
3658
0
0
0
6972
4543
17551
2625
4731
3729
1486
63270
940
2976
21219
2475
451
3071
1354
3398
42302
10992
2996
15007
3487
3486
32758
39666
1459
1633
2098
5060
2188
2117
2204
2962
1029
9607
1923
2778
1295
654
5160
14438
3567
14943
2268
1899
1577
5252
1748
7343
4763
2240
2301
1410
5936
1236
1235
1577
1839
2040
4828
1125
1453
1108
2075
839
1182
1284
1570
1164
1149
622
1331
833
10839
1577
1565
9834
2658
1384
3720
6790
1977
3641
1364
2204
1170
1319
1468
3042
2220
1759
1543
10147
3591
2825
1222
10242
711
3433
1211
2080
631
1967
8024
1368
829
1215
1700
2439
4194
9151
4580
3037
2161
5707
3214
1019
3011
355
492
1301
6690
3242
3041
4637
3192
1750
18571
2088
1263
4062
962
1502
349
578
592
1384
347
1247
578
1459
22769
433
730
551
1157
5096
7194
2016
728
637
4204
2737
3278
2459
23820
3904
3314
3075
74
7473
5444
2179
190
130
257
6972
4543
17551
0
0
0
1701
3488
6055
3552
22513
3075
1431
7008
2886
1814
7095
7078
29091
3492
3107
978
1018
458
2404
18051
1309
1320
945
3415
1295
6310
2300
8748
1057
2870
1551
19842
453
3590
765
2608
1220
1783
1507
1748
24741
4961
8214
9214
2487
1095
1444
1158
1292
712
3520
2729
7807
2163
6071
601
1666
4562
2545
5246
10952
1784
2253
10073
1559
2877
648
1523
1031
6125
873
1475
10582
2920
1408
976
4322
1971
2504
880
1274
5746
2038
6815
1106
5349
712
1229
8401
1544
1816
18437
28847
885
1855
2884
4348
9350
3211
1634
2346
2548
2236
1555
5769
3739
16981
2658
1732
1224
17388
6694
1678
2165
11472
16323
3702
588
720
2947
1398
1264
1483
1387
4188
1312
3907
4475
1416
2024
4779
1052
184
5405
320
522
2409
15937
3537
559
5422
7515
6874
2383
2897
731
532
8708
2281
2750
8457
1673
1877
3447
500
643
671
1101
564
711
12308
33083
2625
4731
3729
1701
3488
6055
0
0
0
17461
4144
2848
1238
4541
13037
4672
4363
4364
150
263
85
1308
966
600
2833
2113
7257
2806
3488
3067
1486
832
2974
2764
549
1025
68648
6433
3813
948
19053
12308
6076
23256
16877
3439
3712
2205
27975
6654
1834
17451
2474
869
5478
809
2740
4406
2307
6400
2297
1074
1953
2400
638
4320
2834
3651
2232
1283
3001
1038
1213
4530
804
2194
19145
1405
2216
6086
1798
44422
1831
1402
3444
24305
32169
7269
901
2212
1592
10237
1786
1485
1624
10635
2285
3250
2532
4752
2405
1919
3312
2910
18904
3393
1334
3535
1688
1510
8485
2090
625
5611
605
2817
8911
711
1295
870
17507
2443
2986
24903
2698
3997
1555
1391
5153
1775
2877
25582
379
2074
2394
8404
2126
1138
7920
4162
1321
774
1450
14452
1756
4522
2462
5554
3533
1413
12525
4640
4387
1108
3190
5293
1186
3997
8948
2529
2451
14749
2327
2473
9446
3944
1708
2005
1486
63270
940
3552
22513
3075
17461
4144
2848
0
0
0
521
2342
696
5880
4111
2751
3944
3048
3278
3260
8822
1235
5786
3107
966
3199
802
2782
1327
1133
11399
3487
3055
1543
4836
2146
4911
4600
7148
20627
5247
891
1255
3350
1741
1112
4094
974
4092
7882
1355
3029
2291
864
9660
4588
2903
4020
1171
1820
913
1425
6966
10611
1688
1173
3701
3360
1643
9083
939
1607
4877
1838
5003
8684
20563
1831
10918
899
40255
2386
1430
1327
1309
2635
10731
2168
6360
1066
23003
3112
5574
3617
1541
4430
3106
1779
3438
4428
16990
1631
864
1890
643
1873
1036
8136
1544
1989
1752
14908
2279
2947
1757
2260
4357
3069
8448
7818
1865
3649
1744
5003
13226
7736
17669
3670
16584
2723
1641
851
863
1771
1547
2415
46719
2099
5511
1462
10474
1082
35845
2067
5604
1069
8353
702
5319
4376
15674
1824
4052
2945
10939
2206
2117
2131
1970
1705
3315
4369
9177
7889
60342
1330
2976
21219
2475
1431
7008
2886
1238
4541
13037
521
2342
696
0
0
0
3045
6832
2763
1515
7504
3889
6963
3540
2928
11032
47297
1844
1435
2590
4646
4364
1301
2721
1080
692
1891
5814
821
3218
13673
3589
26468
7125
3986
4367
2869
1084
1637
1335
2532
3629
3181
3351
19491
1326
24057
1256
52474
3862
1172
3109
10070
1889
6035
5763
2360
6515
4449
9585
1516
6940
2334
11312
2563
2124
1849
5029
2372
18188
1403
1847
1932
2128
4759
1783
3644
1061
1657
5152
1667
1724
4327
14046
1175
4097
13791
2029
12884
744
3109
1729
28666
2596
1328
4647
39109
2323
2043
1442
2394
2041
1214
5365
2731
6449
2261
2833
2276
2121
10390
1125
2595
13776
2392
3025
2107
2234
5807
6154
1877
6268
5437
297
1533
4641
3339
3209
5430
5679
2236
7169
1215
2595
3221
10261
1779
2606
1304
1138
616
2328
5707
7100
44275
781
1080
1764
1417
1278
3015
7474
1465
3544
15885
6984
14998
11437
2935
451
3071
1354
1814
7095
7078
4672
4363
4364
5880
4111
2751
3045
6832
2763
0
0
0
1565
27900
28454
4035
3279
1818
8135
5463
85692
46882
814
7910
1680
7256
7174
11167
1014
21223
1512
2463
1544
2999
1713
11393
10422
4424
4406
5064
1690
14788
3441
1535
2953
74549
1912
3090
1721
5652
2374
1402
1747
2360
4535
2945
1992
7156
4829
10114
3476
1682
2989
4639
45177
3694
1338
2476
846
5083
1713
3715
4774
1529
2269
6331
1334
10304
54909
916
10512
13532
4389
14716
3731
945
889
2303
6572
7259
1744
7211
10005
1917
20605
27281
3724
926
1377
2813
2536
1384
858
45594
25555
4562
19687
2559
20647
1966
1878
1842
2956
3536
7523
6939
3919
6445
786
6305
1176
3844
3721
1927
2965
7721
1051
1380
4859
7828
1202
2381
1280
1222
1699
10770
1573
1003
26226
1476
982
7162
3634
3277
411
1889
3659
18924
1725
9992
2011
3968
3732
1217
5789
3871
445
2275
597
576
21669
3239
3398
42302
10992
29091
3492
3107
150
263
85
3944
3048
3278
1515
7504
3889
1565
27900
28454
0
0
0
1949
2799
355
29233
1827
5015
1046
1224
2783
9442
21114
1465
27216
1979
1993
4234
1363
7391
778
989
1511
30033
5368
1117
1460
950
1715
5940
55745
2596
1198
4511
934
18665
4024
1112
1894
9447
969
12868
3820
8505
1399
11987
28066
1335
1067
6015
1196
2334
4100
3347
3034
4534
4743
1854
2940
2946
4601
883
1586
6951
3228
639
3496
6458
1358
1067
2178
9983
1568
663
7131
15798
1637
4007
13582
1677
7379
2329
886
563
2567
1185
2229
8093
2151
24838
2702
15177
5257
6673
23989
2545
1183
4464
3959
11354
2481
2659
5370
1207
475
4874
2046
1169
1224
2948
1568
1797
3873
1453
12132
1618
6356
5156
2183
385
4145
2224
816
2532
369
15573
2442
2428
5636
3049
6538
781
4299
16860
884
1797
3617
1534
14578
14241
1921
6017
555
5740
3146
2331
732
300
1231
2996
15007
3487
978
1018
458
1308
966
600
3260
8822
1235
6963
3540
2928
4035
3279
1818
1949
2799
355
0
0
0
1152
5166
2788
4425
1655
2446
4559
1169
3737
1915
2535
1962
3807
2977
5890
7113
1328
11263
2102
1984
2220
1694
1514
1367
1309
2811
3217
1202
5225
2505
6353
1869
2031
7641
9208
2803
892
18085
1417
50999
2119
741
4663
2132
1499
1087
1649
932
3648
11980
916
2497
607
12901
1652
814
23592
19612
830
1113
4912
7339
6596
1135
17842
1853
1064
20867
2356
3203
1825
2900
3110
3562
1140
4194
2953
8980
8509
2556
1084
2020
4625
1912
1787
5534
5730
6229
1898
16917
2278
7900
1583
8914
2646
1615
1148
1950
2763
73525
3553
6124
29513
1482
4330
569
7779
1234
4470
2088
5241
626
26632
877
1854
1928
1305
1354
2855
1230
338
1491
845
68908
5360
3111
1580
4961
2964
29042
8439
2709
8908
9918
9534
1500
585
1158
3504
2312
12562
664
6450
3765
3486
32758
39666
2404
18051
1309
2833
2113
7257
5786
3107
966
11032
47297
1844
8135
5463
85692
29233
1827
5015
1152
5166
2788
0
0
0
