C_ijk
0
0
0
190
162
1321
107
104
256
683
116
171
77
58
88
57
59
144
591
140
261
462
236
481
1294
252
289
270
606
2067
409
458
134
559
354
3847
174
309
179
101
12152
258
607
2724
280
2723
521
311
555
267
677
256
343
526
531
1530
451
4399
915
418
212
441
1176
219
15292
638
2352
2369
2489
3038
917
405
926
576
4190
2003
374
1573
5905
402
523
805
478
1338
474
581
716
319
1126
7443
2222
731
741
459
1046
2849
390
551
3592
740
5992
582
303
671
514
3862
1541
547
4172
683
5997
484
3526
1030
3205
4745
11235
983
5802
884
7486
1220
3609
531
3595
2868
847
8860
1621
879
7798
991
603
1440
1368
5391
4002
3982
711
2864
2413
1953
21149
1363
1678
1279
1465
3908
2019
3771
2826
4076
5800
2997
9325
879
12579
2111
750
1194
18388
1342
1872
2671
2661
4695
2346
2390
190
162
1321
0
0
0
140
513
245
81
3723
159
325
1594
308
2504
130
448
1635
50
102
527
311
211
191
83
133
440
334
82
390
603
400
549
123
1006
182
199
256
5569
331
2840
425
396
711
1393
2777
845
288
320
442
1220
430
361
902
133
595
1130
487
8918
994
348
715
904
2029
275
437
596
237
1313
1105
439
498
332
2408
289
987
1462
2732
947
2694
792
579
4859
260
517
1291
10534
1290
695
646
4218
3442
571
1588
548
990
1466
1341
1284
6339
4223
859
11621
429
568
452
261
1049
1255
704
2490
795
629
1290
2335
5133
2501
7135
4791
2968
6334
1485
1757
20168
2051
4622
1770
2448
1135
1554
7130
1679
37219
868
6196
3849
12903
518
3358
4011
11962
1643
17290
1638
14379
1189
854
2047
1131
3259
8960
2259
2734
3730
1420
4341
656
1427
1543
11520
5521
4476
1305
1683
3034
1516
10259
107
104
256
140
513
245
0
0
0
515
1202
265
155
148
270
159
1075
3134
115
429
53
998
1675
257
305
1447
320
367
317
1157
1504
700
120
1941
420
559
100
178
639
460
551
1307
1528
208
233
1257
257
436
271
1646
808
175
271
1865
278
1109
191
3851
3912
1335
2979
1463
919
673
2594
693
650
1720
603
1183
687
374
797
379
3319
4152
562
863
587
2640
1245
4459
294
1256
1249
1315
4013
699
7567
818
2233
431
1099
2694
447
5808
897
3982
1084
461
862
1077
1721
1164
1594
7994
757
1925
581
9766
4452
2001
10006
3382
2685
528
799
350
1296
660
2747
804
677
498
1252
800
3094
1165
13842
6287
756
905
3024
3682
2089
18383
1759
1358
9447
1459
1987
3022
1893
4135
31619
1443
2465
1735
3274
1161
2366
1927
845
593
3085
3380
773
2343
1355
10146
2149
567
1654
11207
6011
9149
3893
4696
683
116
171
81
3723
159
515
1202
265
0
0
0
1927
248
332
477
515
115
1683
235
282
130
1474
478
22
35
202
48
87
40
340
110
367
91
225
1112
318
742
192
318
1001
148
230
686
337
370
8383
770
229
3300
308
571
583
1463
805
1555
1263
478
338
227
907
1397
1062
1126
387
529
356
917
640
160
235
892
301
683
1272
1065
8596
1135
2163
431
500
1076
1781
692
867
946
5101
1087
390
329
1060
561
762
400
932
487
895
436
551
820
1205
6863
981
3922
2634
8220
1989
3367
1453
1118
19859
2383
9643
761
4886
1826
10505
621
4922
457
3845
1056
8662
3938
1356
3144
491
2565
1547
1265
679
3063
8432
513
6012
2840
4137
3353
1923
1793
1055
19001
8018
3627
1310
2150
1906
3130
8125
13383
361
1530
1704
1403
1356
3093
2557
1168
4138
946
1894
5437
2069
7537
2059
14940
1606
2410
77
58
88
325
1594
308
155
148
270
1927
248
332
0
0
0
25
3
8
212
137
142
474
57
195
643
302
116
335
183
400
239
799
140
3917
959
498
265
376
181
222
854
364
442
361
174
693
697
535
2315
1087
290
229
6731
1007
373
2060
161
580
2113
265
279
528
1280
438
275
911
667
1548
179
2155
4085
213
1372
361
432
760
1339
2053
5926
909
841
367
6976
421
878
1998
1616
2461
1635
927
2902
4218
505
774
676
614
180
11495
1599
799
1296
3464
586
1908
482
308
1653
1468
6441
3337
400
23339
581
7083
3724
1164
738
863
8125
1408
3748
1872
1011
556
7869
1356
857
2708
3150
1734
1162
1572
1095
535
1482
708
727
968
3217
1339
4062
5299
3389
26123
843
3607
4263
3358
6461
2970
2306
4244
4813
1677
1771
3877
1116
1850
4096
1294
2692
7424
11104
903
35620
7742
4140
3106
57
59
144
2504
130
448
159
1075
3134
477
515
115
25
3
8
0
0
0
441
385
286
131
147
1702
2945
179
607
305
839
343
45
46
80
418
645
493
370
221
813
1046
186
818
142
5489
382
326
243
5115
458
541
221
376
1567
291
453
240
592
1217
322
1263
226
841
384
1195
657
209
329
342
154
3339
738
447
1981
371
10210
619
427
4392
1279
2315
961
1758
433
2016
1532
649
359
4140
1141
711
495
2116
449
470
809
701
1334
2120
260
3940
4730
5551
1357
1658
8372
1614
566
1025
1181
2658
1751
1415
536
1704
1980
1590
2670
11963
2756
882
2399
1084
2622
807
777
1362
7219
7713
3455
5677
890
22792
851
3049
695
5331
11855
802
1982
7141
5541
1893
5996
1847
9255
2037
598
29241
3630
2393
30065
802
2738
940
2703
3011
1229
3973
2173
1027
3392
10496
11174
805
975
1398
4640
9156
591
140
261
1635
50
102
115
429
53
1683
235
282
212
137
142
441
385
286
0
0
0
308
624
401
232
1090
332
406
216
6965
1004
221
266
174
1783
295
115
4098
314
508
2342
815
320
153
535
496
267
609
465
1477
2007
334
653
176
313
568
1401
1441
343
1811
11592
955
587
2323
316
883
942
196
423
667
257
7425
610
276
462
939
1312
629
899
1153
481
966
584
417
1023
533
785
836
988
456
512
1510
1403
1208
1599
1408
1388
437
19756
602
12416
1384
870
732
1306
651
914
186
3466
616
4597
2428
1479
2192
2349
4209
1817
1391
1021
2754
840
662
13914
2814
43220
462
1307
16800
6437
549
4991
1285
2167
2682
19591
4489
1631
1164
15637
2605
2318
1422
2209
1566
2866
4601
902
31268
3535
531
1380
2681
1149
4118
6744
1889
2789
31913
3093
7676
921
1637
3562
7419
1864
2426
1377
5574
462
236
481
527
311
211
998
1675
257
130
1474
478
474
57
195
131
147
1702
308
624
401
0
0
0
3198
225
302
128
433
299
157
88
104
254
240
256
257
331
438
155
144
202
414
165
1673
1938
143
259
302
624
435
417
349
380
550
502
1387
174
804
13448
844
211
1297
9836
591
278
795
208
3500
539
1606
7330
925
863
362
624
1157
538
203
429
422
909
514
1015
1089
1491
760
678
3757
670
1692
4763
2801
648
660
322
305
316
756
469
1578
6131
918
13002
546
1012
1121
3509
2249
2905
1043
836
7422
645
9066
1381
1140
462
554
758
4457
2046
1617
19373
15696
1817
1274
862
958
1356
3365
6737
1599
915
6363
1973
1525
1190
1601
3924
1045
3711
3310
1981
12800
2212
4251
13275
11122
2823
1650
6427
1982
4219
3122
5381
5551
1616
7011
2325
1679
2246
10858
2313
2242
780
21122
1080
1294
252
289
191
83
133
305
1447
320
22
35
202
643
302
116
2945
179
607
232
1090
332
3198
225
302
0
0
0
24
106
178
549
162
309
181
67
116
803
470
147
494
295
1047
474
251
204
1260
1074
5753
472
273
1034
2837
734
454
605
516
820
463
1075
239
4989
2230
814
2888
297
289
3403
604
5189
134
184
369
948
513
1228
260
632
5415
175
4355
1483
450
409
1568
537
666
879
600
540
1066
1501
493
704
2635
573
777
322
668
2442
1148
3624
864
670
721
1500
1653
1186
17496
1620
7291
905
3075
1758
20902
4130
8322
1101
1232
1049
4641
2249
1282
19655
21571
3759
899
1421
3076
3239
2465
2846
1931
1804
2788
2355
17756
3159
2921
2610
2224
7386
7525
1708
3474
1664
16653
7097
579
14954
2189
5833
3201
3374
1958
1419
3668
8524
5471
2081
964
1863
5260
2008
518
1936
871
3791
2833
270
606
2067
440
334
82
367
317
1157
48
87
40
335
183
400
305
839
343
406
216
6965
128
433
299
24
106
178
0
0
0
676
291
323
37
109
118
5090
3162
634
2782
264
153
262
1975
2273
476
838
508
865
1097
221
1096
620
1020
351
1001
211
860
248
338
389
462
322
415
996
1024
839
346
1450
240
531
229
1529
535
614
357
122
510
6117
324
2375
904
3309
509
1368
643
1492
1096
585
371
1061
7867
1927
4457
361
368
471
1028
806
1940
1059
1653
1520
1445
1639
791
509
2884
962
1063
5296
2491
8652
1615
9523
847
1794
727
2713
527
1680
801
2660
3179
2940
13011
4165
2020
1127
5329
4574
1192
1723
519
745
4907
1602
26188
1361
40660
1586
2838
655
5789
1189
3899
10217
1106
3521
1701
3228
3916
2596
909
2397
18929
2657
1327
5220
1955
1271
2267
1406
9141
1677
33475
2835
2748
409
458
134
390
603
400
1504
700
120
340
110
367
239
799
140
45
46
80
1004
221
266
157
88
104
549
162
309
676
291
323
0
0
0
147
197
1263
1088
4842
1843
408
403
572
750
327
197
554
1232
259
333
499
538
6248
1974
519
947
5003
3981
315
1051
779
167
181
490
331
455
360
968
16461
311
392
6517
1213
687
15706
1949
308
1101
2702
262
1149
375
902
2612
1141
1030
1134
936
2806
1246
1565
2583
2308
1586
618
1851
2002
285
823
352
2262
869
2304
2556
1063
2396
789
1968
8180
1311
9504
1597
679
2073
2630
1296
679
3363
3196
568
1094
1333
1966
3612
1259
1704
2102
4913
1056
770
1373
27072
3127
3444
858
1090
1230
3184
2478
3153
564
8050
3113
1376
1554
1597
834
25301
2760
2027
1019
2388
1761
4308
2929
3607
6707
1706
12723
2159
2895
602
2600
3189
39500
2117
6153
1512
1711
559
354
3847
549
123
1006
1941
420
559
91
225
1112
3917
959
498
418
645
493
174
1783
295
254
240
256
181
67
116
37
109
118
147
197
1263
0
0
0
533
559
817
299
408
547
443
4663
275
890
789
1545
161
136
90
1559
657
619
287
359
2616
369
862
643
500
1113
1018
320
430
229
1112
560
607
187
168
313
947
1278
343
720
255
1113
746
749
1041
1888
356
2827
527
1926
627
1092
601
510
1080
4508
857
364
365
331
8184
606
1303
632
584
1081
928
630
745
6044
349
1461
1018
938
779
8399
9510
3078
975
4154
959
353
2108
863
1613
1560
7354
11141
1744
1348
2183
13425
1205
1202
3015
50920
3995
1160
1376
1995
3381
532
1848
947
3662
2166
1044
1915
3666
2647
3943
2192
1564
4982
3917
2682
1397
28100
2077
898
2658
2844
1764
2198
4035
3103
3785
3544
2625
6878
1705
3016
174
309
179
182
199
256
100
178
639
318
742
192
265
376
181
370
221
813
115
4098
314
257
331
438
803
470
147
5090
3162
634
1088
4842
1843
533
559
817
0
0
0
950
386
347
1246
215
297
426
3689
505
7906
157
757
170
862
351
4752
1195
408
1707
575
1241
2305
243
773
491
443
2944
308
396
727
9395
1350
7153
599
234
695
1029
1463
667
416
2079
2204
8704
5375
1707
398
1058
16497
436
529
675
293
322
689
722
1314
4305
4267
667
2853
314
472
682
966
2280
3927
520
1075
1719
3137
11637
6185
1244
7384
9623
1504
1119
591
1385
3801
48830
1618
3225
4503
1834
4378
3231
2180
1236
1833
630
3392
1962
1803
4740
3723
2252
5054
1015
1956
813
2847
1785
3011
1936
4698
2115
2668
699
6569
1695
2205
2006
7873
3013
2037
2569
2674
3131
18579
1123
1328
1280
4875
3138
1533
2843
4660
4175
101
12152
258
5569
331
2840
460
551
1307
318
1001
148
222
854
364
1046
186
818
508
2342
815
155
144
202
494
295
1047
2782
264
153
408
403
572
299
408
547
950
386
347
0
0
0
419
479
5449
278
1996
518
2227
261
290
231
531
1917
1133
554
2372
365
1339
698
245
490
370
544
328
529
187
1459
2188
1788
1024
1303
558
938
671
730
707
451
411
542
598
2040
686
553
446
1067
671
287
339
1664
7360
2018
1202
7904
1717
2609
875
4962
734
1310
1107
538
419
2384
1304
898
375
869
371
795
2386
390
3675
1008
2968
4114
664
8967
721
730
5958
462
3361
701
1478
996
5354
1417
2892
2542
5431
3911
815
1532
391
1075
428
2141
1065
2495
7863
2365
1002
29005
36194
2264
31268
1141
3829
2536
1514
1171
1311
1670
1160
1014
4425
2517
802
3409
3607
3573
800
1606
857
1373
11423
4847
607
2724
280
425
396
711
1528
208
233
230
686
337
442
361
174
142
5489
382
320
153
535
414
165
1673
474
251
204
262
1975
2273
750
327
197
443
4663
275
1246
215
297
419
479
5449
0
0
0
338
457
495
450
4872
365
480
308
2282
487
688
255
960
1452
649
1842
969
16873
1765
538
326
992
631
549
727
351
902
466
255
562
707
1361
480
2195
272
9571
312
1295
1165
514
452
7034
3623
5498
1162
304
3596
761
14489
2205
1796
404
2516
1004
266
2401
397
780
1803
1339
2917
1108
476
2605
12827
1329
1120
1383
1975
1153
6260
1721
2493
594
740
8085
3524
3173
3701
1036
1469
1090
492
1389
5049
2130
1668
1991
1670
1946
1603
28258
1167
4197
2243
4175
2414
1755
841
1472
1142
2245
8497
2425
1853
1243
1039
4189
4716
18932
1905
1669
1801
1698
802
6955
559
1638
5303
9831
51752
5050
2028
2723
521
311
1393
2777
845
1257
257
436
370
8383
770
693
697
535
326
243
5115
496
267
609
1938
143
259
1260
1074
5753
476
838
508
554
1232
259
890
789
1545
426
3689
505
278
1996
518
338
457
495
0
0
0
552
820
699
192
8912
20529
4943
1196
930
977
5261
635
309
3003
737
483
998
336
233
208
232
527
1189
290
299
1331
925
1032
714
902
1375
430
1243
1320
4399
2210
4414
2071
1620
1760
1403
896
1876
2744
2807
451
27523
1164
335
1333
628
688
494
5214
1738
837
1045
1947
2680
2665
914
960
3014
5010
765
644
966
728
759
1513
1014
794
2223
1954
7619
760
367
911
1587
1384
35567
3785
1184
3923
17473
1225
1282
979
813
1044
987
1885
12146
1090
16373
1312
2528
1915
1485
412
7967
1975
16709
2337
5359
948
5253
1549
2346
917
17018
4927
4307
1120
3384
1190
806
2524
9254
10858
555
267
677
288
320
442
271
1646
808
229
3300
308
2315
1087
290
458
541
221
465
1477
2007
302
624
435
472
273
1034
865
1097
221
333
499
538
161
136
90
7906
157
757
2227
261
290
450
4872
365
552
820
699
0
0
0
1169
675
1177
23216
1144
582
266
272
541
450
1122
860
2863
1143
967
3223
650
7408
168
454
469
720
936
750
1524
1137
244
362
637
455
5775
416
426
1646
4462
1379
649
702
2835
357
642
1560
6120
1063
762
1939
890
1059
1193
1002
484
2441
484
1223
1190
1807
572
1141
1347
500
1939
3813
1520
2239
1538
1805
8002
1392
498
2062
2175
6469
11890
2058
5205
3051
1087
3607
3119
709
5333
2273
1365
482
1023
9592
4890
7049
2888
1594
4972
1827
942
11515
5594
3021
777
5347
1407
3004
7237
577
9221
660
1725
2006
4175
1793
6505
2053
4280
747
892
5100
30795
2044
2110
256
343
526
1220
430
361
175
271
1865
571
583
1463
229
6731
1007
376
1567
291
334
653
176
417
349
380
2837
734
454
1096
620
1020
6248
1974
519
1559
657
619
170
862
351
231
531
1917
480
308
2282
192
8912
20529
1169
675
1177
0
0
0
319
209
253
1127
1272
1088
586
1133
1334
34361
2611
824
833
1172
1392
7500
267
501
209
1657
566
965
435
344
768
845
787
197
95
680
867
172
4271
559
612
514
430
488
689
652
3449
871
5487
2500
730
1855
734
389
2946
994
3933
7002
1530
1197
11082
2094
1118
1066
11990
4912
1122
3458
679
2948
713
587
1526
1597
1422
3824
5296
2841
544
1232
1486
651
1582
671
3160
1359
12884
4032
6227
11405
1036
3369
1033
2603
1514
4515
2642
1571
7453
5560
1275
3276
968
1891
2420
2342
2484
829
3821
1379
45144
2123
5131
1349
2592
7537
1538
1117
3196
5299
531
1530
451
902
133
595
278
1109
191
805
1555
1263
373
2060
161
453
240
592
313
568
1401
550
502
1387
605
516
820
351
1001
211
947
5003
3981
287
359
2616
4752
1195
408
1133
554
2372
487
688
255
4943
1196
930
23216
1144
582
319
209
253
0
0
0
1125
1599
293
453
583
998
658
642
5376
463
5247
268
282
8730
1218
128
932
723
955
17417
2998
1010
11664
485
1774
489
1193
2139
3024
1035
1878
5729
937
1989
3585
499
1986
1017
15473
5834
2243
7035
435
427
731
1706
1164
913
532
9916
561
28040
654
36760
1392
2316
665
925
1729
1827
2106
3203
28967
7559
3340
1332
2271
2715
2056
874
895
1040
1190
407
577
1764
4851
6876
1800
1837
5566
4875
2678
435
893
2531
2179
2886
933
1345
999
1035
1036
1561
17163
2174
1026
2486
3370
5074
3309
2504
1552
2185
1591
3649
1699
4103
1783
4035
5483
4399
915
418
1130
487
8918
3851
3912
1335
478
338
227
580
2113
265
1217
322
1263
1441
343
1811
174
804
13448
463
1075
239
860
248
338
315
1051
779
369
862
643
1707
575
1241
365
1339
698
960
1452
649
977
5261
635
266
272
541
1127
1272
1088
1125
1599
293
0
0
0
478
288
752
116
650
1101
1138
3782
4446
3815
3520
1478
1143
1273
1043
1727
135
84
284
213
829
1556
4526
2581
7706
2797
1184
942
315
675
1757
718
693
199
228
3165
1224
373
4435
914
864
1610
221
467
409
2562
1859
3165
712
33060
685
2770
1560
2723
1051
13039
841
1510
823
507
1278
1408
10879
1010
10459
1088
1324
1684
30717
1418
4111
1403
16843
1493
1076
2530
5410
965
3487
4135
2005
3097
8275
5714
725
2600
4133
1523
4964
1031
7807
1244
3900
4587
5989
1772
15709
1686
8300
6043
2134
3804
1923
15231
804
923
2193
3797
212
441
1176
994
348
715
2979
1463
919
907
1397
1062
279
528
1280
226
841
384
11592
955
587
844
211
1297
4989
2230
814
389
462
322
167
181
490
500
1113
1018
2305
243
773
245
490
370
1842
969
16873
309
3003
737
450
1122
860
586
1133
1334
453
583
998
478
288
752
0
0
0
998
212
3994
605
1684
504
7202
3785
2072
2092
1244
2200
833
5938
1699
200
38
300
1494
1033
2552
2627
469
1025
584
616
910
17355
4849
543
357
3298
153
1321
854
164
15319
3191
2009
519
696
956
2528
1530
762
434
388
748
1490
1423
643
1993
743
287
905
758
1415
7520
4946
1773
1377
941
1128
1064
2121
2329
24986
837
2081
1388
6484
1990
5451
2211
4853
3873
809
3738
4741
5593
3946
676
1535
799
631
5601
1298
1844
2036
1195
2222
5136
1716
6347
2260
2041
1352
10411
4839
6816
9782
11795
3183
2031
22628
219
15292
638
904
2029
275
673
2594
693
1126
387
529
438
275
911
1195
657
209
2323
316
883
9836
591
278
2888
297
289
415
996
1024
331
455
360
320
430
229
491
443
2944
544
328
529
1765
538
326
483
998
336
2863
1143
967
34361
2611
824
658
642
5376
116
650
1101
998
212
3994
0
0
0
383
222
790
707
3497
889
500
600
320
278
849
631
153
36
122
3924
1048
1327
1413
2051
678
1703
6882
600
6436
1632
2614
1689
302
561
1050
308
1074
2995
803
1799
934
1481
759
9346
1798
5049
1047
929
13590
1642
4373
4746
2336
615
2274
1168
958
1101
6893
2336
13592
1951
1584
17039
7612
1630
5573
17700
1846
1145
8879
547
1019
2914
3632
3556
1510
218
675
1838
6797
1783
1225
2498
806
3522
4076
337
2501
1867
1529
3262
1650
2190
1592
3368
6864
7604
3049
1590
1408
943
1495
4354
3268
1721
2352
2369
2489
437
596
237
650
1720
603
356
917
640
667
1548
179
329
342
154
942
196
423
795
208
3500
3403
604
5189
839
346
1450
968
16461
311
1112
560
607
308
396
727
187
1459
2188
992
631
549
233
208
232
3223
650
7408
833
1172
1392
463
5247
268
1138
3782
4446
605
1684
504
383
222
790
0
0
0
1199
760
1020
1420
3708
1962
3061
1885
1347
579
147
394
721
720
12125
3893
1313
1340
4247
1856
7299
1981
819
2096
7769
706
1523
936
608
268
655
534
638
2473
4406
805
722
1296
1045
865
1215
4514
327
1315
812
2022
1677
2714
29973
716
1499
1469
2547
4770
5982
982
1780
686
1632
842
14911
2562
2579
3346
1994
2423
1628
799
1173
1207
3634
1271
1354
2962
2591
1260
1513
886
2334
1419
2709
1220
4093
4248
2056
2087
2225
2748
4458
1097
651
2773
6078
2979
2464
757
9981
3901
7839
3038
917
405
1313
1105
439
1183
687
374
160
235
892
2155
4085
213
3339
738
447
667
257
7425
539
1606
7330
134
184
369
240
531
229
392
6517
1213
187
168
313
9395
1350
7153
1788
1024
1303
727
351
902
527
1189
290
168
454
469
7500
267
501
282
8730
1218
3815
3520
1478
7202
3785
2072
707
3497
889
1199
760
1020
0
0
0
1202
13541
1218
667
464
3349
3209
621
1573
1445
1130
415
808
2300
283
457
985
200
779
622
778
1381
1883
1168
1360
975
754
819
11728
1858
669
2052
1557
268
674
4446
435
7267
2109
2606
1350
2888
26136
1516
1699
1072
2598
934
1903
2856
2226
2053
4097
1703
2434
1759
1329
5931
2330
1422
1123
1117
6086
2177
6864
5855
11327
662
1840
3766
5401
851
6140
2790
1522
6813
2890
1695
2068
1076
4580
4567
816
13827
11331
688
1224
8599
1961
6345
3642
5492
3681
2514
1202
5424
926
576
4190
498
332
2408
797
379
3319
301
683
1272
1372
361
432
1981
371
10210
610
276
462
925
863
362
948
513
1228
1529
535
614
687
15706
1949
947
1278
343
599
234
695
558
938
671
466
255
562
299
1331
925
720
936
750
209
1657
566
128
932
723
1143
1273
1043
2092
1244
2200
500
600
320
1420
3708
1962
1202
13541
1218
0
0
0
1056
2013
538
1171
352
1769
1365
1707
1791
870
1138
439
4547
600
2583
1146
148
666
2661
608
4637
2969
1514
2142
148
309
236
811
1979
8376
2986
435
330
3372
14936
1612
1634
1920
13145
1433
2231
2976
4134
8925
2758
1251
1137
546
1378
2224
2233
475
1234
2030
732
1308
2382
2472
1112
6887
3069
579
1203
1677
3245
1803
3420
4862
925
14811
2444
3890
1802
1264
551
1185
11832
3854
860
1490
827
11519
867
3532
3809
1363
3505
2345
1897
1036
2435
1896
7497
2003
374
1573
289
987
1462
4152
562
863
1065
8596
1135
760
1339
2053
619
427
4392
939
1312
629
624
1157
538
260
632
5415
357
122
510
308
1101
2702
720
255
1113
1029
1463
667
730
707
451
707
1361
480
1032
714
902
1524
1137
244
965
435
344
955
17417
2998
1727
135
84
833
5938
1699
278
849
631
3061
1885
1347
667
464
3349
1056
2013
538
0
0
0
3009
148
637
4824
777
2649
710
2340
1629
442
575
1227
1244
2987
924
364
47
310
1613
1019
623
1576
1957
4954
132
49
148
3650
1365
7772
1546
388
1040
2172
1943
8250
1180
1031
3320
17063
1153
425
1226
2591
1998
1659
3114
2641
1636
10693
5318
7113
768
3463
1232
3105
952
4378
2570
24516
2255
3447
1219
1654
927
2165
1154
1419
1411
1854
1704
1907
1168
1104
998
1487
4198
5912
23177
1939
11854
1065
2037
2159
1596
4718
806
2019
1432
935
5905
402
523
2732
947
2694
587
2640
1245
2163
431
500
5926
909
841
1279
2315
961
899
1153
481
203
429
422
175
4355
1483
6117
324
2375
262
1149
375
746
749
1041
416
2079
2204
411
542
598
2195
272
9571
1375
430
1243
362
637
455
768
845
787
1010
11664
485
284
213
829
200
38
300
153
36
122
579
147
394
3209
621
1573
1171
352
1769
3009
148
637
0
0
0
2849
1793
3913
1347
2057
1785
3746
7287
258
720
1680
932
405
128
366
740
1077
1337
1839
4183
3077
1129
1069
1592
308
709
1940
1197
932
2060
2161
876
1802
5563
454
3634
1398
1180
11296
3850
1252
5081
650
1475
1587
719
1724
955
4133
3509
1461
1082
2593
751
2614
3136
7633
2337
1169
3325
1003
2594
5288
381
738
2936
4398
1317
748
1885
7119
5638
2055
1689
8820
22788
2123
51188
1595
1537
1173
2394
5475
819
1102
21673
2189
805
478
1338
792
579
4859
4459
294
1256
1076
1781
692
367
6976
421
1758
433
2016
966
584
417
909
514
1015
450
409
1568
904
3309
509
902
2612
1141
1888
356
2827
8704
5375
1707
2040
686
553
312
1295
1165
1320
4399
2210
5775
416
426
197
95
680
1774
489
1193
1556
4526
2581
1494
1033
2552
3924
1048
1327
721
720
12125
1445
1130
415
1365
1707
1791
4824
777
2649
2849
1793
3913
0
0
0
164
115
83
539
633
1221
380
167
191
3550
9002
1795
2116
955
2284
852
1953
762
2024
1951
1502
509
212
744
2024
1261
1196
3152
1726
5953
2302
3282
4120
1918
1417
5148
1694
532
671
1092
2090
3627
3328
4389
511
1265
1075
811
4447
6784
8745
1800
887
1790
963
5698
1547
8559
10062
12129
8548
4385
4666
1236
2957
1681
2139
2409
2257
3614
5010
1269
1212
2037
3254
3164
713
5238
3452
9317
11850
6415
6897
58896
474
581
716
260
517
1291
1249
1315
4013
867
946
5101
878
1998
1616
1532
649
359
1023
533
785
1089
1491
760
537
666
879
1368
643
1492
1030
1134
936
527
1926
627
398
1058
16497
446
1067
671
514
452
7034
4414
2071
1620
1646
4462
1379
867
172
4271
2139
3024
1035
7706
2797
1184
2627
469
1025
1413
2051
678
3893
1313
1340
808
2300
283
870
1138
439
710
2340
1629
1347
2057
1785
164
115
83
0
0
0
652
536
1207
238
1530
2067
1459
1679
12002
1263
1519
32799
2341
531
1876
2192
4953
1180
330
257
86
1661
4105
1407
6225
2105
6159
2773
1428
3509
2336
3340
6715
799
695
662
1076
1759
13818
833
2215
1618
9253
3996
3270
870
2915
3065
5468
903
2737
1269
2001
1245
10537
580
772
1731
10552
1602
1947
9900
1768
4072
2892
1356
1876
919
4469
2250
1024
308
1443
4325
3820
47905
4383
2598
643
2137
17500
319
1126
7443
10534
1290
695
699
7567
818
1087
390
329
2461
1635
927
4140
1141
711
836
988
456
678
3757
670
600
540
1066
1096
585
371
2806
1246
1565
1092
601
510
436
529
675
287
339
1664
3623
5498
1162
1760
1403
896
649
702
2835
559
612
514
1878
5729
937
942
315
675
584
616
910
1703
6882
600
4247
1856
7299
457
985
200
4547
600
2583
442
575
1227
3746
7287
258
539
633
1221
652
536
1207
0
0
0
1084
2249
1028
1754
1168
480
691
10809
2236
547
4671
864
412
1055
647
1821
800
354
3249
1685
2466
970
8418
1542
1774
5932
1501
12363
1003
4896
1746
977
2905
3395
1548
7705
5707
1012
7829
6044
3776
4480
973
796
1575
6476
2170
1279
1327
22016
11222
3738
4096
2498
2424
1232
983
3399
5521
1730
6043
1793
2871
588
1083
924
77644
647
5464
5296
6239
46372
27455
16133
434
2537
1109
713
2222
731
741
646
4218
3442
2233
431
1099
1060
561
762
2902
4218
505
495
2116
449
512
1510
1403
1692
4763
2801
1501
493
704
1061
7867
1927
2583
2308
1586
1080
4508
857
293
322
689
7360
2018
1202
304
3596
761
1876
2744
2807
357
642
1560
430
488
689
1989
3585
499
1757
718
693
17355
4849
543
6436
1632
2614
1981
819
2096
779
622
778
1146
148
666
1244
2987
924
720
1680
932
380
167
191
238
1530
2067
1084
2249
1028
0
0
0
9379
37820
1267
2027
4143
2725
1651
288
791
6218
1336
836
224
2043
2993
2515
1153
26807
2180
2525
5708
2002
2438
5818
7617
1797
5389
3820
10320
2950
768
875
2010
243
1497
565
496
1234
1027
2914
21937
1140
1195
1894
1652
1473
2219
20336
432
1626
1015
8640
2137
7245
1075
94413
2287
1462
698
3940
1960
7566
942
874
9068
697
5335
10352
6883
2128
4669
15580
3425
1232
3098
459
1046
2849
571
1588
548
2694
447
5808
400
932
487
774
676
614
470
809
701
1208
1599
1408
648
660
322
2635
573
777
4457
361
368
618
1851
2002
364
365
331
722
1314
4305
7904
1717
2609
14489
2205
1796
451
27523
1164
6120
1063
762
652
3449
871
1986
1017
15473
199
228
3165
357
3298
153
1689
302
561
7769
706
1523
1381
1883
1168
2661
608
4637
364
47
310
405
128
366
3550
9002
1795
1459
1679
12002
1754
1168
480
9379
37820
1267
0
0
0
626
3678
9744
1736
3002
4742
107
156
1251
415
756
1474
485
604
478
3393
6024
757
835
1465
1194
590
3758
560
1463
1516
777
2485
5565
1095
2097
6494
1133
2469
2275
4227
535
421
27134
17141
3701
8221
1786
4645
1577
2186
4391
2599
9364
701
783
3548
17799
3077
2569
21577
2777
2608
4293
1693
4074
22702
2634
1295
2261
3215
1284
1409
4135
1214
1208
2707
390
551
3592
990
1466
1341
897
3982
1084
895
436
551
180
11495
1599
1334
2120
260
1388
437
19756
305
316
756
322
668
2442
471
1028
806
285
823
352
8184
606
1303
4267
667
2853
875
4962
734
404
2516
1004
335
1333
628
1939
890
1059
5487
2500
730
5834
2243
7035
1224
373
4435
1321
854
164
1050
308
1074
936
608
268
1360
975
754
2969
1514
2142
1613
1019
623
740
1077
1337
2116
955
2284
1263
1519
32799
691
10809
2236
2027
4143
2725
626
3678
9744
0
0
0
640
3184
640
886
1114
3361
7094
3413
2559
1242
1307
1041
384
2520
319
1859
452
604
796
7529
528
2938
68657
17619
482
711
628
5773
1344
5609
13188
34003
1751
954
2496
1257
1966
1145
1021
1296
910
1337
2286
10388
2734
3700
2011
1133
4077
1245
7518
1698
2738
1814
6738
912
2787
2099
2167
3519
3896
1574
1347
21193
9049
1327
2247
3321
11093
740
5992
582
1284
6339
4223
461
862
1077
820
1205
6863
799
1296
3464
3940
4730
5551
602
12416
1384
469
1578
6131
1148
3624
864
1940
1059
1653
2262
869
2304
632
584
1081
314
472
682
1310
1107
538
266
2401
397
688
494
5214
1193
1002
484
1855
734
389
435
427
731
914
864
1610
15319
3191
2009
2995
803
1799
655
534
638
819
11728
1858
148
309
236
1576
1957
4954
1839
4183
3077
852
1953
762
2341
531
1876
547
4671
864
1651
288
791
1736
3002
4742
640
3184
640
0
0
0
1212
2739
4443
5679
4342
1338
1082
2654
7949
1170
1469
8540
1140
23328
1924
11406
1080
5819
1214
3064
2876
4990
967
967
609
700
683
1977
1446
1332
805
2074
2210
1437
7244
4576
1433
5143
954
2259
2356
2111
1652
55995
3387
990
673
2688
7391
3121
1203
1458
1705
905
7242
492
3759
10970
46691
1137
1348
2610
7389
5829
23612
1804
303
671
514
859
11621
429
1721
1164
1594
981
3922
2634
586
1908
482
1357
1658
8372
870
732
1306
918
13002
546
670
721
1500
1520
1445
1639
2556
1063
2396
928
630
745
966
2280
3927
419
2384
1304
780
1803
1339
1738
837
1045
2441
484
1223
2946
994
3933
1706
1164
913
221
467
409
519
696
956
934
1481
759
2473
4406
805
669
2052
1557
811
1979
8376
132
49
148
1129
1069
1592
2024
1951
1502
2192
4953
1180
412
1055
647
6218
1336
836
107
156
1251
886
1114
3361
1212
2739
4443
0
0
0
3473
1319
1079
190
3897
2742
1166
21552
1901
1315
19419
484
1670
206
212
18783
1518
1453
13330
5119
2187
3004
8636
947
6763
4682
2488
1354
403
1914
7110
2899
14868
39559
1268
3327
4539
2054
3183
603
4091
808
1182
3798
2044
9178
1590
2164
4236
1797
7815
3779
2770
2897
26937
3488
10375
7626
6661
2497
1488
2575
3223
3862
1541
547
568
452
261
7994
757
1925
8220
1989
3367
308
1653
1468
1614
566
1025
651
914
186
1012
1121
3509
1653
1186
17496
791
509
2884
789
1968
8180
6044
349
1461
520
1075
1719
898
375
869
2917
1108
476
1947
2680
2665
1190
1807
572
7002
1530
1197
532
9916
561
2562
1859
3165
2528
1530
762
9346
1798
5049
722
1296
1045
268
674
4446
2986
435
330
3650
1365
7772
308
709
1940
509
212
744
330
257
86
1821
800
354
224
2043
2993
415
756
1474
7094
3413
2559
5679
4342
1338
3473
1319
1079
0
0
0
951
1101
861
3071
1346
3213
3929
3360
1510
4755
1377
1353
568
6508
15177
5381
2113
1120
2422
4077
1743
1461
948
897
2187
9045
604
3906
2670
1849
1655
2515
1853
949
1040
1605
5486
4232
2480
9425
12176
6515
975
1023
947
2694
4953
3959
933
552
2604
1627
15826
7864
5893
2276
2216
4355
3216
1055
4172
683
5997
1049
1255
704
581
9766
4452
1453
1118
19859
6441
3337
400
1181
2658
1751
3466
616
4597
2249
2905
1043
1620
7291
905
962
1063
5296
1311
9504
1597
1018
938
779
3137
11637
6185
371
795
2386
2605
12827
1329
914
960
3014
1141
1347
500
11082
2094
1118
28040
654
36760
712
33060
685
434
388
748
1047
929
13590
865
1215
4514
435
7267
2109
3372
14936
1612
1546
388
1040
1197
932
2060
2024
1261
1196
1661
4105
1407
3249
1685
2466
2515
1153
26807
485
604
478
1242
1307
1041
1082
2654
7949
190
3897
2742
951
1101
861
0
0
0
9314
2230
1178
12488
574
3384
132
2761
215
5101
2182
786
25986
4417
1572
1079
1904
2317
1766
2383
6915
124
1612
145
9263
1611
1408
2084
477
1106
1442
2483
2746
254
564
790
4596
1113
2119
8843
3668
1398
2123
1094
27414
10861
9232
16211
1638
1044
6460
4437
419
4811
12047
1008
1577
484
3526
1030
2490
795
629
2001
10006
3382
2383
9643
761
23339
581
7083
1415
536
1704
2428
1479
2192
836
7422
645
3075
1758
20902
2491
8652
1615
679
2073
2630
8399
9510
3078
1244
7384
9623
390
3675
1008
1120
1383
1975
5010
765
644
1939
3813
1520
1066
11990
4912
1392
2316
665
2770
1560
2723
1490
1423
643
1642
4373
4746
327
1315
812
2606
1350
2888
1634
1920
13145
2172
1943
8250
2161
876
1802
3152
1726
5953
6225
2105
6159
970
8418
1542
2180
2525
5708
3393
6024
757
384
2520
319
1170
1469
8540
1166
21552
1901
3071
1346
3213
9314
2230
1178
0
0
0
132
287
853
2316
356
1432
3915
3178
1058
5116
309
635
1748
6901
3963
5409
4059
1103
1311
391
2459
11348
1302
3679
970
1397
2457
4849
1326
2417
3349
969
642
885
740
955
2276
1271
3176
3127
2825
3817
7059
7653
2378
785
2331
482
9128
311
3767
4384
4089
3610
3205
4745
11235
1290
2335
5133
2685
528
799
4886
1826
10505
3724
1164
738
1980
1590
2670
2349
4209
1817
9066
1381
1140
4130
8322
1101
9523
847
1794
1296
679
3363
975
4154
959
1504
1119
591
2968
4114
664
1153
6260
1721
966
728
759
2239
1538
1805
1122
3458
679
925
1729
1827
1051
13039
841
1993
743
287
2336
615
2274
2022
1677
2714
26136
1516
1699
1433
2231
2976
1180
1031
3320
5563
454
3634
2302
3282
4120
2773
1428
3509
1774
5932
1501
2002
2438
5818
835
1465
1194
1859
452
604
1140
23328
1924
1315
19419
484
3929
3360
1510
12488
574
3384
132
287
853
0
0
0
648
1127
2105
16380
4041
3775
158
9208
6931
1670
7098
1272
2934
2882
3453
509
2469
4193
1547
5575
973
1792
2797
14775
3724
4511
9419
6192
458
1387
2446
11683
323
2449
4368
3940
2833
6185
45171
13680
1577
14111
3995
1767
1332
622
1287
931
2755
1034
850
983
5802
884
2501
7135
4791
350
1296
660
621
4922
457
863
8125
1408
11963
2756
882
1391
1021
2754
462
554
758
1232
1049
4641
727
2713
527
3196
568
1094
353
2108
863
1385
3801
48830
8967
721
730
2493
594
740
1513
1014
794
8002
1392
498
2948
713
587
2106
3203
28967
1510
823
507
905
758
1415
1168
958
1101
29973
716
1499
1072
2598
934
4134
8925
2758
17063
1153
425
1398
1180
11296
1918
1417
5148
2336
3340
6715
12363
1003
4896
7617
1797
5389
590
3758
560
796
7529
528
11406
1080
5819
1670
206
212
4755
1377
1353
132
2761
215
2316
356
1432
648
1127
2105
0
0
0
2368
4060
2383
11318
1327
904
13141
4408
2601
14581
2754
2298
335
2009
372
58455
7085
2583
766
767
18414
1635
4908
1692
1253
678
487
1185
8624
32546
2456
808
5893
2897
3903
4574
2319
3607
1737
10968
2321
1694
1728
607
852
1223
737
469
7486
1220
3609
2968
6334
1485
2747
804
677
3845
1056
8662
3748
1872
1011
2399
1084
2622
840
662
13914
4457
2046
1617
2249
1282
19655
1680
801
2660
1333
1966
3612
1613
1560
7354
1618
3225
4503
5958
462
3361
8085
3524
3173
2223
1954
7619
2062
2175
6469
1526
1597
1422
7559
3340
1332
1278
1408
10879
7520
4946
1773
6893
2336
13592
1469
2547
4770
1903
2856
2226
1251
1137
546
1226
2591
1998
3850
1252
5081
1694
532
671
799
695
662
1746
977
2905
3820
10320
2950
1463
1516
777
2938
68657
17619
1214
3064
2876
18783
1518
1453
568
6508
15177
5101
2182
786
3915
3178
1058
16380
4041
3775
2368
4060
2383
0
0
0
1360
1024
1110
5610
297
7395
2608
42352
870
1089
4693
3657
793
27226
6254
5140
2317
2674
442
412
347
21034
4144
3746
11684
4863
20313
1476
3186
1024
2643
774
19534
197
296
952
5697
8074
5750
2277
8768
2588
11049
2751
16092
531
3595
2868
1757
20168
2051
498
1252
800
3938
1356
3144
556
7869
1356
807
777
1362
2814
43220
462
19373
15696
1817
21571
3759
899
3179
2940
13011
1259
1704
2102
11141
1744
1348
1834
4378
3231
701
1478
996
3701
1036
1469
760
367
911
11890
2058
5205
3824
5296
2841
2271
2715
2056
1010
10459
1088
1377
941
1128
1951
1584
17039
5982
982
1780
2053
4097
1703
1378
2224
2233
1659
3114
2641
650
1475
1587
1092
2090
3627
1076
1759
13818
3395
1548
7705
768
875
2010
2485
5565
1095
482
711
628
4990
967
967
13330
5119
2187
5381
2113
1120
25986
4417
1572
5116
309
635
158
9208
6931
11318
1327
904
1360
1024
1110
0
0
0
50870
4040
4751
5937
2571
2384
1239
479
15990
532
233
876
1532
1353
575
20854
23470
1507
3490
2090
5380
834
555
941
1518
8052
2074
4172
7732
1675
11093
4646
3030
547
1999
679
1475
738
600
2139
5626
1375
847
8860
1621
4622
1770
2448
3094
1165
13842
491
2565
1547
857
2708
3150
7219
7713
3455
1307
16800
6437
1274
862
958
1421
3076
3239
4165
2020
1127
4913
1056
770
2183
13425
1205
2180
1236
1833
5354
1417
2892
1090
492
1389
1587
1384
35567
3051
1087
3607
544
1232
1486
874
895
1040
1324
1684
30717
1064
2121
2329
7612
1630
5573
686
1632
842
2434
1759
1329
475
1234
2030
1636
10693
5318
719
1724
955
3328
4389
511
833
2215
1618
5707
1012
7829
243
1497
565
2097
6494
1133
5773
1344
5609
609
700
683
3004
8636
947
2422
4077
1743
1079
1904
2317
1748
6901
3963
1670
7098
1272
13141
4408
2601
5610
297
7395
50870
4040
4751
0
0
0
4655
1592
225
3130
11381
2369
3092
775
632
15860
2593
9396
895
540
590
1341
5024
8814
1393
4657
43979
15008
4288
1305
1941
1314
9481
1748
23989
1524
2938
1594
3035
1526
5597
2067
3090
13898
26098
879
7798
991
1135
1554
7130
6287
756
905
1265
679
3063
1734
1162
1572
5677
890
22792
549
4991
1285
1356
3365
6737
2465
2846
1931
5329
4574
1192
1373
27072
3127
1202
3015
50920
630
3392
1962
2542
5431
3911
5049
2130
1668
3785
1184
3923
3119
709
5333
651
1582
671
1190
407
577
1418
4111
1403
24986
837
2081
17700
1846
1145
14911
2562
2579
5931
2330
1422
732
1308
2382
7113
768
3463
4133
3509
1461
1265
1075
811
9253
3996
3270
6044
3776
4480
496
1234
1027
2469
2275
4227
13188
34003
1751
1977
1446
1332
6763
4682
2488
1461
948
897
1766
2383
6915
5409
4059
1103
2934
2882
3453
14581
2754
2298
2608
42352
870
5937
2571
2384
4655
1592
225
0
0
0
2421
26215
2737
419
1060
1618
1212
1911
15159
2532
1357
4173
1229
1295
16207
6780
7354
3959
22113
2833
21619
13181
1728
1534
2324
2636
8098
12438
804
1606
1332
10350
2338
3446
10562
7817
603
1440
1368
1679
37219
868
3024
3682
2089
8432
513
6012
1095
535
1482
851
3049
695
2167
2682
19591
1599
915
6363
1804
2788
2355
1723
519
745
3444
858
1090
3995
1160
1376
1803
4740
3723
815
1532
391
1991
1670
1946
17473
1225
1282
2273
1365
482
3160
1359
12884
1764
4851
6876
16843
1493
1076
1388
6484
1990
8879
547
1019
3346
1994
2423
1123
1117
6086
2472
1112
6887
1232
3105
952
1082
2593
751
4447
6784
8745
870
2915
3065
973
796
1575
2914
21937
1140
535
421
27134
954
2496
1257
805
2074
2210
1354
403
1914
2187
9045
604
124
1612
145
1311
391
2459
509
2469
4193
335
2009
372
1089
4693
3657
1239
479
15990
3130
11381
2369
2421
26215
2737
0
0
0
4724
15902
2419
307
599
216
2016
5254
3464
140
134
1094
7497
968
3958
2070
2411
9127
1165
833
4950
11561
48377
3188
2169
1173
652
4542
947
1035
1726
1076
1060
5391
4002
3982
6196
3849
12903
18383
1759
1358
2840
4137
3353
708
727
968
5331
11855
802
4489
1631
1164
1973
1525
1190
17756
3159
2921
4907
1602
26188
1230
3184
2478
1995
3381
532
2252
5054
1015
1075
428
2141
1603
28258
1167
979
813
1044
1023
9592
4890
4032
6227
11405
1800
1837
5566
2530
5410
965
5451
2211
4853
2914
3632
3556
1628
799
1173
2177
6864
5855
3069
579
1203
4378
2570
24516
2614
3136
7633
1800
887
1790
5468
903
2737
6476
2170
1279
1195
1894
1652
17141
3701
8221
1966
1145
1021
1437
7244
4576
7110
2899
14868
3906
2670
1849
9263
1611
1408
11348
1302
3679
1547
5575
973
58455
7085
2583
793
27226
6254
532
233
876
3092
775
632
419
1060
1618
4724
15902
2419
0
0
0
3373
16829
1668
1221
2298
7154
12352
2860
6686
2286
1484
22248
1347
2898
31591
12007
3781
6346
3623
2505
3660
5442
3735
1204
2821
13364
13834
5285
13303
1932
711
2864
2413
518
3358
4011
9447
1459
1987
1923
1793
1055
3217
1339
4062
1982
7141
5541
15637
2605
2318
1601
3924
1045
2610
2224
7386
1361
40660
1586
3153
564
8050
1848
947
3662
1956
813
2847
1065
2495
7863
4197
2243
4175
987
1885
12146
7049
2888
1594
1036
3369
1033
4875
2678
435
3487
4135
2005
3873
809
3738
1510
218
675
1207
3634
1271
11327
662
1840
1677
3245
1803
2255
3447
1219
2337
1169
3325
963
5698
1547
1269
2001
1245
1327
22016
11222
1473
2219
20336
1786
4645
1577
1296
910
1337
1433
5143
954
39559
1268
3327
1655
2515
1853
2084
477
1106
970
1397
2457
1792
2797
14775
766
767
18414
5140
2317
2674
1532
1353
575
15860
2593
9396
1212
1911
15159
307
599
216
3373
16829
1668
0
0
0
3521
9673
7307
2592
80
92
798
1263
1240
29415
2595
984
1444
2501
2709
1992
2466
3879
5507
1688
2102
682
3063
650
670
1567
2587
1953
21149
1363
11962
1643
17290
3022
1893
4135
19001
8018
3627
5299
3389
26123
1893
5996
1847
1422
2209
1566
3711
3310
1981
7525
1708
3474
2838
655
5789
3113
1376
1554
2166
1044
1915
1785
3011
1936
2365
1002
29005
2414
1755
841
1090
16373
1312
4972
1827
942
2603
1514
4515
893
2531
2179
3097
8275
5714
4741
5593
3946
1838
6797
1783
1354
2962
2591
3766
5401
851
3420
4862
925
1654
927
2165
1003
2594
5288
8559
10062
12129
10537
580
772
3738
4096
2498
432
1626
1015
2186
4391
2599
2286
10388
2734
2259
2356
2111
4539
2054
3183
949
1040
1605
1442
2483
2746
4849
1326
2417
3724
4511
9419
1635
4908
1692
442
412
347
20854
23470
1507
895
540
590
2532
1357
4173
2016
5254
3464
1221
2298
7154
3521
9673
7307
0
0
0
7445
2775
2286
2153
43839
7264
1038
1291
42538
3120
4393
4159
16730
496
1425
3060
22453
2116
5725
5596
3103
2347
22266
31108
1678
1279
1465
1638
14379
1189
31619
1443
2465
1310
2150
1906
843
3607
4263
9255
2037
598
2866
4601
902
12800
2212
4251
1664
16653
7097
1189
3899
10217
1597
834
25301
3666
2647
3943
4698
2115
2668
36194
2264
31268
1472
1142
2245
2528
1915
1485
11515
5594
3021
2642
1571
7453
2886
933
1345
725
2600
4133
676
1535
799
1225
2498
806
1260
1513
886
6140
2790
1522
14811
2444
3890
1154
1419
1411
381
738
2936
8548
4385
4666
1731
10552
1602
2424
1232
983
8640
2137
7245
9364
701
783
3700
2011
1133
1652
55995
3387
603
4091
808
5486
4232
2480
254
564
790
3349
969
642
6192
458
1387
1253
678
487
21034
4144
3746
3490
2090
5380
1341
5024
8814
1229
1295
16207
140
134
1094
12352
2860
6686
2592
80
92
7445
2775
2286
0
0
0
833
665
36664
29980
15898
2957
5075
25989
1274
24643
4844
2909
999
1238
3466
529
1000
261
1095
3412
1192
3908
2019
3771
854
2047
1131
1735
3274
1161
3130
8125
13383
3358
6461
2970
29241
3630
2393
31268
3535
531
13275
11122
2823
579
14954
2189
1106
3521
1701
2760
2027
1019
2192
1564
4982
699
6569
1695
1141
3829
2536
8497
2425
1853
412
7967
1975
777
5347
1407
5560
1275
3276
999
1035
1036
1523
4964
1031
631
5601
1298
3522
4076
337
2334
1419
2709
6813
2890
1695
1802
1264
551
1854
1704
1907
4398
1317
748
1236
2957
1681
1947
9900
1768
3399
5521
1730
1075
94413
2287
3548
17799
3077
4077
1245
7518
990
673
2688
1182
3798
2044
9425
12176
6515
4596
1113
2119
885
740
955
2446
11683
323
1185
8624
32546
11684
4863
20313
834
555
941
1393
4657
43979
6780
7354
3959
7497
968
3958
2286
1484
22248
798
1263
1240
2153
43839
7264
833
665
36664
0
0
0
3644
1542
2878
3035
3085
1475
6584
3459
7065
784
291
182
969
1337
345
6084
2535
3973
2826
4076
5800
3259
8960
2259
2366
1927
845
361
1530
1704
2306
4244
4813
30065
802
2738
1380
2681
1149
1650
6427
1982
5833
3201
3374
3228
3916
2596
2388
1761
4308
3917
2682
1397
2205
2006
7873
1514
1171
1311
1243
1039
4189
16709
2337
5359
3004
7237
577
968
1891
2420
1561
17163
2174
7807
1244
3900
1844
2036
1195
2501
1867
1529
1220
4093
4248
2068
1076
4580
1185
11832
3854
1168
1104
998
1885
7119
5638
2139
2409
2257
4072
2892
1356
6043
1793
2871
1462
698
3940
2569
21577
2777
1698
2738
1814
7391
3121
1203
9178
1590
2164
975
1023
947
8843
3668
1398
2276
1271
3176
2449
4368
3940
2456
808
5893
1476
3186
1024
1518
8052
2074
15008
4288
1305
22113
2833
21619
2070
2411
9127
1347
2898
31591
29415
2595
984
1038
1291
42538
29980
15898
2957
3644
1542
2878
0
0
0
448
2714
8498
1412
5317
1754
6200
8930
2246
60372
3636
4041
2862
9879
1406
2997
9325
879
2734
3730
1420
593
3085
3380
1403
1356
3093
1677
1771
3877
940
2703
3011
4118
6744
1889
4219
3122
5381
1958
1419
3668
909
2397
18929
2929
3607
6707
28100
2077
898
3013
2037
2569
1670
1160
1014
4716
18932
1905
948
5253
1549
9221
660
1725
2342
2484
829
1026
2486
3370
4587
5989
1772
2222
5136
1716
3262
1650
2190
2056
2087
2225
4567
816
13827
860
1490
827
1487
4198
5912
2055
1689
8820
3614
5010
1269
1876
919
4469
588
1083
924
1960
7566
942
2608
4293
1693
6738
912
2787
1458
1705
905
4236
1797
7815
2694
4953
3959
2123
1094
27414
3127
2825
3817
2833
6185
45171
2897
3903
4574
2643
774
19534
4172
7732
1675
1941
1314
9481
13181
1728
1534
1165
833
4950
12007
3781
6346
1444
2501
2709
3120
4393
4159
5075
25989
1274
3035
3085
1475
448
2714
8498
0
0
0
3234
33004
2818
1902
4957
16441
4689
2914
2586
1190
2975
3697
12579
2111
750
4341
656
1427
773
2343
1355
2557
1168
4138
1116
1850
4096
1229
3973
2173
2789
31913
3093
5551
1616
7011
8524
5471
2081
2657
1327
5220
1706
12723
2159
2658
2844
1764
2674
3131
18579
4425
2517
802
1669
1801
1698
2346
917
17018
2006
4175
1793
3821
1379
45144
5074
3309
2504
15709
1686
8300
6347
2260
2041
1592
3368
6864
2748
4458
1097
11331
688
1224
11519
867
3532
23177
1939
11854
22788
2123
51188
1212
2037
3254
2250
1024
308
77644
647
5464
874
9068
697
4074
22702
2634
2099
2167
3519
7242
492
3759
3779
2770
2897
933
552
2604
10861
9232
16211
7059
7653
2378
13680
1577
14111
2319
3607
1737
197
296
952
11093
4646
3030
1748
23989
1524
2324
2636
8098
11561
48377
3188
3623
2505
3660
1992
2466
3879
16730
496
1425
24643
4844
2909
6584
3459
7065
1412
5317
1754
3234
33004
2818
0
0
0
1322
2959
15574
1394
2640
2790
6346
1689
6143
1194
18388
1342
1543
11520
5521
10146
2149
567
946
1894
5437
1294
2692
7424
1027
3392
10496
7676
921
1637
2325
1679
2246
964
1863
5260
1955
1271
2267
2895
602
2600
2198
4035
3103
1123
1328
1280
3409
3607
3573
802
6955
559
4927
4307
1120
6505
2053
4280
2123
5131
1349
1552
2185
1591
6043
2134
3804
1352
10411
4839
7604
3049
1590
651
2773
6078
8599
1961
6345
3809
1363
3505
1065
2037
2159
1595
1537
1173
3164
713
5238
1443
4325
3820
5296
6239
46372
5335
10352
6883
1295
2261
3215
3896
1574
1347
10970
46691
1137
26937
3488
10375
1627
15826
7864
1638
1044
6460
785
2331
482
3995
1767
1332
10968
2321
1694
5697
8074
5750
547
1999
679
2938
1594
3035
12438
804
1606
2169
1173
652
5442
3735
1204
5507
1688
2102
3060
22453
2116
999
1238
3466
784
291
182
6200
8930
2246
1902
4957
16441
1322
2959
15574
0
0
0
950
777
6434
2117
7376
4860
1872
2671
2661
4476
1305
1683
1654
11207
6011
2069
7537
2059
11104
903
35620
11174
805
975
3562
7419
1864
10858
2313
2242
2008
518
1936
1406
9141
1677
3189
39500
2117
3785
3544
2625
4875
3138
1533
800
1606
857
1638
5303
9831
3384
1190
806
747
892
5100
2592
7537
1538
3649
1699
4103
1923
15231
804
6816
9782
11795
1408
943
1495
2979
2464
757
3642
5492
3681
2345
1897
1036
1596
4718
806
2394
5475
819
3452
9317
11850
47905
4383
2598
27455
16133
434
2128
4669
15580
1284
1409
4135
21193
9049
1327
1348
2610
7389
7626
6661
2497
5893
2276
2216
4437
419
4811
9128
311
3767
622
1287
931
1728
607
852
2277
8768
2588
1475
738
600
1526
5597
2067
1332
10350
2338
4542
947
1035
2821
13364
13834
682
3063
650
5725
5596
3103
529
1000
261
969
1337
345
60372
3636
4041
4689
2914
2586
1394
2640
2790
950
777
6434
0
0
0
2541
1231
990
4695
2346
2390
3034
1516
10259
9149
3893
4696
14940
1606
2410
7742
4140
3106
1398
4640
9156
2426
1377
5574
780
21122
1080
871
3791
2833
33475
2835
2748
6153
1512
1711
6878
1705
3016
2843
4660
4175
1373
11423
4847
51752
5050
2028
2524
9254
10858
30795
2044
2110
1117
3196
5299
1783
4035
5483
923
2193
3797
3183
2031
22628
4354
3268
1721
9981
3901
7839
2514
1202
5424
2435
1896
7497
2019
1432
935
1102
21673
2189
6415
6897
58896
643
2137
17500
2537
1109
713
3425
1232
3098
1214
1208
2707
2247
3321
11093
5829
23612
1804
1488
2575
3223
4355
3216
1055
12047
1008
1577
4384
4089
3610
2755
1034
850
1223
737
469
11049
2751
16092
2139
5626
1375
3090
13898
26098
3446
10562
7817
1726
1076
1060
5285
13303
1932
670
1567
2587
2347
22266
31108
1095
3412
1192
6084
2535
3973
2862
9879
1406
1190
2975
3697
6346
1689
6143
2117
7376
4860
2541
1231
990
0
0
0
