C_ijk
0
0
0
108
101
2474
471
92
775
246
461
70
130
263
30
21
47
308
81
86
78
278
87
81
141
266
281
207
275
1328
752
261
235
2700
271
720
126
233
250
136
435
897
866
2983
245
203
438
147
554
477
271
438
238
260
407
642
2825
612
505
2361
628
354
1330
396
508
626
5383
2054
796
543
627
904
229
524
919
18294
646
397
758
2285
1313
1092
2478
525
1489
1377
8452
7780
1154
746
3630
3578
501
1311
4554
1163
717
1003
8651
2220
1955
355
8064
830
24179
14497
8963
1276
636
1353
339
2054
1074
545
804
1603
905
1530
2125
542
3779
994
370
1035
2974
3914
502
13294
2268
578
775
2644
1259
827
2685
832
1803
1605
3406
3401
5647
2175
1921
795
2455
2779
907
6216
2027
687
14429
6548
1223
2932
674
1188
4902
3157
1267
37159
1931
4570
1059
2340
1218
3626
5102
2445
108
101
2474
0
0
0
198
157
257
995
169
179
529
372
643
209
322
239
250
110
229
667
504
960
301
161
101
417
1643
548
583
285
148
272
383
780
304
174
228
324
360
161
545
231
75
883
658
453
407
615
346
623
714
254
896
304
687
393
595
421
317
2925
302
639
251
890
8863
1057
454
278
616
848
591
461
900
5236
2424
2388
1925
1779
458
340
975
1473
1240
580
640
634
11829
215
247
323
506
435
866
209
2705
980
564
633
4930
1329
1636
883
8289
954
1342
1085
27274
2446
4340
2562
1167
1237
761
704
1051
722
6852
1068
6825
684
653
1319
6112
2729
2082
1488
745
1087
1475
694
669
1378
12255
1733
789
2127
1622
1337
2501
4268
1213
1758
5199
1723
1587
1314
3350
5791
1851
1360
7243
1557
4940
1736
1106
2106
2665
1990
2408
1872
3421
1365
8169
2164
2937
2711
471
92
775
198
157
257
0
0
0
336
418
527
513
115
255
246
109
120
146
121
58
1620
2096
500
2646
295
335
207
390
251
504
266
5552
4726
332
875
367
211
298
294
1024
405
1248
228
937
320
394
488
778
335
345
484
1344
248
425
1055
371
481
679
1082
1852
246
2033
691
623
1011
1776
3675
521
1726
558
423
794
211
1240
903
1897
4124
807
1480
1303
448
216
460
220
303
829
621
1041
540
1838
362
679
2395
369
387
3210
1995
394
324
1291
231
612
2155
858
645
654
494
1119
1142
1816
687
1323
990
849
1336
2776
6396
652
1161
1465
1352
2934
3152
552
10486
1008
6269
655
1055
1816
7473
15124
14616
4318
1649
2025
1167
4199
1874
1103
1720
4509
2674
2017
3482
969
5223
681
3165
4541
9383
7232
2548
9027
1881
3561
1390
2709
1295
14217
5395
6582
1274
2011
1385
779
5532
246
461
70
995
169
179
336
418
527
0
0
0
299
356
961
1062
93
1806
1575
125
122
212
114
57
77
31
62
34
232
59
487
404
415
281
173
68
370
182
485
2649
667
694
2379
475
1376
435
647
1802
114
744
901
1293
849
278
3257
351
434
577
936
228
144
807
328
1179
2333
130
743
770
428
669
1665
533
753
9156
3880
432
584
8878
4643
2218
237
1940
601
1611
354
255
2109
1076
929
1313
657
1103
658
589
293
374
443
9527
1115
875
466
3724
318
1686
811
1663
383
3108
2424
3852
2335
1762
1054
562
801
1497
1824
1013
4650
1917
799
3498
1424
929
335
644
2326
843
2159
2240
889
1615
4208
566
1031
7155
4616
2680
5420
651
3893
12028
644
1302
2478
9255
5950
1002
985
2721
5438
3475
1639
1175
1761
14581
3337
2187
1575
2442
2233
1878
9989
591
1026
1130
2573
1843
130
263
30
529
372
643
513
115
255
299
356
961
0
0
0
7
2
3
200
1521
104
59
59
366
167
3900
361
500
522
194
197
285
124
151
335
631
97
1081
928
7975
584
806
451
144
2604
314
5147
354
7292
630
410
153
415
540
521
486
1804
242
2472
6950
528
1712
1151
571
257
421
12290
381
930
532
11788
1449
797
396
504
753
466
544
4695
173
2453
371
488
728
377
3294
239
567
582
5379
1067
584
5458
579
992
1632
740
350
1216
677
544
1254
1981
853
1742
415
1792
1034
856
1812
511
1567
4180
477
776
801
696
1375
2420
1033
909
5854
993
2661
2117
2579
2415
811
2770
610
7599
610
574
2254
1003
2068
2622
1440
1198
1594
1294
1354
1199
5374
1891
1277
983
21178
3417
1352
1322
907
1476
4046
1201
3748
1758
760
3715
4803
4077
2255
2708
11229
1331
4198
4083
2733
21
47
308
209
322
239
246
109
120
1062
93
1806
7
2
3
0
0
0
191
3414
166
41
225
39
490
259
286
2865
89
3167
274
300
106
521
374
245
597
232
311
1272
1370
467
273
360
8160
375
286
930
195
2149
644
341
301
1254
271
371
466
1525
774
691
1106
369
727
2438
168
181
680
256
176
512
816
801
324
456
823
2550
444
2091
706
1817
1011
1757
274
275
1851
2442
3348
387
1271
558
609
3562
762
701
591
900
4936
3444
1298
623
3907
1303
1763
2320
1490
3693
883
615
3357
674
1376
1199
5689
2231
3304
1176
1027
1570
926
831
9873
1354
2236
4372
660
1365
877
862
612
2498
1374
873
3579
454
484
14027
1387
709
1884
10097
564
4691
3254
4098
3521
2053
1051
666
2797
3516
1105
1684
1997
943
1352
1355
2258
22430
6506
6917
2839
911
6088
1954
2721
3384
8617
4282
81
86
78
250
110
229
146
121
58
1575
125
122
200
1521
104
191
3414
166
0
0
0
307
706
213
212
218
248
252
356
111
343
311
3531
7618
563
9151
386
233
198
590
4668
157
145
1017
180
291
369
1054
322
150
326
522
1031
123
667
296
339
1373
291
283
2155
427
3078
1932
516
873
755
1107
145
1465
266
3152
1359
194
318
595
1510
7184
978
971
195
552
721
294
451
434
838
714
401
779
1786
820
441
757
638
218
1645
853
408
1229
350
558
1264
639
1851
571
849
920
742
869
4962
3494
1499
1107
764
743
1023
823
1359
12598
2493
3165
1427
3350
2501
1285
1907
4414
1352
2169
1394
1268
1943
1703
18695
1917
1766
632
2247
3168
1072
1434
796
8331
2550
2259
2259
1405
2707
495
1142
3391
3515
2535
3059
2790
655
29117
628
1408
34160
2474
15123
1906
1865
2186
3956
2481
278
87
81
667
504
960
1620
2096
500
212
114
57
59
59
366
41
225
39
307
706
213
0
0
0
363
230
572
1047
144
280
134
149
180
375
280
340
216
304
663
273
235
151
390
387
241
324
2254
481
707
3132
195
1765
544
373
235
1537
2679
5810
1994
482
389
2291
951
1181
320
450
387
899
261
2937
209
1180
281
284
5494
1028
5499
3770
323
318
5816
440
3756
2925
544
1119
936
285
457
1392
5594
1401
1733
1571
1809
541
1322
636
336
1272
3027
648
326
660
1847
1016
4482
20685
1402
3115
1306
3414
9345
645
1420
2692
4837
10605
910
764
1842
955
670
695
3158
5308
481
988
2570
3107
793
2780
1986
2099
2209
2597
985
776
600
9298
7936
6334
4700
1833
32086
3655
4888
3588
12193
2844
5182
5149
8418
2246
1961
1525
2928
5649
1863
2192
868
2091
2181
1090
1529
2759
3568
3515
141
266
281
301
161
101
2646
295
335
77
31
62
167
3900
361
490
259
286
212
218
248
363
230
572
0
0
0
25
725
98
1611
696
394
155
608
109
475
324
443
218
4897
253
336
1151
522
271
650
406
139
177
328
785
1149
264
524
1028
480
600
6132
322
4923
245
243
1088
417
597
1363
553
1973
257
3394
275
2200
588
5576
2529
1463
569
831
423
549
634
413
846
435
8715
334
701
129
773
2827
1683
9246
691
1054
465
1282
2531
394
2207
1865
5162
1199
604
384
1085
613
492
11855
1401
4921
24710
1087
1725
1521
18586
1635
514
2409
3446
994
839
1893
1849
22010
1556
1633
1258
9661
5602
1418
3663
1061
1146
1850
6769
1293
572
2301
7848
1954
1213
22841
1307
6241
17004
635
1141
16504
3844
3679
2555
13697
6594
1151
946
1298
725
5196
1940
2610
4260
8958
1403
7893
9118
6569
2065
207
275
1328
417
1643
548
207
390
251
34
232
59
500
522
194
2865
89
3167
252
356
111
1047
144
280
25
725
98
0
0
0
1039
323
566
1029
455
150
2688
1253
1354
99
114
187
638
194
390
15425
204
768
984
123
261
790
270
1314
1189
554
177
259
904
888
807
609
685
636
1374
1006
1505
997
7414
472
274
1008
1265
567
277
234
431
765
1323
1580
833
424
475
469
3047
401
3908
366
2579
647
575
1042
1935
1573
786
991
3196
558
855
882
812
580
8782
324
704
579
2241
615
734
751
540
2412
1101
2127
3763
1233
713
803
1817
1393
2530
941
3922
1923
6378
2192
4724
5380
1644
1114
1887
1863
405
5640
2348
1527
4275
986
971
1261
3350
2416
3699
490
2801
2303
971
1555
667
5879
3115
16487
1839
924
6261
7866
970
1446
2149
1271
3787
3680
3846
10604
1813
1303
1103
6029
752
261
235
583
285
148
504
266
5552
487
404
415
197
285
124
274
300
106
343
311
3531
134
149
180
1611
696
394
1039
323
566
0
0
0
343
1789
764
264
253
265
228
67
303
736
1438
1251
129
145
863
662
144
4055
844
340
443
1451
1610
496
391
223
582
367
348
1827
114
574
235
2027
917
1686
1915
1075
460
4266
553
3671
2911
161
763
901
203
682
755
1668
560
1105
458
3307
1755
410
1175
6735
1632
885
1071
734
888
541
971
1369
912
322
1788
2693
2469
1064
2502
6646
8006
4215
1451
40122
8129
1181
1030
2883
1125
789
638
1419
677
3092
3579
4197
811
2201
4522
2525
1011
816
1218
2181
969
1620
12823
1062
2133
3723
2148
2980
28731
36525
2445
1720
896
3686
2378
1838
4920
2022
7670
5111
1587
1760
2340
2272
1257
7464
1620
11740
7661
1062
1214
2365
661
759
4136
3630
1807
2700
271
720
272
383
780
4726
332
875
281
173
68
151
335
631
521
374
245
7618
563
9151
375
280
340
155
608
109
1029
455
150
343
1789
764
0
0
0
815
608
1270
1248
504
294
401
339
1290
443
789
717
114
309
46
729
286
292
885
2829
2743
706
204
85
447
417
328
844
861
927
488
1748
1116
604
218
487
776
14559
816
667
3473
439
440
269
824
1513
532
813
1205
799
1330
542
264
1304
1415
859
1528
742
2310
894
516
8952
907
1745
889
481
457
1732
1229
1362
353
2771
1544
1296
879
2406
22783
1238
595
1019
1069
440
1868
1092
1283
689
35366
2181
1223
1083
1888
479
931
2952
2842
1038
1240
1954
754
1019
2512
1774
1071
542
831
755
24941
5401
3172
8850
1570
3892
2099
3596
532
3921
4842
874
559
3276
4863
1198
2343
3489
1125
3723
3031
3109
1884
1341
1602
862
126
233
250
304
174
228
367
211
298
370
182
485
97
1081
928
597
232
311
386
233
198
216
304
663
475
324
443
2688
1253
1354
264
253
265
815
608
1270
0
0
0
1056
1085
565
1196
905
379
388
697
715
374
832
224
2291
2602
554
214
436
309
727
603
619
597
713
629
1281
733
335
3673
1516
349
470
2147
613
413
11298
2940
3554
2776
5084
378
757
2850
3167
592
367
624
1295
324
1333
1357
670
466
1538
586
507
731
2830
255
1239
7615
1116
243
386
550
7210
958
509
1046
1740
4044
3294
1093
5501
753
7707
987
2589
8938
1735
9757
2010
7209
748
3048
1094
1302
2389
1217
1253
376
4439
1442
1079
3706
1153
6496
490
18768
1149
21975
9820
2650
2445
1745
20538
44932
1752
808
2993
895
1400
3456
4812
3036
1693
5714
3438
1254
4851
7410
1635
2789
1159
3847
518
14834
2069
5876
3469
136
435
897
324
360
161
294
1024
405
2649
667
694
7975
584
806
1272
1370
467
590
4668
157
273
235
151
218
4897
253
99
114
187
228
67
303
1248
504
294
1056
1085
565
0
0
0
579
373
935
266
156
441
566
247
894
2217
5513
443
431
238
1284
439
5265
2992
216
581
537
112
657
130
4634
513
360
6935
284
720
298
907
1306
502
608
138
286
598
691
282
442
2694
806
1204
739
1050
667
4264
1251
2134
5713
955
230
2464
1493
2552
471
3933
6814
1727
945
807
462
2684
347
1287
1310
1125
350
1012
1443
952
1671
1953
965
6666
948
1939
8627
1933
1836
1266
1142
1152
1572
9597
1547
3197
2829
2983
621
577
1162
1515
3157
3759
1062
30948
854
12280
1399
1235
2133
2235
5242
1504
927
2825
10035
1888
2987
2503
2389
1209
7545
1833
959
3974
3544
1502
4929
5105
1907
3480
1133
2262
866
2983
245
545
231
75
1248
228
937
2379
475
1376
451
144
2604
273
360
8160
145
1017
180
390
387
241
336
1151
522
638
194
390
736
1438
1251
401
339
1290
1196
905
379
579
373
935
0
0
0
333
427
1412
743
2238
296
341
88
429
66
947
152
3773
932
738
422
920
8287
483
3769
4424
1261
1304
1484
539
684
481
227
338
256
1417
4751
2750
636
894
3766
525
473
485
718
314
356
3707
398
2053
1026
577
1388
865
683
15180
612
884
540
382
1017
868
1720
1708
4666
365
3193
1249
1917
964
1405
2021
2966
2038
1330
1813
1382
947
6276
2694
969
829
1409
28859
1001
5844
1652
1473
2920
1060
1637
949
2912
3398
1261
1006
2610
4863
2010
1473
3342
3202
734
2969
3292
2036
1932
5116
985
782
2634
1152
1351
750
1798
2739
1501
1814
7656
2557
898
4167
1473
851
1102
3149
483
44001
203
438
147
883
658
453
320
394
488
435
647
1802
314
5147
354
375
286
930
291
369
1054
324
2254
481
271
650
406
15425
204
768
129
145
863
443
789
717
388
697
715
266
156
441
333
427
1412
0
0
0
1197
461
8889
1336
418
349
525
5292
3618
11029
405
246
684
654
421
389
165
9494
42
1117
50
862
339
577
643
315
704
681
485
592
604
510
365
1321
314
842
1218
6324
397
1149
2896
3307
401
2818
10079
633
315
1131
316
4471
229
635
2083
339
795
3275
353
932
10035
12350
2426
1636
1739
534
1047
852
558
753
310
15201
1078
1232
1861
1867
48068
510
736
1296
3989
1515
2835
1099
1027
1442
2196
722
757
1760
1794
3047
1280
2161
1382
4850
826
2720
1137
7170
10056
1082
1468
8026
5666
1069
7838
3256
4097
1576
35368
4775
7245
2802
785
913
4886
666
508
1438
3590
1469
554
477
271
407
615
346
778
335
345
114
744
901
7292
630
410
195
2149
644
322
150
326
707
3132
195
139
177
328
984
123
261
662
144
4055
114
309
46
374
832
224
566
247
894
743
2238
296
1197
461
8889
0
0
0
342
635
4948
511
720
606
69
321
129
565
728
709
2443
458
4017
901
853
711
827
305
540
909
251
1277
305
298
620
3484
279
1275
647
1244
649
4041
292
1763
317
3713
235
2193
562
1237
487
560
913
3111
4166
448
22508
542
1364
202
488
1407
377
815
1054
504
1029
427
1064
3912
1961
16564
859
30378
834
777
7169
653
573
1943
2009
7021
755
968
2762
8688
3504
4455
2295
3566
854
949
4181
12278
5911
2652
5839
1325
1824
2481
3468
1121
1174
1891
1124
4105
1290
2669
4484
914
1746
1757
7433
2600
999
1004
2736
698
808
1027
1977
901
3507
5406
1405
438
238
260
623
714
254
484
1344
248
1293
849
278
153
415
540
341
301
1254
522
1031
123
1765
544
373
785
1149
264
790
270
1314
844
340
443
729
286
292
2291
2602
554
2217
5513
443
341
88
429
1336
418
349
342
635
4948
0
0
0
250
306
181
2445
650
434
1327
1117
374
748
16545
2390
17132
748
1206
247
416
1551
236
397
208
545
1621
520
1144
13529
833
281
610
90
739
594
2229
1559
7276
1140
258
584
684
2225
4480
511
3551
3505
1385
1717
1465
574
546
1580
11113
2445
1229
519
14011
814
358
1717
1925
4836
887
2327
2536
2394
667
1201
691
827
743
7977
1373
75314
2151
1947
748
5387
3829
1516
2645
3158
30448
5246
1912
2634
1959
915
3142
1183
1477
748
15798
7605
1374
1142
4080
702
678
928
1695
1820
9189
2405
2984
1110
598
1124
1913
1732
12731
3892
1495
6802
2026
31773
407
642
2825
896
304
687
425
1055
371
3257
351
434
521
486
1804
271
371
466
667
296
339
235
1537
2679
524
1028
480
1189
554
177
1451
1610
496
885
2829
2743
214
436
309
431
238
1284
66
947
152
525
5292
3618
511
720
606
250
306
181
0
0
0
1230
901
1436
393
4584
3699
837
827
1260
270
1376
509
1150
991
490
616
405
162
2885
1775
2552
1219
785
843
260
1503
324
985
261
585
379
1742
328
912
181
292
528
2225
715
14166
579
657
708
436
519
841
780
812
1250
810
8369
2298
1218
1727
11433
1275
3518
2318
1214
635
3660
1264
1135
4755
723
11433
4564
2690
2098
1260
959
371
1938
799
872
1075
7791
8828
1465
1751
3965
1272
3395
7777
46525
1291
6715
2474
1209
1805
2098
1426
1951
5566
723
1347
2306
2248
6041
20703
7154
1014
567
2540
1262
2105
2858
19356
3065
2435
3004
612
505
2361
393
595
421
481
679
1082
577
936
228
242
2472
6950
1525
774
691
1373
291
283
5810
1994
482
600
6132
322
259
904
888
391
223
582
706
204
85
727
603
619
439
5265
2992
3773
932
738
11029
405
246
69
321
129
2445
650
434
1230
901
1436
0
0
0
108
335
643
231
838
1225
2995
320
1762
2133
292
415
913
2423
679
121
370
661
1727
3194
852
4369
3528
2112
412
1011
1184
264
228
677
12680
901
732
1407
1192
113
757
3276
662
2032
829
1311
1967
654
3746
547
2017
756
761
701
1512
508
7853
1933
1766
7716
2086
349
1757
2338
1070
1471
33516
19812
12643
7789
1222
26070
1284
2446
1231
2089
8159
1394
4264
855
3393
3922
914
1154
9577
1331
2204
2333
416
532
1196
780
1989
778
1170
2787
15788
2078
2553
620
1502
4809
1682
1885
836
6343
1854
3237
2133
32999
2267
1616
628
354
1330
317
2925
302
1852
246
2033
144
807
328
528
1712
1151
1106
369
727
2155
427
3078
389
2291
951
4923
245
243
807
609
685
367
348
1827
447
417
328
597
713
629
216
581
537
422
920
8287
684
654
421
565
728
709
1327
1117
374
393
4584
3699
108
335
643
0
0
0
135
179
191
342
1515
431
852
765
7576
843
9657
6419
2210
1450
464
4032
258
79
1174
682
1980
3046
1069
8107
6455
3169
451
1163
2353
2960
330
244
448
3460
569
735
1822
940
516
3432
517
490
1130
2571
18752
1064
367
1865
3642
466
724
2058
10372
2431
4821
3044
917
2427
1083
5994
4383
4261
1039
3270
14620
6986
15970
6364
1515
1187
670
717
2016
2830
2056
3030
814
1499
2154
1759
693
4254
485
922
1482
1122
2975
2465
2602
7750
1694
2118
1709
1705
1495
726
3395
524
12631
14945
945
549
2564
5619
3043
396
508
626
639
251
890
691
623
1011
1179
2333
130
571
257
421
2438
168
181
1932
516
873
1181
320
450
1088
417
597
636
1374
1006
114
574
235
844
861
927
1281
733
335
112
657
130
483
3769
4424
389
165
9494
2443
458
4017
748
16545
2390
837
827
1260
231
838
1225
135
179
191
0
0
0
622
311
445
700
2040
2013
1326
1360
727
256
3379
524
140
145
92
2347
2012
6463
656
1392
757
1086
729
559
4660
5687
991
560
179
387
835
485
403
2219
1244
11174
332
1103
293
1418
952
2114
375
1027
2128
4298
951
1588
921
895
605
3897
1791
1259
3117
2357
1620
6801
2042
2352
1234
1378
2720
2987
16563
1122
1877
1747
643
994
5142
1359
1313
615
658
1773
2115
1581
1322
739
17473
2444
996
2043
1379
1867
3408
3563
8805
1910
7131
27096
3734
1785
2592
5232
2008
2071
1491
1028
922
5431
5383
2054
796
8863
1057
454
1776
3675
521
743
770
428
12290
381
930
680
256
176
755
1107
145
387
899
261
1363
553
1973
1505
997
7414
2027
917
1686
488
1748
1116
3673
1516
349
4634
513
360
1261
1304
1484
42
1117
50
901
853
711
17132
748
1206
270
1376
509
2995
320
1762
342
1515
431
622
311
445
0
0
0
913
453
665
4496
400
10781
682
2937
3997
1433
6233
793
20805
1340
993
1789
1128
1110
963
1055
1485
1686
1005
30889
472
7959
1491
572
86
690
309
5957
241
1744
6271
1402
1923
929
11431
1368
531
9891
3757
3454
3914
693
1314
1073
1007
2346
2409
1770
917
1223
1732
720
1351
655
6810
2336
1465
1683
2439
1814
1273
1249
1908
1145
1108
8562
12375
6860
1043
19632
16048
3057
2194
2873
1407
437
1519
28652
1463
4537
3234
15453
43933
1246
874
15508
3848
1850
2337
2057
6169
1763
4957
12944
3352
543
627
904
278
616
848
1726
558
423
669
1665
533
532
11788
1449
512
816
801
1465
266
3152
2937
209
1180
257
3394
275
472
274
1008
1915
1075
460
604
218
487
470
2147
613
6935
284
720
539
684
481
862
339
577
827
305
540
247
416
1551
1150
991
490
2133
292
415
852
765
7576
700
2040
2013
913
453
665
0
0
0
2230
7488
2004
344
275
464
775
1429
1571
412
306
554
213
648
1968
284
234
1918
1447
1777
802
911
501
3947
19831
982
1190
1855
2213
1010
1356
637
5258
656
4511
432
7680
1498
2982
862
1456
1284
4163
3394
3194
4155
1024
1010
1814
1478
790
3734
6008
2927
10330
1444
1823
18809
1461
3221
2948
4542
14241
35257
8288
5359
28471
3122
1797
5366
1183
1872
670
2853
1134
2262
1162
1706
889
2118
2184
1750
1638
1750
1808
497
898
2105
9587
6261
2345
2988
13215
3207
17328
1605
229
524
919
591
461
900
794
211
1240
753
9156
3880
797
396
504
324
456
823
1359
194
318
281
284
5494
2200
588
5576
1265
567
277
4266
553
3671
776
14559
816
413
11298
2940
298
907
1306
227
338
256
643
315
704
909
251
1277
236
397
208
616
405
162
913
2423
679
843
9657
6419
1326
1360
727
4496
400
10781
2230
7488
2004
0
0
0
2528
746
707
1350
995
798
1439
489
202
446
295
761
387
2181
35410
527
569
749
1742
3331
963
1272
2933
1307
344
1390
869
408
3688
1580
1676
546
540
3728
1639
16376
1390
7823
2170
949
1096
4726
971
1210
982
1268
9168
1266
6063
4888
4267
301
579
959
1511
10354
2207
6651
1864
2005
3050
7062
1240
2230
11088
3726
1524
1086
376
1576
942
2746
1973
5840
12332
12512
1734
529
63952
1561
7147
729
1435
4774
2900
3467
857
11528
2227
1449
1925
1339
2485
18294
646
397
5236
2424
2388
903
1897
4124
432
584
8878
753
466
544
2550
444
2091
595
1510
7184
1028
5499
3770
2529
1463
569
234
431
765
2911
161
763
667
3473
439
3554
2776
5084
502
608
138
1417
4751
2750
681
485
592
305
298
620
545
1621
520
2885
1775
2552
121
370
661
2210
1450
464
256
3379
524
682
2937
3997
344
275
464
2528
746
707
0
0
0
775
224
181
1377
1170
462
2826
1553
3864
790
803
336
2145
1411
6111
929
289
184
5438
2845
1916
17015
1305
1967
1303
349
118
563
12659
4888
339
617
2831
3349
1545
3512
5884
2425
1344
314
501
8286
3872
6616
8483
1884
1597
7429
961
741
2812
2800
753
9774
1143
5546
826
1992
25650
5357
1527
2280
2446
3199
1914
3229
3660
1738
563
3336
1506
604
1918
491
2430
10909
1061
859
3162
2029
2242
587
2020
1769
1158
4024
1272
1292
7468
628
758
2285
1313
1925
1779
458
807
1480
1303
4643
2218
237
4695
173
2453
706
1817
1011
978
971
195
323
318
5816
831
423
549
1323
1580
833
901
203
682
440
269
824
378
757
2850
286
598
691
636
894
3766
604
510
365
3484
279
1275
1144
13529
833
1219
785
843
1727
3194
852
4032
258
79
140
145
92
1433
6233
793
775
1429
1571
1350
995
798
775
224
181
0
0
0
759
1271
2168
1459
5173
2255
1775
2232
728
5961
1058
5711
472
474
334
271
622
521
1614
1430
1262
1245
906
547
1514
821
3358
2660
742
728
1486
1003
2054
1836
1144
579
413
7152
487
2747
16233
2092
1125
430
1228
9784
21500
2634
1221
3483
2024
573
283
708
2590
7659
5182
2099
3723
3468
803
1967
2054
10316
584
3204
1377
3136
3468
1187
5543
2003
2749
4921
3264
7240
20859
2887
3571
45617
3667
1593
2218
615
4091
1180
1382
1092
2478
525
340
975
1473
448
216
460
1940
601
1611
371
488
728
1757
274
275
552
721
294
440
3756
2925
634
413
846
424
475
469
755
1668
560
1513
532
813
3167
592
367
282
442
2694
525
473
485
1321
314
842
647
1244
649
281
610
90
260
1503
324
4369
3528
2112
1174
682
1980
2347
2012
6463
20805
1340
993
412
306
554
1439
489
202
1377
1170
462
759
1271
2168
0
0
0
123
160
90
1984
652
915
152
765
389
1939
1289
1547
3479
1691
547
1372
824
1438
1545
3118
4797
325
2388
110
1156
4257
2297
4297
1148
3447
2062
3418
9513
1623
5449
1691
891
9351
952
2182
11182
1488
1709
1125
916
2265
1137
2000
1887
3099
818
3624
3271
3032
3566
3054
3138
1041
19359
3702
1715
2576
2003
1029
1037
2011
444
779
30516
7409
14010
1494
1965
558
1212
10459
7021
5385
2997
1890
5536
2477
2452
14913
1489
1377
8452
1240
580
640
220
303
829
354
255
2109
377
3294
239
1851
2442
3348
451
434
838
544
1119
936
435
8715
334
3047
401
3908
1105
458
3307
1205
799
1330
624
1295
324
806
1204
739
718
314
356
1218
6324
397
4041
292
1763
739
594
2229
985
261
585
412
1011
1184
3046
1069
8107
656
1392
757
1789
1128
1110
213
648
1968
446
295
761
2826
1553
3864
1459
5173
2255
123
160
90
0
0
0
726
3090
4598
288
434
338
4008
3625
725
15945
802
916
794
1765
607
2039
743
828
165
252
121
4125
1803
2917
2778
3179
2178
2318
3921
5157
3824
1041
1099
487
974
470
1202
20737
1863
588
676
2359
4363
437
1991
1273
1336
1543
1783
859
1903
2140
2840
2834
1342
1695
1098
1640
1652
3570
1765
2950
3045
985
2272
444
2377
1116
1366
2816
960
775
2399
2045
1584
4729
2950
4095
3918
6314
7530
7780
1154
746
634
11829
215
621
1041
540
1076
929
1313
567
582
5379
387
1271
558
714
401
779
285
457
1392
701
129
773
366
2579
647
1755
410
1175
542
264
1304
1333
1357
670
1050
667
4264
3707
398
2053
1149
2896
3307
317
3713
235
1559
7276
1140
379
1742
328
264
228
677
6455
3169
451
1086
729
559
963
1055
1485
284
234
1918
387
2181
35410
790
803
336
1775
2232
728
1984
652
915
726
3090
4598
0
0
0
990
6500
1926
2427
2283
9700
908
2372
960
15062
1700
1491
197
2121
1639
564
2705
3788
1859
1350
1073
1564
4494
16048
3393
1884
24310
637
1093
1024
1307
945
1087
1028
28294
8134
1369
1319
1443
5164
1636
692
1919
820
22115
2218
783
52502
1056
1634
4238
1013
1509
3340
6336
1323
4986
38315
3021
1074
2211
1812
722
863
1580
734
1074
2744
1522
37073
16936
3020
1586
4254
1996
1404
4496
625
3630
3578
501
247
323
506
1838
362
679
657
1103
658
1067
584
5458
609
3562
762
1786
820
441
5594
1401
1733
2827
1683
9246
575
1042
1935
6735
1632
885
1415
859
1528
466
1538
586
1251
2134
5713
1026
577
1388
401
2818
10079
2193
562
1237
258
584
684
912
181
292
12680
901
732
1163
2353
2960
4660
5687
991
1686
1005
30889
1447
1777
802
527
569
749
2145
1411
6111
5961
1058
5711
152
765
389
288
434
338
990
6500
1926
0
0
0
1289
2257
1098
1297
985
3444
955
2050
437
2085
608
552
216
363
306
970
1987
2167
1494
2200
2260
1579
6989
1565
1513
2221
8305
1140
711
7539
3903
2278
752
7506
2996
3589
17070
809
723
6123
3673
24299
2465
1430
1103
2380
1074
685
1084
1291
544
13137
1228
1630
3312
3339
7449
987
5910
5877
1143
3110
6882
1925
427
11526
2263
5952
1500
6650
3084
3333
3151
1706
20126
1311
4554
1163
435
866
209
2395
369
387
589
293
374
579
992
1632
701
591
900
757
638
218
1571
1809
541
691
1054
465
1573
786
991
1071
734
888
742
2310
894
507
731
2830
955
230
2464
865
683
15180
633
315
1131
487
560
913
2225
4480
511
528
2225
715
1407
1192
113
330
244
448
560
179
387
472
7959
1491
911
501
3947
1742
3331
963
929
289
184
472
474
334
1939
1289
1547
4008
3625
725
2427
2283
9700
1289
2257
1098
0
0
0
1761
1051
1991
862
4594
19876
319
345
332
1025
6752
1114
1891
1703
261
898
1169
1243
1092
4647
449
3260
697
389
4228
921
980
1328
873
1850
13007
2943
13965
4171
3400
807
563
600
3560
1258
3702
4354
885
3160
2038
787
1428
4208
557
6162
5396
6876
19167
4233
14561
945
5072
2319
1716
5366
1962
4029
59809
3438
3949
7826
844
659
4746
2889
533
2313
717
1003
8651
2705
980
564
3210
1995
394
443
9527
1115
740
350
1216
4936
3444
1298
1645
853
408
1322
636
336
1282
2531
394
3196
558
855
541
971
1369
516
8952
907
255
1239
7615
1493
2552
471
612
884
540
316
4471
229
3111
4166
448
3551
3505
1385
14166
579
657
757
3276
662
3460
569
735
835
485
403
572
86
690
19831
982
1190
1272
2933
1307
5438
2845
1916
271
622
521
3479
1691
547
15945
802
916
908
2372
960
1297
985
3444
1761
1051
1991
0
0
0
381
1017
1286
1398
598
382
3626
1669
2806
918
4677
9411
342
1085
834
1958
421
357
1368
3011
672
969
6163
7415
2808
1239
1563
4447
993
1008
1276
497
5112
685
1439
1339
866
333
3646
6475
2499
1588
9111
2355
7822
2319
2292
3611
872
779
483
1403
6735
1453
2675
4728
1993
3114
889
1412
1367
1000
1227
967
947
7282
1652
1500
3803
2220
1955
355
633
4930
1329
324
1291
231
875
466
3724
677
544
1254
623
3907
1303
1229
350
558
1272
3027
648
2207
1865
5162
882
812
580
912
322
1788
1745
889
481
1116
243
386
3933
6814
1727
382
1017
868
635
2083
339
22508
542
1364
1717
1465
574
708
436
519
2032
829
1311
1822
940
516
2219
1244
11174
309
5957
241
1855
2213
1010
344
1390
869
17015
1305
1967
1614
1430
1262
1372
824
1438
794
1765
607
15062
1700
1491
955
2050
437
862
4594
19876
381
1017
1286
0
0
0
973
1327
2355
3113
993
689
11765
2125
5926
3852
420
874
1274
757
4929
4040
2273
2109
1133
1369
1863
1140
2898
2719
3160
3343
1209
449
951
541
5764
3391
1130
667
820
892
2558
12359
12267
1067
4077
17550
3192
1167
3396
1568
1064
1602
3596
3301
1986
1297
1776
1717
2991
1505
4460
6423
2464
1262
2360
12823
2463
2755
12584
2792
8064
830
24179
1636
883
8289
612
2155
858
318
1686
811
1981
853
1742
1763
2320
1490
1264
639
1851
326
660
1847
1199
604
384
8782
324
704
2693
2469
1064
457
1732
1229
550
7210
958
945
807
462
1720
1708
4666
795
3275
353
202
488
1407
546
1580
11113
841
780
812
1967
654
3746
3432
517
490
332
1103
293
1744
6271
1402
1356
637
5258
408
3688
1580
1303
349
118
1245
906
547
1545
3118
4797
2039
743
828
197
2121
1639
2085
608
552
319
345
332
1398
598
382
973
1327
2355
0
0
0
461
10486
865
900
465
1676
1935
3338
1051
777
1397
2148
946
464
452
21280
43129
1281
716
1967
36613
7403
2401
1239
4915
1747
1420
2191
1896
1105
4714
7146
2858
1334
2297
2422
1027
6931
3661
1867
5784
2822
1706
4504
2261
682
744
1491
2077
2850
4744
2028
4080
3675
6174
2919
40758
2899
1332
1162
2305
4139
1299
14497
8963
1276
954
1342
1085
645
654
494
1663
383
3108
415
1792
1034
3693
883
615
571
849
920
1016
4482
20685
1085
613
492
579
2241
615
2502
6646
8006
1362
353
2771
509
1046
1740
2684
347
1287
365
3193
1249
932
10035
12350
377
815
1054
2445
1229
519
1250
810
8369
547
2017
756
1130
2571
18752
1418
952
2114
1923
929
11431
656
4511
432
1676
546
540
563
12659
4888
1514
821
3358
325
2388
110
165
252
121
564
2705
3788
216
363
306
1025
6752
1114
3626
1669
2806
3113
993
689
461
10486
865
0
0
0
4145
708
3824
2139
1823
2775
1908
1472
995
1280
726
3147
732
510
9773
1234
16840
1691
30175
3831
892
1909
1272
2810
7290
15040
2938
1409
1248
6485
11030
1763
10283
1857
566
983
3114
3354
4781
1903
1055
2976
713
512
8396
879
1974
1935
2032
3793
492
3344
4103
1291
1167
13793
4143
4050
889
1832
636
1353
339
27274
2446
4340
1119
1142
1816
2424
3852
2335
856
1812
511
3357
674
1376
742
869
4962
1402
3115
1306
11855
1401
4921
734
751
540
4215
1451
40122
1544
1296
879
4044
3294
1093
1310
1125
350
1917
964
1405
2426
1636
1739
504
1029
427
14011
814
358
2298
1218
1727
761
701
1512
1064
367
1865
375
1027
2128
1368
531
9891
7680
1498
2982
3728
1639
16376
339
617
2831
2660
742
728
1156
4257
2297
4125
1803
2917
1859
1350
1073
970
1987
2167
1891
1703
261
918
4677
9411
11765
2125
5926
900
465
1676
4145
708
3824
0
0
0
1384
754
570
1498
887
446
431
625
315
863
1622
2216
2273
9961
2400
6281
2648
1742
1845
4386
2619
211
420
246
4552
2564
8107
438
820
528
2107
2293
66076
154
401
611
543
1476
1707
7102
2770
1924
19512
3068
835
4172
1518
5349
42438
19686
1091
1179
790
400
668
719
1311
2054
1074
545
2562
1167
1237
687
1323
990
1762
1054
562
1567
4180
477
1199
5689
2231
3494
1499
1107
3414
9345
645
24710
1087
1725
2412
1101
2127
8129
1181
1030
2406
22783
1238
5501
753
7707
1012
1443
952
2021
2966
2038
534
1047
852
1064
3912
1961
1717
1925
4836
11433
1275
3518
508
7853
1933
3642
466
724
4298
951
1588
3757
3454
3914
862
1456
1284
1390
7823
2170
3349
1545
3512
1486
1003
2054
4297
1148
3447
2778
3179
2178
1564
4494
16048
1494
2200
2260
898
1169
1243
342
1085
834
3852
420
874
1935
3338
1051
2139
1823
2775
1384
754
570
0
0
0
383
61
465
1677
1031
939
7475
1849
2709
2771
1124
1871
2236
28759
1094
904
2529
1652
1089
570
2970
11708
794
663
3182
5143
1475
3504
1047
2648
594
2439
1110
2630
647
391
2944
4813
2802
2276
6190
1233
1271
69508
26860
4957
7898
2104
225
306
619
7047
1478
1204
804
1603
905
761
704
1051
849
1336
2776
801
1497
1824
776
801
696
3304
1176
1027
764
743
1023
1420
2692
4837
1521
18586
1635
3763
1233
713
2883
1125
789
595
1019
1069
987
2589
8938
1671
1953
965
1330
1813
1382
558
753
310
16564
859
30378
887
2327
2536
2318
1214
635
1766
7716
2086
2058
10372
2431
921
895
605
693
1314
1073
4163
3394
3194
949
1096
4726
5884
2425
1344
1836
1144
579
2062
3418
9513
2318
3921
5157
3393
1884
24310
1579
6989
1565
1092
4647
449
1958
421
357
1274
757
4929
777
1397
2148
1908
1472
995
1498
887
446
383
61
465
0
0
0
1163
1630
1946
1692
2050
7683
6450
338
1030
3724
1640
24644
9018
605
9278
2263
5056
1263
4307
15961
807
475
1245
297
5035
20506
1968
1494
1602
1034
6861
1960
519
3832
1457
4818
6978
2230
2925
10649
3456
2163
451
250
582
426
958
700
3054
1870
1757
1530
2125
542
722
6852
1068
6396
652
1161
1013
4650
1917
1375
2420
1033
1570
926
831
823
1359
12598
10605
910
764
514
2409
3446
803
1817
1393
638
1419
677
440
1868
1092
1735
9757
2010
6666
948
1939
947
6276
2694
15201
1078
1232
834
777
7169
2394
667
1201
3660
1264
1135
349
1757
2338
4821
3044
917
3897
1791
1259
1007
2346
2409
4155
1024
1010
971
1210
982
314
501
8286
413
7152
487
1623
5449
1691
3824
1041
1099
637
1093
1024
1513
2221
8305
3260
697
389
1368
3011
672
4040
2273
2109
946
464
452
1280
726
3147
431
625
315
1677
1031
939
1163
1630
1946
0
0
0
21075
1605
2731
4020
3076
6436
2847
2126
11690
15665
9945
36973
1377
290
318
56477
2500
1541
402
903
568
13666
1456
4304
685
544
649
3627
2717
5980
2770
2345
956
1697
1274
2251
2129
7698
2594
815
1677
10140
7258
1171
1097
771
30138
503
3779
994
370
6825
684
653
1465
1352
2934
799
3498
1424
909
5854
993
9873
1354
2236
2493
3165
1427
1842
955
670
994
839
1893
2530
941
3922
3092
3579
4197
1283
689
35366
7209
748
3048
8627
1933
1836
969
829
1409
1861
1867
48068
653
573
1943
691
827
743
4755
723
11433
1070
1471
33516
2427
1083
5994
3117
2357
1620
1770
917
1223
1814
1478
790
1268
9168
1266
3872
6616
8483
2747
16233
2092
891
9351
952
487
974
470
1307
945
1087
1140
711
7539
4228
921
980
969
6163
7415
1133
1369
1863
21280
43129
1281
732
510
9773
863
1622
2216
7475
1849
2709
1692
2050
7683
21075
1605
2731
0
0
0
1387
3602
7394
481
319
977
1702
917
508
1858
3923
2690
10869
3736
1598
7459
17833
6233
1021
501
4188
8466
2780
5371
1072
3282
3472
13538
2589
1646
37202
1493
2172
1601
787
4282
3656
1950
3877
3824
4803
2465
2746
2346
6154
1035
2974
3914
1319
6112
2729
3152
552
10486
929
335
644
2661
2117
2579
4372
660
1365
3350
2501
1285
695
3158
5308
1849
22010
1556
1923
6378
2192
811
2201
4522
2181
1223
1083
1094
1302
2389
1266
1142
1152
28859
1001
5844
510
736
1296
2009
7021
755
7977
1373
75314
4564
2690
2098
19812
12643
7789
4383
4261
1039
6801
2042
2352
1732
720
1351
3734
6008
2927
6063
4888
4267
1884
1597
7429
1125
430
1228
2182
11182
1488
1202
20737
1863
1028
28294
8134
3903
2278
752
1328
873
1850
2808
1239
1563
1140
2898
2719
716
1967
36613
1234
16840
1691
2273
9961
2400
2771
1124
1871
6450
338
1030
4020
3076
6436
1387
3602
7394
0
0
0
1607
1480
11984
3469
722
2347
5077
1227
2161
1252
505
527
1281
1896
10082
12198
7408
2399
1266
20258
3870
414
575
3142
2188
1934
3467
3663
1561
17693
48917
2814
2904
645
308
599
1146
2820
1499
2025
10294
2993
502
13294
2268
2082
1488
745
1008
6269
655
2326
843
2159
2415
811
2770
877
862
612
1907
4414
1352
481
988
2570
1633
1258
9661
4724
5380
1644
2525
1011
816
1888
479
931
1217
1253
376
1572
9597
1547
1652
1473
2920
3989
1515
2835
968
2762
8688
2151
1947
748
1260
959
371
1222
26070
1284
3270
14620
6986
1234
1378
2720
655
6810
2336
10330
1444
1823
301
579
959
961
741
2812
9784
21500
2634
1709
1125
916
588
676
2359
1369
1319
1443
7506
2996
3589
13007
2943
13965
4447
993
1008
3160
3343
1209
7403
2401
1239
30175
3831
892
6281
2648
1742
2236
28759
1094
3724
1640
24644
2847
2126
11690
481
319
977
1607
1480
11984
0
0
0
961
350
171
1450
6310
22600
1240
4246
1352
2196
1297
3083
990
893
415
4874
13859
3997
7596
26739
1287
13032
1613
10365
3213
1423
2638
1139
11797
1849
2400
3631
2491
7928
2178
2057
4814
2743
8043
578
775
2644
1087
1475
694
1055
1816
7473
2240
889
1615
610
7599
610
2498
1374
873
2169
1394
1268
3107
793
2780
5602
1418
3663
1114
1887
1863
1218
2181
969
2952
2842
1038
4439
1442
1079
3197
2829
2983
1060
1637
949
1099
1027
1442
3504
4455
2295
5387
3829
1516
1938
799
872
2446
1231
2089
15970
6364
1515
2987
16563
1122
1465
1683
2439
18809
1461
3221
1511
10354
2207
2800
753
9774
1221
3483
2024
2265
1137
2000
4363
437
1991
5164
1636
692
17070
809
723
4171
3400
807
1276
497
5112
449
951
541
4915
1747
1420
1909
1272
2810
1845
4386
2619
904
2529
1652
9018
605
9278
15665
9945
36973
1702
917
508
3469
722
2347
961
350
171
0
0
0
2398
4159
4963
1114
1656
21128
5834
5970
1581
1273
1022
339
8483
1467
2500
2555
2518
9985
3583
3462
34580
3914
27549
2380
3511
1924
977
6056
1643
2874
6296
5041
9735
1552
4669
1619
1259
827
2685
669
1378
12255
15124
14616
4318
4208
566
1031
574
2254
1003
3579
454
484
1943
1703
18695
1986
2099
2209
1061
1146
1850
405
5640
2348
1620
12823
1062
1240
1954
754
3706
1153
6496
621
577
1162
2912
3398
1261
2196
722
757
3566
854
949
2645
3158
30448
1075
7791
8828
8159
1394
4264
1187
670
717
1877
1747
643
1814
1273
1249
2948
4542
14241
6651
1864
2005
1143
5546
826
573
283
708
1887
3099
818
1273
1336
1543
1919
820
22115
6123
3673
24299
563
600
3560
685
1439
1339
5764
3391
1130
2191
1896
1105
7290
15040
2938
211
420
246
1089
570
2970
2263
5056
1263
1377
290
318
1858
3923
2690
5077
1227
2161
1450
6310
22600
2398
4159
4963
0
0
0
2069
51292
2940
5449
104
530
3774
6364
1738
597
490
159
798
1246
4152
2867
3116
2978
15931
3779
12495
1321
1271
2127
2369
458
5665
555
655
296
2444
3467
39877
832
1803
1605
1733
789
2127
1649
2025
1167
7155
4616
2680
2068
2622
1440
14027
1387
709
1917
1766
632
2597
985
776
6769
1293
572
1527
4275
986
2133
3723
2148
1019
2512
1774
490
18768
1149
1515
3157
3759
1006
2610
4863
1760
1794
3047
4181
12278
5911
5246
1912
2634
1465
1751
3965
855
3393
3922
2016
2830
2056
994
5142
1359
1908
1145
1108
35257
8288
5359
3050
7062
1240
1992
25650
5357
2590
7659
5182
3624
3271
3032
1783
859
1903
2218
783
52502
2465
1430
1103
1258
3702
4354
866
333
3646
667
820
892
4714
7146
2858
1409
1248
6485
4552
2564
8107
11708
794
663
4307
15961
807
56477
2500
1541
10869
3736
1598
1252
505
527
1240
4246
1352
1114
1656
21128
2069
51292
2940
0
0
0
3976
3780
1407
1220
960
6585
2823
3381
9413
897
1755
4018
27166
3284
42145
3281
1500
8123
2303
10949
4404
852
1425
982
2405
2488
2375
41846
6884
1230
3406
3401
5647
1622
1337
2501
4199
1874
1103
5420
651
3893
1198
1594
1294
1884
10097
564
2247
3168
1072
600
9298
7936
2301
7848
1954
971
1261
3350
2980
28731
36525
1071
542
831
21975
9820
2650
1062
30948
854
2010
1473
3342
1280
2161
1382
2652
5839
1325
1959
915
3142
1272
3395
7777
914
1154
9577
3030
814
1499
1313
615
658
8562
12375
6860
28471
3122
1797
2230
11088
3726
1527
2280
2446
2099
3723
3468
3566
3054
3138
2140
2840
2834
1056
1634
4238
2380
1074
685
885
3160
2038
6475
2499
1588
2558
12359
12267
1334
2297
2422
11030
1763
10283
438
820
528
3182
5143
1475
475
1245
297
402
903
568
7459
17833
6233
1281
1896
10082
2196
1297
3083
5834
5970
1581
5449
104
530
3976
3780
1407
0
0
0
1265
1807
3823
149
214
88
1509
923
1511
2081
10655
1062
1216
10378
7986
39637
4526
999
3573
3186
16363
505
1512
939
933
1020
670
2175
1921
795
4268
1213
1758
1720
4509
2674
12028
644
1302
1354
1199
5374
4691
3254
4098
1434
796
8331
6334
4700
1833
1213
22841
1307
2416
3699
490
2445
1720
896
755
24941
5401
2445
1745
20538
12280
1399
1235
3202
734
2969
4850
826
2720
1824
2481
3468
1183
1477
748
46525
1291
6715
1331
2204
2333
2154
1759
693
1773
2115
1581
1043
19632
16048
5366
1183
1872
1524
1086
376
3199
1914
3229
803
1967
2054
1041
19359
3702
1342
1695
1098
1013
1509
3340
1084
1291
544
787
1428
4208
9111
2355
7822
1067
4077
17550
1027
6931
3661
1857
566
983
2107
2293
66076
3504
1047
2648
5035
20506
1968
13666
1456
4304
1021
501
4188
12198
7408
2399
990
893
415
1273
1022
339
3774
6364
1738
1220
960
6585
1265
1807
3823
0
0
0
19250
12127
4118
4691
1234
2854
4201
1477
935
6529
1374
23918
2313
1919
4639
3144
3942
24012
120240
3153
2182
2393
11925
2035
2455
2779
907
5199
1723
1587
2017
3482
969
2478
9255
5950
1891
1277
983
3521
2053
1051
2550
2259
2259
32086
3655
4888
6241
17004
635
2801
2303
971
3686
2378
1838
3172
8850
1570
44932
1752
808
2133
2235
5242
3292
2036
1932
1137
7170
10056
1121
1174
1891
15798
7605
1374
2474
1209
1805
416
532
1196
4254
485
922
1322
739
17473
3057
2194
2873
670
2853
1134
1576
942
2746
3660
1738
563
10316
584
3204
1715
2576
2003
1640
1652
3570
6336
1323
4986
13137
1228
1630
557
6162
5396
2319
2292
3611
3192
1167
3396
1867
5784
2822
3114
3354
4781
154
401
611
594
2439
1110
1494
1602
1034
685
544
649
8466
2780
5371
1266
20258
3870
4874
13859
3997
8483
1467
2500
597
490
159
2823
3381
9413
149
214
88
19250
12127
4118
0
0
0
595
1347
5486
5595
1575
1681
5919
8407
2375
2266
13763
2334
1950
29063
1373
314
912
578
1246
2544
1082
6216
2027
687
1314
3350
5791
5223
681
3165
1002
985
2721
21178
3417
1352
666
2797
3516
1405
2707
495
3588
12193
2844
1141
16504
3844
1555
667
5879
4920
2022
7670
3892
2099
3596
2993
895
1400
1504
927
2825
5116
985
782
1082
1468
8026
1124
4105
1290
1142
4080
702
2098
1426
1951
780
1989
778
1482
1122
2975
2444
996
2043
1407
437
1519
2262
1162
1706
1973
5840
12332
3336
1506
604
1377
3136
3468
1029
1037
2011
1765
2950
3045
38315
3021
1074
3312
3339
7449
6876
19167
4233
872
779
483
1568
1064
1602
1706
4504
2261
1903
1055
2976
543
1476
1707
2630
647
391
6861
1960
519
3627
2717
5980
1072
3282
3472
414
575
3142
7596
26739
1287
2555
2518
9985
798
1246
4152
897
1755
4018
1509
923
1511
4691
1234
2854
595
1347
5486
0
0
0
8937
1371
12688
42122
6236
2014
1963
1697
13455
262
209
340
1987
1500
6180
865
8265
2069
14429
6548
1223
1851
1360
7243
4541
9383
7232
5438
3475
1639
1322
907
1476
1105
1684
1997
1142
3391
3515
5182
5149
8418
3679
2555
13697
3115
16487
1839
5111
1587
1760
532
3921
4842
3456
4812
3036
10035
1888
2987
2634
1152
1351
5666
1069
7838
2669
4484
914
678
928
1695
5566
723
1347
1170
2787
15788
2465
2602
7750
1379
1867
3408
28652
1463
4537
889
2118
2184
12512
1734
529
1918
491
2430
1187
5543
2003
444
779
30516
985
2272
444
2211
1812
722
987
5910
5877
14561
945
5072
1403
6735
1453
3596
3301
1986
682
744
1491
713
512
8396
7102
2770
1924
2944
4813
2802
3832
1457
4818
2770
2345
956
13538
2589
1646
2188
1934
3467
13032
1613
10365
3583
3462
34580
2867
3116
2978
27166
3284
42145
2081
10655
1062
4201
1477
935
5595
1575
1681
8937
1371
12688
0
0
0
433
1696
1656
699
988
1959
5623
3510
7728
2118
4726
8287
2035
4153
1495
2932
674
1188
1557
4940
1736
2548
9027
1881
1175
1761
14581
4046
1201
3748
943
1352
1355
2535
3059
2790
2246
1961
1525
6594
1151
946
924
6261
7866
2340
2272
1257
874
559
3276
1693
5714
3438
2503
2389
1209
750
1798
2739
3256
4097
1576
1746
1757
7433
1820
9189
2405
2306
2248
6041
2078
2553
620
1694
2118
1709
3563
8805
1910
3234
15453
43933
1750
1638
1750
63952
1561
7147
10909
1061
859
2749
4921
3264
7409
14010
1494
2377
1116
1366
863
1580
734
1143
3110
6882
2319
1716
5366
2675
4728
1993
1297
1776
1717
2077
2850
4744
879
1974
1935
19512
3068
835
2276
6190
1233
6978
2230
2925
1697
1274
2251
37202
1493
2172
3663
1561
17693
3213
1423
2638
3914
27549
2380
15931
3779
12495
3281
1500
8123
1216
10378
7986
6529
1374
23918
5919
8407
2375
42122
6236
2014
433
1696
1656
0
0
0
2346
2034
1892
4621
1651
10414
3094
2110
4343
1110
1757
739
4902
3157
1267
1106
2106
2665
3561
1390
2709
3337
2187
1575
1758
760
3715
2258
22430
6506
655
29117
628
2928
5649
1863
1298
725
5196
970
1446
2149
7464
1620
11740
4863
1198
2343
1254
4851
7410
7545
1833
959
1501
1814
7656
35368
4775
7245
2600
999
1004
2984
1110
598
20703
7154
1014
1502
4809
1682
1705
1495
726
7131
27096
3734
1246
874
15508
1808
497
898
729
1435
4774
3162
2029
2242
7240
20859
2887
1965
558
1212
2816
960
775
1074
2744
1522
1925
427
11526
1962
4029
59809
3114
889
1412
2991
1505
4460
2028
4080
3675
2032
3793
492
4172
1518
5349
1271
69508
26860
10649
3456
2163
2129
7698
2594
1601
787
4282
48917
2814
2904
1139
11797
1849
3511
1924
977
1321
1271
2127
2303
10949
4404
39637
4526
999
2313
1919
4639
2266
13763
2334
1963
1697
13455
699
988
1959
2346
2034
1892
0
0
0
6173
3969
2637
16504
7156
47176
12942
2825
2384
37159
1931
4570
1990
2408
1872
1295
14217
5395
2442
2233
1878
4803
4077
2255
6917
2839
911
1408
34160
2474
2192
868
2091
1940
2610
4260
1271
3787
3680
7661
1062
1214
3489
1125
3723
1635
2789
1159
3974
3544
1502
2557
898
4167
2802
785
913
2736
698
808
1124
1913
1732
567
2540
1262
1885
836
6343
3395
524
12631
1785
2592
5232
3848
1850
2337
2105
9587
6261
2900
3467
857
587
2020
1769
3571
45617
3667
10459
7021
5385
2399
2045
1584
37073
16936
3020
2263
5952
1500
3438
3949
7826
1367
1000
1227
6423
2464
1262
6174
2919
40758
3344
4103
1291
42438
19686
1091
4957
7898
2104
451
250
582
815
1677
10140
3656
1950
3877
645
308
599
2400
3631
2491
6056
1643
2874
2369
458
5665
852
1425
982
3573
3186
16363
3144
3942
24012
1950
29063
1373
262
209
340
5623
3510
7728
4621
1651
10414
6173
3969
2637
0
0
0
3493
583
2557
1651
56102
3341
1059
2340
1218
3421
1365
8169
6582
1274
2011
9989
591
1026
2708
11229
1331
6088
1954
2721
15123
1906
1865
2181
1090
1529
8958
1403
7893
3846
10604
1813
2365
661
759
3031
3109
1884
3847
518
14834
4929
5105
1907
1473
851
1102
4886
666
508
1027
1977
901
12731
3892
1495
2105
2858
19356
1854
3237
2133
14945
945
549
2008
2071
1491
2057
6169
1763
2345
2988
13215
11528
2227
1449
1158
4024
1272
1593
2218
615
2997
1890
5536
4729
2950
4095
1586
4254
1996
6650
3084
3333
844
659
4746
967
947
7282
2360
12823
2463
2899
1332
1162
1167
13793
4143
1179
790
400
225
306
619
426
958
700
7258
1171
1097
3824
4803
2465
1146
2820
1499
7928
2178
2057
6296
5041
9735
555
655
296
2405
2488
2375
505
1512
939
120240
3153
2182
314
912
578
1987
1500
6180
2118
4726
8287
3094
2110
4343
16504
7156
47176
3493
583
2557
0
0
0
1543
5125
2744
3626
5102
2445
2164
2937
2711
1385
779
5532
1130
2573
1843
4198
4083
2733
3384
8617
4282
2186
3956
2481
2759
3568
3515
9118
6569
2065
1303
1103
6029
4136
3630
1807
1341
1602
862
2069
5876
3469
3480
1133
2262
3149
483
44001
1438
3590
1469
3507
5406
1405
6802
2026
31773
3065
2435
3004
32999
2267
1616
2564
5619
3043
1028
922
5431
4957
12944
3352
3207
17328
1605
1925
1339
2485
1292
7468
628
4091
1180
1382
2477
2452
14913
3918
6314
7530
1404
4496
625
3151
1706
20126
2889
533
2313
1652
1500
3803
2755
12584
2792
2305
4139
1299
4050
889
1832
668
719
1311
7047
1478
1204
3054
1870
1757
771
30138
503
2746
2346
6154
2025
10294
2993
4814
2743
8043
1552
4669
1619
2444
3467
39877
41846
6884
1230
933
1020
670
2393
11925
2035
1246
2544
1082
865
8265
2069
2035
4153
1495
1110
1757
739
12942
2825
2384
1651
56102
3341
1543
5125
2744
0
0
0
