C_ijk
0
0
0
274
618
568
256
56
508
298
619
491
81
153
190
16
35
18
161
152
329
141
124
48
1329
459
534
379
176
1360
2219
1967
235
352
266
495
1544
244
62
2120
1437
106
106
567
2202
1315
381
299
1239
1550
436
826
538
936
772
514
1388
1307
299
1200
182
3303
1050
2480
564
848
930
565
795
1006
726
1135
2251
505
452
409
4103
1754
923
982
743
4180
525
3599
3159
9912
738
641
554
769
512
2688
1803
3764
1000
697
1119
772
1692
894
515
659
279
394
716
462
1471
431
1018
919
2415
842
1127
1973
1862
2046
1202
995
1952
3246
526
2599
4236
10205
1392
3439
1350
874
1616
1964
3787
15075
2744
732
1156
2172
4612
1898
1866
1927
2262
1814
1786
682
1623
872
3919
695
2546
1729
2185
4374
1098
2123
1770
21838
7886
1574
1104
736
1357
14386
2298
1190
3623
6196
2626
6798
274
618
568
0
0
0
1834
258
422
484
94
2143
109
1123
336
261
232
253
303
55
150
163
226
211
207
314
275
137
1068
333
1793
255
1115
208
84
1153
551
261
1838
2778
359
453
6266
192
121
735
637
2398
730
463
317
4882
320
333
168
154
1222
285
344
533
1161
2541
419
7699
511
484
240
1267
599
369
687
252
348
237
315
3144
272
1170
321
1315
612
1991
667
4980
696
2554
423
352
534
703
375
591
8988
882
2416
1172
2180
1348
752
1794
615
1127
592
705
1343
2304
1385
1427
3116
9764
7848
964
621
1234
2999
2556
630
2601
970
1694
2971
972
2774
26643
1022
15921
1776
9650
1630
2481
1283
1085
5454
2401
2496
1267
1714
2057
1339
2550
11199
3901
1292
6301
45937
2044
2074
2453
2129
1927
1359
1981
656
2188
13232
2395
774
1837
1112
6058
3692
5911
6545
2555
1162
11918
6684
2059
256
56
508
1834
258
422
0
0
0
136
682
494
345
1794
445
258
184
1823
135
436
520
112
417
566
1366
2184
571
319
380
806
242
950
2578
4326
358
431
252
399
220
3383
7404
543
252
422
178
830
920
647
2495
313
786
1329
792
241
305
407
785
12592
5307
666
1205
740
2197
1959
7138
1608
713
8118
1324
295
264
554
388
325
291
2796
576
2269
354
1094
4447
748
947
1392
1805
5336
521
6486
481
2271
1929
2465
583
6265
400
2958
1245
3266
16610
701
1177
321
20348
1358
739
1472
1021
3693
15681
1947
1913
2603
1135
3620
2770
961
900
5203
1717
2930
523
1290
827
8072
1391
2982
2415
682
2191
773
396
14591
13621
1242
3851
2359
3061
3181
3295
4332
1670
1162
16912
444
15182
2040
1662
1101
27734
1015
4640
2754
4036
1581
2667
4410
1842
13350
1342
12977
5560
7814
8944
9071
1013
12636
3776
3423
298
619
491
484
94
2143
136
682
494
0
0
0
1613
688
313
164
6476
1360
1035
234
951
1376
60
525
23
43
62
43
32
67
319
637
230
214
90
183
254
761
322
356
385
655
668
331
623
628
815
436
146
322
379
9601
458
585
1242
6643
1974
883
347
211
415
365
655
1813
1200
2215
890
2672
1562
515
452
317
751
389
3309
549
1224
2217
431
247
490
924
674
682
967
535
436
311
6265
445
1393
5359
396
6555
2106
541
1318
549
868
509
815
2066
1290
435
564
1009
4816
1040
894
743
2219
10207
1822
1034
1196
1989
770
756
1210
2106
2134
1659
1711
9662
541
2135
1155
1137
1209
1362
767
2464
4063
8261
2345
54232
1105
2431
13408
2428
1522
902
11661
3943
4481
1274
4941
1140
715
797
27788
20883
2894
850
2210
1102
12276
21810
3203
1941
8085
2509
3470
3431
9333
1785
4939
6066
81
153
190
109
1123
336
345
1794
445
1613
688
313
0
0
0
2
2
18
1189
664
5129
329
285
880
536
232
121
237
175
1053
281
110
167
1724
2501
2980
94
227
2036
468
253
143
2107
806
410
116
213
797
379
1611
501
1441
375
347
5184
752
1603
745
445
704
383
937
3288
1018
311
400
439
281
482
3072
940
383
265
962
1242
1594
588
581
596
3063
993
323
1265
761
1803
585
450
1306
279
1063
1471
1045
2111
3494
710
21679
632
662
841
744
11376
915
2809
1929
4513
905
2450
862
2103
6690
1946
975
2729
745
1222
1158
4841
1010
1173
1590
2913
5767
5189
14399
1169
1149
3355
13418
5091
3379
2332
2006
7228
7465
727
2192
2758
1452
1274
886
924
1909
985
2393
764
1889
1651
858
4248
3840
4690
3657
3201
1859
3277
72375
5533
4349
5121
16258
4119
15160
8581
1169
11988
1729
1413
3747
16
35
18
261
232
253
258
184
1823
164
6476
1360
2
2
18
0
0
0
157
133
174
148
166
206
234
409
1931
7659
450
77
135
105
171
117
553
476
370
162
411
235
1030
394
1892
272
1368
432
493
353
1495
203
238
575
1002
168
861
2552
722
9001
1577
460
3746
477
162
702
191
1365
972
161
659
557
966
924
205
340
1530
5640
423
980
1361
504
720
2490
2758
2072
1508
683
400
2749
468
2250
444
1076
794
936
1153
2556
1428
1171
14458
360
1150
1596
594
499
746
1324
2901
1701
4637
3620
842
4184
3272
3388
1161
5981
26666
1614
729
2429
3291
503
3234
4077
30248
746
944
1160
1398
1874
1612
1115
5808
6542
1535
1811
5180
869
4365
785
3610
2510
1290
5231
2333
2392
1425
1964
1933
10452
2292
594
4296
7816
6398
2050
2215
6437
1061
1530
2575
1802
5863
827
2270
3405
2159
2740
161
152
329
303
55
150
135
436
520
1035
234
951
1189
664
5129
157
133
174
0
0
0
303
251
263
92
429
962
181
898
1029
236
341
502
666
402
256
572
372
218
467
784
668
5608
182
238
962
174
322
318
391
209
118
159
1747
579
774
452
272
2960
1012
1179
612
1177
1182
6630
616
735
1575
385
460
1059
510
650
2793
253
677
8698
587
2046
785
1370
618
464
822
186
514
1768
375
7696
248
1277
568
307
384
1584
349
4585
3126
1087
583
2070
1463
537
2991
678
4660
12922
3346
9930
679
884
3063
3316
6355
6462
918
1264
1175
1957
3584
3955
4917
1867
4558
2546
1259
6087
8650
4299
3146
6609
858
2611
5592
3379
981
3251
1332
2019
1037
1041
3603
1084
2259
764
6962
1789
1176
7583
902
3288
2539
2313
1100
1176
12327
1518
2534
1084
1497
6299
4354
2356
8125
718
6243
7169
14905
141
124
48
163
226
211
112
417
566
1376
60
525
329
285
880
148
166
206
303
251
263
0
0
0
910
384
1181
246
204
180
45
2196
372
201
776
520
605
1055
498
1367
310
794
987
1106
321
563
379
288
640
424
4037
473
440
262
259
348
627
624
513
187
301
716
351
2259
278
570
695
4501
757
464
153
236
668
1731
483
572
476
384
959
1789
5538
1636
1794
497
21341
662
667
437
462
1178
448
903
1534
1245
430
675
2439
860
791
1347
639
739
836
1041
429
1258
720
1227
2593
24580
1288
1481
3983
5448
2467
1942
1087
674
698
11569
21372
6807
11398
746
1311
1579
1626
2405
1017
2974
1140
14882
1677
693
454
1519
8202
962
3277
3989
2997
614
1840
1846
494
2488
1479
2039
2554
3712
6156
969
2355
946
6947
4207
2792
5556
3835
2773
7484
23943
867
3157
1936
1168
978
2461
1329
459
534
207
314
275
1366
2184
571
23
43
62
536
232
121
234
409
1931
92
429
962
910
384
1181
0
0
0
26
44
9
718
1312
403
112
1588
116
1386
1437
499
203
918
174
1811
398
400
841
1123
1594
491
214
226
2783
1212
180
2519
350
1829
9546
453
685
687
1082
392
677
629
370
2591
7180
2772
2523
1314
599
180
1187
821
518
852
179
807
568
331
810
501
749
8872
1019
760
262
559
430
2795
698
4694
367
4516
370
804
2727
1380
1090
2014
1053
905
763
497
945
448
331
3448
616
644
2644
18956
66228
1247
861
1676
1436
1874
933
45864
1160
1702
2331
2395
13118
2154
1408
1789
4040
2188
2632
1066
8356
20498
3825
1315
2428
1355
11376
2383
6410
2782
710
27200
1375
5111
1000
1484
2805
1914
1683
1141
633
1618
1624
2884
1370
3779
6496
3655
1126
2133
2120
2050
2493
5164
49936
379
176
1360
137
1068
333
319
380
806
43
32
67
237
175
1053
7659
450
77
181
898
1029
246
204
180
26
44
9
0
0
0
329
1189
151
295
177
57
556
501
544
191
456
268
5295
522
1206
787
6303
2602
1025
296
1212
540
1143
796
711
1029
428
684
195
445
2239
631
218
476
1489
862
675
810
322
145
2898
580
2683
756
24459
4190
382
158
626
1538
1703
951
1558
1290
12677
1144
813
2137
803
614
329
487
816
522
5363
4214
1103
16610
6493
3779
8617
441
1401
1418
14132
637
1305
2845
23552
1157
12570
605
826
1673
2682
902
804
17845
5797
729
1534
3410
6598
1143
698
1819
2630
745
3743
3765
3070
1305
21357
1537
3133
1498
38520
1391
1150
1006
785
35073
2250
1702
6003
2160
962
1222
2720
963
3645
2559
1119
20070
2299
1307
1474
8155
2525
3050
3269
3323
816
2450
22725
2414
6620
1335
2219
1967
235
1793
255
1115
242
950
2578
319
637
230
281
110
167
135
105
171
236
341
502
45
2196
372
718
1312
403
329
1189
151
0
0
0
506
563
838
293
1314
361
492
187
61
980
482
757
205
509
173
244
739
2593
395
615
412
394
929
542
701
1180
795
1790
233
1159
5367
1007
862
250
367
1940
684
563
548
748
1468
425
1616
4810
2199
351
2859
679
1213
2910
724
687
1136
2423
772
2918
930
524
1249
1050
379
1416
711
946
969
939
422
883
356
19079
2862
1217
1393
1639
564
651
2583
790
466
2093
15116
1273
2418
1451
2681
5788
1884
5475
1319
9736
1277
1047
2553
1684
3425
1546
3993
9958
2871
2499
2993
12424
5236
421
2978
2627
2259
2360
3205
3248
1453
649
2776
9173
3137
1296
1352
1453
4165
4625
14579
2188
1960
2680
957
2035
7567
514
2403
3633
1979
17904
1515
1794
4114
352
266
495
208
84
1153
4326
358
431
214
90
183
1724
2501
2980
117
553
476
666
402
256
201
776
520
112
1588
116
295
177
57
506
563
838
0
0
0
390
1144
1483
149
204
212
911
779
317
529
639
983
359
551
352
442
1160
1176
998
1418
561
797
198
3386
341
1800
1397
1278
349
418
925
789
1505
1059
914
186
611
459
1282
447
259
264
3083
269
830
900
3605
12135
2087
522
495
635
592
345
1036
278
305
887
2798
694
3067
609
490
679
973
33103
617
573
186
843
297
326
788
9849
2054
1054
7156
1685
1676
26025
986
1214
5335
3245
1973
1560
15208
6637
1120
700
1975
1364
1466
704
1437
7378
598
2254
2320
11588
1285
1692
2635
1826
1711
1292
1032
3098
1657
7473
3196
3053
14787
8285
6095
4732
8580
3292
1331
2986
3309
2182
2044
1698
6117
2045
3445
3153
1967
8971
3195
1488
1544
244
62
551
261
1838
252
399
220
254
761
322
94
227
2036
370
162
411
572
372
218
605
1055
498
1386
1437
499
556
501
544
293
1314
361
390
1144
1483
0
0
0
601
894
2151
443
291
680
455
411
382
675
1306
925
449
275
223
655
469
144
615
355
305
651
1446
392
3445
1097
718
285
572
2959
550
901
407
1806
370
519
2466
647
1526
865
598
7795
1791
1800
389
693
588
537
13844
962
2855
1176
1627
1763
418
695
1870
1894
5132
4067
545
2575
659
5438
1798
2579
3288
597
1014
930
8226
2577
7613
8006
1619
728
3123
1035
9288
5856
3659
1599
2113
2201
1025
3840
563
7037
481
11499
835
6732
6482
1377
6190
1073
15033
13250
1867
3303
2505
6730
1302
3645
1462
1481
2181
2485
875
6076
2007
1317
2631
5809
1339
2742
3334
637
3892
12460
1607
1565
2981
3837
53574
5946
1380
4673
3756
2120
1437
106
2778
359
453
3383
7404
543
356
385
655
468
253
143
235
1030
394
467
784
668
1367
310
794
203
918
174
191
456
268
492
187
61
149
204
212
601
894
2151
0
0
0
699
1771
457
856
157
325
768
749
313
636
731
3536
1016
963
776
544
310
309
193
1133
739
94
942
239
491
202
260
1016
3623
1012
3186
2181
635
463
1523
725
338
172
1538
1369
4211
931
378
2216
366
216
4321
16423
697
595
5795
908
3658
788
6835
916
1138
11083
583
923
1085
376
1029
1617
9746
3776
294
829
10241
4217
1923
2107
921
482
1466
1112
1173
817
2427
2214
1156
1219
1936
15355
1952
2273
1763
7348
999
2110
900
1152
2803
2666
2161
3396
4742
534
1749
1228
12011
5016
4603
7851
1023
1088
2086
1361
32556
7176
2511
2940
1598
3138
4426
6908
2134
3425
2140
20590
1159
6087
1655
1703
1601
2115
106
567
2202
6266
192
121
252
422
178
668
331
623
2107
806
410
1892
272
1368
5608
182
238
987
1106
321
1811
398
400
5295
522
1206
980
482
757
911
779
317
443
291
680
699
1771
457
0
0
0
566
822
1258
801
937
2638
296
154
634
155
166
208
1356
867
2206
1763
1201
625
8273
1203
2631
859
1490
697
323
773
534
248
578
121
629
4192
1340
2155
7846
916
507
914
1744
327
380
1856
2472
878
606
2202
418
436
1352
879
504
1487
5888
567
682
813
2241
937
2878
1772
236
594
700
1089
1915
6765
29046
1712
4831
3898
2602
1375
16147
4096
3760
670
823
3305
2076
1584
812
2249
8988
2211
1708
1618
1750
1323
1019
2448
620
2342
2846
2068
6958
3252
517
30264
1178
2030
19877
2978
3180
3729
2172
2890
2035
5339
8810
19448
3804
485
517
2072
1539
2944
3469
996
3988
3089
2948
5417
1780
1315
381
299
735
637
2398
830
920
647
628
815
436
116
213
797
432
493
353
962
174
322
563
379
288
841
1123
1594
787
6303
2602
205
509
173
529
639
983
455
411
382
856
157
325
566
822
1258
0
0
0
1177
283
354
568
720
5545
1739
566
220
808
484
751
1064
285
550
1577
325
314
264
102
102
760
662
307
20345
2171
1104
2113
7058
1346
757
480
1352
703
563
956
1321
987
1205
1277
2103
1536
2700
4162
872
2037
12564
5690
256
356
932
1987
644
206
1094
1287
2772
2145
3356
1130
8344
4529
13558
618
439
608
2083
1583
363
1062
1253
1543
33044
1547
916
1661
1982
8474
1907
1516
3658
699
1510
3079
3190
4903
4711
6214
4472
1171
1901
2612
1381
6694
6776
4147
5526
1052
482
726
2462
1007
1870
3149
2283
2229
1144
9697
4510
1139
3768
964
1218
2365
3474
2678
14798
1265
3284
7013
1239
1550
436
730
463
317
2495
313
786
146
322
379
379
1611
501
1495
203
238
318
391
209
640
424
4037
491
214
226
1025
296
1212
244
739
2593
359
551
352
675
1306
925
768
749
313
801
937
2638
1177
283
354
0
0
0
294
357
306
1104
302
2854
528
94
7996
3813
251
496
401
931
271
1170
505
1634
825
1075
221
863
878
7233
733
2527
229
600
383
11669
2036
1725
972
204
797
2143
1393
4647
227
318
1715
374
965
3670
993
776
1071
2251
1363
2826
775
239
302
465
1700
608
737
1639
1654
1729
1229
5597
1976
17279
6512
2090
2812
7246
2871
3991
884
3138
1916
3005
8370
1657
6715
1911
2155
1966
34415
1223
3775
1836
4205
12985
8821
2005
1292
1770
998
2415
3813
18720
2079
8443
1942
1426
1342
835
9315
4014
5779
6521
742
4169
2563
1131
1814
2349
2320
1787
909
3926
918
7258
4751
826
538
936
4882
320
333
1329
792
241
9601
458
585
1441
375
347
575
1002
168
118
159
1747
473
440
262
2783
1212
180
540
1143
796
395
615
412
442
1160
1176
449
275
223
636
731
3536
296
154
634
568
720
5545
294
357
306
0
0
0
781
924
480
8260
673
1301
3731
1940
529
974
3115
659
782
5186
763
1072
474
395
261
4214
1760
2965
644
3182
1079
2323
1571
190
87
2631
375
1640
311
1470
2658
1586
178
289
311
1180
960
1221
1130
1976
797
373
1287
418
1297
701
666
1430
990
2064
1414
1306
2653
2210
3099
835
1588
31394
1531
1027
882
2971
1420
2078
37609
5214
1388
3324
3269
10855
1714
3299
2953
2810
1744
2801
2173
1180
1645
1587
8549
3721
2111
6298
8920
3886
3026
2442
2096
1276
1986
8799
1630
1469
3173
1253
5292
936
836
1714
14280
2797
2157
2523
4569
6178
1407
12439
22140
2726
772
514
1388
168
154
1222
305
407
785
1242
6643
1974
5184
752
1603
861
2552
722
579
774
452
259
348
627
2519
350
1829
711
1029
428
394
929
542
998
1418
561
655
469
144
1016
963
776
155
166
208
1739
566
220
1104
302
2854
781
924
480
0
0
0
976
893
2406
797
1114
770
1099
3659
271
718
473
2321
7957
2248
348
542
322
613
847
1242
697
1141
5791
1715
314
483
3458
2477
290
521
816
5808
1719
457
1087
12294
928
1071
743
2982
1939
633
1108
728
344
1873
1225
1561
1163
1184
388
3170
1428
788
1500
998
1178
1201
1232
1806
4321
7318
2900
2262
639
12660
3947
956
1351
1688
1538
1136
11603
1745
939
3054
691
2508
40033
586
1900
5479
1052
1919
1093
27694
2083
1147
1114
878
2013
1966
1778
13757
2032
6686
2514
2496
3992
4393
1595
3468
2329
6689
5187
1448
1905
4656
34521
2664
3394
1307
299
1200
285
344
533
12592
5307
666
883
347
211
745
445
704
9001
1577
460
272
2960
1012
624
513
187
9546
453
685
684
195
445
701
1180
795
797
198
3386
615
355
305
544
310
309
1356
867
2206
808
484
751
528
94
7996
8260
673
1301
976
893
2406
0
0
0
603
136
451
615
361
300
1063
322
4757
640
7649
1346
2287
1229
3507
187
247
43
236
318
481
770
1231
1520
287
2550
15479
742
1053
5032
2615
11230
1100
483
232
303
2471
807
665
2820
1816
3265
463
211
359
3856
1044
3413
7365
2213
1275
1014
7730
2389
5228
400
4242
11271
6150
1484
1199
1320
944
10313
6957
4203
1679
2368
4183
10510
1953
5184
30910
4567
3258
16026
2228
1467
1648
1888
801
2377
1542
1698
5078
9025
644
1186
801
868
1256
2844
7543
2067
10094
2372
3861
15611
1801
3335
2444
1333
3169
10895
1492
3208
1203
1561
182
3303
1050
1161
2541
419
1205
740
2197
415
365
655
383
937
3288
3746
477
162
1179
612
1177
301
716
351
687
1082
392
2239
631
218
1790
233
1159
341
1800
1397
651
1446
392
193
1133
739
1763
1201
625
1064
285
550
3813
251
496
3731
1940
529
797
1114
770
603
136
451
0
0
0
458
197
57
557
2881
820
497
323
3458
1123
3035
963
1619
445
146
60
392
493
954
1472
1747
1265
760
1777
503
2382
886
1784
1881
980
465
797
178
1082
498
334
1456
1483
4476
462
1197
363
657
778
4842
650
2762
662
2064
1231
1420
774
1883
261
19217
582
549
19883
6304
1466
1547
2023
2825
1457
4170
4121
4092
7945
2681
2147
399
638
13937
10050
1101
1745
3118
470
1778
19889
2138
763
1567
1718
652
842
2388
1182
2091
14184
3296
3698
3162
3399
1698
2560
1372
1285
2179
1255
737
7325
2348
975
1109
2480
564
848
7699
511
484
1959
7138
1608
1813
1200
2215
1018
311
400
702
191
1365
1182
6630
616
2259
278
570
677
629
370
476
1489
862
5367
1007
862
1278
349
418
3445
1097
718
94
942
239
8273
1203
2631
1577
325
314
401
931
271
974
3115
659
1099
3659
271
615
361
300
458
197
57
0
0
0
1009
783
989
846
437
3693
2789
1142
2347
347
2345
3557
76
186
152
4006
2405
2850
2479
1341
2257
1782
524
499
817
990
663
7359
1243
515
406
905
209
2106
1384
1487
645
416
601
1966
11276
1150
2729
953
323
2123
875
1509
580
1417
781
840
1038
3805
3237
1047
5482
1025
3142
6997
2511
4538
2096
1434
1104
3043
922
442
308
8559
4048
2280
1394
1107
4785
16362
1825
2274
13739
1120
835
902
976
1262
2889
5105
2194
9767
3099
1166
4270
1749
4988
1088
8875
2646
1924
1524
2381
1596
6400
7480
930
565
795
240
1267
599
713
8118
1324
890
2672
1562
439
281
482
972
161
659
735
1575
385
695
4501
757
2591
7180
2772
675
810
322
250
367
1940
925
789
1505
285
572
2959
491
202
260
859
1490
697
264
102
102
1170
505
1634
782
5186
763
718
473
2321
1063
322
4757
557
2881
820
1009
783
989
0
0
0
1131
5892
17825
867
9169
1250
677
336
1265
3192
312
802
3501
1235
567
838
470
945
2095
20626
1488
1449
2210
1811
656
260
481
163
79
175
938
1085
1407
716
902
1044
3511
1559
1357
1473
1607
2656
765
8566
364
716
541
1208
4488
1074
1601
1079
2243
1686
660
614
1198
912
1961
21179
1439
1459
1299
2095
2057
1799
4424
1226
2488
1324
1186
5630
980
7196
31693
4524
25025
1877
1495
1084
1522
3317
7714
2734
1555
3546
5403
3193
7016
2228
5809
10883
1465
1668
2106
648
63718
2998
15070
1006
726
1135
369
687
252
295
264
554
515
452
317
3072
940
383
557
966
924
460
1059
510
464
153
236
2523
1314
599
145
2898
580
684
563
548
1059
914
186
550
901
407
1016
3623
1012
323
773
534
760
662
307
825
1075
221
1072
474
395
7957
2248
348
640
7649
1346
497
323
3458
846
437
3693
1131
5892
17825
0
0
0
567
3045
1107
3142
1222
647
934
807
1100
1280
314
483
884
381
865
192
258
143
1086
466
753
689
15412
1597
854
946
544
365
1728
1668
3138
2058
600
1790
508
502
2956
390
18686
1804
1036
4662
6334
1514
3543
991
1300
1240
4705
824
1012
10141
1549
12192
3923
11738
33417
1508
2050
2005
11357
2789
7786
5681
1217
56098
2550
2648
1370
4613
3265
9961
2571
3053
2529
6847
1752
8805
1490
2183
2426
10437
1218
23447
929
725
937
5855
2748
15354
1490
1517
3227
1743
2612
16659
2251
505
452
348
237
315
388
325
291
751
389
3309
265
962
1242
205
340
1530
650
2793
253
668
1731
483
180
1187
821
2683
756
24459
748
1468
425
611
459
1282
1806
370
519
3186
2181
635
248
578
121
20345
2171
1104
863
878
7233
261
4214
1760
542
322
613
2287
1229
3507
1123
3035
963
2789
1142
2347
867
9169
1250
567
3045
1107
0
0
0
443
2660
4745
2204
2553
895
576
466
11578
1474
323
1010
2991
1993
1846
130
3681
1003
4325
826
4011
1541
3600
1443
589
1088
1072
3679
1625
3041
213
2678
790
4322
2655
1554
1474
821
3169
1173
1247
3296
13333
3829
9676
3733
2179
1048
2620
5898
817
603
26693
765
1054
409
730
8689
3211
12082
731
1508
29187
1313
1437
4708
823
580
3397
2505
2766
7224
2250
10735
2574
1186
1554
2956
1639
2850
899
7283
4203
921
2444
2296
4528
2418
2756
2346
3017
2322
2288
409
4103
1754
3144
272
1170
2796
576
2269
549
1224
2217
1594
588
581
5640
423
980
677
8698
587
572
476
384
518
852
179
4190
382
158
1616
4810
2199
447
259
264
2466
647
1526
463
1523
725
629
4192
1340
2113
7058
1346
733
2527
229
2965
644
3182
847
1242
697
187
247
43
1619
445
146
347
2345
3557
677
336
1265
3142
1222
647
443
2660
4745
0
0
0
1028
1929
417
1071
1570
7509
583
517
7127
496
5588
1056
1383
5656
4412
1078
1862
172
1428
561
973
1961
1020
678
371
206
468
1456
430
744
460
857
830
1140
1144
3979
286
1905
1354
556
6793
450
17407
2395
5965
3664
3591
2772
2696
3920
2760
2859
16789
4679
2665
894
1027
1574
3305
2889
3084
1859
1264
6421
2097
1959
1755
818
547
1486
2045
1000
1143
9556
3237
517
4030
5796
4215
1857
2501
1627
3854
698
2198
4169
1751
1443
3721
1814
923
982
743
321
1315
612
354
1094
4447
431
247
490
596
3063
993
1361
504
720
2046
785
1370
959
1789
5538
807
568
331
626
1538
1703
351
2859
679
3083
269
830
865
598
7795
338
172
1538
2155
7846
916
757
480
1352
600
383
11669
1079
2323
1571
1141
5791
1715
236
318
481
60
392
493
76
186
152
3192
312
802
934
807
1100
2204
2553
895
1028
1929
417
0
0
0
8266
4608
41505
3014
5197
1885
737
7131
1675
758
6674
867
306
370
562
827
8160
11207
997
2212
899
2894
356
1623
496
1650
1764
1178
2049
551
715
797
868
732
561
1500
711
730
491
4527
1550
2285
8581
3767
4264
1413
25195
1471
2292
2900
2480
764
725
829
3133
910
1927
3969
784
406
2108
1000
2144
806
3180
7508
21099
550
3184
2933
1950
4137
1508
2677
699
3951
51279
9034
1428
8586
3208
1234
1389
3256
1628
1745
1458
4180
525
3599
1991
667
4980
748
947
1392
924
674
682
323
1265
761
2490
2758
2072
618
464
822
1636
1794
497
810
501
749
951
1558
1290
1213
2910
724
900
3605
12135
1791
1800
389
1369
4211
931
507
914
1744
703
563
956
2036
1725
972
190
87
2631
314
483
3458
770
1231
1520
954
1472
1747
4006
2405
2850
3501
1235
567
1280
314
483
576
466
11578
1071
1570
7509
8266
4608
41505
0
0
0
84
247
200
5096
340
3982
946
525
126
515
16348
888
4465
1978
4149
434
1511
4956
826
8227
1116
1335
3955
427
1316
796
1729
2456
24458
6237
1199
4011
5450
992
4604
1342
1605
619
1171
2008
4098
12368
1405
594
5401
7694
19450
5109
1384
977
2852
1866
2941
2771
1609
5646
1925
8800
1199
637
3507
2121
4254
9692
10120
2095
1481
1421
9169
1647
1283
701
475
762
1698
1754
3475
1189
6896
3488
2940
1071
2309
1454
3159
9912
738
696
2554
423
1805
5336
521
967
535
436
1803
585
450
1508
683
400
186
514
1768
21341
662
667
8872
1019
760
12677
1144
813
687
1136
2423
2087
522
495
693
588
537
378
2216
366
327
380
1856
1321
987
1205
204
797
2143
375
1640
311
2477
290
521
287
2550
15479
1265
760
1777
2479
1341
2257
838
470
945
884
381
865
1474
323
1010
583
517
7127
3014
5197
1885
84
247
200
0
0
0
412
407
2124
165
663
1164
937
2965
4631
9775
1403
3163
1570
1970
12943
2926
628
811
2069
510
205
9119
1602
1595
631
1737
2142
1981
3392
1752
4846
4882
5746
544
1409
1007
1255
2685
1442
5310
1703
2191
2253
4567
608
1369
1845
1575
1231
1900
3366
2856
6877
1393
1068
6872
766
2947
2184
3837
1974
10459
1909
465
1316
762
2261
2492
2866
3365
1965
963
3853
4910
4255
3949
8980
1265
7756
9923
1948
641
554
769
352
534
703
6486
481
2271
311
6265
445
1306
279
1063
2749
468
2250
375
7696
248
437
462
1178
262
559
430
2137
803
614
772
2918
930
635
592
345
13844
962
2855
216
4321
16423
2472
878
606
1277
2103
1536
1393
4647
227
1470
2658
1586
816
5808
1719
742
1053
5032
503
2382
886
1782
524
499
2095
20626
1488
192
258
143
2991
1993
1846
496
5588
1056
737
7131
1675
5096
340
3982
412
407
2124
0
0
0
1320
2823
1781
1474
598
2438
2019
677
3579
2919
4476
1305
488
3327
1056
4070
386
245
2266
514
5528
1741
1295
6341
2952
1681
1330
953
644
1382
3343
3239
1587
1474
2781
4066
1537
2164
5888
2172
1616
5267
1658
2072
4615
1904
3902
889
1735
1167
2189
4883
4784
961
12031
6423
2008
4752
5364
1715
1123
465
908
3743
1813
4586
1865
2681
2894
4512
2025
8771
2417
4767
1421
1493
756
4205
512
2688
1803
375
591
8988
1929
2465
583
1393
5359
396
1471
1045
2111
444
1076
794
1277
568
307
448
903
1534
2795
698
4694
329
487
816
524
1249
1050
1036
278
305
1176
1627
1763
697
595
5795
2202
418
436
2700
4162
872
318
1715
374
178
289
311
457
1087
12294
2615
11230
1100
1784
1881
980
817
990
663
1449
2210
1811
1086
466
753
130
3681
1003
1383
5656
4412
758
6674
867
946
525
126
165
663
1164
1320
2823
1781
0
0
0
1481
4559
1313
1224
905
1048
379
29685
4877
1725
1287
1461
136
521
494
13897
1560
3477
5110
26937
2947
1717
1867
2198
1160
1972
2943
1076
1647
1747
2776
2401
2488
708
2479
890
1361
3958
593
3208
2768
1807
2171
789
1877
10490
2541
2321
744
1610
1947
944
8717
12213
2779
15800
81004
3017
1712
5310
3012
3721
1612
1566
1355
915
18027
1797
1485
3057
3354
4773
4791
12819
4136
3764
1000
697
882
2416
1172
6265
400
2958
6555
2106
541
3494
710
21679
936
1153
2556
384
1584
349
1245
430
675
367
4516
370
522
5363
4214
379
1416
711
887
2798
694
418
695
1870
908
3658
788
1352
879
504
2037
12564
5690
965
3670
993
1180
960
1221
928
1071
743
483
232
303
465
797
178
7359
1243
515
656
260
481
689
15412
1597
4325
826
4011
1078
1862
172
306
370
562
515
16348
888
937
2965
4631
1474
598
2438
1481
4559
1313
0
0
0
791
922
49181
1977
3313
3342
691
183
245
1494
2123
1631
1107
209
2099
5443
7206
17933
999
40850
1758
5763
748
386
1113
2055
1811
13131
1939
2073
1148
3692
17720
1162
19237
964
2360
753
199
1272
1260
1734
1026
4471
1023
879
1711
4783
2502
718
6515
1556
15918
9730
27643
13329
1461
706
3833
3544
2233
2555
7035
757
2722
5985
1530
1390
1004
7202
575
896
1119
772
1692
2180
1348
752
1245
3266
16610
1318
549
868
632
662
841
1428
1171
14458
4585
3126
1087
2439
860
791
804
2727
1380
1103
16610
6493
946
969
939
3067
609
490
1894
5132
4067
6835
916
1138
1487
5888
567
256
356
932
776
1071
2251
1130
1976
797
2982
1939
633
2471
807
665
1082
498
334
406
905
209
163
79
175
854
946
544
1541
3600
1443
1428
561
973
827
8160
11207
4465
1978
4149
9775
1403
3163
2019
677
3579
1224
905
1048
791
922
49181
0
0
0
626
538
3940
954
531
1003
15999
2023
2865
1609
1212
1754
603
897
5031
491
5618
459
2309
1395
1261
2477
4591
1502
519
769
590
3024
2992
2253
1190
1620
1964
1317
2948
2117
1741
7750
636
1535
1622
2896
2353
7160
1790
21573
5259
1043
521
954
4070
2965
1482
1739
25592
961
5963
4975
5905
15672
792
996
2798
1084
1009
3363
969
24372
5753
894
515
659
1794
615
1127
701
1177
321
509
815
2066
744
11376
915
360
1150
1596
583
2070
1463
1347
639
739
1090
2014
1053
3779
8617
441
422
883
356
679
973
33103
545
2575
659
11083
583
923
682
813
2241
1987
644
206
1363
2826
775
373
1287
418
1108
728
344
2820
1816
3265
1456
1483
4476
2106
1384
1487
938
1085
1407
365
1728
1668
589
1088
1072
1961
1020
678
997
2212
899
434
1511
4956
1570
1970
12943
2919
4476
1305
379
29685
4877
1977
3313
3342
626
538
3940
0
0
0
6946
882
1161
948
959
2487
1229
2196
7179
1601
1222
1166
3392
1694
9765
3270
3491
1784
6339
1129
10971
2433
7092
1518
354
641
1215
396
1310
1033
3479
2916
5924
8828
789
6004
2722
2559
7459
907
4903
2388
5950
1998
1481
11859
2460
1553
2984
12893
2450
1712
7225
2332
1117
4509
1314
1268
3827
4747
8666
1553
2306
6303
2095
3143
279
394
716
592
705
1343
20348
1358
739
1290
435
564
2809
1929
4513
594
499
746
537
2991
678
836
1041
429
905
763
497
1401
1418
14132
19079
2862
1217
617
573
186
5438
1798
2579
1085
376
1029
937
2878
1772
1094
1287
2772
239
302
465
1297
701
666
1873
1225
1561
463
211
359
462
1197
363
645
416
601
716
902
1044
3138
2058
600
3679
1625
3041
371
206
468
2894
356
1623
826
8227
1116
2926
628
811
488
3327
1056
1725
1287
1461
691
183
245
954
531
1003
6946
882
1161
0
0
0
1536
1344
1849
1321
657
2212
3548
2162
2200
620
4199
767
1428
658
1802
2814
1237
12359
633
15057
10797
2622
10389
2060
1953
6888
1754
958
1323
1172
3232
2820
3144
3537
704
1945
3768
3198
3422
2455
780
760
5900
3293
3450
2467
631
3533
4184
1050
7452
13479
1640
2796
9562
2842
849
2767
1183
15513
1813
1032
2804
462
1471
431
2304
1385
1427
1472
1021
3693
1009
4816
1040
905
2450
862
1324
2901
1701
4660
12922
3346
1258
720
1227
945
448
331
637
1305
2845
1393
1639
564
843
297
326
3288
597
1014
1617
9746
3776
236
594
700
2145
3356
1130
1700
608
737
1430
990
2064
1163
1184
388
3856
1044
3413
657
778
4842
1966
11276
1150
3511
1559
1357
1790
508
502
213
2678
790
1456
430
744
496
1650
1764
1335
3955
427
2069
510
205
4070
386
245
136
521
494
1494
2123
1631
15999
2023
2865
948
959
2487
1536
1344
1849
0
0
0
2989
702
995
1289
2468
2219
2410
7592
4418
2023
6663
1713
2088
984
1031
6977
1139
4212
1369
2922
1026
4576
4722
2255
1243
2995
1439
5886
13404
3304
2894
2426
1443
5099
483
1619
4328
1171
2238
1603
1412
5892
1175
740
1022
1037
21122
10376
1167
796
860
42603
3006
17781
2899
5240
4948
8143
1488
2881
1018
919
2415
3116
9764
7848
15681
1947
1913
894
743
2219
2103
6690
1946
4637
3620
842
9930
679
884
2593
24580
1288
3448
616
644
23552
1157
12570
651
2583
790
788
9849
2054
930
8226
2577
294
829
10241
1089
1915
6765
8344
4529
13558
1639
1654
1729
1414
1306
2653
3170
1428
788
7365
2213
1275
650
2762
662
2729
953
323
1473
1607
2656
2956
390
18686
4322
2655
1554
460
857
830
1178
2049
551
1316
796
1729
9119
1602
1595
2266
514
5528
13897
1560
3477
1107
209
2099
1609
1212
1754
1229
2196
7179
1321
657
2212
2989
702
995
0
0
0
7081
3086
2273
3038
619
2141
1993
267
505
1989
3991
11450
1398
933
6063
1997
3898
3752
3058
1980
22655
204
164
358
1090
2499
10241
553
367
566
4523
3313
5497
4282
228
3625
4263
1155
1569
10853
2486
1585
911
10093
3929
1847
2912
1260
2852
35086
1273
1562
637
618
1072
1611
988
842
1127
1973
964
621
1234
2603
1135
3620
10207
1822
1034
975
2729
745
4184
3272
3388
3063
3316
6355
1481
3983
5448
2644
18956
66228
605
826
1673
466
2093
15116
1054
7156
1685
7613
8006
1619
4217
1923
2107
29046
1712
4831
618
439
608
1229
5597
1976
2210
3099
835
1500
998
1178
1014
7730
2389
2064
1231
1420
2123
875
1509
765
8566
364
1804
1036
4662
1474
821
3169
1140
1144
3979
715
797
868
2456
24458
6237
631
1737
2142
1741
1295
6341
5110
26937
2947
5443
7206
17933
603
897
5031
1601
1222
1166
3548
2162
2200
1289
2468
2219
7081
3086
2273
0
0
0
439
132
159
4178
2384
1405
5251
4729
2446
2777
1085
4744
3068
1142
920
13437
1402
1793
13223
1207
742
724
1703
3040
3832
1046
384
10877
4256
2132
1530
14414
7234
288
452
10248
4062
1894
2723
2728
4427
3037
3906
18113
2839
333
765
696
1014
288
1874
1646
3373
5268
1862
2046
1202
2999
2556
630
2770
961
900
1196
1989
770
1222
1158
4841
1161
5981
26666
6462
918
1264
2467
1942
1087
1247
861
1676
2682
902
804
1273
2418
1451
1676
26025
986
728
3123
1035
921
482
1466
3898
2602
1375
2083
1583
363
17279
6512
2090
1588
31394
1531
1201
1232
1806
5228
400
4242
774
1883
261
580
1417
781
716
541
1208
6334
1514
3543
1173
1247
3296
286
1905
1354
732
561
1500
1199
4011
5450
1981
3392
1752
2952
1681
1330
1717
1867
2198
999
40850
1758
491
5618
459
3392
1694
9765
620
4199
767
2410
7592
4418
3038
619
2141
439
132
159
0
0
0
1522
2548
1784
1509
30400
4064
466
2400
468
17983
1255
3046
3118
860
1469
689
2242
1517
1775
5109
917
583
8973
2707
6788
6636
4370
11104
4706
2697
549
632
1108
9629
3326
3203
4560
3788
5091
3273
6825
6733
1052
598
1099
826
652
673
3930
847
2690
995
1952
3246
2601
970
1694
5203
1717
2930
756
1210
2106
1010
1173
1590
1614
729
2429
1175
1957
3584
674
698
11569
1436
1874
933
17845
5797
729
2681
5788
1884
1214
5335
3245
9288
5856
3659
1112
1173
817
16147
4096
3760
1062
1253
1543
2812
7246
2871
1027
882
2971
4321
7318
2900
11271
6150
1484
19217
582
549
840
1038
3805
4488
1074
1601
991
1300
1240
13333
3829
9676
556
6793
450
711
730
491
992
4604
1342
4846
4882
5746
953
644
1382
1160
1972
2943
5763
748
386
2309
1395
1261
3270
3491
1784
1428
658
1802
2023
6663
1713
1993
267
505
4178
2384
1405
1522
2548
1784
0
0
0
7797
3198
3687
14104
1058
3953
10052
8277
2564
2575
1785
2365
2564
870
420
5332
4092
3562
1045
1408
1319
1562
2633
2406
1048
685
675
1088
2636
13106
4167
8844
6987
1280
1496
1445
2639
16241
12584
2753
3356
8487
1228
1156
1763
865
13200
3445
526
2599
4236
2971
972
2774
523
1290
827
2134
1659
1711
2913
5767
5189
3291
503
3234
3955
4917
1867
21372
6807
11398
45864
1160
1702
1534
3410
6598
5475
1319
9736
1973
1560
15208
1599
2113
2201
2427
2214
1156
670
823
3305
33044
1547
916
3991
884
3138
1420
2078
37609
2262
639
12660
1199
1320
944
19883
6304
1466
3237
1047
5482
1079
2243
1686
4705
824
1012
3733
2179
1048
17407
2395
5965
4527
1550
2285
1605
619
1171
544
1409
1007
3343
3239
1587
1076
1647
1747
1113
2055
1811
2477
4591
1502
6339
1129
10971
2814
1237
12359
2088
984
1031
1989
3991
11450
5251
4729
2446
1509
30400
4064
7797
3198
3687
0
0
0
2013
4338
1088
1809
543
600
756
1239
3518
2743
7853
2068
4279
2351
4680
1884
3143
2295
384
497
1031
2625
3454
1708
5576
5843
1518
2643
1084
1324
2255
2428
4765
710
4135
506
4170
18218
15631
1894
5743
1131
18849
2184
7092
10205
1392
3439
26643
1022
15921
8072
1391
2982
9662
541
2135
14399
1169
1149
4077
30248
746
4558
2546
1259
746
1311
1579
2331
2395
13118
1143
698
1819
1277
1047
2553
6637
1120
700
1025
3840
563
1219
1936
15355
2076
1584
812
1661
1982
8474
1916
3005
8370
5214
1388
3324
3947
956
1351
10313
6957
4203
1547
2023
2825
1025
3142
6997
660
614
1198
10141
1549
12192
2620
5898
817
3664
3591
2772
8581
3767
4264
2008
4098
12368
1255
2685
1442
1474
2781
4066
2776
2401
2488
13131
1939
2073
519
769
590
2433
7092
1518
633
15057
10797
6977
1139
4212
1398
933
6063
2777
1085
4744
466
2400
468
14104
1058
3953
2013
4338
1088
0
0
0
898
4322
911
5057
2653
10001
897
15150
3045
894
2374
2471
1058
3486
756
8803
29607
1743
889
4970
12863
903
1387
230
2238
5279
2081
5574
47798
7816
19145
7562
8552
943
718
2964
2816
4334
1650
5934
2436
8212
1350
874
1616
1776
9650
1630
2415
682
2191
1155
1137
1209
3355
13418
5091
944
1160
1398
6087
8650
4299
1626
2405
1017
2154
1408
1789
2630
745
3743
1684
3425
1546
1975
1364
1466
7037
481
11499
1952
2273
1763
2249
8988
2211
1907
1516
3658
1657
6715
1911
3269
10855
1714
1688
1538
1136
1679
2368
4183
1457
4170
4121
2511
4538
2096
912
1961
21179
3923
11738
33417
603
26693
765
2696
3920
2760
1413
25195
1471
1405
594
5401
5310
1703
2191
1537
2164
5888
708
2479
890
1148
3692
17720
3024
2992
2253
354
641
1215
2622
10389
2060
1369
2922
1026
1997
3898
3752
3068
1142
920
17983
1255
3046
10052
8277
2564
1809
543
600
898
4322
911
0
0
0
1011
381
484
16400
2235
13248
939
1397
798
3243
7573
10378
482
706
1862
4117
82607
3736
1747
1921
5054
1755
2715
4511
2263
6886
1865
806
1617
2719
2868
9594
2352
3922
2642
22664
3377
1981
10388
1964
3787
15075
2481
1283
1085
773
396
14591
1362
767
2464
3379
2332
2006
1874
1612
1115
3146
6609
858
2974
1140
14882
4040
2188
2632
3765
3070
1305
3993
9958
2871
704
1437
7378
835
6732
6482
7348
999
2110
1708
1618
1750
699
1510
3079
2155
1966
34415
3299
2953
2810
11603
1745
939
10510
1953
5184
4092
7945
2681
1434
1104
3043
1439
1459
1299
1508
2050
2005
1054
409
730
2859
16789
4679
2292
2900
2480
7694
19450
5109
2253
4567
608
2172
1616
5267
1361
3958
593
1162
19237
964
1190
1620
1964
396
1310
1033
1953
6888
1754
4576
4722
2255
3058
1980
22655
13437
1402
1793
3118
860
1469
2575
1785
2365
756
1239
3518
5057
2653
10001
1011
381
484
0
0
0
3207
4340
3255
4019
3780
710
6241
1177
2241
1913
1111
35368
1243
2679
4583
4520
4916
7149
1880
2431
1369
2662
3110
2739
2222
1120
2359
1425
3672
1553
6091
3001
2462
5717
44917
2152
2744
732
1156
5454
2401
2496
13621
1242
3851
4063
8261
2345
7228
7465
727
5808
6542
1535
2611
5592
3379
1677
693
454
1066
8356
20498
21357
1537
3133
2499
2993
12424
598
2254
2320
1377
6190
1073
900
1152
2803
1323
1019
2448
3190
4903
4711
1223
3775
1836
1744
2801
2173
3054
691
2508
30910
4567
3258
2147
399
638
922
442
308
2095
2057
1799
11357
2789
7786
8689
3211
12082
2665
894
1027
764
725
829
1384
977
2852
1369
1845
1575
1658
2072
4615
3208
2768
1807
2360
753
199
1317
2948
2117
3479
2916
5924
958
1323
1172
1243
2995
1439
204
164
358
13223
1207
742
689
2242
1517
2564
870
420
2743
7853
2068
897
15150
3045
16400
2235
13248
3207
4340
3255
0
0
0
1489
16814
3423
2575
183
240
3756
2147
4782
742
399
246
1625
639
1579
8893
6906
1191
2731
16910
7020
1862
2958
1527
14379
2507
788
301
1042
1090
899
1315
760
2172
4612
1898
1267
1714
2057
2359
3061
3181
54232
1105
2431
2192
2758
1452
1811
5180
869
981
3251
1332
1519
8202
962
3825
1315
2428
1498
38520
1391
5236
421
2978
11588
1285
1692
15033
13250
1867
2666
2161
3396
620
2342
2846
6214
4472
1171
4205
12985
8821
1180
1645
1587
40033
586
1900
16026
2228
1467
13937
10050
1101
8559
4048
2280
4424
1226
2488
5681
1217
56098
731
1508
29187
1574
3305
2889
3133
910
1927
1866
2941
2771
1231
1900
3366
1904
3902
889
2171
789
1877
1272
1260
1734
1741
7750
636
8828
789
6004
3232
2820
3144
5886
13404
3304
1090
2499
10241
724
1703
3040
1775
5109
917
5332
4092
3562
4279
2351
4680
894
2374
2471
939
1397
798
4019
3780
710
1489
16814
3423
0
0
0
1950
47040
2508
37301
1132
1344
41835
4939
2261
980
2071
2435
1244
1610
16521
2279
3388
3574
1498
30693
96822
4696
1299
2373
2393
1051
5910
3413
65035
4251
1866
1927
2262
1339
2550
11199
3295
4332
1670
13408
2428
1522
1274
886
924
4365
785
3610
2019
1037
1041
3277
3989
2997
1355
11376
2383
1150
1006
785
2627
2259
2360
2635
1826
1711
3303
2505
6730
4742
534
1749
2068
6958
3252
1901
2612
1381
2005
1292
1770
8549
3721
2111
5479
1052
1919
1648
1888
801
1745
3118
470
1394
1107
4785
1324
1186
5630
2550
2648
1370
1313
1437
4708
3084
1859
1264
3969
784
406
1609
5646
1925
2856
6877
1393
1735
1167
2189
10490
2541
2321
1026
4471
1023
1535
1622
2896
2722
2559
7459
3537
704
1945
2894
2426
1443
553
367
566
3832
1046
384
583
8973
2707
1045
1408
1319
1884
3143
2295
1058
3486
756
3243
7573
10378
6241
1177
2241
2575
183
240
1950
47040
2508
0
0
0
15578
3268
3229
129
297
198
2031
338
4459
41125
7668
7621
2960
5528
3629
3544
3681
26719
1616
1694
4923
1185
571
327
8098
2554
5095
1814
1786
682
3901
1292
6301
1162
16912
444
902
11661
3943
1909
985
2393
2510
1290
5231
3603
1084
2259
614
1840
1846
6410
2782
710
35073
2250
1702
3205
3248
1453
1292
1032
3098
1302
3645
1462
1228
12011
5016
517
30264
1178
6694
6776
4147
998
2415
3813
6298
8920
3886
1093
27694
2083
2377
1542
1698
1778
19889
2138
16362
1825
2274
980
7196
31693
4613
3265
9961
823
580
3397
6421
2097
1959
2108
1000
2144
8800
1199
637
1068
6872
766
4883
4784
961
744
1610
1947
879
1711
4783
2353
7160
1790
907
4903
2388
3768
3198
3422
5099
483
1619
4523
3313
5497
10877
4256
2132
6788
6636
4370
1562
2633
2406
384
497
1031
8803
29607
1743
482
706
1862
1913
1111
35368
3756
2147
4782
37301
1132
1344
15578
3268
3229
0
0
0
11004
14841
2958
3059
2734
3303
1193
3108
2267
3436
2154
2574
612
766
426
2939
39624
1621
1292
2149
2326
3299
7442
2409
1623
872
3919
45937
2044
2074
15182
2040
1662
4481
1274
4941
764
1889
1651
2333
2392
1425
764
6962
1789
494
2488
1479
27200
1375
5111
6003
2160
962
649
2776
9173
1657
7473
3196
1481
2181
2485
4603
7851
1023
2030
19877
2978
5526
1052
482
18720
2079
8443
3026
2442
2096
1147
1114
878
5078
9025
644
763
1567
1718
13739
1120
835
4524
25025
1877
2571
3053
2529
2505
2766
7224
1755
818
547
806
3180
7508
3507
2121
4254
2947
2184
3837
12031
6423
2008
944
8717
12213
2502
718
6515
21573
5259
1043
5950
1998
1481
2455
780
760
4328
1171
2238
4282
228
3625
1530
14414
7234
11104
4706
2697
1048
685
675
2625
3454
1708
889
4970
12863
4117
82607
3736
1243
2679
4583
742
399
246
41835
4939
2261
129
297
198
11004
14841
2958
0
0
0
1392
2573
1363
1426
3621
3143
3562
3900
1914
5045
5468
7743
1192
2690
14477
382
1493
601
572
1343
5125
695
2546
1729
2453
2129
1927
1101
27734
1015
1140
715
797
858
4248
3840
1964
1933
10452
1176
7583
902
2039
2554
3712
1000
1484
2805
1222
2720
963
3137
1296
1352
3053
14787
8285
875
6076
2007
1088
2086
1361
3180
3729
2172
726
2462
1007
1942
1426
1342
1276
1986
8799
2013
1966
1778
1186
801
868
652
842
2388
902
976
1262
1495
1084
1522
6847
1752
8805
2250
10735
2574
1486
2045
1000
21099
550
3184
9692
10120
2095
1974
10459
1909
4752
5364
1715
2779
15800
81004
1556
15918
9730
521
954
4070
11859
2460
1553
5900
3293
3450
1603
1412
5892
4263
1155
1569
288
452
10248
549
632
1108
1088
2636
13106
5576
5843
1518
903
1387
230
1747
1921
5054
4520
4916
7149
1625
639
1579
980
2071
2435
2031
338
4459
3059
2734
3303
1392
2573
1363
0
0
0
2322
3633
3617
2280
1928
1238
3898
4834
5348
305
1479
166
1268
1929
2944
2398
3648
4285
2185
4374
1098
1359
1981
656
4640
2754
4036
27788
20883
2894
4690
3657
3201
2292
594
4296
3288
2539
2313
6156
969
2355
1914
1683
1141
3645
2559
1119
1453
4165
4625
6095
4732
8580
1317
2631
5809
32556
7176
2511
2890
2035
5339
1870
3149
2283
835
9315
4014
1630
1469
3173
13757
2032
6686
1256
2844
7543
1182
2091
14184
2889
5105
2194
3317
7714
2734
1490
2183
2426
1186
1554
2956
1143
9556
3237
2933
1950
4137
1481
1421
9169
465
1316
762
1123
465
908
3017
1712
5310
27643
13329
1461
2965
1482
1739
2984
12893
2450
2467
631
3533
1175
740
1022
10853
2486
1585
4062
1894
2723
9629
3326
3203
4167
8844
6987
2643
1084
1324
2238
5279
2081
1755
2715
4511
1880
2431
1369
8893
6906
1191
1244
1610
16521
41125
7668
7621
1193
3108
2267
1426
3621
3143
2322
3633
3617
0
0
0
585
3270
702
908
1109
3366
4315
16875
2951
16691
2155
3764
11353
7616
2534
2123
1770
21838
2188
13232
2395
1581
2667
4410
850
2210
1102
1859
3277
72375
7816
6398
2050
1100
1176
12327
946
6947
4207
633
1618
1624
20070
2299
1307
14579
2188
1960
3292
1331
2986
1339
2742
3334
2940
1598
3138
8810
19448
3804
2229
1144
9697
5779
6521
742
1253
5292
936
2514
2496
3992
2067
10094
2372
3296
3698
3162
9767
3099
1166
1555
3546
5403
10437
1218
23447
1639
2850
899
517
4030
5796
1508
2677
699
1647
1283
701
2261
2492
2866
3743
1813
4586
3012
3721
1612
706
3833
3544
25592
961
5963
1712
7225
2332
4184
1050
7452
1037
21122
10376
911
10093
3929
2728
4427
3037
4560
3788
5091
1280
1496
1445
2255
2428
4765
5574
47798
7816
2263
6886
1865
2662
3110
2739
2731
16910
7020
2279
3388
3574
2960
5528
3629
3436
2154
2574
3562
3900
1914
2280
1928
1238
585
3270
702
0
0
0
2451
11786
2629
3067
5300
2636
1297
7946
2220
978
1572
1103
7886
1574
1104
774
1837
1112
1842
13350
1342
12276
21810
3203
5533
4349
5121
2215
6437
1061
1518
2534
1084
2792
5556
3835
2884
1370
3779
1474
8155
2525
2680
957
2035
3309
2182
2044
637
3892
12460
4426
6908
2134
485
517
2072
4510
1139
3768
4169
2563
1131
836
1714
14280
4393
1595
3468
3861
15611
1801
3399
1698
2560
4270
1749
4988
3193
7016
2228
929
725
937
7283
4203
921
4215
1857
2501
3951
51279
9034
475
762
1698
3365
1965
963
1865
2681
2894
1566
1355
915
2233
2555
7035
4975
5905
15672
1117
4509
1314
13479
1640
2796
1167
796
860
1847
2912
1260
3906
18113
2839
3273
6825
6733
2639
16241
12584
710
4135
506
19145
7562
8552
806
1617
2719
2222
1120
2359
1862
2958
1527
1498
30693
96822
3544
3681
26719
612
766
426
5045
5468
7743
3898
4834
5348
908
1109
3366
2451
11786
2629
0
0
0
2936
7049
5631
3312
8527
11930
3020
2525
3043
736
1357
14386
6058
3692
5911
12977
5560
7814
1941
8085
2509
16258
4119
15160
1530
2575
1802
1497
6299
4354
2773
7484
23943
6496
3655
1126
3050
3269
3323
7567
514
2403
1698
6117
2045
1607
1565
2981
3425
2140
20590
1539
2944
3469
964
1218
2365
1814
2349
2320
2797
2157
2523
2329
6689
5187
3335
2444
1333
1372
1285
2179
1088
8875
2646
5809
10883
1465
5855
2748
15354
2444
2296
4528
1627
3854
698
1428
8586
3208
1754
3475
1189
3853
4910
4255
4512
2025
8771
18027
1797
1485
757
2722
5985
792
996
2798
1268
3827
4747
9562
2842
849
42603
3006
17781
2852
35086
1273
333
765
696
1052
598
1099
2753
3356
8487
4170
18218
15631
943
718
2964
2868
9594
2352
1425
3672
1553
14379
2507
788
4696
1299
2373
1616
1694
4923
2939
39624
1621
1192
2690
14477
305
1479
166
4315
16875
2951
3067
5300
2636
2936
7049
5631
0
0
0
1343
703
806
2238
1996
2206
2298
1190
3623
6545
2555
1162
8944
9071
1013
3470
3431
9333
8581
1169
11988
5863
827
2270
2356
8125
718
867
3157
1936
2133
2120
2050
816
2450
22725
3633
1979
17904
3445
3153
1967
3837
53574
5946
1159
6087
1655
996
3988
3089
3474
2678
14798
1787
909
3926
4569
6178
1407
1448
1905
4656
3169
10895
1492
1255
737
7325
1924
1524
2381
1668
2106
648
1490
1517
3227
2418
2756
2346
2198
4169
1751
1234
1389
3256
6896
3488
2940
3949
8980
1265
2417
4767
1421
3057
3354
4773
1530
1390
1004
1084
1009
3363
8666
1553
2306
2767
1183
15513
2899
5240
4948
1562
637
618
1014
288
1874
826
652
673
1228
1156
1763
1894
5743
1131
2816
4334
1650
3922
2642
22664
6091
3001
2462
301
1042
1090
2393
1051
5910
1185
571
327
1292
2149
2326
382
1493
601
1268
1929
2944
16691
2155
3764
1297
7946
2220
3312
8527
11930
1343
703
806
0
0
0
2372
16549
1352
6196
2626
6798
11918
6684
2059
12636
3776
3423
1785
4939
6066
1729
1413
3747
3405
2159
2740
6243
7169
14905
1168
978
2461
2493
5164
49936
2414
6620
1335
1515
1794
4114
8971
3195
1488
1380
4673
3756
1703
1601
2115
2948
5417
1780
1265
3284
7013
918
7258
4751
12439
22140
2726
34521
2664
3394
3208
1203
1561
2348
975
1109
1596
6400
7480
63718
2998
15070
1743
2612
16659
3017
2322
2288
1443
3721
1814
1628
1745
1458
1071
2309
1454
7756
9923
1948
1493
756
4205
4791
12819
4136
7202
575
896
969
24372
5753
6303
2095
3143
1813
1032
2804
8143
1488
2881
1072
1611
988
1646
3373
5268
3930
847
2690
865
13200
3445
18849
2184
7092
5934
2436
8212
3377
1981
10388
5717
44917
2152
899
1315
760
3413
65035
4251
8098
2554
5095
3299
7442
2409
572
1343
5125
2398
3648
4285
11353
7616
2534
978
1572
1103
3020
2525
3043
2238
1996
2206
2372
16549
1352
0
0
0
