C_ijk
0
0
0
511
411
83
195
195
422
286
4304
147
17
27
98
20
228
60
161
104
81
364
277
289
333
193
1037
106
1717
255
273
87
174
930
205
1229
227
405
98
273
544
1973
153
203
2059
6598
295
257
454
321
2140
333
471
397
7366
431
264
650
2455
1264
420
949
373
4660
1015
445
884
1454
561
824
607
600
546
5233
896
1304
492
1867
867
964
1077
509
1260
3290
618
1048
225
1091
3244
784
1268
6513
2489
400
1127
1374
1249
578
580
2659
430
1694
5340
2743
1419
1918
1220
972
967
990
970
654
1314
2260
1504
2551
2865
14290
2783
846
885
30880
1929
2797
3867
5118
1089
796
1137
12400
1545
2381
2391
1716
3419
3728
1644
2371
698
2228
1117
1831
1343
7325
926
1752
3207
1535
4251
1210
1665
1741
3052
4372
1466
3823
3023
2450
9713
1571
6496
5402
3399
9179
1794
16051
6899
8853
511
411
83
0
0
0
165
143
58
118
2520
119
83
755
277
272
586
284
126
424
52
184
112
628
359
1548
868
102
407
268
3059
136
603
330
930
2696
221
375
1898
1122
658
1127
573
1123
505
287
1244
1174
576
176
679
600
323
192
124
563
588
489
3593
282
975
812
291
408
2527
552
490
1212
546
1631
1710
683
170
2204
257
15323
370
2205
535
1049
895
423
451
658
4403
442
3388
303
364
2045
3630
1893
725
254
1406
3007
1384
896
807
1682
339
3368
694
568
809
732
1330
553
1812
7213
1378
1201
2842
2186
4186
1654
2499
978
2658
2117
3013
3279
2070
1915
661
8020
2657
5514
1810
730
1398
1091
633
5383
924
6988
10887
3207
5413
24909
3004
731
4990
2264
1408
13718
1958
3023
2734
5325
2348
2494
1168
2144
821
3948
1256
1984
1494
21018
2031
2794
1012
35499
2194
6776
2067
2161
195
195
422
165
143
58
0
0
0
326
447
4009
987
421
378
551
115
202
353
84
129
432
226
126
298
534
320
559
525
254
541
975
770
447
466
452
275
195
3432
574
446
567
285
594
280
319
874
749
5865
311
723
200
95
1806
237
298
322
884
349
569
1163
462
425
1102
538
4399
1035
298
610
364
1672
1056
339
390
779
1320
3077
955
421
245
8470
288
459
306
354
2166
440
1895
2241
478
928
1248
611
10140
603
3250
1338
664
393
6565
20998
5148
4111
2004
2858
1606
2593
559
2947
16026
1970
5560
753
2378
1914
6419
542
896
1124
2739
1637
3332
2941
1136
822
2080
852
1139
4960
1306
3292
11663
1826
3679
3193
1255
723
2086
3839
7244
1285
591
730
2363
3070
1406
6468
4925
3535
761
3999
1583
1560
1086
1773
2519
3178
22698
1894
1173
2102
8815
2227
2262
23112
1160
872
1258
286
4304
147
118
2520
119
326
447
4009
0
0
0
4990
296
548
89
1439
4753
243
627
393
129
158
210
26
92
90
58
582
57
132
282
140
109
306
150
623
441
968
808
605
3487
840
282
2798
505
509
1256
182
244
680
850
442
761
452
939
392
265
264
472
589
1342
4071
3298
658
304
1111
670
1467
504
1650
863
4550
1147
687
1361
863
1777
2273
4193
995
789
457
377
1443
2564
345
264
951
1702
409
2958
690
795
338
544
880
673
856
1181
4050
2603
12789
2098
506
520
636
2497
1391
1498
2432
2488
8374
2448
9856
3189
1138
742
475
5532
1636
2123
2503
4723
1242
2226
21153
478
19419
1622
1415
22266
1940
1341
2478
16213
1961
25929
517
6202
1876
12098
10695
4473
22813
2836
1989
1398
2020
9675
1837
1204
1987
5270
2478
860
2585
16602
754
2443
748
13847
2379
2485
5669
35574
1010
2301
17
27
98
83
755
277
987
421
378
4990
296
548
0
0
0
5
32
2
157
138
157
455
212
428
1070
264
2639
3173
996
1210
334
137
112
395
132
497
2015
370
653
286
354
840
273
474
544
209
1850
883
1497
641
329
1109
4386
734
386
419
503
798
534
367
670
1818
398
2016
4346
953
743
377
2563
2128
1197
18063
562
926
376
920
546
914
2167
615
458
546
2206
579
518
383
367
894
1083
633
973
5004
1235
987
17045
658
745
880
5059
473
1790
720
2552
636
4995
344
988
5850
517
898
1686
930
854
1596
607
2728
2209
1466
3456
10113
709
12130
1843
1582
11166
2694
1414
768
826
627
1207
4183
3875
1194
7484
2915
1429
4816
5902
1184
1469
1659
515
1818
769
503
1529
1411
1487
1849
1486
1045
3437
1987
1945
1259
1692
717
30843
1383
21802
7887
2004
3954
2180
2316
2252
2279
20
228
60
272
586
284
551
115
202
89
1439
4753
5
32
2
0
0
0
198
87
170
139
1127
2483
136
892
289
974
222
873
5126
43
175
230
1403
703
492
517
246
140
287
496
480
1193
517
753
371
786
4341
466
4124
136
318
518
1185
251
283
704
1215
389
425
161
11069
1987
1218
351
424
2159
972
732
1427
1125
2854
1429
884
248
777
999
1280
4506
860
584
1442
680
655
772
1240
7706
2828
410
1045
2479
7977
18357
320
955
894
944
538
391
444
931
1598
690
9283
890
412
1497
2197
7070
1435
1029
880
1497
6735
1720
704
12140
1329
2408
1306
23480
1116
936
1110
512
14092
2713
1472
2267
5117
698
2746
1476
4767
2187
31098
1243
4839
1678
2777
767
1030
698
1382
1637
444
777
3533
2240
3973
15574
13606
2674
52317
1065
3828
5867
2382
1471
1508
674
10168
1076
1744
5176
2257
7707
161
104
81
126
424
52
353
84
129
243
627
393
157
138
157
198
87
170
0
0
0
787
158
333
883
183
1386
1267
4013
964
1160
295
997
1691
1499
375
987
154
174
450
710
909
155
323
152
199
355
346
5990
915
984
289
153
181
632
329
264
1921
6634
986
1049
7122
288
424
1742
427
1195
555
13491
299
797
3612
7177
568
380
4564
476
1759
6666
1156
765
353
213
379
607
185
1192
906
508
469
1713
8268
433
1069
4418
643
2696
1593
1073
1152
4697
1275
2979
7170
285
1190
1745
459
1946
2656
1167
624
2770
2994
541
2336
1045
1039
736
1541
1518
2684
9250
734
3392
2362
1021
733
18837
1557
1082
3124
776
2916
1508
1967
1231
2243
1191
4730
3045
2625
4994
773
1741
14632
2747
28577
800
901
2461
2692
6077
2012
1083
802
1824
5119
2931
4469
12271
1358
7015
2401
1852
5358
1243
4792
364
277
289
184
112
628
432
226
126
129
158
210
455
212
428
139
1127
2483
787
158
333
0
0
0
213
865
154
1766
164
285
117
714
34
359
462
312
613
268
5586
550
434
5189
324
391
440
454
595
1480
594
409
1107
659
394
814
1834
608
2601
1022
1292
485
694
3216
487
170
459
731
1020
435
285
304
966
303
1247
366
1355
488
1082
464
438
1331
2129
1479
943
784
1354
4376
1877
726
1430
2156
923
488
1839
977
1128
755
3348
1398
1476
1184
1641
1422
365
1431
1243
4450
2738
966
770
1682
7095
1225
1779
1191
6567
1910
19410
2576
14582
2891
6156
2621
27923
838
1449
3335
2399
1263
3496
1900
742
7430
690
5989
3455
1020
1322
1532
12915
13949
836
3117
2152
2240
31793
53813
2221
2963
1148
29130
4905
17426
4282
4429
1984
3749
5004
2809
2312
975
3030
1210
11808
6697
2581
2848
13707
1134
333
193
1037
359
1548
868
298
534
320
26
92
90
1070
264
2639
136
892
289
883
183
1386
213
865
154
0
0
0
67
133
49
383
482
1586
515
108
159
243
565
4647
1190
1284
3268
390
649
225
407
1233
2031
256
151
538
385
618
1486
756
609
1070
186
409
279
5687
262
251
785
1272
1096
465
346
1353
352
417
207
638
5655
794
2719
432
455
301
229
714
1306
784
569
1891
27083
4814
314
1510
639
698
2051
615
1366
380
867
357
11084
447
2904
786
1125
793
1311
213
1362
4661
581
896
1395
22659
4244
2458
7464
11028
1467
2244
1196
4540
2642
2068
4370
5010
43442
819
11795
1339
2573
7346
13613
1274
2433
1552
2839
1803
46678
5251
2105
1245
1432
5399
1442
8233
2256
13871
5666
1492
1641
1987
933
637
5572
2040
868
1540
1088
2858
3079
3658
1875
1979
1479
1946
4577
29190
1146
40609
7009
106
1717
255
102
407
268
559
525
254
58
582
57
3173
996
1210
974
222
873
1267
4013
964
1766
164
285
67
133
49
0
0
0
10296
805
123
74
51
448
781
1364
4698
386
166
1589
1169
683
777
1492
548
810
921
232
112
1430
1686
2152
268
1535
1491
679
474
3653
1253
299
215
583
395
2392
538
822
898
2436
1460
547
1593
766
757
375
166
1239
2060
647
323
1311
1252
2409
2814
1999
353
612
8663
6727
321
709
11027
2218
466
3924
1232
1571
3339
1466
1230
955
3048
704
1101
1246
1221
602
626
2052
1432
868
1388
3480
727
890
627
3741
1667
3803
3876
2182
3775
1953
2271
1774
3593
1819
1390
3496
2122
1193
10182
736
1127
1063
722
3345
530
956
7144
1277
882
1225
5145
2000
21327
1157
1206
1957
2234
3159
1504
3390
4956
1615
2689
3683
1904
3040
1499
5881
3251
1228
910
2446
3358
7985
273
87
174
3059
136
603
541
975
770
132
282
140
334
137
112
5126
43
175
1160
295
997
117
714
34
383
482
1586
10296
805
123
0
0
0
195
455
561
530
287
474
111
87
220
374
1007
2000
125
339
231
425
409
1538
2294
2980
212
439
566
887
454
7355
437
4480
533
347
310
226
331
354
4238
1486
4582
3087
625
923
432
766
15904
550
6240
815
1342
16946
505
459
1570
1885
3060
8613
4441
2054
1722
13634
2058
998
540
3950
1000
1085
1137
1555
1193
865
3000
2214
1027
3187
1874
1253
1077
5908
873
1105
1673
790
422
798
531
2412
565
469
864
686
988
2679
1839
2877
11820
2759
1717
4161
19291
2578
579
1947
4729
817
3542
654
4434
2445
2450
1724
2814
3414
6068
733
6397
1151
2514
2010
5003
1812
953
1293
6559
2591
3179
2228
17136
10560
3004
3286
3131
792
3092
936
1494
1972
2142
930
205
1229
330
930
2696
447
466
452
109
306
150
395
132
497
230
1403
703
1691
1499
375
359
462
312
515
108
159
74
51
448
195
455
561
0
0
0
1904
912
2900
496
248
728
752
932
455
389
4480
2113
87
573
166
663
1137
360
338
530
1406
362
469
541
1077
534
2476
6519
1602
569
2013
859
1610
244
3575
326
414
1194
1204
236
427
628
489
456
1620
8374
2045
783
17859
932
2701
458
496
203
1529
4840
9835
516
519
460
1288
516
611
767
1413
2114
397
380
763
4225
2206
381
1241
955
2066
2119
564
457
963
7725
2282
5128
716
1110
1704
1873
7165
13053
3049
8803
1684
4541
4727
1549
8838
890
1008
2008
791
623
3804
2427
1800
5447
2396
3011
2906
1172
6689
2807
848
2487
12326
24565
1079
1689
2103
1112
8308
11141
3905
3623
2607
1399
1319
8039
5624
28834
3822
3674
1281
2311
227
405
98
221
375
1898
275
195
3432
623
441
968
2015
370
653
492
517
246
987
154
174
613
268
5586
243
565
4647
781
1364
4698
530
287
474
1904
912
2900
0
0
0
2021
993
8908
100
483
616
533
991
159
939
1958
729
661
2456
742
399
569
251
943
714
529
8474
1427
8547
597
2465
228
546
7669
240
728
863
813
605
511
829
1814
801
2129
2241
1250
995
623
891
415
832
866
1987
523
462
14616
539
1620
3693
3428
1263
365
870
1712
364
497
2331
694
31046
6933
3286
817
641
609
2633
957
1704
283
593
826
698
6222
3045
1148
6578
3052
974
13432
2544
7754
1048
2489
505
1018
10733
976
1756
1095
1761
1859
1444
1547
1998
776
2961
2376
1519
1737
706
2223
2695
2259
40407
2147
3127
1847
2511
16233
1777
5903
3198
7148
1229
3885
3566
1316
1074
4387
1469
3308
5122
2426
5520
3100
273
544
1973
1122
658
1127
574
446
567
808
605
3487
286
354
840
140
287
496
450
710
909
550
434
5189
1190
1284
3268
386
166
1589
111
87
220
496
248
728
2021
993
8908
0
0
0
561
574
3278
825
408
760
1061
1093
647
662
10984
1199
1852
1053
761
2720
283
2340
1661
1237
1803
443
127
141
1533
278
12116
293
2639
7544
1373
6118
1253
1640
642
375
258
781
1045
2484
757
575
1021
2447
1549
807
1310
2469
1112
702
1227
595
1236
230
600
337
686
42063
15478
2857
685
392
7251
1111
577
1905
957
436
705
739
615
1954
497
2080
894
1360
1873
888
1984
6251
10162
2094
1911
861
48931
1286
4794
11767
35374
3679
5773
694
1399
2979
2660
1166
1617
18362
1974
1156
8342
1685
9544
8607
764
1679
1068
1694
5099
1115
5714
8167
6605
5901
10218
2423
4370
1902
1704
4974
1219
1692
1787
3853
810
2742
153
203
2059
573
1123
505
285
594
280
840
282
2798
273
474
544
480
1193
517
155
323
152
324
391
440
390
649
225
1169
683
777
374
1007
2000
752
932
455
100
483
616
561
574
3278
0
0
0
5280
898
6252
788
209
555
990
171
645
1131
189
100
1174
1408
14768
1025
18420
689
2193
1104
438
2002
1482
796
12040
5112
314
1877
372
694
663
1011
34195
15946
749
833
196
302
1083
206
969
4067
1637
990
2330
1061
305
522
5281
793
1957
1392
2769
1112
32101
769
5884
2214
1107
478
743
937
255
2710
1128
3692
1428
3878
4903
948
684
490
619
1388
1190
5425
1689
14221
1689
964
1354
2359
7450
1542
2743
851
14632
2976
20659
3540
3472
1402
10523
4298
7145
1312
2273
10541
968
1855
1297
16932
1390
1653
32360
1238
19621
1774
3868
16156
2481
1824
587
2148
937
1078
3170
33859
1297
10793
9971
1490
5098
6598
295
257
287
1244
1174
319
874
749
505
509
1256
209
1850
883
753
371
786
199
355
346
454
595
1480
407
1233
2031
1492
548
810
125
339
231
389
4480
2113
533
991
159
825
408
760
5280
898
6252
0
0
0
930
1428
5363
449
410
3824
609
2677
1432
1785
10408
493
808
1149
481
1352
517
222
113
105
955
285
2479
535
2209
947
741
1725
405
1615
621
1092
822
745
261
2260
733
998
16376
321
1542
2687
4450
310
2406
482
604
1354
769
315
316
3434
1341
577
5463
735
2412
3620
7885
54972
1368
792
1096
1002
696
826
7958
546
415
2559
977
1211
2840
1031
6999
501
444
911
3852
3316
3735
4690
2186
2349
770
2278
956
2844
4232
1163
2498
1788
11318
768
2151
1906
8382
1880
4767
1190
4898
2250
5130
4030
1873
1640
7991
2521
5933
2556
12444
4649
9263
1457
7858
10671
2691
1736
3679
5304
454
321
2140
576
176
679
5865
311
723
182
244
680
1497
641
329
4341
466
4124
5990
915
984
594
409
1107
256
151
538
921
232
112
425
409
1538
87
573
166
939
1958
729
1061
1093
647
788
209
555
930
1428
5363
0
0
0
1087
1190
587
2737
4109
1310
391
82
819
4442
270
1220
721
1747
371
788
21862
9192
160
254
516
6241
1217
1313
4227
339
155
6116
588
1719
748
1028
2111
791
278
423
202
2710
624
1120
1203
2661
1816
344
983
1408
3525
506
1317
4880
2430
515
1921
526
658
778
18401
1177
1886
2731
2090
2330
1236
3422
1282
2528
792
5113
2427
4361
1161
1516
1476
2520
2360
1678
3364
2432
2773
5029
1094
1986
415
4544
1622
5994
17529
871
6078
2231
1091
1121
6285
1107
1716
1214
2866
10657
1375
697
2216
989
1471
1718
3991
1204
1530
1864
11436
661
1567
4997
36915
3413
2030
6995
11066
333
471
397
600
323
192
200
95
1806
850
442
761
1109
4386
734
136
318
518
289
153
181
659
394
814
385
618
1486
1430
1686
2152
2294
2980
212
663
1137
360
661
2456
742
662
10984
1199
990
171
645
449
410
3824
1087
1190
587
0
0
0
1519
801
317
905
963
1508
2067
1006
693
4014
1146
3683
302
1393
1109
396
513
225
3577
650
598
1301
520
775
6839
642
6417
379
114
245
349
5429
337
1909
14016
538
264
1438
368
951
1508
1436
42136
773
1426
2214
753
4672
1270
617
1034
625
2990
320
3461
2934
1655
541
17678
3825
1771
4497
15469
1104
1232
1397
2617
6533
567
726
24016
885
2875
5094
1113
9512
5624
8291
4116
1929
1183
1550
18437
2507
1470
1014
2415
601
7012
1661
5800
2772
5963
968
1040
1345
1454
1247
10802
1168
2309
835
1868
20824
2188
1472
1438
2862
7844
1705
1463
15206
1041
1832
7366
431
264
124
563
588
237
298
322
452
939
392
386
419
503
1185
251
283
632
329
264
1834
608
2601
756
609
1070
268
1535
1491
439
566
887
338
530
1406
399
569
251
1852
1053
761
1131
189
100
609
2677
1432
2737
4109
1310
1519
801
317
0
0
0
1133
970
17074
713
1429
719
3120
3300
1051
896
612
2203
7180
1205
631
90
439
69
2253
2533
2157
1266
1643
2710
202
183
607
546
3192
833
1085
11748
236
220
167
265
3993
3321
461
1472
2921
4581
534
480
710
1979
4481
6621
1245
2505
964
4083
4720
1551
1575
3223
1074
3379
13179
6770
3413
3201
7310
1239
865
380
728
1922
2905
667
904
1430
4521
16030
2907
9024
1046
2119
1895
1844
3053
1170
1337
930
876
561
2841
4419
6723
19905
4677
2482
32651
2924
1542
1977
3103
498
1846
10265
969
3674
3262
3747
7533
7136
21007
2247
8645
9673
1961
650
2455
1264
489
3593
282
884
349
569
265
264
472
798
534
367
704
1215
389
1921
6634
986
1022
1292
485
186
409
279
679
474
3653
454
7355
437
362
469
541
943
714
529
2720
283
2340
1174
1408
14768
1785
10408
493
391
82
819
905
963
1508
1133
970
17074
0
0
0
296
577
4925
284
507
211
668
1134
619
1118
681
379
7679
534
5244
55
68
230
2958
2570
2510
683
3870
765
2279
892
3383
1449
1099
682
28533
1557
3121
258
271
445
501
3354
3309
2163
18208
8233
455
234
1502
2188
718
739
1219
3762
413
1217
1626
2089
3599
988
21658
737
1428
501
1341
836
2943
2460
2394
1916
6700
1432
834
1052
4564
1590
804
608
600
7441
1346
1277
1416
960
7021
2804
4384
2224
1483
1501
5841
3074
3400
1052
1027
4335
4106
775
2336
616
1759
1376
2136
1453
2729
3091
644
1409
1187
1545
2548
3394
420
949
373
975
812
291
1163
462
425
589
1342
4071
670
1818
398
425
161
11069
1049
7122
288
694
3216
487
5687
262
251
1253
299
215
4480
533
347
1077
534
2476
8474
1427
8547
1661
1237
1803
1025
18420
689
808
1149
481
4442
270
1220
2067
1006
693
713
1429
719
296
577
4925
0
0
0
161
89
974
2437
6566
1265
466
7244
842
1040
1667
510
237
379
248
49
45
207
1440
3470
2604
1658
7634
1831
17389
835
1195
938
20883
1351
862
762
321
479
212
229
801
2200
16132
1487
2955
1278
905
3844
956
1110
2275
547
2090
497
1206
993
403
589
950
409
554
1728
1238
21194
2419
1119
998
5769
1278
5206
1150
51713
4013
898
465
582
5222
1381
1089
809
5037
670
1578
12277
4222
1883
846
893
12626
837
6393
1172
1448
1992
1362
1736
2130
34159
3637
3638
7145
1065
7939
5697
2819
7865
10891
24720
1385
4660
1015
445
408
2527
552
1102
538
4399
3298
658
304
2016
4346
953
1987
1218
351
424
1742
427
170
459
731
785
1272
1096
583
395
2392
310
226
331
6519
1602
569
597
2465
228
443
127
141
2193
1104
438
1352
517
222
721
1747
371
4014
1146
3683
3120
3300
1051
284
507
211
161
89
974
0
0
0
290
341
554
411
1431
1332
2017
977
1901
3479
487
462
143
241
271
1263
1135
6094
249
1510
20952
589
1328
6338
4801
712
1042
1277
452
348
539
3543
609
2908
1547
3904
751
786
5988
1143
2633
4433
1363
2821
729
991
13160
2471
627
6358
6021
1703
866
877
2998
1643
2033
1935
1531
515
1207
4654
2483
4018
3185
2915
309
1775
4708
4561
676
2141
2214
3234
1160
1527
17242
1318
1191
1139
1760
8032
747
1067
6783
3288
5515
2931
2244
2417
2279
15356
2417
3985
2613
3445
1521
2004
3050
24090
1976
4457
884
1454
561
490
1212
546
1035
298
610
1111
670
1467
743
377
2563
424
2159
972
1195
555
13491
1020
435
285
465
346
1353
538
822
898
354
4238
1486
2013
859
1610
546
7669
240
1533
278
12116
2002
1482
796
113
105
955
788
21862
9192
302
1393
1109
896
612
2203
668
1134
619
2437
6566
1265
290
341
554
0
0
0
468
629
2432
515
623
400
3144
800
20621
354
1936
18815
2400
683
1447
6773
14055
507
941
936
1361
1169
2927
527
390
937
1116
150
184
442
1125
3132
1359
5415
1536
2115
1172
1734
1189
2139
2559
1694
1340
3045
512
1177
409
664
19761
4888
1189
1974
2596
1160
938
4367
660
10226
1581
637
5034
3022
3315
1678
699
9654
26673
1103
1080
1385
2141
1950
1055
1984
6774
7527
2036
3626
3505
1756
2565
34145
2018
3306
3085
5832
3125
21360
6681
3337
32710
2975
6459
938
13093
2099
1481
2005
5809
824
607
600
1631
1710
683
364
1672
1056
504
1650
863
2128
1197
18063
732
1427
1125
299
797
3612
304
966
303
352
417
207
2436
1460
547
4582
3087
625
244
3575
326
728
863
813
293
2639
7544
12040
5112
314
285
2479
535
160
254
516
396
513
225
7180
1205
631
1118
681
379
466
7244
842
411
1431
1332
468
629
2432
0
0
0
4206
410
775
1210
472
600
1176
1773
4243
198
396
1238
744
906
612
249
131
473
321
1267
2959
3016
384
1212
590
2202
2282
1009
1556
302
2508
1459
571
1836
340
897
2496
1067
1229
2255
2521
1245
1180
5680
570
1320
1018
2171
715
1977
1542
1965
1693
3533
486
5772
6159
581
1287
5313
1319
1377
2133
1995
2755
4274
2420
4546
2515
9677
1166
21149
3726
1623
3885
6761
4292
704
2114
707
343
48356
2049
3980
3313
8683
8868
4362
3469
1323
1396
3225
2829
1549
1799
3658
546
5233
896
170
2204
257
339
390
779
4550
1147
687
562
926
376
2854
1429
884
7177
568
380
1247
366
1355
638
5655
794
1593
766
757
923
432
766
414
1194
1204
605
511
829
1373
6118
1253
1877
372
694
2209
947
741
6241
1217
1313
3577
650
598
90
439
69
7679
534
5244
1040
1667
510
2017
977
1901
515
623
400
4206
410
775
0
0
0
1008
7066
707
2029
806
1776
3488
258
4900
319
1277
2438
667
968
6494
461
687
681
1901
1246
1976
780
660
4428
396
746
374
1037
4793
1554
1818
3144
497
1297
7603
9003
543
2878
1361
1647
4796
9721
6195
1600
26851
1957
1346
391
2482
4613
3115
1051
6925
3700
1448
1071
1299
3002
2589
8544
8542
1379
1734
1897
2076
3205
1185
594
1870
840
66993
5721
6808
1415
2061
775
1172
1821
5524
1081
917
2013
16180
2394
2841
10234
1374
3754
29166
8134
1880
1952
5649
1304
492
1867
15323
370
2205
1320
3077
955
1361
863
1777
920
546
914
248
777
999
4564
476
1759
488
1082
464
2719
432
455
375
166
1239
15904
550
6240
236
427
628
1814
801
2129
1640
642
375
663
1011
34195
1725
405
1615
4227
339
155
1301
520
775
2253
2533
2157
55
68
230
237
379
248
3479
487
462
3144
800
20621
1210
472
600
1008
7066
707
0
0
0
932
609
462
19523
5100
5097
510
1413
3658
7181
538
1355
7688
608
383
384
3615
427
2496
2017
829
3304
1732
2826
144
173
493
975
333
1660
1272
2076
989
2784
708
3825
1478
1074
1831
2525
369
5196
5116
1873
3766
1711
1768
1616
3486
6675
828
2871
6408
3858
429
1325
10434
12933
3101
1736
1238
2712
1541
42382
784
2807
2872
3174
1243
4487
1291
810
32285
7256
1491
4766
2622
3206
3091
2113
715
1028
2789
3548
29270
2281
875
1248
1367
1693
867
964
1077
535
1049
895
421
245
8470
2273
4193
995
2167
615
458
1280
4506
860
6666
1156
765
438
1331
2129
301
229
714
2060
647
323
815
1342
16946
489
456
1620
2241
1250
995
258
781
1045
15946
749
833
621
1092
822
6116
588
1719
6839
642
6417
1266
1643
2710
2958
2570
2510
49
45
207
143
241
271
354
1936
18815
1176
1773
4243
2029
806
1776
932
609
462
0
0
0
1469
3326
1697
1665
658
2472
1682
3269
1437
17235
2224
2130
289
214
524
428
566
880
2731
1425
406
398
1080
637
11352
2096
1392
805
423
329
12983
581
520
1165
1410
1303
377
1491
3776
2242
1250
10208
969
802
8389
2057
2729
4785
1475
2357
3953
1726
782
426
858
2124
2832
1556
8908
3166
5743
14815
2495
3523
1654
1102
399
1337
810
1551
1411
2279
8954
9940
6407
1121
833
2712
1962
1390
2664
8458
3358
1154
5779
2441
13392
509
1260
3290
423
451
658
288
459
306
789
457
377
546
2206
579
584
1442
680
353
213
379
1479
943
784
1306
784
569
1311
1252
2409
505
459
1570
8374
2045
783
623
891
415
2484
757
575
196
302
1083
745
261
2260
748
1028
2111
379
114
245
202
183
607
683
3870
765
1440
3470
2604
1263
1135
6094
2400
683
1447
198
396
1238
3488
258
4900
19523
5100
5097
1469
3326
1697
0
0
0
344
130
109
1099
904
387
431
111
281
758
1739
11208
3168
497
1581
857
888
369
579
2038
2362
807
552
342
1383
25641
1514
1274
2573
1302
1080
1541
1197
1621
1165
4242
6141
2503
833
2786
10558
2867
3808
773
944
1696
9596
614
3136
2633
6162
844
1198
2436
4014
939
57377
1097
13850
1985
3042
8005
2361
59213
9812
1971
707
8851
1228
4317
3671
2361
5860
31143
10171
1812
8493
4292
2229
21972
1243
1172
3052
1034
618
1048
225
4403
442
3388
354
2166
440
1443
2564
345
518
383
367
655
772
1240
607
185
1192
1354
4376
1877
1891
27083
4814
2814
1999
353
1885
3060
8613
17859
932
2701
832
866
1987
1021
2447
1549
206
969
4067
733
998
16376
791
278
423
349
5429
337
546
3192
833
2279
892
3383
1658
7634
1831
249
1510
20952
6773
14055
507
744
906
612
319
1277
2438
510
1413
3658
1665
658
2472
344
130
109
0
0
0
3636
676
318
355
513
1601
1482
1404
421
2933
1855
2390
33231
810
3810
3833
1285
2479
829
1740
674
9707
4052
2902
14622
49321
3115
2906
1242
12769
1440
32363
5827
7771
1202
16653
2428
2428
4154
1458
1696
1258
343
1025
2203
4513
5946
5077
1079
4414
1701
8440
13332
45598
484
2033
4597
3441
10945
5721
612
1077
3920
2486
1909
4674
3445
1097
3404
2674
616
1774
17908
2577
1890
2122
12435
1981
3926
9223
9485
1091
3244
784
303
364
2045
1895
2241
478
264
951
1702
894
1083
633
7706
2828
410
906
508
469
726
1430
2156
314
1510
639
612
8663
6727
4441
2054
1722
458
496
203
523
462
14616
807
1310
2469
1637
990
2330
321
1542
2687
202
2710
624
1909
14016
538
1085
11748
236
1449
1099
682
17389
835
1195
589
1328
6338
941
936
1361
249
131
473
667
968
6494
7181
538
1355
1682
3269
1437
1099
904
387
3636
676
318
0
0
0
1468
1416
1242
3233
2564
2888
9548
1791
4923
1152
739
1231
1823
4587
546
1953
599
3128
1801
2792
3668
2437
1099
705
2002
2508
1672
886
1028
819
2796
2073
1576
5223
1105
2293
3137
3952
9235
5716
1841
10824
755
9506
797
3056
1823
4891
23916
1590
9435
3861
3853
4184
6526
684
7153
10508
6833
43393
1876
2412
2417
10106
509
5446
1456
2231
5809
2556
17786
1622
2306
3007
3127
2676
1283
1850
1268
6513
2489
3630
1893
725
928
1248
611
409
2958
690
973
5004
1235
1045
2479
7977
1713
8268
433
923
488
1839
698
2051
615
321
709
11027
13634
2058
998
1529
4840
9835
539
1620
3693
1112
702
1227
1061
305
522
4450
310
2406
1120
1203
2661
264
1438
368
220
167
265
28533
1557
3121
938
20883
1351
4801
712
1042
1169
2927
527
321
1267
2959
461
687
681
7688
608
383
17235
2224
2130
431
111
281
355
513
1601
1468
1416
1242
0
0
0
1512
3920
940
1157
279
2304
1007
1278
581
1888
1817
3430
824
273
5838
1907
2258
8975
1265
16478
1223
1739
2322
3234
3924
620
4477
897
2643
921
3076
7855
2791
2977
8888
7770
1056
3441
698
5351
19423
7132
2376
1367
1382
6108
2081
9118
1487
4530
1159
5909
1973
4087
5617
6575
10501
4475
1696
765
21107
3511
6933
831
1080
2373
2733
4800
1271
2850
2022
1719
2221
1515
25395
400
1127
1374
254
1406
3007
10140
603
3250
795
338
544
987
17045
658
18357
320
955
1069
4418
643
977
1128
755
1366
380
867
2218
466
3924
540
3950
1000
516
519
460
3428
1263
365
595
1236
230
5281
793
1957
482
604
1354
1816
344
983
951
1508
1436
3993
3321
461
258
271
445
862
762
321
1277
452
348
390
937
1116
3016
384
1212
1901
1246
1976
384
3615
427
289
214
524
758
1739
11208
1482
1404
421
3233
2564
2888
1512
3920
940
0
0
0
1949
2191
2269
775
1533
1106
101
1951
137
1826
686
5126
8671
2697
1215
6891
3359
2433
874
1523
1021
148
948
555
7468
2612
1740
2559
1523
1433
1277
6041
8458
9508
2629
7387
1250
751
1458
3726
5035
3990
972
612
2884
2242
2037
3922
892
468
4177
2792
2736
9284
817
11867
2931
2245
700
9332
3690
4074
3479
1621
3236
6511
3543
1148
631
2386
4958
3533
1249
578
580
1384
896
807
1338
664
393
880
673
856
745
880
5059
894
944
538
2696
1593
1073
3348
1398
1476
357
11084
447
1232
1571
3339
1085
1137
1555
1288
516
611
870
1712
364
600
337
686
1392
2769
1112
769
315
316
1408
3525
506
42136
773
1426
1472
2921
4581
501
3354
3309
479
212
229
539
3543
609
150
184
442
590
2202
2282
780
660
4428
2496
2017
829
428
566
880
3168
497
1581
2933
1855
2390
9548
1791
4923
1157
279
2304
1949
2191
2269
0
0
0
1118
964
468
7248
2048
744
4905
764
1066
1449
2949
6398
829
1810
2658
519
752
352
10523
464
2412
4551
9150
2723
863
356
3458
1571
76462
2209
3003
5510
4304
878
1780
946
1956
511
1684
411
3556
1292
2802
7700
4054
4692
1365
1974
7027
1299
1072
2688
4417
2081
7527
78532
1996
1457
11667
3791
1187
4676
2708
2207
3786
902
1296
6335
1512
2659
430
1694
1682
339
3368
6565
20998
5148
1181
4050
2603
473
1790
720
391
444
931
1152
4697
1275
1184
1641
1422
2904
786
1125
1466
1230
955
1193
865
3000
767
1413
2114
497
2331
694
42063
15478
2857
32101
769
5884
3434
1341
577
1317
4880
2430
2214
753
4672
534
480
710
2163
18208
8233
801
2200
16132
2908
1547
3904
1125
3132
1359
1009
1556
302
396
746
374
3304
1732
2826
2731
1425
406
857
888
369
33231
810
3810
1152
739
1231
1007
1278
581
775
1533
1106
1118
964
468
0
0
0
2237
13096
2276
1048
3516
1395
2572
3921
1575
2218
4403
665
1146
2028
1390
5016
5021
4119
1750
2134
8307
1083
595
53336
1554
10549
7442
5983
707
1378
16866
30417
2231
899
6611
707
1669
5571
2056
1616
4031
1770
17511
5046
5682
1602
7068
2489
14153
2007
958
9085
54415
3717
7936
6171
1117
1506
3139
3003
1271
37531
15379
8606
6960
1615
5340
2743
1419
694
568
809
4111
2004
2858
12789
2098
506
2552
636
4995
1598
690
9283
2979
7170
285
365
1431
1243
793
1311
213
3048
704
1101
2214
1027
3187
397
380
763
31046
6933
3286
685
392
7251
2214
1107
478
5463
735
2412
515
1921
526
1270
617
1034
1979
4481
6621
455
234
1502
1487
2955
1278
751
786
5988
5415
1536
2115
2508
1459
571
1037
4793
1554
144
173
493
398
1080
637
579
2038
2362
3833
1285
2479
1823
4587
546
1888
1817
3430
101
1951
137
7248
2048
744
2237
13096
2276
0
0
0
14981
63221
2609
2270
344
2897
1459
1914
1274
938
2649
322
612
300
3681
1060
1358
4029
1965
23712
1966
8175
11488
7524
3142
4789
9038
938
496
425
3021
2535
928
1834
751
699
1763
2190
22623
3132
1471
2992
3712
6134
5325
8258
1998
3945
1688
11626
3594
1935
3367
2942
1302
3830
2135
1331
1812
2581
4564
2382
752
1918
1220
972
732
1330
553
1606
2593
559
520
636
2497
344
988
5850
890
412
1497
1190
1745
459
4450
2738
966
1362
4661
581
1246
1221
602
1874
1253
1077
4225
2206
381
817
641
609
1111
577
1905
743
937
255
3620
7885
54972
658
778
18401
625
2990
320
1245
2505
964
2188
718
739
905
3844
956
1143
2633
4433
1172
1734
1189
1836
340
897
1818
3144
497
975
333
1660
11352
2096
1392
807
552
342
829
1740
674
1953
599
3128
824
273
5838
1826
686
5126
4905
764
1066
1048
3516
1395
14981
63221
2609
0
0
0
2081
2046
2814
5053
3492
7863
813
1371
2297
1817
968
14834
566
1987
1008
2605
2664
2463
2280
1191
3381
1402
1570
11139
5478
2917
3380
2455
4727
1764
15758
2006
3070
7264
1591
1552
1354
7688
1498
8244
7105
4279
2890
879
13537
6786
23797
8223
2302
694
491
2581
965
1165
4737
13058
5410
11814
3908
25136
967
990
970
1812
7213
1378
2947
16026
1970
1391
1498
2432
517
898
1686
2197
7070
1435
1946
2656
1167
770
1682
7095
896
1395
22659
626
2052
1432
5908
873
1105
1241
955
2066
2633
957
1704
957
436
705
2710
1128
3692
1368
792
1096
1177
1886
2731
3461
2934
1655
4083
4720
1551
1219
3762
413
1110
2275
547
1363
2821
729
2139
2559
1694
2496
1067
1229
1297
7603
9003
1272
2076
989
805
423
329
1383
25641
1514
9707
4052
2902
1801
2792
3668
1907
2258
8975
8671
2697
1215
1449
2949
6398
2572
3921
1575
2270
344
2897
2081
2046
2814
0
0
0
16996
431
4293
632
1923
6937
340
1891
256
1856
7386
1980
3668
533
590
3928
9701
108304
11695
3409
48348
249
717
531
2148
1510
3352
232
406
1854
4374
1954
7941
348
526
1158
5476
1923
1410
1970
3066
4864
4500
642
708
2006
4285
1605
3545
1155
1075
793
1401
882
412
881
2376
654
1314
2260
1201
2842
2186
5560
753
2378
2488
8374
2448
930
854
1596
1029
880
1497
624
2770
2994
1225
1779
1191
4244
2458
7464
868
1388
3480
1673
790
422
2119
564
457
283
593
826
739
615
1954
1428
3878
4903
1002
696
826
2090
2330
1236
541
17678
3825
1575
3223
1074
1217
1626
2089
2090
497
1206
991
13160
2471
1340
3045
512
2255
2521
1245
543
2878
1361
2784
708
3825
12983
581
520
1274
2573
1302
14622
49321
3115
2437
1099
705
1265
16478
1223
6891
3359
2433
829
1810
2658
2218
4403
665
1459
1914
1274
5053
3492
7863
16996
431
4293
0
0
0
405
208
407
2146
1794
3605
1305
2009
13613
738
448
4263
1092
2030
4121
4035
1923
7155
840
1550
447
4273
6294
1311
3574
455
762
6475
4374
3363
976
5240
1103
897
2355
911
21521
1810
36865
4348
2874
1851
3698
5809
3292
604
365
1492
560
1750
1091
6782
1586
1356
1504
2551
2865
4186
1654
2499
1914
6419
542
9856
3189
1138
607
2728
2209
6735
1720
704
541
2336
1045
6567
1910
19410
11028
1467
2244
727
890
627
798
531
2412
963
7725
2282
698
6222
3045
497
2080
894
948
684
490
7958
546
415
3422
1282
2528
1771
4497
15469
3379
13179
6770
3599
988
21658
993
403
589
627
6358
6021
1177
409
664
1180
5680
570
1647
4796
9721
1478
1074
1831
1165
1410
1303
1080
1541
1197
2906
1242
12769
2002
2508
1672
1739
2322
3234
874
1523
1021
519
752
352
1146
2028
1390
938
2649
322
813
1371
2297
632
1923
6937
405
208
407
0
0
0
13984
3719
640
7937
1990
2454
376
2449
369
12575
13751
4586
1472
808
3898
526
543
1827
6071
880
5805
2096
800
449
1874
4526
16360
1962
986
5577
823
818
665
4014
3397
2529
7878
1611
19077
17033
2537
35854
1570
700
396
1060
22387
1134
3138
6191
4094
14290
2783
846
978
2658
2117
896
1124
2739
742
475
5532
1466
3456
10113
12140
1329
2408
1039
736
1541
2576
14582
2891
1196
4540
2642
3741
1667
3803
565
469
864
5128
716
1110
1148
6578
3052
1360
1873
888
619
1388
1190
2559
977
1211
792
5113
2427
1104
1232
1397
3413
3201
7310
737
1428
501
950
409
554
1703
866
877
19761
4888
1189
1320
1018
2171
6195
1600
26851
2525
369
5196
377
1491
3776
1621
1165
4242
1440
32363
5827
886
1028
819
3924
620
4477
148
948
555
10523
464
2412
5016
5021
4119
612
300
3681
1817
968
14834
340
1891
256
2146
1794
3605
13984
3719
640
0
0
0
2953
1790
19067
1461
1792
1777
3535
14534
5047
2331
1606
21063
2300
308
1256
29311
9959
3894
926
12246
1460
1425
2718
3299
505
544
3178
2015
1633
1637
4223
1080
2177
21803
1103
2003
5360
2886
5864
3910
2975
6690
2672
776
5029
1739
2000
19157
885
30880
1929
3013
3279
2070
1637
3332
2941
1636
2123
2503
709
12130
1843
1306
23480
1116
1518
2684
9250
6156
2621
27923
2068
4370
5010
3876
2182
3775
686
988
2679
1704
1873
7165
974
13432
2544
1984
6251
10162
5425
1689
14221
2840
1031
6999
4361
1161
1516
2617
6533
567
1239
865
380
1341
836
2943
1728
1238
21194
2998
1643
2033
1974
2596
1160
715
1977
1542
1957
1346
391
5116
1873
3766
2242
1250
10208
6141
2503
833
7771
1202
16653
2796
2073
1576
897
2643
921
7468
2612
1740
4551
9150
2723
1750
2134
8307
1060
1358
4029
566
1987
1008
1856
7386
1980
1305
2009
13613
7937
1990
2454
2953
1790
19067
0
0
0
8517
3942
4660
773
1209
6714
30391
679
2664
5029
2462
16722
1242
1273
1813
10462
2670
10147
119
3203
2234
6904
3733
6087
15494
10784
1609
2168
938
993
982
2175
1977
228
11697
255
3462
8020
3856
28307
2039
2838
1049
6770
5864
2797
3867
5118
1915
661
8020
1136
822
2080
4723
1242
2226
1582
11166
2694
936
1110
512
734
3392
2362
838
1449
3335
43442
819
11795
1953
2271
1774
1839
2877
11820
13053
3049
8803
7754
1048
2489
2094
1911
861
1689
964
1354
501
444
911
1476
2520
2360
726
24016
885
728
1922
2905
2460
2394
1916
2419
1119
998
1935
1531
515
938
4367
660
1965
1693
3533
2482
4613
3115
1711
1768
1616
969
802
8389
2786
10558
2867
2428
2428
4154
5223
1105
2293
3076
7855
2791
2559
1523
1433
863
356
3458
1083
595
53336
1965
23712
1966
2605
2664
2463
3668
533
590
738
448
4263
376
2449
369
1461
1792
1777
8517
3942
4660
0
0
0
4149
4529
2250
957
1361
2355
925
1753
2087
2443
884
515
3416
721
2332
786
1189
12758
1641
2021
8094
1362
1453
1042
3482
18359
5578
1954
22361
2369
2343
11990
3314
697
981
1627
619
702
1117
5223
2780
2460
1089
796
1137
2657
5514
1810
852
1139
4960
21153
478
19419
1414
768
826
14092
2713
1472
1021
733
18837
2399
1263
3496
1339
2573
7346
3593
1819
1390
2759
1717
4161
1684
4541
4727
505
1018
10733
48931
1286
4794
2359
7450
1542
3852
3316
3735
1678
3364
2432
2875
5094
1113
667
904
1430
6700
1432
834
5769
1278
5206
1207
4654
2483
10226
1581
637
486
5772
6159
1051
6925
3700
3486
6675
828
2057
2729
4785
3808
773
944
1458
1696
1258
3137
3952
9235
2977
8888
7770
1277
6041
8458
1571
76462
2209
1554
10549
7442
8175
11488
7524
2280
1191
3381
3928
9701
108304
1092
2030
4121
12575
13751
4586
3535
14534
5047
773
1209
6714
4149
4529
2250
0
0
0
1285
692
1057
6635
3646
3430
1547
1788
1201
1855
2015
3871
179
318
471
2371
2445
2524
7800
2323
4003
1611
1150
2936
2240
6361
3181
456
1106
719
4325
1000
4067
10258
2434
3565
8926
31759
4730
12400
1545
2381
730
1398
1091
1306
3292
11663
1622
1415
22266
627
1207
4183
2267
5117
698
1557
1082
3124
1900
742
7430
13613
1274
2433
3496
2122
1193
19291
2578
579
1549
8838
890
976
1756
1095
11767
35374
3679
2743
851
14632
4690
2186
2349
2773
5029
1094
9512
5624
8291
4521
16030
2907
1052
4564
1590
1150
51713
4013
4018
3185
2915
5034
3022
3315
581
1287
5313
1448
1071
1299
2871
6408
3858
1475
2357
3953
1696
9596
614
343
1025
2203
5716
1841
10824
1056
3441
698
9508
2629
7387
3003
5510
4304
5983
707
1378
3142
4789
9038
1402
1570
11139
11695
3409
48348
4035
1923
7155
1472
808
3898
2331
1606
21063
30391
679
2664
957
1361
2355
1285
692
1057
0
0
0
2826
5456
4454
3477
1203
1589
8954
14848
1374
2029
1723
6794
9336
734
1792
4710
1210
4919
5962
5178
5618
8383
6275
1701
693
7290
2207
3701
5676
12530
16584
17078
3120
33279
8709
13631
2391
1716
3419
633
5383
924
1826
3679
3193
1940
1341
2478
3875
1194
7484
2746
1476
4767
776
2916
1508
690
5989
3455
1552
2839
1803
10182
736
1127
1947
4729
817
1008
2008
791
1761
1859
1444
5773
694
1399
2976
20659
3540
770
2278
956
1986
415
4544
4116
1929
1183
9024
1046
2119
804
608
600
898
465
582
309
1775
4708
1678
699
9654
1319
1377
2133
3002
2589
8544
429
1325
10434
1726
782
426
3136
2633
6162
4513
5946
5077
755
9506
797
5351
19423
7132
1250
751
1458
878
1780
946
16866
30417
2231
938
496
425
5478
2917
3380
249
717
531
840
1550
447
526
543
1827
2300
308
1256
5029
2462
16722
925
1753
2087
6635
3646
3430
2826
5456
4454
0
0
0
2278
1582
2088
175
150
130
1786
41708
2970
281
926
338
1592
1756
25323
2939
1894
1351
4011
12926
1249
38895
8342
8046
9510
3214
1457
1143
1017
9809
9017
513
1340
3728
1644
2371
6988
10887
3207
1255
723
2086
16213
1961
25929
2915
1429
4816
2187
31098
1243
1967
1231
2243
1020
1322
1532
46678
5251
2105
1063
722
3345
3542
654
4434
623
3804
2427
1547
1998
776
2979
2660
1166
3472
1402
10523
2844
4232
1163
1622
5994
17529
1550
18437
2507
1895
1844
3053
7441
1346
1277
5222
1381
1089
4561
676
2141
26673
1103
1080
1995
2755
4274
8542
1379
1734
12933
3101
1736
858
2124
2832
844
1198
2436
1079
4414
1701
3056
1823
4891
2376
1367
1382
3726
5035
3990
1956
511
1684
899
6611
707
3021
2535
928
2455
4727
1764
2148
1510
3352
4273
6294
1311
6071
880
5805
29311
9959
3894
1242
1273
1813
2443
884
515
1547
1788
1201
3477
1203
1589
2278
1582
2088
0
0
0
2750
19214
2644
1705
6917
2367
2628
3616
3863
1200
4321
3296
29716
6964
3101
29239
3233
4253
5869
3159
3730
7355
1887
4593
1981
2842
3292
2883
2976
1770
698
2228
1117
5413
24909
3004
3839
7244
1285
517
6202
1876
5902
1184
1469
4839
1678
2777
1191
4730
3045
12915
13949
836
1245
1432
5399
530
956
7144
2445
2450
1724
1800
5447
2396
2961
2376
1519
1617
18362
1974
4298
7145
1312
2498
1788
11318
871
6078
2231
1470
1014
2415
1170
1337
930
1416
960
7021
809
5037
670
2214
3234
1160
1385
2141
1950
2420
4546
2515
1897
2076
3205
1238
2712
1541
1556
8908
3166
4014
939
57377
8440
13332
45598
23916
1590
9435
6108
2081
9118
972
612
2884
411
3556
1292
1669
5571
2056
1834
751
699
15758
2006
3070
232
406
1854
3574
455
762
2096
800
449
926
12246
1460
10462
2670
10147
3416
721
2332
1855
2015
3871
8954
14848
1374
175
150
130
2750
19214
2644
0
0
0
4831
9204
2071
144
71
95
2151
2285
607
15041
3655
5906
21632
4203
6033
1957
6012
29911
3788
740
1866
4934
703
977
7378
4315
1415
1831
1343
7325
731
4990
2264
591
730
2363
12098
10695
4473
1659
515
1818
767
1030
698
2625
4994
773
3117
2152
2240
1442
8233
2256
1277
882
1225
2814
3414
6068
3011
2906
1172
1737
706
2223
1156
8342
1685
2273
10541
968
768
2151
1906
1091
1121
6285
601
7012
1661
876
561
2841
2804
4384
2224
1578
12277
4222
1527
17242
1318
1055
1984
6774
9677
1166
21149
1185
594
1870
42382
784
2807
5743
14815
2495
1097
13850
1985
484
2033
4597
3861
3853
4184
1487
4530
1159
2242
2037
3922
2802
7700
4054
1616
4031
1770
1763
2190
22623
7264
1591
1552
4374
1954
7941
6475
4374
3363
1874
4526
16360
1425
2718
3299
119
3203
2234
786
1189
12758
179
318
471
2029
1723
6794
1786
41708
2970
1705
6917
2367
4831
9204
2071
0
0
0
2767
11662
3499
3130
1053
14882
1108
3138
1084
2357
2485
2149
615
1692
379
1788
3078
5367
1675
4283
19384
20257
2341
7035
926
1752
3207
1408
13718
1958
3070
1406
6468
22813
2836
1989
769
503
1529
1382
1637
444
1741
14632
2747
31793
53813
2221
13871
5666
1492
5145
2000
21327
733
6397
1151
6689
2807
848
2695
2259
40407
9544
8607
764
1855
1297
16932
8382
1880
4767
1107
1716
1214
5800
2772
5963
4419
6723
19905
1483
1501
5841
1883
846
893
1191
1139
1760
7527
2036
3626
3726
1623
3885
840
66993
5721
2872
3174
1243
3523
1654
1102
3042
8005
2361
3441
10945
5721
6526
684
7153
5909
1973
4087
892
468
4177
4692
1365
1974
17511
5046
5682
3132
1471
2992
1354
7688
1498
348
526
1158
976
5240
1103
1962
986
5577
505
544
3178
6904
3733
6087
1641
2021
8094
2371
2445
2524
9336
734
1792
281
926
338
2628
3616
3863
144
71
95
2767
11662
3499
0
0
0
755
5706
1433
5944
1797
8418
1633
2670
3703
5774
7758
26420
10328
2831
4894
1344
288
3808
868
1038
2270
1535
4251
1210
3023
2734
5325
4925
3535
761
1398
2020
9675
1411
1487
1849
777
3533
2240
28577
800
901
2963
1148
29130
1641
1987
933
1157
1206
1957
2514
2010
5003
2487
12326
24565
2147
3127
1847
1679
1068
1694
1390
1653
32360
1190
4898
2250
2866
10657
1375
968
1040
1345
4677
2482
32651
3074
3400
1052
12626
837
6393
8032
747
1067
3505
1756
2565
6761
4292
704
6808
1415
2061
4487
1291
810
399
1337
810
59213
9812
1971
612
1077
3920
10508
6833
43393
5617
6575
10501
2792
2736
9284
7027
1299
1072
1602
7068
2489
3712
6134
5325
8244
7105
4279
5476
1923
1410
897
2355
911
823
818
665
2015
1633
1637
15494
10784
1609
1362
1453
1042
7800
2323
4003
4710
1210
4919
1592
1756
25323
1200
4321
3296
2151
2285
607
3130
1053
14882
755
5706
1433
0
0
0
2106
18246
3018
7497
5906
7133
2609
10330
3249
372
468
986
772
2689
1264
1685
1618
10225
1665
1741
3052
2348
2494
1168
3999
1583
1560
1837
1204
1987
1486
1045
3437
3973
15574
13606
2461
2692
6077
4905
17426
4282
637
5572
2040
2234
3159
1504
1812
953
1293
1079
1689
2103
2511
16233
1777
5099
1115
5714
1238
19621
1774
5130
4030
1873
697
2216
989
1454
1247
10802
2924
1542
1977
1027
4335
4106
1172
1448
1992
6783
3288
5515
34145
2018
3306
2114
707
343
775
1172
1821
32285
7256
1491
1551
1411
2279
707
8851
1228
2486
1909
4674
1876
2412
2417
4475
1696
765
817
11867
2931
2688
4417
2081
14153
2007
958
8258
1998
3945
2890
879
13537
1970
3066
4864
21521
1810
36865
4014
3397
2529
4223
1080
2177
2168
938
993
3482
18359
5578
1611
1150
2936
5962
5178
5618
2939
1894
1351
29716
6964
3101
15041
3655
5906
1108
3138
1084
5944
1797
8418
2106
18246
3018
0
0
0
5219
1753
2134
7525
436
2022
12177
3877
4204
3630
3337
8832
3956
2850
2376
4372
1466
3823
2144
821
3948
1086
1773
2519
5270
2478
860
1987
1945
1259
2674
52317
1065
2012
1083
802
4429
1984
3749
868
1540
1088
3390
4956
1615
6559
2591
3179
1112
8308
11141
5903
3198
7148
8167
6605
5901
3868
16156
2481
1640
7991
2521
1471
1718
3991
1168
2309
835
3103
498
1846
775
2336
616
1362
1736
2130
2931
2244
2417
3085
5832
3125
48356
2049
3980
5524
1081
917
4766
2622
3206
8954
9940
6407
4317
3671
2361
3445
1097
3404
10106
509
5446
21107
3511
6933
2245
700
9332
7527
78532
1996
9085
54415
3717
1688
11626
3594
6786
23797
8223
4500
642
708
4348
2874
1851
7878
1611
19077
21803
1103
2003
982
2175
1977
1954
22361
2369
2240
6361
3181
8383
6275
1701
4011
12926
1249
29239
3233
4253
21632
4203
6033
2357
2485
2149
1633
2670
3703
7497
5906
7133
5219
1753
2134
0
0
0
1110
4308
2014
10178
2876
2683
2133
1319
2079
943
880
1242
3023
2450
9713
1256
1984
1494
3178
22698
1894
2585
16602
754
1692
717
30843
3828
5867
2382
1824
5119
2931
5004
2809
2312
2858
3079
3658
2689
3683
1904
2228
17136
10560
3905
3623
2607
1229
3885
3566
10218
2423
4370
1824
587
2148
5933
2556
12444
1204
1530
1864
1868
20824
2188
10265
969
3674
1759
1376
2136
34159
3637
3638
2279
15356
2417
21360
6681
3337
3313
8683
8868
2013
16180
2394
3091
2113
715
1121
833
2712
5860
31143
10171
2674
616
1774
1456
2231
5809
831
1080
2373
3690
4074
3479
1457
11667
3791
7936
6171
1117
1935
3367
2942
2302
694
491
2006
4285
1605
3698
5809
3292
17033
2537
35854
5360
2886
5864
228
11697
255
2343
11990
3314
456
1106
719
693
7290
2207
38895
8342
8046
5869
3159
3730
1957
6012
29911
615
1692
379
5774
7758
26420
2609
10330
3249
7525
436
2022
1110
4308
2014
0
0
0
2409
2804
9200
1628
8684
2774
3107
3382
2286
1571
6496
5402
21018
2031
2794
1173
2102
8815
2443
748
13847
1383
21802
7887
1471
1508
674
4469
12271
1358
975
3030
1210
1875
1979
1479
3040
1499
5881
3004
3286
3131
1399
1319
8039
1316
1074
4387
1902
1704
4974
937
1078
3170
4649
9263
1457
11436
661
1567
1472
1438
2862
3262
3747
7533
1453
2729
3091
7145
1065
7939
3985
2613
3445
32710
2975
6459
4362
3469
1323
2841
10234
1374
1028
2789
3548
1962
1390
2664
1812
8493
4292
17908
2577
1890
2556
17786
1622
2733
4800
1271
1621
3236
6511
1187
4676
2708
1506
3139
3003
1302
3830
2135
2581
965
1165
3545
1155
1075
604
365
1492
1570
700
396
3910
2975
6690
3462
8020
3856
697
981
1627
4325
1000
4067
3701
5676
12530
9510
3214
1457
7355
1887
4593
3788
740
1866
1788
3078
5367
10328
2831
4894
372
468
986
12177
3877
4204
10178
2876
2683
2409
2804
9200
0
0
0
1213
556
564
2092
2442
6323
3399
9179
1794
1012
35499
2194
2227
2262
23112
2379
2485
5669
2004
3954
2180
10168
1076
1744
7015
2401
1852
11808
6697
2581
1946
4577
29190
3251
1228
910
792
3092
936
5624
28834
3822
1469
3308
5122
1219
1692
1787
33859
1297
10793
7858
10671
2691
4997
36915
3413
7844
1705
1463
7136
21007
2247
644
1409
1187
5697
2819
7865
1521
2004
3050
938
13093
2099
1396
3225
2829
3754
29166
8134
29270
2281
875
8458
3358
1154
2229
21972
1243
2122
12435
1981
2306
3007
3127
2850
2022
1719
3543
1148
631
2207
3786
902
1271
37531
15379
1331
1812
2581
4737
13058
5410
793
1401
882
560
1750
1091
1060
22387
1134
2672
776
5029
28307
2039
2838
619
702
1117
10258
2434
3565
16584
17078
3120
1143
1017
9809
1981
2842
3292
4934
703
977
1675
4283
19384
1344
288
3808
772
2689
1264
3630
3337
8832
2133
1319
2079
1628
8684
2774
1213
556
564
0
0
0
3720
1577
1748
16051
6899
8853
6776
2067
2161
1160
872
1258
35574
1010
2301
2316
2252
2279
5176
2257
7707
5358
1243
4792
2848
13707
1134
1146
40609
7009
2446
3358
7985
1494
1972
2142
3674
1281
2311
2426
5520
3100
3853
810
2742
9971
1490
5098
1736
3679
5304
2030
6995
11066
15206
1041
1832
8645
9673
1961
1545
2548
3394
10891
24720
1385
24090
1976
4457
1481
2005
5809
1549
1799
3658
1880
1952
5649
1248
1367
1693
5779
2441
13392
1172
3052
1034
3926
9223
9485
2676
1283
1850
2221
1515
25395
2386
4958
3533
1296
6335
1512
8606
6960
1615
4564
2382
752
11814
3908
25136
412
881
2376
6782
1586
1356
3138
6191
4094
1739
2000
19157
1049
6770
5864
5223
2780
2460
8926
31759
4730
33279
8709
13631
9017
513
1340
2883
2976
1770
7378
4315
1415
20257
2341
7035
868
1038
2270
1685
1618
10225
3956
2850
2376
943
880
1242
3107
3382
2286
2092
2442
6323
3720
1577
1748
0
0
0
