C_ijk
0
0
0
269
406
346
86
268
1235
1637
145
541
47
43
34
83
364
85
276
279
126
424
122
137
5593
202
927
140
172
408
148
124
415
635
429
494
82
223
331
227
178
356
1216
659
333
7950
317
13830
356
264
1178
707
4245
1754
3557
600
251
727
1626
661
500
607
1254
1658
1189
691
3070
982
109
989
353
938
1974
1626
2722
499
600
914
981
794
508
1317
992
405
363
1063
859
807
10996
714
2086
1053
1849
380
989
499
2799
10220
863
440
614
2686
675
545
1651
1689
823
4006
1254
5412
3324
374
876
5275
18662
1702
6260
787
1203
6164
2458
834
4042
3214
2859
527
4891
5252
3110
1529
1214
44850
1530
4677
2111
1508
879
2885
4097
1767
1800
2247
600
1725
5798
7874
19963
1758
2142
1273
2765
2836
1922
2600
1828
8772
1565
2606
1234
1614
6068
1402
4757
2662
1703
5993
1281
3420
269
406
346
0
0
0
1770
138
805
572
238
148
536
1036
436
568
354
342
160
69
402
188
172
263
345
1303
251
891
199
1014
295
391
789
146
371
682
855
282
227
224
511
270
568
1839
281
1035
686
574
3119
1476
1356
303
953
1160
300
379
811
246
320
957
632
350
1711
2075
815
12332
804
869
2229
522
1139
433
773
4838
760
1362
353
5019
2179
2417
3739
3641
340
772
1673
520
6977
4053
424
3596
479
7647
1122
1119
1420
7018
231
1345
1752
1669
1246
1694
1199
734
1864
1522
319
1853
1390
3157
2137
1330
1110
3814
2781
1155
4883
1946
1858
2565
19006
8124
2802
2117
1499
8642
9161
2694
11439
1273
5611
721
1868
7700
1794
2447
964
1092
2666
2340
951
3438
3391
1927
4554
13066
2800
7237
30841
2189
1592
1794
1667
7825
1598
2300
4785
1139
1749
13134
2736
2151
2076
3049
984
2807
8786
2425
86
268
1235
1770
138
805
0
0
0
529
566
459
307
1744
119
62
165
283
408
195
124
314
300
980
301
728
400
526
1262
4941
693
334
1224
651
776
690
524
249
725
5132
678
1580
99
102
321
626
365
827
1611
1165
330
238
655
174
386
454
237
7155
1108
408
1035
693
261
1045
941
308
498
805
2132
5350
576
492
1221
1193
285
994
927
377
1280
1621
5314
680
1429
1009
957
626
702
397
2515
1086
1762
561
926
1387
2399
1272
4189
1437
275
872
347
1366
1541
1851
1331
1202
1922
566
9060
7519
2394
5894
4975
1582
1076
2366
13536
770
863
7854
2764
5630
1037
3868
10670
3869
1064
11171
3863
2953
452
1503
2878
5592
1782
728
2132
942
1608
2761
7416
1189
18128
3208
24608
1099
2590
2376
5859
1618
5987
2051
1691
1619
13632
4409
14472
1842
3015
695
80199
2107
834
1573
1528
3728
3056
2689
1637
145
541
572
238
148
529
566
459
0
0
0
249
164
394
352
959
787
89
213
964
362
134
582
81
22
50
332
21
137
3228
4180
589
317
39
303
969
2196
461
142
252
279
1055
386
163
602
530
1416
695
1069
359
1329
308
227
374
2611
1696
503
381
1053
494
2387
353
554
301
632
289
841
2138
1073
3260
1351
395
732
916
2979
704
726
277
1573
4587
1349
6403
2566
391
8721
508
1501
478
372
389
2904
956
1146
1843
2433
514
466
876
1876
5105
1070
928
523
2028
787
1842
856
2336
4365
606
964
2208
1083
2646
1298
2508
1390
3442
2037
1498
641
2711
1201
3206
2382
3278
1732
8965
1107
2006
1884
1407
1544
2612
2804
5949
1220
4067
2415
1674
1120
1923
3016
3215
1572
5268
9172
2217
1214
1826
37665
7583
5576
1674
2054
2006
747
1501
1865
2108
3704
7978
1306
3760
2764
1631
2078
47
43
34
536
1036
436
307
1744
119
249
164
394
0
0
0
3
4
2
529
141
65
52
128
239
257
1515
396
1733
1209
319
4194
624
492
153
436
961
181
452
4683
331
1882
294
739
1266
89
2010
370
637
2389
403
474
688
738
183
267
179
498
205
756
1607
1214
1608
7266
632
883
873
4459
1503
332
597
918
940
747
447
674
888
14649
2794
418
675
302
1734
590
665
6899
1306
717
5028
371
873
519
339
974
1017
1197
1261
8442
303
1260
412
4115
1590
703
1870
1058
658
2371
717
2009
17555
1318
994
779
7137
687
1223
866
1932
1297
948
4887
14154
1158
1715
8839
1892
2397
21068
2228
2651
821
2793
993
3463
3912
2270
1254
1733
2640
2847
2766
1908
12826
2202
1848
1194
1894
11351
2164
4074
1520
5807
23121
3779
2370
1637
34724
1802
4049
4188
5871
1730
955
2832
2605
10603
3021
1334
83
364
85
568
354
342
62
165
283
352
959
787
3
4
2
0
0
0
253
719
163
30
69
902
277
2949
309
267
693
943
199
782
304
416
230
776
989
654
4280
540
273
519
1086
355
1123
604
230
995
212
3269
1432
553
1068
721
703
2738
431
4937
3229
684
2611
962
996
1331
335
899
297
797
2337
957
934
2573
599
651
734
6439
4916
2307
428
655
597
999
506
494
4308
6077
1606
938
759
5078
747
1128
617
714
1653
2061
9726
652
14388
220
20450
872
2172
2709
6362
1290
1684
862
1849
2178
874
1859
423
5793
744
3590
1439
1379
27563
3919
2392
1537
9912
1933
8903
1495
942
1995
36879
1544
1978
10395
2607
749
1202
1609
5157
2460
865
1629
1694
4308
4992
4933
2315
1020
3663
880
2020
1721
1211
1614
2873
1922
11080
46478
2195
2051
10710
854
727
1048
854
6609
10905
1231
10103
21089
276
279
126
160
69
402
408
195
124
89
213
964
529
141
65
253
719
163
0
0
0
253
183
128
444
305
1216
170
493
3185
88
148
11924
2738
166
3435
344
434
860
1046
1215
420
324
180
567
323
2049
578
388
422
265
708
2827
215
3114
716
451
812
879
983
516
6673
351
328
1176
2482
458
822
968
923
659
295
1181
936
9205
628
938
2386
1396
1279
376
1400
2242
554
1621
875
790
332
1049
382
504
1711
2762
3990
715
4350
552
1078
4931
756
468
2978
633
2185
545
26945
641
558
1115
3846
1113
9371
1429
1288
3179
1370
1213
749
1077
9580
2360
34343
23316
10302
2285
881
1078
3040
4487
1681
9345
6582
731
1994
1047
2141
3151
2673
3633
4865
5087
2587
2439
2448
2544
10540
10454
22908
4319
2277
35502
1409
702
3054
6062
5131
21367
2471
8938
3554
3357
5976
1086
2206
3240
15142
2609
1767
424
122
137
188
172
263
314
300
980
362
134
582
52
128
239
30
69
902
253
183
128
0
0
0
2500
3568
665
286
141
239
105
103
92
1744
345
244
291
567
570
1413
864
162
1995
460
314
737
1798
439
391
429
419
2389
383
2873
707
1180
1989
328
290
333
620
300
3926
514
907
4089
345
186
11363
10087
1661
892
643
396
902
440
683
1112
757
474
1543
937
520
696
1284
1095
1253
688
1758
801
3221
1600
589
537
1069
670
946
1094
910
1187
3455
5490
821
650
2830
2656
1249
837
523
791
1386
396
5531
5649
1095
654
1016
1030
1635
1097
1101
827
1978
780
7890
1180
3695
3022
1318
25993
1684
5244
20868
1887
1077
1063
1717
1426
4663
1114
1889
3141
5878
7982
1394
2382
1829
1822
1121
2287
3734
6685
4772
4999
2243
1554
8790
17147
2372
2833
3495
2573
7276
3672
17456
4651
1969
2961
5593
202
927
345
1303
251
301
728
400
81
22
50
257
1515
396
277
2949
309
444
305
1216
2500
3568
665
0
0
0
95
40
41
176
963
369
116
127
172
495
359
2089
1365
350
610
584
438
340
194
1139
451
466
136
492
4225
2454
273
781
1432
511
516
899
164
463
178
551
11511
718
246
405
289
910
378
328
742
1058
1796
1279
1279
604
1279
317
5858
1853
641
2365
2460
2046
713
1507
344
1766
833
521
884
2505
684
1041
393
1715
3075
3964
1290
1371
1388
2742
3194
1282
578
2174
1801
2320
1166
16789
1476
1639
515
3000
1736
1277
2290
532
1671
2862
26410
1273
881
1817
4356
2409
1418
10285
13539
12644
3424
3627
1868
1117
8854
2451
2881
1347
42748
5214
2723
13439
12458
2700
7269
1035
4933
1326
2761
886
13626
842
7289
3228
3980
8550
2345
1691
2638
1555
3359
4122
1186
2463
2747
8835
1241
140
172
408
891
199
1014
526
1262
4941
332
21
137
1733
1209
319
267
693
943
170
493
3185
286
141
239
95
40
41
0
0
0
488
136
1725
1645
197
126
5776
423
882
591
354
422
6959
1515
752
6337
3738
1472
132
455
2173
720
1468
415
1777
385
1079
5042
166
212
731
341
327
758
408
608
2905
525
367
1453
613
1268
445
946
2021
596
817
7348
2752
17072
2155
685
1416
987
3628
4538
2970
610
485
733
2671
2627
469
569
275
880
3245
4847
274
874
1333
2570
916
576
728
888
378
2368
2844
830
2604
1927
8198
1776
9574
23905
2283
984
828
11799
2034
10905
1212
16734
831
1739
1821
1740
1047
6600
2874
11234
1719
11420
4293
1860
2112
3581
6335
775
4968
1838
2058
2166
1282
1434
800
1662
2427
12502
1493
6003
1367
2148
1145
1581
5173
2207
24629
640
3115
8472
25213
4044
4874
798
28382
2687
148
124
415
295
391
789
693
334
1224
3228
4180
589
4194
624
492
199
782
304
88
148
11924
105
103
92
176
963
369
488
136
1725
0
0
0
535
2424
2643
126
395
668
317
100
2240
177
487
377
135
187
3295
1190
803
563
495
277
699
2094
560
890
1168
1285
731
881
1072
528
321
688
170
1133
287
124
1134
517
575
408
719
1906
2647
3299
864
1640
287
290
903
5041
1104
620
11931
1209
1146
1033
812
476
6481
15773
1173
1729
520
655
909
349
9018
1857
1681
1966
818
877
429
645
1588
671
821
4214
5570
3369
813
1338
2188
3365
1770
2996
4180
2001
5232
909
974
17953
1075
3918
7687
2732
753
3190
2861
19664
2266
16478
2252
5850
2968
9131
1436
1364
16450
1403
7255
628
2201
2451
2082
3290
5368
3364
4461
1773
4124
10337
2450
6593
2120
12292
770
1067
12988
5327
2994
2606
2362
6675
4598
635
429
494
146
371
682
651
776
690
317
39
303
153
436
961
416
230
776
2738
166
3435
1744
345
244
116
127
172
1645
197
126
535
2424
2643
0
0
0
484
2019
2101
1756
262
201
1109
2122
1941
1900
625
22072
171
102
87
278
336
6350
912
2374
1200
308
487
115
572
895
530
259
566
2253
1164
2076
1009
953
300
1276
402
2051
1219
1240
2675
256
3515
1701
1180
238
1293
2434
1278
3859
2157
1115
366
937
785
513
1401
276
450
1579
1054
692
2091
1205
2001
1488
1688
587
539
2506
900
4049
3925
975
635
5461
962
1319
1047
4739
4394
1484
2152
1188
903
1831
2090
1311
1542
2399
3283
2081
1251
584
956
10316
4555
4708
3711
985
936
7764
14541
538
665
10234
1654
1134
2295
1082
1825
4314
1517
2069
5081
4787
2598
6368
1976
3413
12308
571
9586
2204
4450
1147
25670
2242
2119
8329
4675
5375
82
223
331
855
282
227
524
249
725
969
2196
461
181
452
4683
989
654
4280
344
434
860
291
567
570
495
359
2089
5776
423
882
126
395
668
484
2019
2101
0
0
0
461
1003
502
3581
408
278
2024
166
259
3179
1206
1031
606
582
489
465
645
179
539
1223
1290
5530
6406
1728
1742
1095
1657
2253
814
992
5245
588
1288
559
277
233
1000
1266
8379
1215
3826
659
2482
557
743
1032
580
920
2722
1802
3835
1368
1260
450
492
12114
767
392
567
534
344
1187
179
750
8942
772
1045
1017
16609
2863
4294
1367
1554
1094
3840
783
2787
23484
4915
1145
1922
5715
5081
1361
2339
2775
8510
3284
13805
3722
524
1750
7233
1698
1995
2877
5178
863
3072
37190
2006
1446
1915
2290
18547
2623
7005
2656
4335
2781
949
7372
1644
2581
6475
1575
2286
10605
1679
2347
5194
2219
3323
1706
2637
4190
5100
1993
5515
227
178
356
224
511
270
5132
678
1580
142
252
279
331
1882
294
540
273
519
1046
1215
420
1413
864
162
1365
350
610
591
354
422
317
100
2240
1756
262
201
461
1003
502
0
0
0
805
1220
752
214
2588
167
210
666
275
2977
819
4670
2498
486
819
3104
1109
497
863
1551
114
1437
1504
159
316
294
419
2796
4476
2009
398
942
487
429
260
321
177
388
180
1164
44084
703
1253
1360
1475
1432
13442
327
255
2681
443
165
356
1095
382
776
448
1918
476
9201
626
1008
491
8548
503
577
7989
546
839
538
1557
8148
2055
604
1308
9397
493
2074
2693
1363
1018
1053
3246
3263
9224
5184
10294
4876
433
1392
622
1236
3008
1538
1474
1856
1542
5861
1943
1850
4739
2182
15819
564
1038
3538
884
1078
1152
7268
5385
2175
11769
1023
19126
875
7554
3103
4689
14402
632
1286
799
4322
5114
1348
1216
659
333
568
1839
281
99
102
321
1055
386
163
739
1266
89
1086
355
1123
324
180
567
1995
460
314
584
438
340
6959
1515
752
177
487
377
1109
2122
1941
3581
408
278
805
1220
752
0
0
0
1463
632
401
904
956
1697
232
300
255
171
1471
145
1324
472
2055
2159
1869
2392
803
1709
1926
1314
928
2744
601
1158
615
126
263
340
3506
2635
915
1667
20165
745
1068
382
582
928
380
1665
1133
559
5806
2157
322
858
541
2526
1725
1429
5222
845
964
623
1443
25300
46388
851
944
1455
1150
1021
5412
4789
2342
7780
3154
1721
1089
1698
564
2202
2079
1158
719
1460
2067
1206
1200
22286
2598
2129
2421
10832
2786
1013
7482
860
4481
2541
3077
3013
3981
4909
4657
2524
5140
2991
1772
2340
2418
12197
1477
6464
1936
786
1953
1589
3210
1846
3547
2487
2200
9198
4729
1254
4087
8314
1809
1094
4862
7950
317
13830
1035
686
574
626
365
827
602
530
1416
2010
370
637
604
230
995
323
2049
578
737
1798
439
194
1139
451
6337
3738
1472
135
187
3295
1900
625
22072
2024
166
259
214
2588
167
1463
632
401
0
0
0
3343
4297
531
513
628
7362
413
953
2620
3139
446
1629
729
730
474
251
803
1116
109
317
40
1940
1511
309
422
1050
3373
2951
3003
801
5483
616
1117
1868
8339
9306
861
738
3212
12506
11502
1663
1090
607
1013
2959
541
1625
910
291
1346
1761
1995
499
3893
1492
527
1069
1520
1570
966
7072
736
1071
2160
1221
777
2881
291
1853
1617
1847
6575
1497
24736
876
775
1223
635
1952
9112
1098
1582
1306
1107
5006
592
420
1116
1152
1131
752
1867
2771
1192
5129
2740
2397
2334
1681
851
1296
1767
9553
16278
3387
3811
3827
1752
33992
1850
1381
1052
5532
2160
494
3231
2229
6394
3606
356
264
1178
3119
1476
1356
1611
1165
330
695
1069
359
2389
403
474
212
3269
1432
388
422
265
391
429
419
466
136
492
132
455
2173
1190
803
563
171
102
87
3179
1206
1031
210
666
275
904
956
1697
3343
4297
531
0
0
0
442
710
386
249
8276
979
387
142
662
995
644
1261
1567
8957
2025
1072
8919
354
284
1004
652
18859
683
1543
1059
1286
113
290
1461
428
224
658
545
3856
712
21346
332
511
196
845
1354
9753
341
1005
243
1322
1041
1340
10486
4400
2884
323
1268
454
474
860
670
1892
17569
1138
744
2130
912
10578
4635
563
1937
747
1586
772
805
1744
3370
851
1955
4512
4627
1458
5349
15831
1213
443
3605
1884
6531
3466
3793
731
848
1275
769
1711
7054
3331
3574
1449
891
1175
2430
645
2761
13311
986
1071
2130
1409
1676
26215
3058
19066
2419
3033
3309
3770
3841
11040
606
707
4245
1754
303
953
1160
238
655
174
1329
308
227
688
738
183
553
1068
721
708
2827
215
2389
383
2873
4225
2454
273
720
1468
415
495
277
699
278
336
6350
606
582
489
2977
819
4670
232
300
255
513
628
7362
442
710
386
0
0
0
284
936
606
2155
1241
570
1069
630
513
1710
1251
578
1125
1830
1541
223
473
984
490
762
883
2005
2715
3112
2209
1333
2008
291
1422
737
375
400
120
1036
412
2067
337
1407
389
1617
1581
1374
2788
753
1969
1137
623
3153
1849
510
3198
545
335
1344
3916
30168
2719
781
9028
4069
2696
6744
1420
2253
2665
5057
1123
2464
855
1210
1909
6866
1696
3843
2081
329
3331
4812
1816
1909
4329
1179
2626
1969
30647
22532
11622
6996
2903
1289
12868
1385
3868
1312
2153
556
1416
2728
1674
2375
1027
935
4909
2027
1124
1635
2199
2846
13242
1140
3846
1813
6093
2025
3557
600
251
300
379
811
386
454
237
374
2611
1696
267
179
498
703
2738
431
3114
716
451
707
1180
1989
781
1432
511
1777
385
1079
2094
560
890
912
2374
1200
465
645
179
2498
486
819
171
1471
145
413
953
2620
249
8276
979
284
936
606
0
0
0
948
2144
1407
526
4698
1889
1761
8207
487
6880
597
6331
786
279
350
210
227
5399
722
912
3386
1717
26445
558
139
523
636
379
546
811
5605
789
1788
488
415
954
1473
626
1300
889
543
2137
4346
11876
1714
833
821
3478
1539
1053
495
7731
2867
1797
7236
2382
18617
1562
983
1208
1524
2581
22168
2381
2760
1367
2415
3332
2637
6411
6653
2607
3825
41366
4274
920
578
2000
2310
10122
6545
1463
1561
739
691
1377
6481
3660
5022
1759
4427
1808
2226
1457
1977
2865
7577
4145
1582
3284
1298
8707
1314
9400
1784
1450
1105
6736
3054
1653
18713
727
1626
661
246
320
957
7155
1108
408
503
381
1053
205
756
1607
4937
3229
684
812
879
983
328
290
333
516
899
164
5042
166
212
1168
1285
731
308
487
115
539
1223
1290
3104
1109
497
1324
472
2055
3139
446
1629
387
142
662
2155
1241
570
948
2144
1407
0
0
0
195
3993
385
811
2230
2413
1030
1019
7467
2798
242
3127
3073
8503
1052
61
427
164
1234
412
481
481
747
2047
2890
1252
1208
557
321
775
625
1203
2694
730
609
3126
1167
2041
1382
1897
1984
1352
898
389
374
1728
5975
3535
1207
1034
473
1650
17261
5511
1783
1209
3869
757
420
1653
1256
1379
3123
3408
1983
1400
13914
4076
896
4593
2448
1805
4894
1036
1795
1735
1295
6131
3873
2594
1458
9110
14611
7675
3787
6331
2808
1546
889
2348
810
1380
8227
1758
1257
1106
2320
2517
592
3421
1408
1660
1941
1600
2484
4131
573
590
500
607
1254
632
350
1711
1035
693
261
494
2387
353
1214
1608
7266
2611
962
996
516
6673
351
620
300
3926
463
178
551
731
341
327
881
1072
528
572
895
530
5530
6406
1728
863
1551
114
2159
1869
2392
729
730
474
995
644
1261
1069
630
513
526
4698
1889
195
3993
385
0
0
0
86
112
366
18205
536
596
5250
383
585
1176
7245
1557
963
1084
929
84
127
467
1768
4535
4552
1541
1595
1128
6340
4360
1876
1289
429
3645
971
388
1991
1028
1943
13068
2846
661
1639
577
2217
1756
4844
2823
1046
753
3017
21471
225
1392
8923
573
1804
1239
844
480
580
18086
1825
1656
1511
1704
1120
11348
1551
7120
7760
2153
6091
852
2594
845
3554
5869
1701
1017
2224
551
1427
1673
1574
3225
810
545
973
12346
1465
1712
1504
2987
18961
773
4207
2642
757
1720
3154
1225
3724
2439
3583
5399
1429
2400
2657
1658
1189
691
2075
815
12332
1045
941
308
554
301
632
632
883
873
1331
335
899
328
1176
2482
514
907
4089
11511
718
246
758
408
608
321
688
170
259
566
2253
1742
1095
1657
1437
1504
159
803
1709
1926
251
803
1116
1567
8957
2025
1710
1251
578
1761
8207
487
811
2230
2413
86
112
366
0
0
0
2926
1394
469
1254
2963
850
2001
954
1865
666
1184
1598
147
342
96
287
3688
769
2131
1688
1227
2066
3380
483
779
927
2325
636
6612
1741
751
288
2750
1357
530
2834
1106
1849
2009
1529
3754
18138
2912
5119
1820
2180
2023
1363
2346
2270
3882
2910
1045
1044
2921
1487
6595
1522
1367
675
8968
1635
2164
2109
2630
5219
12839
1669
2262
4949
1638
1068
1354
8425
1750
1729
2177
8678
6586
4513
794
2534
2955
2559
1191
2727
5588
2512
1570
2721
2757
2805
1898
4435
3701
1289
5201
1543
2760
2085
8816
5372
3070
982
109
804
869
2229
498
805
2132
289
841
2138
4459
1503
332
297
797
2337
458
822
968
345
186
11363
405
289
910
2905
525
367
1133
287
124
1164
2076
1009
2253
814
992
316
294
419
1314
928
2744
109
317
40
1072
8919
354
1125
1830
1541
6880
597
6331
1030
1019
7467
18205
536
596
2926
1394
469
0
0
0
2030
2020
763
553
1173
5178
583
872
1897
3372
212
1789
1164
24369
2359
831
1807
572
9919
13707
851
1925
3137
3101
3115
1243
705
423
2550
162
2692
488
787
730
1391
766
10234
1361
1168
853
2351
4676
2183
748
1216
461
4835
2193
3618
1950
784
1489
2005
5631
1532
2789
6860
34932
11550
1778
1133
7218
2951
1831
1883
9414
9161
745
1566
2043
426
8217
3223
14472
1476
2281
4444
4168
1985
1712
6153
1948
7028
20027
22564
1368
19530
2427
1901
4821
3425
1182
3881
3014
1776
2816
3522
5227
4968
989
353
938
522
1139
433
5350
576
492
1073
3260
1351
597
918
940
957
934
2573
923
659
295
10087
1661
892
378
328
742
1453
613
1268
1134
517
575
953
300
1276
5245
588
1288
2796
4476
2009
601
1158
615
1940
1511
309
284
1004
652
223
473
984
786
279
350
2798
242
3127
5250
383
585
1254
2963
850
2030
2020
763
0
0
0
1316
707
1145
1606
826
460
3927
4659
601
542
281
294
17645
455
555
536
446
343
1115
1151
258
284
1851
1055
2591
914
3053
970
440
1839
5049
546
659
839
5717
531
5587
12790
2204
4750
10756
3388
1390
27557
770
1859
1117
581
1118
2328
781
12198
14262
1081
11295
50343
2123
2871
10144
1194
4184
1409
2163
1296
1677
1254
22207
1390
1691
9161
10594
1880
1458
6829
4983
4433
2579
3119
4465
954
2122
1863
4513
4491
978
748
1946
1658
2936
2697
2313
1635
1420
3397
3674
1750
1974
1626
2722
773
4838
760
1221
1193
285
395
732
916
747
447
674
599
651
734
1181
936
9205
643
396
902
1058
1796
1279
445
946
2021
408
719
1906
402
2051
1219
559
277
233
398
942
487
126
263
340
422
1050
3373
18859
683
1543
490
762
883
210
227
5399
3073
8503
1052
1176
7245
1557
2001
954
1865
553
1173
5178
1316
707
1145
0
0
0
1688
7313
676
2400
4485
23277
765
4719
1051
745
1223
291
2142
712
3324
429
859
1813
5619
14027
1942
7761
1651
811
772
931
521
775
7029
1072
4068
1774
565
1516
6186
2392
877
4235
1489
1484
13278
1255
1593
2296
3696
3288
1250
1135
3726
564
1220
1046
856
3355
764
1171
937
1808
7324
4556
854
6177
14321
5109
4747
3638
2384
3645
492
5772
4194
10820
1884
22662
24035
3406
2907
769
2002
1460
3057
1062
3108
1987
1783
22628
27866
5126
912
10868
26350
48932
7492
499
600
914
1362
353
5019
994
927
377
2979
704
726
888
14649
2794
6439
4916
2307
628
938
2386
440
683
1112
1279
604
1279
596
817
7348
2647
3299
864
1240
2675
256
1000
1266
8379
429
260
321
3506
2635
915
2951
3003
801
1059
1286
113
2005
2715
3112
722
912
3386
61
427
164
963
1084
929
666
1184
1598
583
872
1897
1606
826
460
1688
7313
676
0
0
0
917
1096
686
589
624
2132
1370
3451
423
212
632
296
30738
9078
721
852
1561
259
1015
404
4477
2591
4486
7424
226
332
111
884
5037
413
2441
721
1160
655
1550
2924
1642
8711
1507
298
1309
2800
749
1246
4373
11458
823
5080
3779
1835
7084
1938
3830
7611
605
760
776
2881
11317
1478
1724
2574
1318
3975
4196
4199
2605
797
1377
1472
5765
2195
11599
12312
1297
2075
3118
1826
2272
3089
3822
2960
4584
2625
687
3544
1556
1894
4547
6040
981
794
508
2179
2417
3739
1280
1621
5314
277
1573
4587
418
675
302
428
655
597
1396
1279
376
757
474
1543
317
5858
1853
2752
17072
2155
1640
287
290
3515
1701
1180
1215
3826
659
177
388
180
1667
20165
745
5483
616
1117
290
1461
428
2209
1333
2008
1717
26445
558
1234
412
481
84
127
467
147
342
96
3372
212
1789
3927
4659
601
2400
4485
23277
917
1096
686
0
0
0
4248
1169
1032
537
890
1019
1913
1364
2722
1364
1619
1216
468
339
369
1567
954
1179
433
1240
1341
734
472
1294
2957
1739
2072
407
595
1065
297
2779
2355
4494
3554
6514
6509
5534
1864
2476
2161
9593
5651
3470
10667
4269
1286
2458
51043
1473
2921
1194
979
350
3394
2635
1734
528
709
1074
1411
4056
2412
2103
1397
875
1037
2082
2082
8195
1867
1649
2045
1642
1843
4183
47476
3969
2968
3100
1672
13385
731
2888
798
3313
12912
1317
992
405
3641
340
772
680
1429
1009
1349
6403
2566
1734
590
665
999
506
494
1400
2242
554
937
520
696
641
2365
2460
685
1416
987
903
5041
1104
238
1293
2434
2482
557
743
1164
44084
703
1068
382
582
1868
8339
9306
224
658
545
291
1422
737
139
523
636
481
747
2047
1768
4535
4552
287
3688
769
1164
24369
2359
542
281
294
765
4719
1051
589
624
2132
4248
1169
1032
0
0
0
1302
59
97
13027
661
2265
220
447
6069
740
2515
627
456
11622
7204
2184
1363
1151
1613
1094
1812
228
636
193
2469
1209
3112
2348
1041
1882
11465
6184
2644
4305
1314
4662
461
244
237
8587
1874
18962
2054
2215
2697
1405
2003
3709
2134
5750
2830
2176
8102
1486
7810
26047
687
2205
869
1862
5598
4457
543
1334
3633
7609
675
795
1695
2713
4037
4927
670
19434
913
48142
2311
9440
1643
7166
4785
13824
1533
3289
363
1063
859
1673
520
6977
957
626
702
391
8721
508
6899
1306
717
4308
6077
1606
1621
875
790
1284
1095
1253
2046
713
1507
3628
4538
2970
620
11931
1209
1278
3859
2157
1032
580
920
1253
1360
1475
928
380
1665
861
738
3212
3856
712
21346
375
400
120
379
546
811
2890
1252
1208
1541
1595
1128
2131
1688
1227
831
1807
572
17645
455
555
745
1223
291
1370
3451
423
537
890
1019
1302
59
97
0
0
0
3308
2321
1646
315
3837
599
4333
12188
1165
3037
1601
2147
1450
4495
6904
885
4298
862
2505
1106
114
5919
3121
719
36975
1588
6852
4321
919
13246
10777
11604
1821
1211
412
2226
3994
6923
8478
2550
491
1630
1458
1270
2168
7683
3697
4345
7915
2169
2410
2240
8306
927
1060
2296
981
3568
1688
1954
6658
23232
6955
3935
2824
2407
12065
818
1340
2962
489
1357
1231
2111
7504
3227
6752
4060
6269
3805
2801
807
10996
714
4053
424
3596
397
2515
1086
1501
478
372
5028
371
873
938
759
5078
332
1049
382
688
1758
801
344
1766
833
610
485
733
1146
1033
812
1115
366
937
2722
1802
3835
1432
13442
327
1133
559
5806
12506
11502
1663
332
511
196
1036
412
2067
5605
789
1788
557
321
775
6340
4360
1876
2066
3380
483
9919
13707
851
536
446
343
2142
712
3324
212
632
296
1913
1364
2722
13027
661
2265
3308
2321
1646
0
0
0
487
2183
498
1071
906
1380
4670
950
1875
1395
1109
2022
1311
414
1499
612
650
729
1794
10214
1191
5859
1645
4331
2560
1825
3223
2003
1650
1537
1014
2901
1097
1841
4475
3057
1409
2426
1744
1617
5395
2085
16389
585
6562
931
3505
11174
1873
3680
1243
11279
42205
6150
4264
5842
1588
1358
3252
7751
833
4965
598
863
865
3092
3578
5023
2788
2361
5963
2059
2298
3475
1921
747
634
4294
2086
1053
1849
479
7647
1122
1762
561
926
389
2904
956
519
339
974
747
1128
617
504
1711
2762
3221
1600
589
521
884
2505
2671
2627
469
476
6481
15773
785
513
1401
1368
1260
450
255
2681
443
2157
322
858
1090
607
1013
845
1354
9753
337
1407
389
488
415
954
625
1203
2694
1289
429
3645
779
927
2325
1925
3137
3101
1115
1151
258
429
859
1813
30738
9078
721
1364
1619
1216
220
447
6069
315
3837
599
487
2183
498
0
0
0
1117
6130
946
1942
2975
5350
869
9440
2124
3364
2836
5211
1518
148
532
13033
4190
1346
2698
3167
2672
11081
9941
4662
2919
761
1454
468
710
1615
4158
4598
4549
8841
496
533
817
4623
2523
3200
56175
1882
4976
1419
7329
2417
1236
2723
1658
452
4491
4121
29228
3674
4429
1632
7742
2732
805
1992
3138
2648
981
1798
6157
22852
961
4024
1396
1960
75453
1369
5755
826
2194
380
989
499
1119
1420
7018
1387
2399
1272
1146
1843
2433
1017
1197
1261
714
1653
2061
3990
715
4350
537
1069
670
684
1041
393
569
275
880
1173
1729
520
276
450
1579
492
12114
767
165
356
1095
541
2526
1725
2959
541
1625
341
1005
243
1617
1581
1374
1473
626
1300
730
609
3126
971
388
1991
636
6612
1741
3115
1243
705
284
1851
1055
5619
14027
1942
852
1561
259
468
339
369
740
2515
627
4333
12188
1165
1071
906
1380
1117
6130
946
0
0
0
700
3114
2837
4608
644
421
138
1684
267
11248
782
2894
1519
730
596
1057
947
5130
1324
709
2072
3665
336
255
1117
4349
3796
8456
1167
1457
8225
12624
36849
9976
6103
68383
560
17510
1906
6364
32523
6107
2108
505
1139
2552
4126
1139
1061
6756
1019
1191
4460
1875
13871
26693
2298
1707
7712
3313
2784
1399
1550
1975
1400
2487
1974
884
3628
739
6165
925
2799
10220
863
231
1345
1752
4189
1437
275
514
466
876
8442
303
1260
9726
652
14388
552
1078
4931
946
1094
910
1715
3075
3964
3245
4847
274
655
909
349
1054
692
2091
392
567
534
382
776
448
1429
5222
845
910
291
1346
1322
1041
1340
2788
753
1969
889
543
2137
1167
2041
1382
1028
1943
13068
751
288
2750
423
2550
162
2591
914
3053
7761
1651
811
1015
404
4477
1567
954
1179
456
11622
7204
3037
1601
2147
4670
950
1875
1942
2975
5350
700
3114
2837
0
0
0
861
2334
4946
1463
3262
1615
798
732
1183
1649
876
681
200
1389
935
701
16517
4239
1273
4913
1379
2141
11277
20861
5431
5806
1082
3696
2338
22661
5623
2626
17266
1084
765
3265
3901
548
3843
1345
1607
1436
2157
13855
3676
2571
2169
1713
2600
3439
663
6702
3088
1458
22489
5781
2166
1376
1590
2135
1215
2837
4025
2294
4561
2162
1968
19785
10816
440
614
2686
1669
1246
1694
872
347
1366
1876
5105
1070
412
4115
1590
220
20450
872
756
468
2978
1187
3455
5490
1290
1371
1388
874
1333
2570
9018
1857
1681
1205
2001
1488
344
1187
179
1918
476
9201
964
623
1443
1761
1995
499
10486
4400
2884
1137
623
3153
4346
11876
1714
1897
1984
1352
2846
661
1639
1357
530
2834
2692
488
787
970
440
1839
772
931
521
2591
4486
7424
433
1240
1341
2184
1363
1151
1450
4495
6904
1395
1109
2022
869
9440
2124
4608
644
421
861
2334
4946
0
0
0
1543
944
882
557
677
2198
1327
2471
49727
1938
22893
2531
6437
5177
1393
7704
4353
15678
3008
11104
1091
4737
1191
969
1607
372
7584
463
1120
565
1552
46264
2959
1810
612
3418
2339
2823
689
1590
3482
2279
2457
6775
795
1634
3091
1803
9502
1588
4093
13329
12856
9506
1717
7989
2312
3263
2067
1171
3670
1767
2244
2090
4444
3346
675
545
1651
1199
734
1864
1541
1851
1331
928
523
2028
703
1870
1058
2172
2709
6362
633
2185
545
821
650
2830
2742
3194
1282
916
576
728
1966
818
877
1688
587
539
750
8942
772
626
1008
491
25300
46388
851
3893
1492
527
323
1268
454
1849
510
3198
833
821
3478
898
389
374
577
2217
1756
1106
1849
2009
730
1391
766
5049
546
659
775
7029
1072
226
332
111
734
472
1294
1613
1094
1812
885
4298
862
1311
414
1499
3364
2836
5211
138
1684
267
1463
3262
1615
1543
944
882
0
0
0
445
2013
1047
1449
2927
349
2573
2085
1784
4045
13046
1144
402
1267
398
3546
4681
1581
1983
4463
6073
2454
3623
2831
2910
8479
62879
1819
986
827
54315
24017
3804
703
1601
984
9746
2768
6064
536
2332
1542
3231
51408
1024
935
2162
1117
1494
1660
4177
7134
2321
1765
3168
3640
2514
3846
5229
2366
837
1085
814
1689
823
4006
1522
319
1853
1202
1922
566
787
1842
856
658
2371
717
1290
1684
862
26945
641
558
2656
1249
837
578
2174
1801
888
378
2368
429
645
1588
2506
900
4049
1045
1017
16609
8548
503
577
944
1455
1150
1069
1520
1570
474
860
670
545
335
1344
1539
1053
495
1728
5975
3535
4844
2823
1046
1529
3754
18138
10234
1361
1168
839
5717
531
4068
1774
565
884
5037
413
2957
1739
2072
228
636
193
2505
1106
114
612
650
729
1518
148
532
11248
782
2894
798
732
1183
557
677
2198
445
2013
1047
0
0
0
2837
22481
2174
1987
2556
4310
6594
2495
7173
1617
1679
7165
36118
876
4708
31682
1652
10676
3893
2253
3269
10528
2139
3214
3337
6027
1130
4025
4589
1441
2996
1148
4026
3171
826
14395
3594
14917
2790
1859
3273
1613
822
1064
2187
4454
1299
15416
2091
5122
896
2397
1673
8307
29983
4645
3410
1891
1973
3139
1254
5412
3324
1390
3157
2137
9060
7519
2394
2336
4365
606
2009
17555
1318
1849
2178
874
1115
3846
1113
523
791
1386
2320
1166
16789
2844
830
2604
671
821
4214
3925
975
635
2863
4294
1367
7989
546
839
1021
5412
4789
966
7072
736
1892
17569
1138
3916
30168
2719
7731
2867
1797
1207
1034
473
753
3017
21471
2912
5119
1820
853
2351
4676
5587
12790
2204
1516
6186
2392
2441
721
1160
407
595
1065
2469
1209
3112
5919
3121
719
1794
10214
1191
13033
4190
1346
1519
730
596
1649
876
681
1327
2471
49727
1449
2927
349
2837
22481
2174
0
0
0
1257
1481
5895
646
1505
413
312
1088
296
6505
6992
2424
851
3018
1168
2274
1556
2428
1870
2433
699
400
525
459
2197
1741
1667
1562
2086
464
12935
1298
3634
445
3650
413
1886
1870
979
58208
6607
2908
1989
2295
6394
6098
7768
7243
9954
23026
1391
1323
1891
5820
1557
2234
2742
374
876
5275
1330
1110
3814
5894
4975
1582
964
2208
1083
994
779
7137
1859
423
5793
9371
1429
1288
396
5531
5649
1476
1639
515
1927
8198
1776
5570
3369
813
5461
962
1319
1554
1094
3840
538
1557
8148
2342
7780
3154
1071
2160
1221
744
2130
912
781
9028
4069
7236
2382
18617
1650
17261
5511
225
1392
8923
2180
2023
1363
2183
748
1216
4750
10756
3388
877
4235
1489
655
1550
2924
297
2779
2355
2348
1041
1882
36975
1588
6852
5859
1645
4331
2698
3167
2672
1057
947
5130
200
1389
935
1938
22893
2531
2573
2085
1784
1987
2556
4310
1257
1481
5895
0
0
0
800
219
2623
3000
1657
547
1436
9156
6471
859
321
1115
2479
9035
1816
10635
22325
5868
2622
733
6631
2986
3786
2298
3922
2295
2333
14182
2928
2680
3855
2304
3324
983
3828
3026
4467
15066
3959
6257
877
4229
5790
10229
1284
600
466
586
1195
419
592
14789
3187
2128
18662
1702
6260
2781
1155
4883
1076
2366
13536
2646
1298
2508
687
1223
866
744
3590
1439
3179
1370
1213
1095
654
1016
3000
1736
1277
9574
23905
2283
1338
2188
3365
1047
4739
4394
783
2787
23484
2055
604
1308
1721
1089
1698
777
2881
291
10578
4635
563
2696
6744
1420
1562
983
1208
1783
1209
3869
573
1804
1239
2346
2270
3882
461
4835
2193
1390
27557
770
1484
13278
1255
1642
8711
1507
4494
3554
6514
11465
6184
2644
4321
919
13246
2560
1825
3223
11081
9941
4662
1324
709
2072
701
16517
4239
6437
5177
1393
4045
13046
1144
6594
2495
7173
646
1505
413
800
219
2623
0
0
0
1755
938
1719
3098
6775
7018
1675
906
958
46989
958
2564
17304
26877
11723
1980
804
1139
5265
720
1423
993
3025
1159
4739
3157
4557
1900
44880
881
730
459
3362
6989
6381
7311
4863
5486
6703
2087
1568
3609
1068
812
1100
2542
531
1542
11934
8414
2225
787
1203
6164
1946
1858
2565
770
863
7854
1390
3442
2037
1932
1297
948
1379
27563
3919
749
1077
9580
1030
1635
1097
2290
532
1671
984
828
11799
1770
2996
4180
1484
2152
1188
4915
1145
1922
9397
493
2074
564
2202
2079
1853
1617
1847
1937
747
1586
2253
2665
5057
1524
2581
22168
757
420
1653
844
480
580
2910
1045
1044
3618
1950
784
1859
1117
581
1593
2296
3696
298
1309
2800
6509
5534
1864
4305
1314
4662
10777
11604
1821
2003
1650
1537
2919
761
1454
3665
336
255
1273
4913
1379
7704
4353
15678
402
1267
398
1617
1679
7165
312
1088
296
3000
1657
547
1755
938
1719
0
0
0
2714
2131
2282
21529
1395
2116
3842
3000
1745
13003
6460
81519
600
2340
1013
15493
1709
1676
783
960
4246
90461
4423
3796
971
827
963
2676
942
1026
4594
1779
777
2282
1420
3229
2629
5377
1982
3719
10215
6963
968
3425
2851
8116
4329
1140
2458
834
4042
19006
8124
2802
2764
5630
1037
1498
641
2711
4887
14154
1158
2392
1537
9912
2360
34343
23316
1101
827
1978
2862
26410
1273
2034
10905
1212
2001
5232
909
903
1831
2090
5715
5081
1361
2693
1363
1018
1158
719
1460
6575
1497
24736
772
805
1744
1123
2464
855
2381
2760
1367
1256
1379
3123
18086
1825
1656
2921
1487
6595
1489
2005
5631
1118
2328
781
3288
1250
1135
749
1246
4373
2476
2161
9593
461
244
237
1211
412
2226
1014
2901
1097
468
710
1615
1117
4349
3796
2141
11277
20861
3008
11104
1091
3546
4681
1581
36118
876
4708
6505
6992
2424
1436
9156
6471
3098
6775
7018
2714
2131
2282
0
0
0
2274
1940
20880
1662
1054
3782
5742
577
1334
2939
8292
2996
4790
7628
4187
15043
2915
990
1057
147
311
1798
55575
5067
7432
8756
7784
1449
3395
6590
3710
1232
7901
1952
3054
361
32116
5361
95925
4977
3558
24425
4551
3505
2816
3214
2859
527
2117
1499
8642
3868
10670
3869
1201
3206
2382
1715
8839
1892
1933
8903
1495
10302
2285
881
780
7890
1180
881
1817
4356
16734
831
1739
974
17953
1075
1311
1542
2399
2339
2775
8510
1053
3246
3263
2067
1206
1200
876
775
1223
3370
851
1955
1210
1909
6866
2415
3332
2637
3408
1983
1400
1511
1704
1120
1522
1367
675
1532
2789
6860
12198
14262
1081
3726
564
1220
11458
823
5080
5651
3470
10667
8587
1874
18962
3994
6923
8478
1841
4475
3057
4158
4598
4549
8456
1167
1457
5431
5806
1082
4737
1191
969
1983
4463
6073
31682
1652
10676
851
3018
1168
859
321
1115
1675
906
958
21529
1395
2116
2274
1940
20880
0
0
0
1400
8225
9405
722
3538
932
6391
1305
3624
11490
1842
896
27990
4642
569
1777
6106
2625
2381
804
2301
1457
204
1682
100625
11393
2784
3408
10795
2722
4794
4965
5793
1545
757
598
1040
1350
3314
3811
3173
3552
4891
5252
3110
9161
2694
11439
1064
11171
3863
3278
1732
8965
2397
21068
2228
942
1995
36879
1078
3040
4487
3695
3022
1318
2409
1418
10285
1821
1740
1047
3918
7687
2732
3283
2081
1251
3284
13805
3722
9224
5184
10294
22286
2598
2129
635
1952
9112
4512
4627
1458
1696
3843
2081
6411
6653
2607
13914
4076
896
11348
1551
7120
8968
1635
2164
34932
11550
1778
11295
50343
2123
1046
856
3355
3779
1835
7084
4269
1286
2458
2054
2215
2697
2550
491
1630
1409
2426
1744
8841
496
533
8225
12624
36849
3696
2338
22661
1607
372
7584
2454
3623
2831
3893
2253
3269
2274
1556
2428
2479
9035
1816
46989
958
2564
3842
3000
1745
1662
1054
3782
1400
8225
9405
0
0
0
301
499
2113
32389
8680
6523
1062
1441
4432
2643
4011
6810
4610
470
1225
4383
1433
1939
4144
10681
3800
21573
3049
1027
3868
5678
3433
945
604
1955
5944
2049
5981
4183
1732
13404
10284
51132
1320
1529
1214
44850
1273
5611
721
2953
452
1503
1107
2006
1884
2651
821
2793
1544
1978
10395
1681
9345
6582
25993
1684
5244
13539
12644
3424
6600
2874
11234
753
3190
2861
584
956
10316
524
1750
7233
4876
433
1392
2421
10832
2786
1098
1582
1306
5349
15831
1213
329
3331
4812
3825
41366
4274
4593
2448
1805
7760
2153
6091
2109
2630
5219
1133
7218
2951
2871
10144
1194
764
1171
937
1938
3830
7611
51043
1473
2921
1405
2003
3709
1458
1270
2168
1617
5395
2085
817
4623
2523
9976
6103
68383
5623
2626
17266
463
1120
565
2910
8479
62879
10528
2139
3214
1870
2433
699
10635
22325
5868
17304
26877
11723
13003
6460
81519
5742
577
1334
722
3538
932
301
499
2113
0
0
0
4054
4281
50265
1587
879
2490
2009
1227
10451
1443
511
2295
3850
1880
3479
8655
6281
4583
2170
5019
3039
3078
3405
725
598
2148
2905
3531
3559
1862
6038
2409
4912
3927
5470
4872
1530
4677
2111
1868
7700
1794
2878
5592
1782
1407
1544
2612
993
3463
3912
2607
749
1202
731
1994
1047
20868
1887
1077
3627
1868
1117
1719
11420
4293
19664
2266
16478
4555
4708
3711
1698
1995
2877
622
1236
3008
1013
7482
860
1107
5006
592
443
3605
1884
1816
1909
4329
920
578
2000
4894
1036
1795
852
2594
845
12839
1669
2262
1831
1883
9414
4184
1409
2163
1808
7324
4556
605
760
776
1194
979
350
2134
5750
2830
7683
3697
4345
16389
585
6562
3200
56175
1882
560
17510
1906
1084
765
3265
1552
46264
2959
1819
986
827
3337
6027
1130
400
525
459
2622
733
6631
1980
804
1139
600
2340
1013
2939
8292
2996
6391
1305
3624
32389
8680
6523
4054
4281
50265
0
0
0
2396
6881
2379
2780
1155
711
2852
22609
2696
76
206
149
847
1878
3786
8739
22435
1980
2376
9105
63443
2406
6894
1886
1025
868
1974
1470
3283
2193
3420
5717
6107
1508
879
2885
2447
964
1092
728
2132
942
2804
5949
1220
2270
1254
1733
1609
5157
2460
2141
3151
2673
1063
1717
1426
8854
2451
2881
1860
2112
3581
2252
5850
2968
985
936
7764
5178
863
3072
1538
1474
1856
4481
2541
3077
420
1116
1152
6531
3466
3793
1179
2626
1969
2310
10122
6545
1735
1295
6131
3554
5869
1701
4949
1638
1068
9161
745
1566
1296
1677
1254
854
6177
14321
2881
11317
1478
3394
2635
1734
2176
8102
1486
7915
2169
2410
931
3505
11174
4976
1419
7329
6364
32523
6107
3901
548
3843
1810
612
3418
54315
24017
3804
4025
4589
1441
2197
1741
1667
2986
3786
2298
5265
720
1423
15493
1709
1676
4790
7628
4187
11490
1842
896
1062
1441
4432
1587
879
2490
2396
6881
2379
0
0
0
2056
1214
2082
13308
4479
1347
3867
4185
10256
1106
919
8540
2494
2441
2622
2758
2955
7977
3184
1539
7073
1314
1571
10879
2722
4785
4862
1966
1162
6374
4097
1767
1800
2666
2340
951
1608
2761
7416
4067
2415
1674
2640
2847
2766
865
1629
1694
3633
4865
5087
4663
1114
1889
1347
42748
5214
6335
775
4968
9131
1436
1364
14541
538
665
37190
2006
1446
1542
5861
1943
3013
3981
4909
1131
752
1867
731
848
1275
30647
22532
11622
1463
1561
739
3873
2594
1458
1017
2224
551
1354
8425
1750
2043
426
8217
22207
1390
1691
5109
4747
3638
1724
2574
1318
528
709
1074
7810
26047
687
2240
8306
927
1873
3680
1243
2417
1236
2723
2108
505
1139
1345
1607
1436
2339
2823
689
703
1601
984
2996
1148
4026
1562
2086
464
3922
2295
2333
993
3025
1159
783
960
4246
15043
2915
990
27990
4642
569
2643
4011
6810
2009
1227
10451
2780
1155
711
2056
1214
2082
0
0
0
2708
3220
33766
71
143
98
1228
2049
1463
2400
23020
2290
18556
6665
3080
5572
1819
29703
728
35102
1793
531
1316
2195
665
1097
692
2247
600
1725
3438
3391
1927
1189
18128
3208
1120
1923
3016
1908
12826
2202
4308
4992
4933
2587
2439
2448
3141
5878
7982
2723
13439
12458
1838
2058
2166
16450
1403
7255
10234
1654
1134
1915
2290
18547
1850
4739
2182
4657
2524
5140
2771
1192
5129
769
1711
7054
6996
2903
1289
691
1377
6481
9110
14611
7675
1427
1673
1574
1729
2177
8678
3223
14472
1476
9161
10594
1880
2384
3645
492
3975
4196
4199
1411
4056
2412
2205
869
1862
1060
2296
981
11279
42205
6150
1658
452
4491
2552
4126
1139
2157
13855
3676
1590
3482
2279
9746
2768
6064
3171
826
14395
12935
1298
3634
14182
2928
2680
4739
3157
4557
90461
4423
3796
1057
147
311
1777
6106
2625
4610
470
1225
1443
511
2295
2852
22609
2696
13308
4479
1347
2708
3220
33766
0
0
0
5881
7385
5235
9533
4063
8251
3601
13009
2928
2350
6258
6933
9409
11931
2661
8067
6718
19859
3728
5603
3713
7986
2406
1724
5798
7874
19963
4554
13066
2800
24608
1099
2590
3215
1572
5268
1848
1194
1894
2315
1020
3663
2544
10540
10454
1394
2382
1829
2700
7269
1035
1282
1434
800
628
2201
2451
2295
1082
1825
2623
7005
2656
15819
564
1038
2991
1772
2340
2740
2397
2334
3331
3574
1449
12868
1385
3868
3660
5022
1759
3787
6331
2808
3225
810
545
6586
4513
794
2281
4444
4168
1458
6829
4983
5772
4194
10820
2605
797
1377
2103
1397
875
5598
4457
543
3568
1688
1954
4264
5842
1588
4121
29228
3674
1061
6756
1019
2571
2169
1713
2457
6775
795
536
2332
1542
3594
14917
2790
445
3650
413
3855
2304
3324
1900
44880
881
971
827
963
1798
55575
5067
2381
804
2301
4383
1433
1939
3850
1880
3479
76
206
149
3867
4185
10256
71
143
98
5881
7385
5235
0
0
0
2408
939
1244
7035
3702
4138
1235
24018
2146
1483
16218
142756
2747
5699
8518
962
381
4812
2716
4158
2271
1758
2142
1273
7237
30841
2189
2376
5859
1618
9172
2217
1214
11351
2164
4074
880
2020
1721
22908
4319
2277
1822
1121
2287
4933
1326
2761
1662
2427
12502
2082
3290
5368
4314
1517
2069
4335
2781
949
3538
884
1078
2418
12197
1477
1681
851
1296
891
1175
2430
1312
2153
556
4427
1808
2226
1546
889
2348
973
12346
1465
2534
2955
2559
1985
1712
6153
4433
2579
3119
1884
22662
24035
1472
5765
2195
1037
2082
2082
1334
3633
7609
6658
23232
6955
1358
3252
7751
4429
1632
7742
1191
4460
1875
2600
3439
663
1634
3091
1803
3231
51408
1024
1859
3273
1613
1886
1870
979
983
3828
3026
730
459
3362
2676
942
1026
7432
8756
7784
1457
204
1682
4144
10681
3800
8655
6281
4583
847
1878
3786
1106
919
8540
1228
2049
1463
9533
4063
8251
2408
939
1244
0
0
0
6862
6256
4732
5601
6890
3808
6695
14613
5578
809
108
200
12379
1227
822
4300
7649
58494
2765
2836
1922
1592
1794
1667
5987
2051
1691
1826
37665
7583
1520
5807
23121
1211
1614
2873
35502
1409
702
3734
6685
4772
886
13626
842
1493
6003
1367
3364
4461
1773
5081
4787
2598
7372
1644
2581
1152
7268
5385
6464
1936
786
1767
9553
16278
645
2761
13311
1416
2728
1674
1457
1977
2865
810
1380
8227
1712
1504
2987
1191
2727
5588
1948
7028
20027
4465
954
2122
3406
2907
769
11599
12312
1297
8195
1867
1649
675
795
1695
3935
2824
2407
833
4965
598
2732
805
1992
13871
26693
2298
6702
3088
1458
9502
1588
4093
935
2162
1117
822
1064
2187
58208
6607
2908
4467
15066
3959
6989
6381
7311
4594
1779
777
1449
3395
6590
100625
11393
2784
21573
3049
1027
2170
5019
3039
8739
22435
1980
2494
2441
2622
2400
23020
2290
3601
13009
2928
7035
3702
4138
6862
6256
4732
0
0
0
3136
2077
1153
1416
532
4533
7993
9602
21507
23532
4315
2816
26867
5035
3500
2600
1828
8772
7825
1598
2300
1619
13632
4409
5576
1674
2054
3779
2370
1637
1922
11080
46478
3054
6062
5131
4999
2243
1554
7289
3228
3980
2148
1145
1581
4124
10337
2450
6368
1976
3413
6475
1575
2286
2175
11769
1023
1953
1589
3210
3387
3811
3827
986
1071
2130
2375
1027
935
7577
4145
1582
1758
1257
1106
18961
773
4207
2512
1570
2721
22564
1368
19530
1863
4513
4491
2002
1460
3057
2075
3118
1826
2045
1642
1843
2713
4037
4927
12065
818
1340
863
865
3092
3138
2648
981
1707
7712
3313
22489
5781
2166
13329
12856
9506
1494
1660
4177
4454
1299
15416
1989
2295
6394
6257
877
4229
4863
5486
6703
2282
1420
3229
3710
1232
7901
3408
10795
2722
3868
5678
3433
3078
3405
725
2376
9105
63443
2758
2955
7977
18556
6665
3080
2350
6258
6933
1235
24018
2146
5601
6890
3808
3136
2077
1153
0
0
0
3349
3625
2561
3085
6302
5951
31056
7467
2446
2764
3016
1578
1565
2606
1234
4785
1139
1749
14472
1842
3015
2006
747
1501
34724
1802
4049
2195
2051
10710
21367
2471
8938
8790
17147
2372
8550
2345
1691
5173
2207
24629
6593
2120
12292
12308
571
9586
10605
1679
2347
19126
875
7554
1846
3547
2487
1752
33992
1850
1409
1676
26215
4909
2027
1124
3284
1298
8707
2320
2517
592
2642
757
1720
2757
2805
1898
2427
1901
4821
978
748
1946
1062
3108
1987
2272
3089
3822
4183
47476
3969
670
19434
913
2962
489
1357
3578
5023
2788
1798
6157
22852
2784
1399
1550
1376
1590
2135
1717
7989
2312
7134
2321
1765
2091
5122
896
6098
7768
7243
5790
10229
1284
2087
1568
3609
2629
5377
1982
1952
3054
361
4794
4965
5793
945
604
1955
598
2148
2905
2406
6894
1886
3184
1539
7073
5572
1819
29703
9409
11931
2661
1483
16218
142756
6695
14613
5578
1416
532
4533
3349
3625
2561
0
0
0
5259
20490
5262
1207
4693
1667
13308
6886
1948
1614
6068
1402
13134
2736
2151
695
80199
2107
1865
2108
3704
4188
5871
1730
854
727
1048
3554
3357
5976
2833
3495
2573
2638
1555
3359
640
3115
8472
770
1067
12988
2204
4450
1147
5194
2219
3323
3103
4689
14402
2200
9198
4729
1381
1052
5532
3058
19066
2419
1635
2199
2846
1314
9400
1784
3421
1408
1660
3154
1225
3724
4435
3701
1289
3425
1182
3881
1658
2936
2697
1783
22628
27866
2960
4584
2625
2968
3100
1672
48142
2311
9440
1231
2111
7504
2361
5963
2059
961
4024
1396
1975
1400
2487
1215
2837
4025
3263
2067
1171
3168
3640
2514
2397
1673
8307
9954
23026
1391
600
466
586
1068
812
1100
3719
10215
6963
32116
5361
95925
1545
757
598
5944
2049
5981
3531
3559
1862
1025
868
1974
1314
1571
10879
728
35102
1793
8067
6718
19859
2747
5699
8518
809
108
200
7993
9602
21507
3085
6302
5951
5259
20490
5262
0
0
0
803
1314
7213
2953
17136
3567
4757
2662
1703
2076
3049
984
834
1573
1528
7978
1306
3760
955
2832
2605
854
6609
10905
1086
2206
3240
7276
3672
17456
4122
1186
2463
25213
4044
4874
5327
2994
2606
25670
2242
2119
1706
2637
4190
632
1286
799
1254
4087
8314
2160
494
3231
3033
3309
3770
13242
1140
3846
1450
1105
6736
1941
1600
2484
2439
3583
5399
5201
1543
2760
3014
1776
2816
2313
1635
1420
5126
912
10868
687
3544
1556
13385
731
2888
1643
7166
4785
3227
6752
4060
2298
3475
1921
1960
75453
1369
1974
884
3628
2294
4561
2162
3670
1767
2244
3846
5229
2366
29983
4645
3410
1323
1891
5820
1195
419
592
2542
531
1542
968
3425
2851
4977
3558
24425
1040
1350
3314
4183
1732
13404
6038
2409
4912
1470
3283
2193
2722
4785
4862
531
1316
2195
3728
5603
3713
962
381
4812
12379
1227
822
23532
4315
2816
31056
7467
2446
1207
4693
1667
803
1314
7213
0
0
0
3524
1967
2493
5993
1281
3420
2807
8786
2425
3728
3056
2689
2764
1631
2078
10603
3021
1334
1231
10103
21089
15142
2609
1767
4651
1969
2961
2747
8835
1241
798
28382
2687
2362
6675
4598
8329
4675
5375
5100
1993
5515
4322
5114
1348
1809
1094
4862
2229
6394
3606
3841
11040
606
1813
6093
2025
3054
1653
18713
4131
573
590
1429
2400
2657
2085
8816
5372
3522
5227
4968
3397
3674
1750
26350
48932
7492
1894
4547
6040
798
3313
12912
13824
1533
3289
6269
3805
2801
747
634
4294
5755
826
2194
739
6165
925
1968
19785
10816
2090
4444
3346
837
1085
814
1891
1973
3139
1557
2234
2742
14789
3187
2128
11934
8414
2225
8116
4329
1140
4551
3505
2816
3811
3173
3552
10284
51132
1320
3927
5470
4872
3420
5717
6107
1966
1162
6374
665
1097
692
7986
2406
1724
2716
4158
2271
4300
7649
58494
26867
5035
3500
2764
3016
1578
13308
6886
1948
2953
17136
3567
3524
1967
2493
0
0
0
