C_ijk
0
0
0
91
356
274
88
1582
377
185
5842
450
562
103
28
46
31
35
136
135
110
55
395
93
196
704
350
343
663
168
193
701
236
820
275
1672
132
159
87
204
3121
415
149
424
109
308
728
1754
699
269
454
5237
256
576
7987
3204
534
356
614
745
1374
253
1809
317
532
298
440
403
6522
290
468
786
2070
779
241
663
1750
899
322
670
669
908
303
1354
1930
884
4501
1987
2259
1090
1968
866
801
448
453
4844
1122
2198
841
513
1110
997
998
2191
1550
313
1192
1239
19340
2495
1666
15769
2210
1754
2508
4556
2795
5154
1074
850
2897
40498
879
4011
1357
3167
7677
1366
727
1527
3352
958
5174
2859
971
5980
12646
8415
1666
3789
5321
1066
1323
1562
4578
1225
3035
21012
1620
14859
3224
2873
2012
17398
10175
3050
3243
997
3186
2574
1390
10840
10781
2641
1812
1660
7723
1712
91
356
274
0
0
0
194
114
274
198
1481
78
265
101
801
561
415
179
50
70
225
282
262
1297
204
550
144
180
458
1665
311
2212
166
269
2911
292
234
295
260
253
299
360
399
459
5545
568
1804
543
881
455
309
225
183
393
297
421
777
1344
836
657
735
1531
502
2706
1818
540
368
372
963
1247
347
1633
17629
403
1312
3407
296
371
451
1323
1300
351
984
4208
519
579
534
254
604
937
963
534
706
467
187
806
736
802
2444
4058
2886
6943
11048
342
653
1106
625
1844
5170
2673
4594
1627
1896
6127
1114
1907
1440
1152
924
3805
1303
2341
1867
4278
1515
10221
1783
2278
522
10995
693
1522
4507
2219
2908
973
15249
2946
1016
928
3821
1502
2152
4688
1214
1583
2241
2059
6630
1797
1416
1263
12218
21778
6635
1126
1398
774
1953
1007
4880
3292
1568
3283
4643
5310
10498
6232
88
1582
377
194
114
274
0
0
0
462
883
598
6258
346
184
186
357
65
211
108
63
190
225
372
1246
213
1039
600
104
4347
889
1031
866
715
525
2973
210
102
219
1084
674
791
407
324
616
615
520
1508
498
521
394
316
238
575
383
1433
268
528
703
603
562
557
2198
2050
2221
488
436
2174
399
509
1842
1826
438
908
385
477
5139
1029
4219
2454
1478
557
395
388
4930
597
649
826
1573
698
1910
2487
392
16007
640
1286
595
1252
868
1627
864
560
634
682
12103
731
510
580
3087
664
8081
1477
1355
2458
815
1094
9181
1197
1087
2508
1576
3260
14708
5566
2297
2177
963
2329
1217
1311
536
11146
3116
1059
1107
435
6704
801
4205
2646
6624
692
4423
2889
25444
1943
14456
2313
11826
837
1134
2408
13160
1736
4181
1626
506
1730
1221
6005
3671
1835
16050
1721
2703
1036
1345
2562
185
5842
450
198
1481
78
462
883
598
0
0
0
364
280
145
1493
848
610
197
278
292
3117
1212
1529
439
39
53
351
150
89
339
459
1087
48
136
142
1360
156
382
579
223
180
405
144
524
410
3198
432
115
2461
177
481
448
1314
334
1367
501
218
309
1482
289
446
315
1046
497
787
2482
1561
406
2169
1233
688
330
6260
1087
221
748
467
707
1342
11499
494
341
371
616
810
1659
612
962
295
214
410
3729
495
1913
638
2999
17490
280
807
16038
4445
821
2765
1485
545
1411
833
1330
786
3760
2585
2969
679
479
1088
2149
1575
687
2175
769
15578
1930
1141
2902
2456
3565
1118
10937
2342
1711
1414
1294
3422
2700
3390
8769
3164
1940
1003
3279
1022
995
3036
7879
565
989
2251
1920
3310
978
29904
2405
3669
1422
2045
1773
881
4005
15357
18767
1700
3596
870
849
1051
4237
2636
562
103
28
265
101
801
6258
346
184
364
280
145
0
0
0
4
3
5
412
330
74
129
112
622
1860
263
1896
708
206
1114
87
100
104
1518
647
203
563
364
188
251
871
421
926
2287
1031
356
748
147
2472
1798
373
255
761
1461
1220
772
355
3092
1556
1349
433
4430
1864
301
747
155
10722
255
165
8303
385
1865
459
415
940
2189
698
1100
373
8047
379
708
557
665
1390
384
1509
2007
464
20214
418
1940
565
638
7187
865
631
2223
3980
903
1048
1091
459
698
868
2475
1263
967
981
6262
1153
11962
535
3896
3749
22360
1494
12404
8030
4263
1394
904
1173
1267
1190
515
2870
1093
4502
3627
1882
1800
9846
5750
1656
2330
1454
1266
1263
2265
791
1125
849
4046
776
13198
1789
1327
12115
1732
1341
1377
2455
18245
5173
4676
15814
2397
8502
823
5580
2403
3881
2031
2626
6876
3734
1546
46
31
35
561
415
179
186
357
65
1493
848
610
4
3
5
0
0
0
737
511
3571
63
177
118
95
234
212
347
718
250
98
155
1925
4142
264
507
184
381
127
290
174
1422
151
766
290
1347
302
182
3941
490
3497
4047
456
2214
255
2387
147
486
575
866
578
233
275
737
669
1219
3073
1027
363
373
276
684
757
9682
574
493
2063
3155
2663
784
1136
932
5640
527
630
423
705
302
627
869
558
578
428
900
2059
606
710
939
1732
520
4897
1864
1680
3348
1562
1335
2801
1357
16848
1648
1273
1131
709
11486
5761
920
2098
615
34024
2615
958
789
4748
6635
727
1854
1407
537
9849
1690
5616
1622
2057
6027
1983
2142
8165
989
11306
2004
17767
18759
1503
1231
1606
33884
1446
1101
4404
413
8274
3638
2039
13941
710
1080
4222
1482
2234
1291
3293
1767
3375
9476
1639
2392
1571
2247
136
135
110
50
70
225
211
108
63
197
278
292
412
330
74
737
511
3571
0
0
0
132
174
237
221
466
592
3877
424
1134
295
2676
197
1630
766
482
4123
376
216
369
2363
1434
184
321
243
843
279
412
609
734
975
237
195
352
8692
278
263
1466
1334
486
8212
370
455
756
614
1326
385
291
479
258
1055
475
1895
3823
562
462
396
475
1322
1595
952
596
347
192
719
1385
695
1024
1538
2446
1450
9478
1157
5039
988
805
1101
692
1266
1118
2056
3328
1389
2675
605
4002
203
996
7427
753
16910
634
2108
661
1136
895
526
1597
3683
1184
4949
2957
1193
928
798
1348
27513
26804
1557
488
2922
1529
1936
12739
7278
1743
2344
4622
658
836
2470
1474
4521
8368
1381
1009
3219
7903
930
5272
4799
3361
3334
6458
1507
1182
2055
982
3581
5229
1393
1719
3342
996
4996
3207
4310
1702
55
395
93
282
262
1297
190
225
372
3117
1212
1529
129
112
622
63
177
118
132
174
237
0
0
0
602
342
865
99
255
331
61
122
322
268
197
5927
365
180
465
334
159
127
2152
1396
1077
755
1130
160
845
429
1033
1437
336
369
646
639
1456
1590
357
287
507
1540
369
516
235
223
607
185
463
628
2022
1104
410
1451
326
1358
1138
7538
905
632
505
890
584
903
833
607
763
626
549
1681
2334
1372
3804
1747
1759
567
749
19309
1036
524
8909
781
503
6274
1837
1057
896
946
1510
1193
1530
788
776
4261
3359
808
429
8246
1792
2008
1116
2893
9361
821
1781
2393
7566
1582
1050
17236
8630
2790
990
9435
4233
1073
6830
894
4613
2418
14941
1309
1490
2000
3455
2112
4231
1641
2122
9243
3299
48336
1504
4497
2693
949
1189
1103
4690
4602
2741
1726
1744
964
4913
1842
1923
4831
196
704
350
204
550
144
1246
213
1039
439
39
53
1860
263
1896
95
234
212
221
466
592
602
342
865
0
0
0
94
41
287
394
174
442
111
163
111
869
562
3523
196
838
5653
201
1977
567
477
4280
1059
69
239
93
957
1262
879
311
604
734
298
409
833
388
1050
1137
1891
613
868
1044
11172
786
383
328
1140
1109
1079
2304
568
274
177
615
1005
663
443
6804
198
1007
1476
594
915
2306
1153
403
713
3291
742
509
695
1791
7047
721
3386
1870
478
862
527
383
504
318
900
4687
450
10748
2935
598
2308
3516
947
3894
1599
2500
5507
2236
32759
1814
5785
2274
1257
4999
790
11309
1077
1011
2873
1650
1097
1281
5032
1222
4344
1082
1868
15577
1033
14201
10365
1720
1943
917
778
1572
2591
837
2473
5161
1761
1123
16530
4786
37080
1425
1729
821
2498
1592
1068
4486
4213
1498
4053
343
663
168
180
458
1665
600
104
4347
351
150
89
708
206
1114
347
718
250
3877
424
1134
99
255
331
94
41
287
0
0
0
367
113
755
147
1001
82
840
532
595
243
350
530
791
462
587
671
461
4012
151
798
750
749
233
373
1055
871
501
2424
406
445
561
701
1367
289
455
1579
4629
385
4097
525
799
695
814
728
4352
576
613
858
8728
534
263
13204
613
1235
3127
696
1368
12504
489
772
779
646
958
6307
379
6982
633
844
3983
453
1395
1439
1142
3900
12256
746
393
8107
1721
1296
550
16644
5314
2186
1266
3108
746
684
877
632
1604
1990
1765
1499
5905
1656
1055
1215
2859
1041
2895
1370
1375
1294
2577
2784
1367
15472
1884
2517
4424
1681
7655
30586
849
1647
3510
1126
9657
2018
1456
2103
1280
1805
4397
1315
3629
8198
5694
5531
1698
1363
797
1033
1474
1621
2235
1826
193
701
236
311
2212
166
889
1031
866
339
459
1087
87
100
104
98
155
1925
295
2676
197
61
122
322
394
174
442
367
113
755
0
0
0
302
632
547
272
300
430
238
542
603
905
723
929
1349
418
478
303
584
616
510
291
690
323
246
711
4948
503
520
710
933
776
2002
355
615
255
185
881
1491
616
1135
2439
826
1911
1749
617
812
574
401
3899
751
371
763
756
909
1266
4614
2463
1929
830
554
416
2188
1265
21053
652
984
1235
19231
6799
1586
1259
693
1161
1619
564
1570
840
910
6962
2789
738
768
1454
971
3630
892
5794
1159
1612
1334
1766
1523
2518
8124
5887
2084
850
2737
1930
1142
3172
438
7154
1066
2930
1423
4685
6734
1823
2406
3486
3398
4329
1202
1463
2561
4730
1390
1270
1527
3771
2777
2603
1317
3127
2941
1341
1446
497
808
3302
1243
14630
1890
41052
2694
820
275
1672
269
2911
292
715
525
2973
48
136
142
1518
647
203
4142
264
507
1630
766
482
268
197
5927
111
163
111
147
1001
82
302
632
547
0
0
0
538
1332
1666
606
221
862
997
800
1295
3919
7605
990
370
88
70
529
548
288
1634
1888
485
2119
178
1096
887
228
546
247
4753
430
3595
1339
626
200
449
1552
603
1817
1365
889
476
1706
201
958
354
444
5814
2997
899
573
279
517
1571
9356
3053
210
325
706
532
1250
2631
636
1085
1721
1658
1113
476
6176
717
827
454
810
2916
3577
3135
6096
1534
542
5353
2379
2154
1050
599
1189
3596
2153
680
2257
2202
6559
880
1275
6025
3822
1702
1440
1043
2881
1791
1612
3589
1177
10941
2840
1644
1704
1868
1255
1251
1165
6953
2241
1686
1679
871
3570
7942
2153
12912
1080
858
5887
1590
6987
930
19530
6920
704
1488
2498
16336
542
132
159
87
234
295
260
210
102
219
1360
156
382
563
364
188
184
381
127
4123
376
216
365
180
465
869
562
3523
840
532
595
272
300
430
538
1332
1666
0
0
0
1986
1447
7248
223
591
274
203
1400
334
3213
254
976
948
3175
3818
862
1164
525
554
5026
509
184
9116
576
938
458
1192
3059
649
460
881
3012
818
775
3424
387
2637
19507
20038
1229
358
6583
4077
435
1936
1459
5635
866
6217
603
365
297
1429
273
3727
1363
3255
478
1233
655
1245
517
417
1735
2074
573
996
563
790
872
869
7499
1324
1293
1604
2036
1667
1462
654
1258
789
1329
970
1018
1836
2711
807
1056
3172
1441
1849
4489
553
2482
2075
2322
306
3251
2788
9053
1932
6984
2082
3527
7317
1551
1738
762
20273
3282
1744
7868
1232
2650
3611
1596
6815
1066
2968
1542
453
3143
1120
822
2752
4436
1977
1209
1144
204
3121
415
253
299
360
1084
674
791
579
223
180
251
871
421
290
174
1422
369
2363
1434
334
159
127
196
838
5653
243
350
530
238
542
603
606
221
862
1986
1447
7248
0
0
0
1015
1184
205
177
396
494
184
1754
390
799
608
555
2930
648
796
3217
675
4541
147
345
89
152
3228
204
3993
643
816
668
7440
1744
1010
919
1200
619
885
825
338
804
329
694
639
388
283
1633
1143
2826
798
2575
1239
1912
1301
2285
604
271
532
538
840
1465
1621
615
383
368
478
1673
547
1655
9327
1029
627
916
1606
637
1241
8474
2007
536
2152
388
2494
18622
1512
2299
1581
1378
2742
1423
3510
989
6980
11371
30767
19034
1871
969
828
8214
3514
1241
8983
16555
2072
5726
669
3583
1173
4355
2343
1335
2986
8478
15233
3515
2583
1143
32255
1546
4524
897
4649
9281
2415
1104
13113
20937
2145
2321
149
424
109
399
459
5545
407
324
616
405
144
524
926
2287
1031
151
766
290
184
321
243
2152
1396
1077
201
1977
567
791
462
587
905
723
929
997
800
1295
223
591
274
1015
1184
205
0
0
0
570
539
812
614
664
1449
274
302
123
192
82
98
825
1813
857
630
1180
1619
4516
1219
789
3589
358
10210
681
506
6430
303
521
290
755
423
570
1067
1555
1519
826
166
1324
744
145
367
1513
394
1157
335
722
7356
705
13480
3960
3998
521
5159
445
1541
698
2951
4831
7232
909
2456
1282
1696
1209
1180
1868
1304
9395
3737
609
4812
1990
1505
728
3467
1244
5544
2701
2562
1169
919
1156
1468
1194
636
280
3186
7068
4880
3657
6813
3799
2579
3138
2379
4320
1255
1510
4453
2364
1795
800
1375
11538
2820
1265
3145
801
2088
1291
6882
1750
8031
1448
3086
2425
9302
4893
1326
1941
1738
2040
308
728
1754
568
1804
543
615
520
1508
410
3198
432
356
748
147
1347
302
182
843
279
412
755
1130
160
477
4280
1059
671
461
4012
1349
418
478
3919
7605
990
203
1400
334
177
396
494
570
539
812
0
0
0
218
470
4755
617
2233
947
3517
539
1717
866
665
652
962
611
847
964
335
239
79
142
40
1355
532
6263
722
655
674
1559
1913
824
305
1158
337
1719
2061
736
1391
815
519
611
7784
1077
1484
3346
815
1997
810
345
4420
773
487
5906
596
793
553
5594
448
4513
892
1705
4700
1564
1315
762
4415
1194
866
1766
5114
664
634
854
1186
7774
1295
858
2355
959
1194
1573
19165
1070
1250
1878
2549
830
924
929
7395
504
1734
745
1317
4620
7810
2887
1737
1281
2065
3882
7746
2257
2169
30279
2639
1248
4593
1451
2516
3867
1973
48086
1654
1192
18114
623
1064
13136
4266
2220
699
269
454
881
455
309
498
521
394
115
2461
177
2472
1798
373
3941
490
3497
609
734
975
845
429
1033
69
239
93
151
798
750
303
584
616
370
88
70
3213
254
976
184
1754
390
614
664
1449
218
470
4755
0
0
0
351
1673
705
11482
3959
676
1462
422
64
224
582
396
384
255
506
4005
476
1071
810
1120
665
828
1567
857
1004
451
637
1242
396
1590
1477
789
239
643
727
7229
727
447
412
1306
505
11178
1666
769
2615
1237
1198
3307
1570
2008
4695
769
5668
1348
4812
1286
1515
3308
486
1019
760
16355
2480
1187
5571
1559
878
3506
3644
1321
6547
3149
1326
4726
3925
25019
1249
3433
3487
964
1096
2919
923
1146
1946
8430
1287
1414
1081
44642
18130
1663
16233
1457
807
454
714
3040
5355
919
925
3610
1386
1457
6249
2399
3619
2406
2014
15147
7105
3632
2479
1311
4625
1992
10401
5237
256
576
225
183
393
316
238
575
481
448
1314
255
761
1461
4047
456
2214
237
195
352
1437
336
369
957
1262
879
749
233
373
510
291
690
529
548
288
948
3175
3818
799
608
555
274
302
123
617
2233
947
351
1673
705
0
0
0
280
10382
157
485
1077
2630
1307
6192
5954
591
1331
640
562
3690
448
358
406
266
782
227
460
623
2205
931
927
6729
2438
415
1373
912
106
301
182
1138
434
855
462
603
470
2899
679
1157
4452
641
492
320
743
1585
2115
1106
2230
1188
2297
751
1646
1189
2872
5257
1891
1874
571
2880
624
3172
819
1806
727
440
407
4018
1582
4255
1409
2537
13054
1616
2090
7038
3287
6074
10900
29000
592
1229
1413
1221
1372
1828
7411
1739
2809
1371
1606
1569
3410
6878
1135
2585
17041
3640
2100
604
1615
481
11478
1018
7275
18498
3817
2990
1270
11902
2482
4833
7987
3204
534
297
421
777
383
1433
268
334
1367
501
1220
772
355
255
2387
147
8692
278
263
646
639
1456
311
604
734
1055
871
501
323
246
711
1634
1888
485
862
1164
525
2930
648
796
192
82
98
3517
539
1717
11482
3959
676
280
10382
157
0
0
0
848
626
2399
1024
409
463
855
3675
657
617
702
751
1593
4609
1116
73
4627
678
1185
1411
487
2708
878
1278
798
1115
212
2645
289
264
2171
1708
570
535
621
912
1024
1509
702
797
469
1712
397
475
444
7509
800
3825
268
1404
4983
632
4343
999
2275
3113
6269
1461
1935
1453
1613
2072
1356
621
1868
3305
781
895
3726
1318
1154
2955
793
15251
751
4018
8561
9018
2345
3167
435
1503
15345
2504
1168
729
2240
1351
15690
2355
5537
2022
13822
13439
10010
7561
5041
1123
2203
891
3336
29381
1147
2472
29310
1837
1292
12312
5256
5558
37199
356
614
745
1344
836
657
528
703
603
218
309
1482
3092
1556
1349
486
575
866
1466
1334
486
1590
357
287
298
409
833
2424
406
445
4948
503
520
2119
178
1096
554
5026
509
3217
675
4541
825
1813
857
866
665
652
1462
422
64
485
1077
2630
848
626
2399
0
0
0
331
2171
231
1080
1114
415
2675
1997
3121
284
4648
409
1058
696
1400
1257
2330
462
1447
309
213
2141
1612
1265
6383
628
5895
500
766
829
520
504
1813
137
1163
291
1444
873
1552
1922
2616
1232
174
151
821
864
1317
1043
1479
420
3954
1801
1512
1410
3575
808
2872
572
1603
447
1235
2738
771
1084
5269
2157
2914
6934
1980
1013
9524
1615
6423
915
5427
22495
1574
2008
3094
2045
1334
4542
882
1370
4375
1129
1411
2457
673
1369
936
27401
2469
6110
3471
1275
2218
3229
2967
685
1625
3483
57329
3326
506
2694
828
2461
1374
253
1809
735
1531
502
562
557
2198
289
446
315
433
4430
1864
578
233
275
8212
370
455
507
1540
369
388
1050
1137
561
701
1367
710
933
776
887
228
546
184
9116
576
147
345
89
630
1180
1619
962
611
847
224
582
396
1307
6192
5954
1024
409
463
331
2171
231
0
0
0
123
72
235
1922
745
151
721
716
1644
634
1172
2225
557
270
2726
497
412
311
952
753
592
826
5065
844
1101
581
616
570
1566
848
2772
363
256
409
350
569
1217
939
992
245
941
321
568
2675
4788
723
8719
863
1123
928
1634
2025
850
1169
842
2850
1089
10050
22473
6046
970
333
1638
5706
30932
1697
4745
2318
3208
1271
2555
1495
1226
1800
1600
970
1039
2212
3547
1944
6151
1692
20002
1635
1103
2131
1060
1671
3303
40881
2252
992
14605
849
12634
6677
8022
8423
1437
1358
1572
2800
2426
832
2638
317
532
298
2706
1818
540
2050
2221
488
1046
497
787
301
747
155
737
669
1219
756
614
1326
516
235
223
1891
613
868
289
455
1579
2002
355
615
247
4753
430
938
458
1192
152
3228
204
4516
1219
789
964
335
239
384
255
506
591
1331
640
855
3675
657
1080
1114
415
123
72
235
0
0
0
165
2749
226
341
1623
1675
13391
1641
503
1424
2873
298
292
294
259
8246
1258
2449
3068
968
4544
1598
1724
1345
974
1129
980
507
213
225
2465
6311
132
1377
774
446
3274
340
1419
6150
14810
1080
2654
2131
1168
678
489
1154
1306
799
1109
1359
1194
4703
2235
1737
1181
29748
2995
908
2637
2192
10672
810
2445
9215
1632
1435
2299
5352
10324
2078
486
1495
809
6239
1485
15141
1336
1224
817
6135
1296
555
16587
2261
1815
31122
21579
1982
3851
895
901
915
1306
6552
1063
2501
2468
3582
3623
4388
440
403
6522
368
372
963
436
2174
399
2482
1561
406
10722
255
165
3073
1027
363
385
291
479
607
185
463
1044
11172
786
4629
385
4097
255
185
881
3595
1339
626
3059
649
460
3993
643
816
3589
358
10210
79
142
40
4005
476
1071
562
3690
448
617
702
751
2675
1997
3121
1922
745
151
165
2749
226
0
0
0
568
982
560
739
1178
484
859
967
741
545
1008
333
1917
2130
989
771
766
2870
1534
2701
412
595
700
933
4315
3842
486
84
2823
198
700
975
938
2091
3648
4930
4609
3206
2494
2019
1361
1434
472
2221
3526
1937
692
3587
5471
2572
951
2656
1233
35331
2597
334
1044
4269
3152
1025
3653
960
916
770
5173
1051
10266
3243
1448
3126
686
2588
1490
6668
2625
1186
2673
7763
956
2495
1672
1789
3137
3072
3418
2197
772
5464
1384
9724
7317
1533
2715
4982
28572
11121
3863
44849
3423
290
468
786
1247
347
1633
509
1842
1826
2169
1233
688
8303
385
1865
373
276
684
258
1055
475
628
2022
1104
383
328
1140
525
799
695
1491
616
1135
200
449
1552
881
3012
818
668
7440
1744
681
506
6430
1355
532
6263
810
1120
665
358
406
266
1593
4609
1116
284
4648
409
721
716
1644
341
1623
1675
568
982
560
0
0
0
2268
777
602
9245
1412
726
1096
250
3346
782
1158
8421
2285
620
439
206
279
203
1111
461
2555
1898
650
1334
1093
2422
1305
1569
740
7875
10250
873
546
489
5574
305
1037
1750
2990
762
1114
2231
5846
10043
2744
1651
1512
978
1398
14400
7924
1300
5320
1275
1225
2970
2070
3078
1990
1541
1995
9868
877
1405
9527
2589
37442
950
17091
2246
6408
2490
11161
61235
2045
1880
987
1319
1459
3549
1696
2579
2332
3138
3115
1258
3095
1754
1513
2575
2644
2091
1090
21112
2319
1732
2070
779
241
17629
403
1312
438
908
385
330
6260
1087
459
415
940
757
9682
574
1895
3823
562
410
1451
326
1109
1079
2304
814
728
4352
2439
826
1911
603
1817
1365
775
3424
387
1010
919
1200
303
521
290
722
655
674
828
1567
857
782
227
460
73
4627
678
1058
696
1400
634
1172
2225
13391
1641
503
739
1178
484
2268
777
602
0
0
0
1238
3124
1138
735
1172
1963
673
407
1811
1073
388
1408
5911
4366
2711
423
339
518
1715
4688
1062
444
1137
1886
320
808
346
2393
907
1506
336
1968
320
5129
5542
3111
1524
1106
2927
12476
1594
4397
2014
3104
1764
1034
661
2270
2539
5993
1547
646
445
1170
3125
970
355
2834
3541
2197
1606
2883
2076
6572
8839
28091
1190
5233
843
1699
883
5501
2660
1558
2084
3341
5950
1099
5549
5180
3292
1579
2276
3035
5100
2409
3764
1453
1100
628
1114
1282
1799
663
1750
899
3407
296
371
477
5139
1029
221
748
467
2189
698
1100
493
2063
3155
462
396
475
1358
1138
7538
568
274
177
576
613
858
1749
617
812
889
476
1706
2637
19507
20038
619
885
825
755
423
570
1559
1913
824
1004
451
637
623
2205
931
1185
1411
487
1257
2330
462
557
270
2726
1424
2873
298
859
967
741
9245
1412
726
1238
3124
1138
0
0
0
256
7780
755
658
1624
4505
783
7102
952
362
1028
4832
12852
2894
420
203
491
284
19306
558
1682
921
1529
2572
138
172
3092
20065
917
6173
437
1010
805
1930
3669
3716
2692
841
1129
13596
7772
439
3204
2747
1684
1162
1220
6666
1031
3366
14346
18853
20012
15508
4856
1270
7756
1363
29555
982
1136
4360
1148
2799
4463
7548
866
799
770
1684
1670
6450
653
24759
1332
1835
11165
1291
2924
5265
3601
735
985
8487
839
814
28365
1731
3480
1872
322
670
669
451
1323
1300
4219
2454
1478
707
1342
11499
373
8047
379
2663
784
1136
1322
1595
952
905
632
505
615
1005
663
8728
534
263
574
401
3899
201
958
354
1229
358
6583
338
804
329
1067
1555
1519
305
1158
337
1242
396
1590
927
6729
2438
2708
878
1278
1447
309
213
497
412
311
292
294
259
545
1008
333
1096
250
3346
735
1172
1963
256
7780
755
0
0
0
696
779
538
2358
8580
720
658
761
2397
2315
865
1837
448
617
267
360
784
1312
1183
6185
965
1355
841
5690
4842
17102
2298
1327
3760
4373
1599
730
1379
3251
800
417
1036
1762
486
1177
3205
735
1873
3128
2836
5487
3087
1870
1602
2323
7747
476
915
1245
26994
2356
2435
1134
2302
1235
6170
5815
6774
1248
532
935
1000
1270
2801
1247
44116
6948
4015
2105
1210
3578
46194
3259
1633
2790
4272
12183
15943
746
1344
4951
4892
908
303
1354
351
984
4208
557
395
388
494
341
371
708
557
665
932
5640
527
596
347
192
890
584
903
443
6804
198
13204
613
1235
751
371
763
444
5814
2997
4077
435
1936
694
639
388
826
166
1324
1719
2061
736
1477
789
239
415
1373
912
798
1115
212
2141
1612
1265
952
753
592
8246
1258
2449
1917
2130
989
782
1158
8421
673
407
1811
658
1624
4505
696
779
538
0
0
0
244
160
231
451
1791
664
194
175
393
1692
6025
2946
18520
37771
719
557
2092
721
1942
1234
725
940
524
580
986
1347
804
639
1904
2796
3518
2318
5469
16176
993
1589
1320
725
579
2381
695
954
930
11387
1127
733
1096
3807
1360
2678
3334
1105
1739
2842
2970
4400
2998
1701
1002
1291
3710
1229
874
1165
4977
1610
456
610
859
4249
1502
3312
846
1323
1144
1191
46163
4709
3953
1786
9606
4596
4856
6081
1930
884
4501
519
579
534
4930
597
649
616
810
1659
1390
384
1509
630
423
705
719
1385
695
833
607
763
1007
1476
594
3127
696
1368
756
909
1266
899
573
279
1459
5635
866
283
1633
1143
744
145
367
1391
815
519
643
727
7229
106
301
182
2645
289
264
6383
628
5895
826
5065
844
3068
968
4544
771
766
2870
2285
620
439
1073
388
1408
783
7102
952
2358
8580
720
244
160
231
0
0
0
5434
2331
649
153
207
79
2623
12182
3230
2420
550
1121
7340
1642
785
1276
2064
24795
413
489
162
3942
1840
1913
4190
808
1059
6252
1483
3148
1928
5809
2043
708
4805
1175
1484
2452
1114
1833
2473
5270
1330
3481
1321
4134
1631
4554
3519
1892
2285
6962
6577
1388
8743
10247
1445
9995
1650
1247
4200
5178
3002
3345
818
1886
2471
5532
703
1243
3362
641
7629
68533
2089
2040
1568
1112
2181
2554
67882
1987
2259
1090
254
604
937
826
1573
698
612
962
295
2007
464
20214
302
627
869
1024
1538
2446
626
549
1681
915
2306
1153
12504
489
772
4614
2463
1929
517
1571
9356
6217
603
365
2826
798
2575
1513
394
1157
611
7784
1077
727
447
412
1138
434
855
2171
1708
570
500
766
829
1101
581
616
1598
1724
1345
1534
2701
412
206
279
203
5911
4366
2711
362
1028
4832
658
761
2397
451
1791
664
5434
2331
649
0
0
0
975
680
1480
12465
265
1270
1547
1688
392
1349
2030
6731
656
1683
620
385
2651
985
806
1058
500
3503
1776
1501
13815
969
2347
1718
1296
2132
1177
4178
3006
2968
1202
1035
2684
1710
2749
2481
2405
2287
1724
47789
3307
10800
3463
2427
3899
4164
5474
4385
8973
3701
3265
1419
1675
32654
4504
6407
4215
1911
1605
1287
971
981
1476
3606
6480
5671
3995
1995
1229
4509
7513
625
7057
3728
1968
866
801
963
534
706
1910
2487
392
214
410
3729
418
1940
565
558
578
428
1450
9478
1157
2334
1372
3804
403
713
3291
779
646
958
830
554
416
3053
210
325
297
1429
273
1239
1912
1301
335
722
7356
1484
3346
815
1306
505
11178
462
603
470
535
621
912
520
504
1813
570
1566
848
974
1129
980
595
700
933
1111
461
2555
423
339
518
12852
2894
420
2315
865
1837
194
175
393
153
207
79
975
680
1480
0
0
0
2816
1251
1963
7684
340
5404
8956
685
580
7739
705
1218
355
635
271
1608
2750
1837
3592
1981
1360
9646
923
4834
5274
1915
1633
1052
924
998
2215
1993
8170
462
784
891
760
2074
4766
2872
4397
14218
3803
2310
12265
1784
24969
5245
1711
1294
797
3558
882
15881
3453
4225
3027
2203
1288
1713
813
5388
1659
1417
2153
4457
3871
2410
4222
10950
3085
958
4428
4528
5982
448
453
4844
467
187
806
16007
640
1286
495
1913
638
638
7187
865
900
2059
606
5039
988
805
1747
1759
567
742
509
695
6307
379
6982
2188
1265
21053
706
532
1250
3727
1363
3255
2285
604
271
705
13480
3960
1997
810
345
1666
769
2615
2899
679
1157
1024
1509
702
137
1163
291
2772
363
256
507
213
225
4315
3842
486
1898
650
1334
1715
4688
1062
203
491
284
448
617
267
1692
6025
2946
2623
12182
3230
12465
265
1270
2816
1251
1963
0
0
0
4229
1234
1033
13148
7216
613
3952
151
351
1438
1501
1004
431
847
1386
2319
6229
844
766
3110
1104
554
10105
1607
1064
12060
2445
24745
4500
1494
1751
2674
659
1976
1630
10587
675
390
3389
1605
1875
6226
1044
1496
1225
7366
2434
3508
1984
783
1017
3631
2110
1021
1962
1925
1606
2914
15709
1556
1434
9438
1273
6786
5419
6099
550
1769
4273
2089
30919
4313
1122
2198
841
736
802
2444
595
1252
868
2999
17490
280
631
2223
3980
710
939
1732
1101
692
1266
749
19309
1036
1791
7047
721
633
844
3983
652
984
1235
2631
636
1085
478
1233
655
532
538
840
3998
521
5159
4420
773
487
1237
1198
3307
4452
641
492
797
469
1712
1444
873
1552
409
350
569
2465
6311
132
84
2823
198
1093
2422
1305
444
1137
1886
19306
558
1682
360
784
1312
18520
37771
719
2420
550
1121
1547
1688
392
7684
340
5404
4229
1234
1033
0
0
0
1325
2232
2045
811
1324
1057
1170
3373
675
4922
505
653
1335
311
509
801
607
1067
18369
666
562
7996
2959
1554
2107
797
751
2098
4047
3728
13276
12924
567
909
1180
4060
4332
1938
2472
2403
897
1135
1603
964
2366
5565
4722
621
1903
814
935
2007
4765
1619
2360
3397
1984
3210
3159
1184
1367
1187
1185
1221
753
966
5577
1147
2427
513
1110
997
4058
2886
6943
1627
864
560
807
16038
4445
903
1048
1091
520
4897
1864
1118
2056
3328
524
8909
781
3386
1870
478
453
1395
1439
19231
6799
1586
1721
1658
1113
1245
517
417
1465
1621
615
445
1541
698
5906
596
793
1570
2008
4695
320
743
1585
397
475
444
1922
2616
1232
1217
939
992
1377
774
446
700
975
938
1569
740
7875
320
808
346
921
1529
2572
1183
6185
965
557
2092
721
7340
1642
785
1349
2030
6731
8956
685
580
13148
7216
613
1325
2232
2045
0
0
0
2841
31891
5716
2236
2858
1853
2115
1657
1711
1107
973
1020
1935
939
1467
1462
849
2246
3269
4485
1662
4116
10418
3152
1222
1218
1192
406
2482
371
1662
22297
1972
2764
643
514
1348
1554
10344
5594
8076
1466
1824
7718
2394
765
770
6225
2684
1829
2209
1688
6547
2024
1884
2801
2399
4984
6141
27570
6618
2566
36362
3871
7250
19059
998
2191
1550
11048
342
653
634
682
12103
821
2765
1485
459
698
868
1680
3348
1562
1389
2675
605
503
6274
1837
862
527
383
1142
3900
12256
1259
693
1161
476
6176
717
1735
2074
573
383
368
478
2951
4831
7232
553
5594
448
769
5668
1348
2115
1106
2230
7509
800
3825
174
151
821
245
941
321
3274
340
1419
2091
3648
4930
10250
873
546
2393
907
1506
138
172
3092
1355
841
5690
1942
1234
725
1276
2064
24795
656
1683
620
7739
705
1218
3952
151
351
811
1324
1057
2841
31891
5716
0
0
0
2446
13777
2880
1448
384
1892
5706
1233
927
1201
1171
7158
1524
704
332
7062
5876
1489
1019
3859
6094
49333
1466
1598
4180
8893
6127
690
1854
1190
3657
3828
15269
3871
1334
1677
1539
1965
1166
1239
1284
4523
2491
2633
4966
2476
1659
1717
925
24628
1482
34126
2351
3109
15590
1780
2355
1205
19851
6442
2705
1690
496
313
1192
1239
1106
625
1844
731
510
580
545
1411
833
2475
1263
967
1335
2801
1357
4002
203
996
1057
896
946
504
318
900
746
393
8107
1619
564
1570
827
454
810
996
563
790
1673
547
1655
909
2456
1282
4513
892
1705
4812
1286
1515
1188
2297
751
268
1404
4983
864
1317
1043
568
2675
4788
6150
14810
1080
4609
3206
2494
489
5574
305
336
1968
320
20065
917
6173
4842
17102
2298
940
524
580
413
489
162
385
2651
985
355
635
271
1438
1501
1004
1170
3373
675
2236
2858
1853
2446
13777
2880
0
0
0
12048
1708
876
1536
5278
4517
1961
1610
3611
1956
6119
1133
2364
3181
9510
2514
4058
2234
917
1687
6123
762
1265
1768
11877
1847
1212
1369
1528
4000
2913
2018
2017
770
4369
403
3164
1817
4060
2614
1815
2009
349
1160
834
696
4738
5749
432
486
3874
1064
2408
8118
5924
956
2425
1530
2700
2790
19340
2495
1666
5170
2673
4594
3087
664
8081
1330
786
3760
981
6262
1153
16848
1648
1273
7427
753
16910
1510
1193
1530
4687
450
10748
1721
1296
550
840
910
6962
2916
3577
3135
872
869
7499
9327
1029
627
1696
1209
1180
4700
1564
1315
3308
486
1019
1646
1189
2872
632
4343
999
1479
420
3954
723
8719
863
2654
2131
1168
2019
1361
1434
1037
1750
2990
5129
5542
3111
437
1010
805
1327
3760
4373
986
1347
804
3942
1840
1913
806
1058
500
1608
2750
1837
431
847
1386
4922
505
653
2115
1657
1711
1448
384
1892
12048
1708
876
0
0
0
3403
563
575
1082
1438
770
468
431
901
68362
2731
34829
4302
1920
3674
4108
1513
5425
1998
2083
3161
243
317
263
2434
13683
2747
1222
567
547
5117
45332
8190
2040
298
627
5144
1133
1827
2842
6575
8787
4965
2067
17985
4389
4980
28603
715
1300
563
826
784
1766
1286
6728
4581
15769
2210
1754
1627
1896
6127
1477
1355
2458
2585
2969
679
11962
535
3896
1131
709
11486
634
2108
661
788
776
4261
2935
598
2308
16644
5314
2186
2789
738
768
6096
1534
542
1324
1293
1604
916
1606
637
1868
1304
9395
762
4415
1194
760
16355
2480
5257
1891
1874
2275
3113
6269
1801
1512
1410
1123
928
1634
678
489
1154
472
2221
3526
762
1114
2231
1524
1106
2927
1930
3669
3716
1599
730
1379
639
1904
2796
4190
808
1059
3503
1776
1501
3592
1981
1360
2319
6229
844
1335
311
509
1107
973
1020
5706
1233
927
1536
5278
4517
3403
563
575
0
0
0
625
220
225
2453
9415
2883
4236
11025
1647
685
504
354
2088
4711
2089
1202
8883
9559
379
714
603
5282
3112
1296
2558
1020
683
8618
967
1858
554
1611
1421
602
287
471
2757
3540
12700
81849
1660
7866
2364
3011
8922
698
132
228
498
799
886
2854
7622
5127
2508
4556
2795
1114
1907
1440
815
1094
9181
479
1088
2149
3749
22360
1494
5761
920
2098
1136
895
526
3359
808
429
3516
947
3894
1266
3108
746
1454
971
3630
5353
2379
2154
2036
1667
1462
1241
8474
2007
3737
609
4812
866
1766
5114
1187
5571
1559
571
2880
624
1461
1935
1453
3575
808
2872
2025
850
1169
1306
799
1109
1937
692
3587
5846
10043
2744
12476
1594
4397
2692
841
1129
3251
800
417
3518
2318
5469
6252
1483
3148
13815
969
2347
9646
923
4834
766
3110
1104
801
607
1067
1935
939
1467
1201
1171
7158
1961
1610
3611
1082
1438
770
625
220
225
0
0
0
1033
1536
3283
1540
1098
6403
2483
872
755
1215
2498
2939
7275
3439
2087
2522
1219
327
910
866
1384
9820
1911
1654
4083
12505
4934
1632
1743
3007
379
946
324
11709
6872
6321
2142
1937
1525
7387
6841
2176
1596
415
562
403
7069
619
29791
2320
2685
5154
1074
850
1152
924
3805
1197
1087
2508
1575
687
2175
12404
8030
4263
615
34024
2615
1597
3683
1184
8246
1792
2008
1599
2500
5507
684
877
632
892
5794
1159
1050
599
1189
654
1258
789
536
2152
388
1990
1505
728
664
634
854
878
3506
3644
3172
819
1806
1613
2072
1356
572
1603
447
842
2850
1089
1359
1194
4703
5471
2572
951
1651
1512
978
2014
3104
1764
13596
7772
439
1036
1762
486
16176
993
1589
1928
5809
2043
1718
1296
2132
5274
1915
1633
554
10105
1607
18369
666
562
1462
849
2246
1524
704
332
1956
6119
1133
468
431
901
2453
9415
2883
1033
1536
3283
0
0
0
5689
2576
5161
11281
6170
1250
21365
4531
4406
9375
2652
3645
722
1186
238
1107
4507
13388
369
522
1699
2564
5280
3372
350
1268
348
13468
12911
6170
10904
61874
2873
1921
3122
1629
1824
48028
1345
1103
1993
6732
11123
2398
5359
605
12740
988
2897
40498
879
1303
2341
1867
1576
3260
14708
769
15578
1930
1394
904
1173
958
789
4748
4949
2957
1193
1116
2893
9361
2236
32759
1814
1604
1990
1765
1612
1334
1766
3596
2153
680
1329
970
1018
2494
18622
1512
3467
1244
5544
1186
7774
1295
1321
6547
3149
727
440
407
621
1868
3305
1235
2738
771
10050
22473
6046
2235
1737
1181
2656
1233
35331
1398
14400
7924
1034
661
2270
3204
2747
1684
1177
3205
735
1320
725
579
708
4805
1175
1177
4178
3006
1052
924
998
1064
12060
2445
7996
2959
1554
3269
4485
1662
7062
5876
1489
2364
3181
9510
68362
2731
34829
4236
11025
1647
1540
1098
6403
5689
2576
5161
0
0
0
1053
1505
2574
944
365
328
908
3223
2765
2086
2743
5541
3002
1903
2555
2166
9747
2901
334
1090
320
2620
1767
1632
1239
7468
3549
920
3659
943
1867
6569
1965
738
1220
578
4444
2503
3408
2016
2380
8465
6622
8533
1542
4011
1357
3167
4278
1515
10221
5566
2297
2177
1141
2902
2456
1267
1190
515
6635
727
1854
928
798
1348
821
1781
2393
5785
2274
1257
1499
5905
1656
1523
2518
8124
2257
2202
6559
1836
2711
807
2299
1581
1378
2701
2562
1169
858
2355
959
1326
4726
3925
4018
1582
4255
781
895
3726
1084
5269
2157
970
333
1638
29748
2995
908
2597
334
1044
1300
5320
1275
2539
5993
1547
1162
1220
6666
1873
3128
2836
2381
695
954
1484
2452
1114
2968
1202
1035
2215
1993
8170
24745
4500
1494
2107
797
751
4116
10418
3152
1019
3859
6094
2514
4058
2234
4302
1920
3674
685
504
354
2483
872
755
11281
6170
1250
1053
1505
2574
0
0
0
2391
3263
2488
7537
10126
4171
3049
3448
613
396
7707
6480
2368
1141
3867
4638
4434
6206
2034
2723
1440
5172
401
2603
6748
6873
3163
9917
7838
13683
2125
59855
11013
484
373
1351
977
5772
617
21907
1479
5618
7677
1366
727
1783
2278
522
963
2329
1217
3565
1118
10937
2870
1093
4502
1407
537
9849
27513
26804
1557
7566
1582
1050
4999
790
11309
1055
1215
2859
5887
2084
850
880
1275
6025
1056
3172
1441
2742
1423
3510
919
1156
1468
1194
1573
19165
25019
1249
3433
1409
2537
13054
1318
1154
2955
2914
6934
1980
5706
30932
1697
2637
2192
10672
4269
3152
1025
1225
2970
2070
646
445
1170
1031
3366
14346
5487
3087
1870
930
11387
1127
1833
2473
5270
2684
1710
2749
462
784
891
1751
2674
659
2098
4047
3728
1222
1218
1192
49333
1466
1598
917
1687
6123
4108
1513
5425
2088
4711
2089
1215
2498
2939
21365
4531
4406
944
365
328
2391
3263
2488
0
0
0
494
1503
5530
7255
2444
4313
1100
2137
1478
3282
1220
5840
714
392
2610
11702
4846
2420
2135
38749
5550
1469
4653
2794
7758
3042
2261
898
2245
528
2913
2073
2316
19007
30923
4884
15082
73328
6068
1527
3352
958
10995
693
1522
1311
536
11146
2342
1711
1414
3627
1882
1800
1690
5616
1622
488
2922
1529
17236
8630
2790
1077
1011
2873
1041
2895
1370
2737
1930
1142
3822
1702
1440
1849
4489
553
989
6980
11371
1194
636
280
1070
1250
1878
3487
964
1096
1616
2090
7038
793
15251
751
1013
9524
1615
4745
2318
3208
810
2445
9215
3653
960
916
3078
1990
1541
3125
970
355
18853
20012
15508
1602
2323
7747
733
1096
3807
1330
3481
1321
2481
2405
2287
760
2074
4766
1976
1630
10587
13276
12924
567
406
2482
371
4180
8893
6127
762
1265
1768
1998
2083
3161
1202
8883
9559
7275
3439
2087
9375
2652
3645
908
3223
2765
7537
10126
4171
494
1503
5530
0
0
0
2089
1683
9350
852
3987
23087
1826
9074
5511
2033
2028
2143
1076
1696
3750
1518
1905
6436
1182
6307
7483
16792
10443
7379
2192
2856
1278
1285
4118
2257
4694
2026
8610
8816
4379
1398
5174
2859
971
4507
2219
2908
3116
1059
1107
1294
3422
2700
9846
5750
1656
2057
6027
1983
1936
12739
7278
990
9435
4233
1650
1097
1281
1375
1294
2577
3172
438
7154
1043
2881
1791
2482
2075
2322
30767
19034
1871
3186
7068
4880
2549
830
924
2919
923
1146
3287
6074
10900
4018
8561
9018
6423
915
5427
1271
2555
1495
1632
1435
2299
770
5173
1051
1995
9868
877
2834
3541
2197
4856
1270
7756
476
915
1245
1360
2678
3334
4134
1631
4554
1724
47789
3307
2872
4397
14218
675
390
3389
909
1180
4060
1662
22297
1972
690
1854
1190
11877
1847
1212
243
317
263
379
714
603
2522
1219
327
722
1186
238
2086
2743
5541
3049
3448
613
7255
2444
4313
2089
1683
9350
0
0
0
2819
8848
10558
445
333
159
2536
20174
1950
256
282
313
7091
508
1935
1817
2300
3721
2154
3652
3279
3409
4986
1912
7643
2666
1314
2702
1047
2334
6490
1014
817
5980
12646
8415
973
15249
2946
435
6704
801
3390
8769
3164
2330
1454
1266
2142
8165
989
1743
2344
4622
1073
6830
894
5032
1222
4344
2784
1367
15472
1066
2930
1423
1612
3589
1177
306
3251
2788
969
828
8214
3657
6813
3799
929
7395
504
1946
8430
1287
29000
592
1229
2345
3167
435
22495
1574
2008
1226
1800
1600
5352
10324
2078
10266
3243
1448
1405
9527
2589
1606
2883
2076
1363
29555
982
26994
2356
2435
1105
1739
2842
3519
1892
2285
10800
3463
2427
3803
2310
12265
1605
1875
6226
4332
1938
2472
2764
643
514
3657
3828
15269
1369
1528
4000
2434
13683
2747
5282
3112
1296
910
866
1384
1107
4507
13388
3002
1903
2555
396
7707
6480
1100
2137
1478
852
3987
23087
2819
8848
10558
0
0
0
5953
10563
1146
1091
1542
2070
11903
2417
929
978
2480
814
3326
2800
4712
5105
2472
6396
11606
1656
5312
4348
3001
457
4129
1520
7665
4160
30418
4641
1666
3789
5321
1016
928
3821
4205
2646
6624
1940
1003
3279
1263
2265
791
11306
2004
17767
658
836
2470
4613
2418
14941
1082
1868
15577
1884
2517
4424
4685
6734
1823
10941
2840
1644
9053
1932
6984
3514
1241
8983
2579
3138
2379
1734
745
1317
1414
1081
44642
1413
1221
1372
1503
15345
2504
3094
2045
1334
970
1039
2212
486
1495
809
3126
686
2588
37442
950
17091
6572
8839
28091
1136
4360
1148
1134
2302
1235
2970
4400
2998
6962
6577
1388
3899
4164
5474
1784
24969
5245
1044
1496
1225
2403
897
1135
1348
1554
10344
3871
1334
1677
2913
2018
2017
1222
567
547
2558
1020
683
9820
1911
1654
369
522
1699
2166
9747
2901
2368
1141
3867
3282
1220
5840
1826
9074
5511
445
333
159
5953
10563
1146
0
0
0
22894
1512
1988
154
239
463
934
1585
1609
7049
1617
2791
3078
11636
2604
3734
3592
1793
3340
554
948
469
1569
436
1069
2026
16111
1066
1323
1562
1502
2152
4688
692
4423
2889
1022
995
3036
1125
849
4046
18759
1503
1231
1474
4521
8368
1309
1490
2000
1033
14201
10365
1681
7655
30586
2406
3486
3398
1704
1868
1255
2082
3527
7317
16555
2072
5726
4320
1255
1510
4620
7810
2887
18130
1663
16233
1828
7411
1739
1168
729
2240
4542
882
1370
3547
1944
6151
6239
1485
15141
1490
6668
2625
2246
6408
2490
1190
5233
843
2799
4463
7548
6170
5815
6774
1701
1002
1291
8743
10247
1445
4385
8973
3701
1711
1294
797
7366
2434
3508
1603
964
2366
5594
8076
1466
1539
1965
1166
770
4369
403
5117
45332
8190
8618
967
1858
4083
12505
4934
2564
5280
3372
334
1090
320
4638
4434
6206
714
392
2610
2033
2028
2143
2536
20174
1950
1091
1542
2070
22894
1512
1988
0
0
0
7050
12429
1878
35375
3846
8457
2221
1160
978
1864
5922
4426
435
1304
1063
2536
10212
1633
2484
7457
3775
3488
4159
5059
4578
1225
3035
1214
1583
2241
25444
1943
14456
7879
565
989
776
13198
1789
1606
33884
1446
1381
1009
3219
3455
2112
4231
1720
1943
917
849
1647
3510
4329
1202
1463
1251
1165
6953
1551
1738
762
669
3583
1173
4453
2364
1795
1737
1281
2065
1457
807
454
2809
1371
1606
1351
15690
2355
4375
1129
1411
1692
20002
1635
1336
1224
817
1186
2673
7763
11161
61235
2045
1699
883
5501
866
799
770
1248
532
935
3710
1229
874
9995
1650
1247
3265
1419
1675
3558
882
15881
1984
783
1017
5565
4722
621
1824
7718
2394
1239
1284
4523
3164
1817
4060
2040
298
627
554
1611
1421
1632
1743
3007
350
1268
348
2620
1767
1632
2034
2723
1440
11702
4846
2420
1076
1696
3750
256
282
313
11903
2417
929
154
239
463
7050
12429
1878
0
0
0
3450
14260
4843
5184
2481
1398
2848
3476
8546
2149
3596
8922
3265
755
11087
578
378
860
1765
1066
527
21012
1620
14859
2059
6630
1797
2313
11826
837
2251
1920
3310
1327
12115
1732
1101
4404
413
7903
930
5272
1641
2122
9243
778
1572
2591
1126
9657
2018
2561
4730
1390
2241
1686
1679
20273
3282
1744
4355
2343
1335
800
1375
11538
3882
7746
2257
714
3040
5355
1569
3410
6878
5537
2022
13822
2457
673
1369
1103
2131
1060
6135
1296
555
956
2495
1672
1880
987
1319
2660
1558
2084
1684
1670
6450
1000
1270
2801
1165
4977
1610
4200
5178
3002
32654
4504
6407
3453
4225
3027
3631
2110
1021
1903
814
935
765
770
6225
2491
2633
4966
2614
1815
2009
5144
1133
1827
602
287
471
379
946
324
13468
12911
6170
1239
7468
3549
5172
401
2603
2135
38749
5550
1518
1905
6436
7091
508
1935
978
2480
814
934
1585
1609
35375
3846
8457
3450
14260
4843
0
0
0
3037
1990
3398
4797
4824
6115
3551
2526
9737
238
435
1601
487
472
600
2686
8362
8653
3224
2873
2012
1416
1263
12218
1134
2408
13160
978
29904
2405
1341
1377
2455
8274
3638
2039
4799
3361
3334
3299
48336
1504
837
2473
5161
1456
2103
1280
1270
1527
3771
871
3570
7942
7868
1232
2650
2986
8478
15233
2820
1265
3145
2169
30279
2639
919
925
3610
1135
2585
17041
13439
10010
7561
936
27401
2469
1671
3303
40881
16587
2261
1815
1789
3137
3072
1459
3549
1696
3341
5950
1099
653
24759
1332
1247
44116
6948
456
610
859
3345
818
1886
4215
1911
1605
2203
1288
1713
1962
1925
1606
2007
4765
1619
2684
1829
2209
2476
1659
1717
349
1160
834
2842
6575
8787
2757
3540
12700
11709
6872
6321
10904
61874
2873
920
3659
943
6748
6873
3163
1469
4653
2794
1182
6307
7483
1817
2300
3721
3326
2800
4712
7049
1617
2791
2221
1160
978
5184
2481
1398
3037
1990
3398
0
0
0
9899
869
1211
1215
1903
2172
4543
52048
95572
5674
37449
1156
2207
709
2943
17398
10175
3050
21778
6635
1126
1736
4181
1626
3669
1422
2045
18245
5173
4676
13941
710
1080
6458
1507
1182
4497
2693
949
1761
1123
16530
1805
4397
1315
2777
2603
1317
2153
12912
1080
3611
1596
6815
3515
2583
1143
801
2088
1291
1248
4593
1451
1386
1457
6249
3640
2100
604
5041
1123
2203
6110
3471
1275
2252
992
14605
31122
21579
1982
3418
2197
772
2579
2332
3138
5549
5180
3292
1835
11165
1291
4015
2105
1210
4249
1502
3312
2471
5532
703
1287
971
981
813
5388
1659
2914
15709
1556
2360
3397
1984
1688
6547
2024
925
24628
1482
696
4738
5749
4965
2067
17985
81849
1660
7866
2142
1937
1525
1921
3122
1629
1867
6569
1965
9917
7838
13683
7758
3042
2261
16792
10443
7379
2154
3652
3279
5105
2472
6396
3078
11636
2604
1864
5922
4426
2848
3476
8546
4797
4824
6115
9899
869
1211
0
0
0
85000
6635
1293
2062
4624
6624
4232
1934
1616
1474
4499
1214
3243
997
3186
1398
774
1953
506
1730
1221
1773
881
4005
15814
2397
8502
4222
1482
2234
2055
982
3581
1189
1103
4690
4786
37080
1425
3629
8198
5694
3127
2941
1341
858
5887
1590
1066
2968
1542
32255
1546
4524
6882
1750
8031
2516
3867
1973
2399
3619
2406
1615
481
11478
891
3336
29381
2218
3229
2967
849
12634
6677
3851
895
901
5464
1384
9724
3115
1258
3095
1579
2276
3035
2924
5265
3601
3578
46194
3259
846
1323
1144
1243
3362
641
1476
3606
6480
1417
2153
4457
1434
9438
1273
3210
3159
1184
1884
2801
2399
34126
2351
3109
432
486
3874
4389
4980
28603
2364
3011
8922
7387
6841
2176
1824
48028
1345
738
1220
578
2125
59855
11013
898
2245
528
2192
2856
1278
3409
4986
1912
11606
1656
5312
3734
3592
1793
435
1304
1063
2149
3596
8922
3551
2526
9737
1215
1903
2172
85000
6635
1293
0
0
0
3329
1611
2724
19926
1644
4269
10396
8879
3122
2574
1390
10840
1007
4880
3292
6005
3671
1835
15357
18767
1700
823
5580
2403
1291
3293
1767
5229
1393
1719
4602
2741
1726
1729
821
2498
5531
1698
1363
1446
497
808
6987
930
19530
453
3143
1120
897
4649
9281
1448
3086
2425
48086
1654
1192
2014
15147
7105
1018
7275
18498
1147
2472
29310
685
1625
3483
8022
8423
1437
915
1306
6552
7317
1533
2715
1754
1513
2575
5100
2409
3764
735
985
8487
1633
2790
4272
1191
46163
4709
7629
68533
2089
5671
3995
1995
3871
2410
4222
6786
5419
6099
1367
1187
1185
4984
6141
27570
15590
1780
2355
1064
2408
8118
715
1300
563
698
132
228
1596
415
562
1103
1993
6732
4444
2503
3408
484
373
1351
2913
2073
2316
1285
4118
2257
7643
2666
1314
4348
3001
457
3340
554
948
2536
10212
1633
3265
755
11087
238
435
1601
4543
52048
95572
2062
4624
6624
3329
1611
2724
0
0
0
1525
855
638
9148
2563
2228
10781
2641
1812
1568
3283
4643
16050
1721
2703
3596
870
849
3881
2031
2626
3375
9476
1639
3342
996
4996
1744
964
4913
1592
1068
4486
797
1033
1474
3302
1243
14630
6920
704
1488
822
2752
4436
2415
1104
13113
9302
4893
1326
18114
623
1064
3632
2479
1311
3817
2990
1270
1837
1292
12312
57329
3326
506
1358
1572
2800
1063
2501
2468
4982
28572
11121
2644
2091
1090
1453
1100
628
839
814
28365
12183
15943
746
3953
1786
9606
2040
1568
1112
1229
4509
7513
10950
3085
958
550
1769
4273
1221
753
966
6618
2566
36362
1205
19851
6442
5924
956
2425
826
784
1766
498
799
886
403
7069
619
11123
2398
5359
2016
2380
8465
977
5772
617
19007
30923
4884
4694
2026
8610
2702
1047
2334
4129
1520
7665
469
1569
436
2484
7457
3775
578
378
860
487
472
600
5674
37449
1156
4232
1934
1616
19926
1644
4269
1525
855
638
0
0
0
1802
2411
4690
1660
7723
1712
5310
10498
6232
1036
1345
2562
1051
4237
2636
6876
3734
1546
2392
1571
2247
3207
4310
1702
1842
1923
4831
4213
1498
4053
1621
2235
1826
1890
41052
2694
2498
16336
542
1977
1209
1144
20937
2145
2321
1941
1738
2040
13136
4266
2220
4625
1992
10401
11902
2482
4833
5256
5558
37199
2694
828
2461
2426
832
2638
3582
3623
4388
3863
44849
3423
21112
2319
1732
1114
1282
1799
1731
3480
1872
1344
4951
4892
4596
4856
6081
2181
2554
67882
625
7057
3728
4428
4528
5982
2089
30919
4313
5577
1147
2427
3871
7250
19059
2705
1690
496
1530
2700
2790
1286
6728
4581
2854
7622
5127
29791
2320
2685
605
12740
988
6622
8533
1542
21907
1479
5618
15082
73328
6068
8816
4379
1398
6490
1014
817
4160
30418
4641
1069
2026
16111
3488
4159
5059
1765
1066
527
2686
8362
8653
2207
709
2943
1474
4499
1214
10396
8879
3122
9148
2563
2228
1802
2411
4690
0
0
0
