importPoints:  ADELANTO_IMPORT ELDORADO_IMPORT MALIN_IMPORT PALOVRD2_IMPORT SYLMARLA_IMPORT
1       691.731         642.423       1258.31        3500.5          84.2692
2       636.269         617.769       1002.08        3542.69         24.2692
3       591.577         576.308        852.962       3547.69         21.8846
4       547.115         566.192        775.731       3546.77         18.0385
5       577.769         527.192        742.308       3529.38         19.8462
6       578.077         528.269        747.308       3540.58         20.9231
7       516.846         539.962       1000.58        3447.65         98.5769
8       553.538         617.962       1092           3438.65        100.923
9       635.077         717.346       1411.08        3483.69        149.154
10      656.385         756.077       1700.65        3522.35        171.308
11      659.038         732.346       2028.19        3676.46        194.077
12      659.846         840.846       2207.46        3682.08        253.038
13      665.846         726.654       2494.19        3591.42        410
14      671             864.346       2607.62        3583.15        483.115
15      652.615        1009.92        2729.58        3577.81        510.846
16      661.769        1060.38        2822.54        3589.08        526.154
17      674.192        1073.19        2935.19        3583.77        533
18      667.385        1005.31        2918.12        3585.73        535.154
19      658.923         843.769       2762.27        3625.96        468.423
20      653.231         782.231       2609.58        3684.69        433.808
21      672.538         855.923       2523.69        3846           337.923
22      672.808         721.192       2377.5         3912.96        278.615
23      732.423         737.231       1812.65        3653.69        201.769
24      696.077         611.654       1550.62        3639.88        102.731