importPoints:  ADELANTO_IMPORT ELDORADO_IMPORT MALIN_IMPORT PALOVRD2_IMPORT SYLMARLA_IMPORT
1       718.423         331.192       1494.77        3368.88         227.769
2       724.769         275.692       1296.88        3360.77         199.231
3       702.615         261.346       1198.77        3330.77         157.692
4       691.192         253.923       1132.58        3314.46         142.154
5       684.462         254.654       1168           3294.27         139.308
6       686.5           269.654       1244.54        3359.04         141.154
7       668.5           407.769       2054.12        3291.54         253.231
8       693.038         490.154       2260.85        3382.46         273.077
9       725.077         536.769       2503.31        3497.54         344.962
10      728.962         549.962       2689.96        3515.85         422.346
11      714.615         648.923       2798.35        3511.15         436.731
12      711.269         642.269       2884.73        3474            450.577
13      700.192         711.808       2924.62        3464.54         459.577
14      672.731         748.423       3028.38        3418.65         460
15      678.154         761.962       3104.58        3402.54         465
16      669.769         808.769       3108           3391.19         467.462
17      689.769         767.308       3108.42        3378.92         501.192
18      686.962         723.577       3111.85        3405.31         521
19      679.308         667.885       3093.96        3390.27         475.846
20      680.462         712.731       3107.88        3420.35         482.846
21      694.5           759.154       3094           3507.23         534.269
22      745.692         693.308       2967.62        3526.38         476.923
23      728.115         598.346       2065.69        3377.65         337.115
24      719.577         308.462       1764.81        3417.88         253.231